t,n,SortTime,CombineTime,TotalTime
8,3000,4124569,385946,4510515
8,3000,4052370,293139,4345509
8,3000,4782744,359856,5142600
8,3000,4263049,252685,4515734
8,3000,4427417,376707,4804124
8,3000,3656782,382402,4039184
8,3000,4555597,372400,4927997
8,3000,4217107,254598,4471705
8,3000,4231017,355382,4586399
8,3000,4610837,391311,5002148
8,3000,4356765,378348,4735113
8,3000,4135567,356984,4492551
8,3000,4509115,355744,4864859
8,3000,4018825,256216,4275041
8,3000,4172633,261491,4434124
8,3000,4111643,359753,4471396
8,3000,4044415,256596,4301011
8,3000,4085624,363772,4449396
8,3000,4380503,361904,4742407
8,3000,3624929,303450,3928379
8,3000,4005752,255276,4261028
8,3000,4476541,276257,4752798
8,3000,3647561,271778,3919339
8,3000,4169768,375096,4544864
8,3000,4303376,360734,4664110
8,3000,4189797,300933,4490730
8,3000,3663202,366256,4029458
8,3000,4091400,357271,4448671
8,3000,3725814,337965,4063779
8,3000,4593595,296476,4890071
8,3000,4711655,374349,5086004
8,3000,3907115,272264,4179379
8,3000,3709729,271786,3981515
8,3000,3868144,312435,4180579
8,3000,4252091,254385,4506476
8,3000,3992799,364301,4357100
8,3000,4002359,320443,4322802
8,3000,4232808,360730,4593538
8,3000,3718861,265490,3984351
8,3000,3968620,253672,4222292
8,3000,3914012,364111,4278123
8,3000,3653501,395801,4049302
8,3000,4278387,327667,4606054
8,3000,4026920,358064,4384984
8,3000,4378169,359840,4738009
8,3000,3764599,306383,4070982
8,3000,4651492,391212,5042704
8,3000,3893749,270518,4164267
8,3000,4162065,255153,4417218
8,3000,4363165,361876,4725041
8,3000,4227463,351968,4579431
8,3000,4095223,357404,4452627
8,3000,3610181,292153,3902334
8,3000,3918856,366016,4284872
8,3000,4329296,357353,4686649
8,3000,3691425,295518,3986943
8,3000,3675307,366085,4041392
8,3000,3800083,306171,4106254
8,3000,4228198,275381,4503579
8,3000,3934189,357221,4291410
8,3000,4024909,353216,4378125
8,3000,3879790,360271,4240061
8,3000,4593989,389444,4983433
8,3000,3513003,266165,3779168
8,3000,3753753,401543,4155296
8,3000,4059337,270467,4329804
8,3000,4291275,361930,4653205
8,3000,5038089,379033,5417122
8,3000,4204064,253715,4457779
8,3000,4116422,373260,4489682
8,3000,3951671,370746,4322417
8,3000,3965101,359128,4324229
8,3000,4256470,258300,4514770
8,3000,3790643,358241,4148884
8,3000,4058739,251713,4310452
8,3000,4135198,367501,4502699
8,3000,4452618,340086,4792704
8,3000,4885748,384758,5270506
8,3000,4255280,299736,4555016
8,3000,4400108,269756,4669864
8,3000,3953858,306348,4260206
8,3000,4022895,258267,4281162
8,3000,4018971,260745,4279716
8,3000,3796298,355718,4152016
8,3000,3946656,401551,4348207
8,3000,4028253,366355,4394608
8,3000,4953903,371032,5324935
8,3000,3725269,356599,4081868
8,3000,4911246,388590,5299836
8,3000,3940602,370752,4311354
8,3000,4448154,309761,4757915
8,3000,3761821,253164,4014985
8,3000,3974463,259770,4234233
8,3000,4055012,375267,4430279
8,3000,3553608,370249,3923857
8,3000,3701012,373804,4074816
8,3000,5136938,254613,5391551
8,3000,4601977,373293,4975270
8,3000,4123802,364159,4487961
8,3000,3890341,391766,4282107
8,3000,3636198,358148,3994346
8,3000,4244526,363523,4608049
8,3000,3955115,250119,4205234
8,3000,3853500,359699,4213199
8,3000,4562872,255561,4818433
8,3000,4115463,312850,4428313
8,3000,4167191,361100,4528291
8,4000,3781904,469429,4251333
8,4000,4074812,468996,4543808
8,4000,4586450,356372,4942822
8,4000,4040683,480580,4521263
8,4000,4762377,363541,5125918
8,4000,4260268,497554,4757822
8,4000,4391524,388050,4779574
8,4000,4153645,488716,4642361
8,4000,4335920,346656,4682576
8,4000,4640212,508254,5148466
8,4000,3803932,476777,4280709
8,4000,4308551,473906,4782457
8,4000,4363820,474869,4838689
8,4000,5043411,500689,5544100
8,4000,4370160,480011,4850171
8,4000,4405578,477950,4883528
8,4000,4732396,476483,5208879
8,4000,4378031,483302,4861333
8,4000,5149424,366226,5515650
8,4000,4012087,472496,4484583
8,4000,4519681,482363,5002044
8,4000,4652218,423423,5075641
8,4000,3830426,341248,4171674
8,4000,4404528,349157,4753685
8,4000,4544082,498922,5043004
8,4000,3934675,494845,4429520
8,4000,4339780,475619,4815399
8,4000,4189650,441167,4630817
8,4000,4390747,480359,4871106
8,4000,4144852,498072,4642924
8,4000,4033247,491210,4524457
8,4000,4568869,344597,4913466
8,4000,4639133,436463,5075596
8,4000,5151047,484277,5635324
8,4000,4324431,375193,4699624
8,4000,3916532,398749,4315281
8,4000,3935742,417196,4352938
8,4000,3679374,331731,4011105
8,4000,4382126,469647,4851773
8,4000,4405632,482252,4887884
8,4000,4726960,484439,5211399
8,4000,4514753,335853,4850606
8,4000,4395261,479063,4874324
8,4000,3783535,495835,4279370
8,4000,4356532,485330,4841862
8,4000,4308658,399698,4708356
8,4000,4489713,496819,4986532
8,4000,4285464,468480,4753944
8,4000,5023492,470271,5493763
8,4000,3763744,333780,4097524
8,4000,4228552,340992,4569544
8,4000,4266834,416716,4683550
8,4000,4879115,482660,5361775
8,4000,3803890,476967,4280857
8,4000,4447108,489226,4936334
8,4000,4384333,477264,4861597
8,4000,4269774,489636,4759410
8,4000,5292315,482966,5775281
8,4000,4698768,367162,5065930
8,4000,4791645,505864,5297509
8,4000,4817227,433149,5250376
8,4000,4227784,456742,4684526
8,4000,4840332,474821,5315153
8,4000,4447029,479795,4926824
8,4000,4201005,485128,4686133
8,4000,4266673,367561,4634234
8,4000,4410845,492124,4902969
8,4000,4137418,491095,4628513
8,4000,4046765,414934,4461699
8,4000,4226662,334362,4561024
8,4000,4733072,396256,5129328
8,4000,4345412,478046,4823458
8,4000,4471606,491741,4963347
8,4000,3993221,332850,4326071
8,4000,4426757,476366,4903123
8,4000,5031421,410547,5441968
8,4000,4341593,378897,4720490
8,4000,4205156,475502,4680658
8,4000,4766916,490277,5257193
8,4000,4568566,331468,4900034
8,4000,3950856,472952,4423808
8,4000,4662981,468513,5131494
8,4000,4364148,495079,4859227
8,4000,5032060,494038,5526098
8,4000,4623437,477815,5101252
8,4000,4013099,472064,4485163
8,4000,4298980,397349,4696329
8,4000,5424735,487410,5912145
8,4000,3919072,409546,4328618
8,4000,4312246,484096,4796342
8,4000,4185312,470558,4655870
8,4000,4311928,365146,4677074
8,4000,4013101,410866,4423967
8,4000,3765051,490483,4255534
8,4000,4213630,475422,4689052
8,4000,3840090,472671,4312761
8,4000,3879622,482141,4361763
8,4000,5094263,385719,5479982
8,4000,4904905,473679,5378584
8,4000,4305871,480908,4786779
8,4000,4053190,473558,4526748
8,4000,4975997,364450,5340447
8,4000,4581845,378252,4960097
8,4000,4187578,350669,4538247
8,4000,4020307,338322,4358629
8,4000,4403979,334374,4738353
8,4000,4761380,333921,5095301
8,4000,4037859,470442,4508301
8,4000,4725602,474135,5199737
8,4000,4178380,480863,4659243
8,4000,3541423,512496,4053919
8,4000,4657501,333386,4990887
8,4000,4375166,489418,4864584
8,4000,4326822,336360,4663182
8,4000,5034355,477374,5511729
8,5000,4366985,416649,4783634
8,5000,4953607,529924,5483531
8,5000,4400146,608153,5008299
8,5000,4368398,598409,4966807
8,5000,5636265,605102,6241367
8,5000,4526170,602255,5128425
8,5000,4172690,583918,4756608
8,5000,4195080,431262,4626342
8,5000,4723769,419200,5142969
8,5000,4286819,421428,4708247
8,5000,4029952,592104,4622056
8,5000,4364772,426642,4791414
8,5000,4539606,598218,5137824
8,5000,4255808,585877,4841685
8,5000,4132669,427890,4560559
8,5000,4106150,440339,4546489
8,5000,4094804,584703,4679507
8,5000,4816601,597594,5414195
8,5000,3984748,594467,4579215
8,5000,4580762,592437,5173199
8,5000,3967244,510987,4478231
8,5000,4069011,428271,4497282
8,5000,4502705,438053,4940758
8,5000,4880045,617917,5497962
8,5000,4564379,585747,5150126
8,5000,5252503,593826,5846329
8,5000,4709811,592245,5302056
8,5000,4194063,416752,4610815
8,5000,4135645,449104,4584749
8,5000,4066137,595243,4661380
8,5000,4206813,422020,4628833
8,5000,4630202,608813,5239015
8,5000,3824816,427875,4252691
8,5000,5215779,611345,5827124
8,5000,4188901,412554,4601455
8,5000,4866010,623194,5489204
8,5000,4436044,600465,5036509
8,5000,4094994,600686,4695680
8,5000,5181189,427865,5609054
8,5000,4996207,434948,5431155
8,5000,4352380,420216,4772596
8,5000,4769086,586674,5355760
8,5000,4313538,597219,4910757
8,5000,4125401,598617,4724018
8,5000,4122473,599979,4722452
8,5000,5620037,584148,6204185
8,5000,4373193,417889,4791082
8,5000,4151247,423066,4574313
8,5000,4125792,503622,4629414
8,5000,4284184,612157,4896341
8,5000,4829155,592420,5421575
8,5000,3744574,589690,4334264
8,5000,4182214,603996,4786210
8,5000,4389695,609862,4999557
8,5000,4251533,499981,4751514
8,5000,3636309,582471,4218780
8,5000,4494362,619225,5113587
8,5000,4267197,506388,4773585
8,5000,4705994,611603,5317597
8,5000,4237431,416539,4653970
8,5000,4325256,603590,4928846
8,5000,4621526,423030,5044556
8,5000,4290942,593223,4884165
8,5000,4474426,438577,4913003
8,5000,5070925,450550,5521475
8,5000,4813774,423006,5236780
8,5000,3752756,588027,4340783
8,5000,4339670,415222,4754892
8,5000,5264456,423159,5687615
8,5000,4859949,437849,5297798
8,5000,4454082,450550,4904632
8,5000,5021765,694310,5716075
8,5000,5137131,591165,5728296
8,5000,4162529,598464,4760993
8,5000,5157430,618112,5775542
8,5000,4520203,593874,5114077
8,5000,4746681,437969,5184650
8,5000,4571342,415197,4986539
8,5000,4258336,418708,4677044
8,5000,4189038,590502,4779540
8,5000,4319293,609728,4929021
8,5000,4129753,423944,4553697
8,5000,4706138,606540,5312678
8,5000,4518067,531247,5049314
8,5000,4459730,502432,4962162
8,5000,4430852,436649,4867501
8,5000,4503161,475962,4979123
8,5000,4460528,424168,4884696
8,5000,4760645,510822,5271467
8,5000,5140967,601205,5742172
8,5000,4124171,589330,4713501
8,5000,4817107,593280,5410387
8,5000,5214195,461659,5675854
8,5000,4700649,429605,5130254
8,5000,4226890,599603,4826493
8,5000,4960122,456718,5416840
8,5000,3896871,567469,4464340
8,5000,4714892,604391,5319283
8,5000,4459739,423405,4883144
8,5000,3997061,595244,4592305
8,5000,4488270,440793,4929063
8,5000,4257874,604814,4862688
8,5000,5426052,609086,6035138
8,5000,5180882,610007,5790889
8,5000,3923743,578516,4502259
8,5000,4080055,600510,4680565
8,5000,4515232,603302,5118534
8,5000,3871640,631893,4503533
8,5000,4393099,591918,4985017
8,5000,4341589,616363,4957952
8,5000,4246652,604742,4851394
8,5000,3914006,416853,4330859
8,5000,4355800,588789,4944589
8,5000,4674588,609389,5283977
8,5000,4861180,599376,5460556
8,6000,4589760,494227,5083987
8,6000,4326051,510163,4836214
8,6000,4662220,696892,5359112
8,6000,4278012,693789,4971801
8,6000,4599809,698734,5298543
8,6000,5310310,640001,5950311
8,6000,5649243,604811,6254054
8,6000,4147083,612692,4759775
8,6000,4716857,519995,5236852
8,6000,4938934,692165,5631099
8,6000,4124594,706486,4831080
8,6000,4241774,702646,4944420
8,6000,4936843,708937,5645780
8,6000,4878454,701104,5579558
8,6000,4637792,710413,5348205
8,6000,4433700,507357,4941057
8,6000,4977287,535004,5512291
8,6000,4368182,559851,4928033
8,6000,4255915,505298,4761213
8,6000,4163777,502565,4666342
8,6000,4072140,701615,4773755
8,6000,4106094,704974,4811068
8,6000,4281996,703200,4985196
8,6000,4006451,746183,4752634
8,6000,4342185,501828,4844013
8,6000,4579752,526012,5105764
8,6000,4225603,709903,4935506
8,6000,4769849,706039,5475888
8,6000,4328278,514845,4843123
8,6000,4759478,723066,5482544
8,6000,4588408,578282,5166690
8,6000,4665072,719352,5384424
8,6000,4420473,696776,5117249
8,6000,4191999,517032,4709031
8,6000,5143823,528311,5672134
8,6000,4525144,508329,5033473
8,6000,4694574,501444,5196018
8,6000,4598867,510915,5109782
8,6000,4910647,697144,5607791
8,6000,4814872,709507,5524379
8,6000,4399847,714632,5114479
8,6000,4447974,713158,5161132
8,6000,4469578,720528,5190106
8,6000,4636738,715179,5351917
8,6000,3995423,499197,4494620
8,6000,4144566,703963,4848529
8,6000,4286813,581617,4868430
8,6000,4276716,695894,4972610
8,6000,4226288,711516,4937804
8,6000,4356313,702346,5058659
8,6000,4612069,513689,5125758
8,6000,4386438,718363,5104801
8,6000,3766835,511317,4278152
8,6000,4871184,500899,5372083
8,6000,4255654,709915,4965569
8,6000,4772935,560763,5333698
8,6000,4358733,506431,4865164
8,6000,4317115,546781,4863896
8,6000,4450014,713545,5163559
8,6000,4281894,716718,4998612
8,6000,4637579,707868,5345447
8,6000,4426421,501994,4928415
8,6000,4150440,517734,4668174
8,6000,4302101,696311,4998412
8,6000,3968901,500925,4469826
8,6000,4757184,730545,5487729
8,6000,4947571,701150,5648721
8,6000,4453941,503583,4957524
8,6000,5659622,590679,6250301
8,6000,4435878,506718,4942596
8,6000,4855699,714516,5570215
8,6000,5339445,734426,6073871
8,6000,4553564,508676,5062240
8,6000,4265428,582373,4847801
8,6000,4479083,720615,5199698
8,6000,4063503,703030,4766533
8,6000,5233932,496315,5730247
8,6000,4378903,738659,5117562
8,6000,4154901,713257,4868158
8,6000,4755039,700186,5455225
8,6000,4284708,498715,4783423
8,6000,5082856,499480,5582336
8,6000,4196013,555267,4751280
8,6000,4214458,732998,4947456
8,6000,4617918,719517,5337435
8,6000,4521884,561002,5082886
8,6000,5405722,731883,6137605
8,6000,4412189,599223,5011412
8,6000,4534703,500287,5034990
8,6000,4557458,715899,5273357
8,6000,4691827,708957,5400784
8,6000,4467952,525988,4993940
8,6000,4593264,711143,5304407
8,6000,4515256,612983,5128239
8,6000,4424168,705997,5130165
8,6000,3872393,705955,4578348
8,6000,5434496,725480,6159976
8,6000,4172009,727466,4899475
8,6000,4399627,506476,4906103
8,6000,4548136,713578,5261714
8,6000,5149601,510756,5660357
8,6000,4140244,704402,4844646
8,6000,4406266,715731,5121997
8,6000,4727385,503138,5230523
8,6000,4395404,586641,4982045
8,6000,4503382,702754,5206136
8,6000,4771103,515100,5286203
8,6000,4230142,510975,4741117
8,6000,4946101,536704,5482805
8,6000,5252422,576892,5829314
8,6000,4597414,715213,5312627
8,6000,4443738,501948,4945686
8,6000,4388080,702089,5090169
8,6000,4462655,718035,5180690
8,6000,4975883,721916,5697799
8,7000,4847802,813653,5661455
8,7000,5281529,613814,5895343
8,7000,4457076,614684,5071760
8,7000,4647821,837478,5485299
8,7000,4521978,598491,5120469
8,7000,5161696,840751,6002447
8,7000,4881733,588750,5470483
8,7000,4655155,757077,5412232
8,7000,4394404,858725,5253129
8,7000,4651845,847687,5499532
8,7000,5252256,864235,6116491
8,7000,4955751,594483,5550234
8,7000,5265065,836122,6101187
8,7000,5506008,608906,6114914
8,7000,4421513,587835,5009348
8,7000,5028827,601280,5630107
8,7000,4581351,854550,5435901
8,7000,5024497,859482,5883979
8,7000,5367661,857156,6224817
8,7000,4347609,605754,4953363
8,7000,4738516,885429,5623945
8,7000,5648483,816179,6464662
8,7000,6675584,830912,7506496
8,7000,4714103,607715,5321818
8,7000,4475197,827987,5303184
8,7000,5046188,849126,5895314
8,7000,5462812,589200,6052012
8,7000,4661865,714816,5376681
8,7000,4403774,839217,5242991
8,7000,4986931,805878,5792809
8,7000,4583931,846219,5430150
8,7000,4822414,855087,5677501
8,7000,5377784,831428,6209212
8,7000,4536225,837448,5373673
8,7000,5035690,850311,5886001
8,7000,5227979,866167,6094146
8,7000,4832394,840543,5672937
8,7000,4967991,614992,5582983
8,7000,5682417,856137,6538554
8,7000,4762790,843208,5605998
8,7000,4977832,622063,5599895
8,7000,5054741,610748,5665489
8,7000,5065138,830071,5895209
8,7000,4484430,829622,5314052
8,7000,4339106,608915,4948021
8,7000,4476754,808929,5285683
8,7000,4855465,617086,5472551
8,7000,4432486,605168,5037654
8,7000,4482241,859290,5341531
8,7000,4629638,850637,5480275
8,7000,4732708,591120,5323828
8,7000,4632711,840019,5472730
8,7000,4882584,846402,5728986
8,7000,5036545,856118,5892663
8,7000,5778217,825716,6603933
8,7000,4610052,822298,5432350
8,7000,4601875,601400,5203275
8,7000,5061186,837044,5898230
8,7000,5576806,848550,6425356
8,7000,5191022,863909,6054931
8,7000,4126991,598239,4725230
8,7000,4338500,859925,5198425
8,7000,5563319,604281,6167600
8,7000,4517330,717363,5234693
8,7000,4876635,828753,5705388
8,7000,4902774,854421,5757195
8,7000,5734898,827606,6562504
8,7000,5032567,846174,5878741
8,7000,4583555,590878,5174433
8,7000,4611393,829078,5440471
8,7000,4809908,704473,5514381
8,7000,4556718,823673,5380391
8,7000,4715964,596304,5312268
8,7000,4411218,745318,5156536
8,7000,4504187,853565,5357752
8,7000,4547540,639036,5186576
8,7000,4794402,820571,5614973
8,7000,4649698,829709,5479407
8,7000,4956064,588681,5544745
8,7000,4156052,595743,4751795
8,7000,4938967,598794,5537761
8,7000,4366659,819737,5186396
8,7000,4645471,865304,5510775
8,7000,4696311,836929,5533240
8,7000,5046450,724257,5770707
8,7000,4374855,608348,4983203
8,7000,4923594,781988,5705582
8,7000,4582932,835570,5418502
8,7000,4437337,583831,5021168
8,7000,4680848,843954,5524802
8,7000,4408416,853578,5261994
8,7000,4642499,595998,5238497
8,7000,5714854,844390,6559244
8,7000,4596074,604835,5200909
8,7000,4956766,837876,5794642
8,7000,6029945,828116,6858061
8,7000,5786680,852642,6639322
8,7000,4941557,750106,5691663
8,7000,4710027,833968,5543995
8,7000,4423745,839320,5263065
8,7000,4689802,837322,5527124
8,7000,4294091,751095,5045186
8,7000,5935698,732122,6667820
8,7000,4680701,818606,5499307
8,7000,5018410,845388,5863798
8,7000,4793240,674796,5468036
8,7000,4343045,589852,4932897
8,7000,4229665,609725,4839390
8,7000,4905692,584479,5490171
8,7000,4523035,592846,5115881
8,7000,4465545,600377,5065922
8,7000,4367373,836470,5203843
8,7000,4866379,596091,5462470
8,7000,4618713,591483,5210196
8,7000,4526278,806814,5333092
8,8000,5268198,673969,5942167
8,8000,5267780,682029,5949809
8,8000,5256539,970303,6226842
8,8000,5032711,938013,5970724
8,8000,5015996,962419,5978415
8,8000,4907095,955582,5862677
8,8000,5269312,703558,5972870
8,8000,5438255,934696,6372951
8,8000,5062655,942383,6005038
8,8000,4799714,947018,5746732
8,8000,5140482,813536,5954018
8,8000,4742427,947963,5690390
8,8000,4593064,734088,5327152
8,8000,4932677,717648,5650325
8,8000,4505096,968658,5473754
8,8000,4887209,955015,5842224
8,8000,4895984,844347,5740331
8,8000,4699953,686783,5386736
8,8000,5146379,679821,5826200
8,8000,5639567,966589,6606156
8,8000,5199062,692348,5891410
8,8000,5538067,674100,6212167
8,8000,4885292,673294,5558586
8,8000,5055380,955202,6010582
8,8000,4229078,936785,5165863
8,8000,4451805,954853,5406658
8,8000,4743330,970962,5714292
8,8000,6204251,973386,7177637
8,8000,4842179,956780,5798959
8,8000,5340009,968317,6308326
8,8000,5178962,850023,6028985
8,8000,5092544,670289,5762833
8,8000,5561183,705073,6266256
8,8000,4585640,676059,5261699
8,8000,4948012,951817,5899829
8,8000,4775116,956174,5731290
8,8000,4818088,965588,5783676
8,8000,4617807,687335,5305142
8,8000,5267493,665800,5933293
8,8000,4594250,943715,5537965
8,8000,7213883,690020,7903903
8,8000,4950772,928089,5878861
8,8000,4805218,683810,5489028
8,8000,4621142,949529,5570671
8,8000,5179949,949187,6129136
8,8000,5932818,956552,6889370
8,8000,5536144,825050,6361194
8,8000,4730080,941057,5671137
8,8000,5681922,964849,6646771
8,8000,4637528,944837,5582365
8,8000,4751306,932868,5684174
8,8000,4846304,679290,5525594
8,8000,5287381,688793,5976174
8,8000,4924977,669115,5594092
8,8000,5034124,686108,5720232
8,8000,5287940,677748,5965688
8,8000,4705032,986223,5691255
8,8000,5245552,960604,6206156
8,8000,5120410,960619,6081029
8,8000,5293830,952202,6246032
8,8000,4471519,972360,5443879
8,8000,5026329,947531,5973860
8,8000,4978889,751685,5730574
8,8000,4534968,963775,5498743
8,8000,4738668,966456,5705124
8,8000,5064269,692663,5756932
8,8000,6288315,948934,7237249
8,8000,5282551,964564,6247115
8,8000,4618219,668644,5286863
8,8000,4635784,857927,5493711
8,8000,5192013,933582,6125595
8,8000,6350473,715395,7065868
8,8000,4439758,726864,5166622
8,8000,5150303,677436,5827739
8,8000,4777612,669127,5446739
8,8000,4899454,699883,5599337
8,8000,5192099,933696,6125795
8,8000,5469753,953812,6423565
8,8000,5502537,953629,6456166
8,8000,5219523,945719,6165242
8,8000,5103289,681864,5785153
8,8000,5570502,681465,6251967
8,8000,5072482,952082,6024564
8,8000,5097084,688181,5785265
8,8000,4881063,663331,5544394
8,8000,4930505,668584,5599089
8,8000,5977794,950672,6928466
8,8000,5188301,821492,6009793
8,8000,5048367,944018,5992385
8,8000,4918635,931546,5850181
8,8000,4460035,972495,5432530
8,8000,5141744,965407,6107151
8,8000,5100815,943938,6044753
8,8000,5537626,977724,6515350
8,8000,4630743,988457,5619200
8,8000,4692982,944960,5637942
8,8000,5781752,960481,6742233
8,8000,4841384,697364,5538748
8,8000,5025244,672412,5697656
8,8000,5603930,957949,6561879
8,8000,5459178,816860,6276038
8,8000,4673928,672061,5345989
8,8000,4962159,688541,5650700
8,8000,4757944,946367,5704311
8,8000,4517753,685668,5203421
8,8000,5390054,976017,6366071
8,8000,5939262,672259,6611521
8,8000,6167083,958594,7125677
8,8000,5572073,685023,6257096
8,8000,5203317,939519,6142836
8,8000,5082147,933888,6016035
8,8000,5281001,933684,6214685
8,8000,4478057,970608,5448665
8,8000,5127693,971856,6099549
8,8000,5046360,948325,5994685
8,9000,5575934,1074083,6650017
8,9000,5089563,743453,5833016
8,9000,5719512,1058883,6778395
8,9000,4645678,1051138,5696816
8,9000,4920342,761995,5682337
8,9000,6086823,762684,6849507
8,9000,5032854,741434,5774288
8,9000,5684292,1055736,6740028
8,9000,5523203,760917,6284120
8,9000,4774570,751284,5525854
8,9000,4822969,1048831,5871800
8,9000,4785944,1053499,5839443
8,9000,5910628,1059066,6969694
8,9000,4367697,1049719,5417416
8,9000,4681844,766890,5448734
8,9000,4820457,799242,5619699
8,9000,5278688,1047962,6326650
8,9000,4793301,1051504,5844805
8,9000,4737478,759382,5496860
8,9000,4963665,1047325,6010990
8,9000,4808933,761715,5570648
8,9000,4512052,1046703,5558755
8,9000,5109614,889443,5999057
8,9000,5064335,1056018,6120353
8,9000,5587117,1054119,6641236
8,9000,5210075,826340,6036415
8,9000,5799727,1070768,6870495
8,9000,4506473,1059234,5565707
8,9000,5135799,1043800,6179599
8,9000,4637336,806697,5444033
8,9000,4557595,1060647,5618242
8,9000,4572279,1056855,5629134
8,9000,4842059,1076285,5918344
8,9000,5841001,1056489,6897490
8,9000,4914400,825244,5739644
8,9000,5056701,753283,5809984
8,9000,6003001,1050211,7053212
8,9000,6268312,1074149,7342461
8,9000,5241116,775463,6016579
8,9000,4761554,747226,5508780
8,9000,5815970,1089468,6905438
8,9000,4868407,767493,5635900
8,9000,5841814,1058946,6900760
8,9000,5284087,1048102,6332189
8,9000,4858733,1049437,5908170
8,9000,5111245,753751,5864996
8,9000,5401190,768135,6169325
8,9000,5036959,917443,5954402
8,9000,4638287,752532,5390819
8,9000,5536644,1045678,6582322
8,9000,5239075,892569,6131644
8,9000,4796933,1063116,5860049
8,9000,5004986,752907,5757893
8,9000,5047253,1041214,6088467
8,9000,5032396,1039385,6071781
8,9000,4671780,797925,5469705
8,9000,5000802,1059485,6060287
8,9000,5023286,1052862,6076148
8,9000,5162176,1055277,6217453
8,9000,4961598,1046356,6007954
8,9000,4420958,1051839,5472797
8,9000,4844045,752962,5597007
8,9000,4788306,1047550,5835856
8,9000,5503104,783599,6286703
8,9000,5436782,1040414,6477196
8,9000,6395309,762717,7158026
8,9000,4877265,847284,5724549
8,9000,5175572,1052914,6228486
8,9000,4782199,745093,5527292
8,9000,4788324,1071053,5859377
8,9000,4873113,761169,5634282
8,9000,5121916,1062837,6184753
8,9000,5279209,743792,6023001
8,9000,6244974,1052688,7297662
8,9000,5498266,742274,6240540
8,9000,4957660,1049125,6006785
8,9000,4569966,1051864,5621830
8,9000,5468274,1050039,6518313
8,9000,4640392,924984,5565376
8,9000,4802294,1074653,5876947
8,9000,5172924,773906,5946830
8,9000,4855324,756378,5611702
8,9000,4943108,1040674,5983782
8,9000,5441807,787915,6229722
8,9000,4905517,1052058,5957575
8,9000,5056796,741143,5797939
8,9000,4895516,1061781,5957297
8,9000,4997940,754747,5752687
8,9000,5093511,805995,5899506
8,9000,4729366,1056931,5786297
8,9000,5995009,1064811,7059820
8,9000,4996032,1046620,6042652
8,9000,5651918,932260,6584178
8,9000,5003706,742145,5745851
8,9000,4523416,1076318,5599734
8,9000,4760661,762696,5523357
8,9000,5227714,1080092,6307806
8,9000,5026210,750703,5776913
8,9000,5083170,1039649,6122819
8,9000,4879681,1063800,5943481
8,9000,5734493,794212,6528705
8,9000,4707141,1050835,5757976
8,9000,4799044,739003,5538047
8,9000,4970312,1059018,6029330
8,9000,5426346,1064178,6490524
8,9000,5135257,749203,5884460
8,9000,5258189,743608,6001797
8,9000,4850894,1063560,5914454
8,9000,5132019,752889,5884908
8,9000,5046102,899932,5946034
8,9000,4758728,737093,5495821
8,9000,5141063,733631,5874694
8,9000,5206551,911035,6117586
8,9000,4763884,1043862,5807746
8,9000,5518740,1088743,6607483
8,10000,5088492,845784,5934276
8,10000,5296692,893723,6190415
8,10000,5403385,1182496,6585881
8,10000,4968513,1183065,6151578
8,10000,4701591,1162631,5864222
8,10000,4722070,1191228,5913298
8,10000,5211732,1174672,6386404
8,10000,5025070,1032236,6057306
8,10000,5193328,1175508,6368836
8,10000,6120227,832753,6952980
8,10000,4770844,844098,5614942
8,10000,4890950,1177221,6068171
8,10000,4926791,1158989,6085780
8,10000,5528878,1173233,6702111
8,10000,5843901,821377,6665278
8,10000,5075338,1153245,6228583
8,10000,5253631,1172686,6426317
8,10000,5164120,824015,5988135
8,10000,4823319,1173244,5996563
8,10000,4541915,1168711,5710626
8,10000,6640641,1168303,7808944
8,10000,4795245,1004221,5799466
8,10000,5311862,832735,6144597
8,10000,5815383,1166932,6982315
8,10000,4617294,1171073,5788367
8,10000,5206810,1170008,6376818
8,10000,4245496,825484,5070980
8,10000,5630188,1196459,6826647
8,10000,5872481,1176679,7049160
8,10000,5203017,1164121,6367138
8,10000,4750607,1174198,5924805
8,10000,4674876,1147932,5822808
8,10000,5546854,877867,6424721
8,10000,5181698,1162580,6344278
8,10000,5850051,1173631,7023682
8,10000,4822996,1210666,6033662
8,10000,4458210,1195949,5654159
8,10000,5401882,1168589,6570471
8,10000,4322310,948515,5270825
8,10000,5077246,837145,5914391
8,10000,5091240,1163390,6254630
8,10000,5871574,1161116,7032690
8,10000,4704240,1157546,5861786
8,10000,5708251,1161245,6869496
8,10000,6042503,830935,6873438
8,10000,4661496,909266,5570762
8,10000,4917213,819995,5737208
8,10000,5055395,1099347,6154742
8,10000,5262672,1165453,6428125
8,10000,5004354,829750,5834104
8,10000,5083044,826153,5909197
8,10000,4771548,858485,5630033
8,10000,4759903,832435,5592338
8,10000,4627922,1193763,5821685
8,10000,6103884,1151915,7255799
8,10000,4925598,854787,5780385
8,10000,5155517,1020380,6175897
8,10000,5229737,832229,6061966
8,10000,4796334,1159281,5955615
8,10000,5348927,1168303,6517230
8,10000,4880650,1219495,6100145
8,10000,4888246,1179693,6067939
8,10000,5002476,1182156,6184632
8,10000,5105348,1179585,6284933
8,10000,5547658,825409,6373067
8,10000,5116240,827149,5943389
8,10000,4981976,820799,5802775
8,10000,4708485,857349,5565834
8,10000,5167591,830200,5997791
8,10000,5288461,840091,6128552
8,10000,5216498,833032,6049530
8,10000,5301654,1199645,6501299
8,10000,5580544,1016910,6597454
8,10000,5396912,1169806,6566718
8,10000,5183454,1158227,6341681
8,10000,4977824,818255,5796079
8,10000,4723961,1167235,5891196
8,10000,5662726,851793,6514519
8,10000,6181933,998068,7180001
8,10000,5083572,1174969,6258541
8,10000,5407318,1151826,6559144
8,10000,5528317,1015410,6543727
8,10000,5737805,1024941,6762746
8,10000,4558154,847635,5405789
8,10000,5164783,1196049,6360832
8,10000,5704168,818448,6522616
8,10000,5202325,854030,6056355
8,10000,4816719,1164383,5981102
8,10000,4872006,1166516,6038522
8,10000,5614433,1162432,6776865
8,10000,5482106,1170337,6652443
8,10000,5950244,1163309,7113553
8,10000,4751433,846619,5598052
8,10000,4856800,837424,5694224
8,10000,5867363,1173263,7040626
8,10000,6175873,1170649,7346522
8,10000,4864144,1008490,5872634
8,10000,5056910,1163708,6220618
8,10000,5374414,1174150,6548564
8,10000,5510337,1169230,6679567
8,10000,5529629,1186701,6716330
8,10000,5930764,875602,6806366
8,10000,4930181,1170398,6100579
8,10000,4965765,1180482,6146247
8,10000,5012283,830759,5843042
8,10000,4904037,950594,5854631
8,10000,4934677,1011978,5946655
8,10000,5037250,1181448,6218698
8,10000,5265965,1168487,6434452
8,10000,5576239,994558,6570797
8,10000,5538385,846832,6385217
8,10000,4814409,967633,5782042
8,10000,4730830,1150571,5881401
8,10000,5157625,1035079,6192704
8,10000,4670929,911290,5582219
8,10000,5794963,1194447,6989410
8,10000,5191342,1164451,6355793
8,10000,5408587,1162562,6571149
8,10000,5331976,828187,6160163
8,10000,5316356,1170952,6487308
8,10000,4968941,813789,5782730
8,10000,5525969,1179846,6705815
8,10000,5162719,1191162,6353881
8,10000,5763104,830769,6593873
8,10000,5784926,1191660,6976586
8,10000,5141154,1185231,6326385
8,10000,4920264,818403,5738667
8,10000,5214833,1200035,6414868
8,10000,4708248,835648,5543896
8,10000,6600220,1172470,7772690
8,10000,5214323,1163478,6377801
8,10000,5642097,832069,6474166
8,10000,5711264,1177240,6888504
8,10000,5330224,830974,6161198
8,10000,6519457,820588,7340045
8,10000,5301195,1193415,6494610
8,10000,5388447,1173379,6561826
8,10000,4740798,819382,5560180
8,10000,5355536,827552,6183088
8,10000,5153436,1183416,6336852
8,10000,5269428,823742,6093170
8,10000,5566601,1173838,6740439
8,10000,5187530,828472,6016002
8,10000,5242194,851006,6093200
8,10000,5739359,1173094,6912453
8,10000,5637174,822188,6459362
8,10000,5833765,893022,6726787
8,10000,5079210,1164032,6243242
8,10000,5258010,1172881,6430891
8,10000,5622931,1185604,6808535
8,10000,5365092,1161710,6526802
8,10000,5074141,1022271,6096412
8,10000,5310806,861680,6172486
8,10000,6158390,1184415,7342805
8,10000,5559965,1159160,6719125
8,10000,6310479,1181481,7491960
8,10000,5347885,837199,6185084
8,10000,4865851,1164002,6029853
8,10000,5015057,1167538,6182595
8,10000,4900921,1174474,6075395
8,10000,5309358,1162148,6471506
8,10000,7119504,949073,8068577
8,10000,5113363,848712,5962075
8,10000,4742076,1155851,5897927
8,10000,5206450,1152140,6358590
8,10000,4941003,1153319,6094322
8,10000,5740334,825290,6565624
8,10000,5085147,1183827,6268974
8,10000,5211209,893541,6104750
8,10000,4683065,1163699,5846764
8,10000,5455865,1154249,6610114
8,10000,4931798,994894,5926692
8,10000,4671934,1202951,5874885
8,10000,4738419,878749,5617168
8,10000,5976636,1161031,7137667
8,10000,5815892,872863,6688755
8,10000,5540339,1169257,6709596
8,10000,5417568,1184676,6602244
8,10000,5254668,1005079,6259747
8,10000,4850225,1171039,6021264
8,10000,5276440,1191286,6467726
8,10000,4958310,830175,5788485
8,10000,6178774,932004,7110778
8,10000,4904478,836188,5740666
8,10000,5054718,1020777,6075495
8,10000,5307360,830698,6138058
8,10000,4730926,1168636,5899562
8,10000,5440653,1180515,6621168
8,10000,4976126,1148570,6124696
8,10000,5507961,1194428,6702389
8,10000,5162622,1177408,6340030
8,10000,4804706,827471,5632177
8,10000,5323160,1206170,6529330
8,10000,5029198,1190052,6219250
8,10000,5295247,1155854,6451101
8,10000,5578781,1157696,6736477
8,10000,5479929,897938,6377867
8,10000,4775185,1207306,5982491
8,10000,6061224,1167766,7228990
8,10000,5598291,1164023,6762314
8,10000,5421064,1186044,6607108
8,10000,5531282,1161153,6692435
8,10000,4930866,818349,5749215
8,10000,6143127,1168159,7311286
8,10000,5046996,1187351,6234347
8,10000,4916362,823205,5739567
8,10000,5301167,851792,6152959
8,10000,5771871,1194585,6966456
8,10000,5153189,1194968,6348157
8,10000,4804601,861011,5665612
8,10000,5162377,836908,5999285
8,10000,5535733,1020498,6556231
8,10000,6605803,1178790,7784593
8,10000,5307015,1173495,6480510
8,10000,5822143,1174640,6996783
8,10000,5070359,955906,6026265
8,10000,5809647,1026440,6836087
8,10000,5540869,847587,6388456
8,10000,5921704,1165835,7087539
8,10000,6268945,824681,7093626
8,10000,4894907,1173715,6068622
8,10000,5511076,1188216,6699292
8,10000,4966058,847080,5813138
8,10000,5623222,1145115,6768337
8,10000,5297220,818325,6115545
8,10000,5243062,1003259,6246321
8,10000,5329399,1182342,6511741
8,10000,4601134,1158317,5759451
8,10000,5567129,1181971,6749100
8,10000,5426997,817727,6244724
8,20000,7071411,2327652,9399063
8,20000,7510820,2299878,9810698
8,20000,8945100,2258414,11203514
8,20000,7456393,2306471,9762864
8,20000,7157391,1969531,9126922
8,20000,7611280,1739562,9350842
8,20000,6740126,2302556,9042682
8,20000,6592561,2324631,8917192
8,20000,7365475,2319372,9684847
8,20000,7083580,2333643,9417223
8,20000,7167864,2353129,9520993
8,20000,6203579,2299605,8503184
8,20000,6665309,1998086,8663395
8,20000,8446505,2011897,10458402
8,20000,6568185,2299223,8867408
8,20000,6330107,1647201,7977308
8,20000,7361533,2306561,9668094
8,20000,7011524,1643827,8655351
8,20000,7162653,2313676,9476329
8,20000,6606412,2288025,8894437
8,20000,6905022,2316112,9221134
8,20000,7266040,2319201,9585241
8,20000,7144031,2281222,9425253
8,20000,6524604,1997840,8522444
8,20000,7645052,2322940,9967992
8,20000,7442441,1633591,9076032
8,20000,7009442,2291022,9300464
8,20000,7441229,1641150,9082379
8,20000,7247635,2352712,9600347
8,20000,7270399,2308238,9578637
8,20000,7261140,2316049,9577189
8,20000,7732616,2294601,10027217
8,20000,6342587,1631009,7973596
8,20000,6878387,2295265,9173652
8,20000,6702947,1631506,8334453
8,20000,6689941,1640559,8330500
8,20000,8639603,2311784,10951387
8,20000,7254410,2303063,9557473
8,20000,6961433,1619337,8580770
8,20000,6770023,2332140,9102163
8,20000,7420532,2316091,9736623
8,20000,7483031,2302958,9785989
8,20000,7347229,2303417,9650646
8,20000,7050948,2114031,9164979
8,20000,7081974,2298215,9380189
8,20000,6584119,2345438,8929557
8,20000,7233976,2302766,9536742
8,20000,6761047,2314897,9075944
8,20000,7251636,2314618,9566254
8,20000,6666800,2301237,8968037
8,20000,6416333,2323282,8739615
8,20000,6340703,2106289,8446992
8,20000,7668462,1647375,9315837
8,20000,7965979,2317465,10283444
8,20000,7520021,1670531,9190552
8,20000,7184477,1944358,9128835
8,20000,6742740,2330682,9073422
8,20000,7052363,1793948,8846311
8,20000,6932782,2290761,9223543
8,20000,7443337,2306198,9749535
8,20000,7402674,2303333,9706007
8,20000,6311043,2338751,8649794
8,20000,7993253,2308850,10302103
8,20000,7900861,2329206,10230067
8,20000,7066939,1809894,8876833
8,20000,7453600,2332806,9786406
8,20000,7435334,1657802,9093136
8,20000,8551793,2300787,10852580
8,20000,7153012,2306636,9459648
8,20000,6729232,1635793,8365025
8,20000,6519124,1635154,8154278
8,20000,7289728,2333307,9623035
8,20000,7156067,2314261,9470328
8,20000,7546059,2328709,9874768
8,20000,7116731,2352440,9469171
8,20000,6254500,1690174,7944674
8,20000,6425716,2300670,8726386
8,20000,7421085,2315902,9736987
8,20000,6959843,2192467,9152310
8,20000,6898304,1977550,8875854
8,20000,6503057,2301710,8804767
8,20000,6782871,2286861,9069732
8,20000,6625046,2308985,8934031
8,20000,6786577,1632559,8419136
8,20000,6655128,1653560,8308688
8,20000,6980926,2074407,9055333
8,20000,7307371,2290125,9597496
8,20000,6402637,2313575,8716212
8,20000,7022959,1659720,8682679
8,20000,7669710,2335692,10005402
8,20000,6640027,2311866,8951893
8,20000,6754217,2374224,9128441
8,20000,7662286,2326578,9988864
8,20000,6915288,1966718,8882006
8,20000,6477867,1868034,8345901
8,20000,6352962,2101862,8454824
8,20000,7073350,2319110,9392460
8,20000,6854803,2357740,9212543
8,20000,6951762,2306603,9258365
8,20000,6986317,2314528,9300845
8,20000,7471037,2311835,9782872
8,20000,6661032,2300209,8961241
8,20000,6742548,2321377,9063925
8,20000,6500537,1638500,8139037
8,20000,7149508,2282268,9431776
8,20000,7442378,2300480,9742858
8,20000,7546377,2313488,9859865
8,20000,7274015,2314126,9588141
8,20000,7211777,2336675,9548452
8,20000,7022604,2291604,9314208
8,20000,6474526,1645702,8120228
8,20000,6555130,1640176,8195306
8,20000,6761789,2298621,9060410
8,20000,6486750,2293892,8780642
8,20000,6786732,2342024,9128756
8,30000,8914225,3517377,12431602
8,30000,10100544,3540845,13641389
8,30000,9660763,2457750,12118513
8,30000,9375054,3549274,12924328
8,30000,10566017,3547348,14113365
8,30000,9377959,3529031,12906990
8,30000,10341634,3499918,13841552
8,30000,9786652,3509908,13296560
8,30000,10638815,3548823,14187638
8,30000,9119727,2532237,11651964
8,30000,10324487,3527889,13852376
8,30000,9847647,3506710,13354357
8,30000,9682266,3531857,13214123
8,30000,9708708,3548059,13256767
8,30000,9464960,3535874,13000834
8,30000,9688366,3552293,13240659
8,30000,9274824,3002440,12277264
8,30000,10333174,3474840,13808014
8,30000,12179049,3499360,15678409
8,30000,9736186,3428689,13164875
8,30000,10242981,3531191,13774172
8,30000,10396160,3525084,13921244
8,30000,9520276,3526749,13047025
8,30000,8771955,2667732,11439687
8,30000,9655228,3529859,13185087
8,30000,9569831,3079093,12648924
8,30000,9989149,3544571,13533720
8,30000,9204699,3558126,12762825
8,30000,10715413,3526638,14242051
8,30000,10741446,2621718,13363164
8,30000,10017329,3336453,13353782
8,30000,10026208,2534248,12560456
8,30000,10197295,3363731,13561026
8,30000,9363178,3549283,12912461
8,30000,10645164,3512384,14157548
8,30000,9249593,2497023,11746616
8,30000,9363999,2517784,11881783
8,30000,9963386,3493830,13457216
8,30000,10526150,3554759,14080909
8,30000,9019042,3626629,12645671
8,30000,9747508,3544204,13291712
8,30000,10247516,3536333,13783849
8,30000,9420530,3553268,12973798
8,30000,8905011,3538562,12443573
8,30000,10398279,3518844,13917123
8,30000,10378273,3542517,13920790
8,30000,10137021,3465291,13602312
8,30000,8861296,2522867,11384163
8,30000,8928184,3509931,12438115
8,30000,9747739,3569684,13317423
8,30000,9163755,3525830,12689585
8,30000,9177227,3536570,12713797
8,30000,10016276,3476229,13492505
8,30000,9302191,3553707,12855898
8,30000,10174240,3542774,13717014
8,30000,9940896,3512722,13453618
8,30000,9623523,3480198,13103721
8,30000,9661974,2503083,12165057
8,30000,9127891,2505676,11633567
8,30000,9866148,3554872,13421020
8,30000,10956569,3546604,14503173
8,30000,10545245,3051580,13596825
8,30000,9974658,3516015,13490673
8,30000,8992833,2560828,11553661
8,30000,9078493,2516654,11595147
8,30000,10749638,3569193,14318831
8,30000,11160210,3496004,14656214
8,30000,10282181,3501943,13784124
8,30000,9784948,3528587,13313535
8,30000,11061853,3551692,14613545
8,30000,9883725,2582614,12466339
8,30000,9164820,3467585,12632405
8,30000,10124076,3529166,13653242
8,30000,9480931,3548446,13029377
8,30000,9233593,3521172,12754765
8,30000,10485846,3542780,14028626
8,30000,10086742,3535235,13621977
8,30000,10556361,3548042,14104403
8,30000,10227494,3501982,13729476
8,30000,9367817,3483230,12851047
8,30000,9886632,3471896,13358528
8,30000,9576679,2524880,12101559
8,30000,9756898,3505294,13262192
8,30000,11113071,3553968,14667039
8,30000,12315242,3527444,15842686
8,30000,9210774,2515976,11726750
8,30000,9506172,3039630,12545802
8,30000,9122661,2504928,11627589
8,30000,10682728,3546309,14229037
8,30000,11023720,3523935,14547655
8,30000,9914232,3572649,13486881
8,30000,9155476,2517650,11673126
8,30000,10558785,3532718,14091503
8,30000,9371903,3498302,12870205
8,30000,9811052,3566516,13377568
8,30000,9848091,3531134,13379225
8,30000,9742444,3505777,13248221
8,30000,10617492,3510196,14127688
8,30000,9740783,3051681,12792464
8,30000,10170067,3549529,13719596
8,30000,9765949,3498190,13264139
8,30000,9616516,3540943,13157459
8,30000,10346100,3524197,13870297
8,30000,10509900,3477584,13987484
8,30000,9646373,3530309,13176682
8,30000,9916978,3484521,13401499
8,30000,9727533,3442553,13170086
8,30000,10014692,2512109,12526801
8,30000,9231991,3474610,12706601
8,30000,9496032,3560511,13056543
8,30000,10128041,3464928,13592969
8,30000,9355306,3526338,12881644
8,30000,10462139,3561504,14023643
8,30000,9169014,2584260,11753274
8,30000,10231595,3559738,13791333
8,40000,12581224,4686050,17267274
8,40000,12724644,4704657,17429301
8,40000,10767902,3321977,14089879
8,40000,12294490,4663045,16957535
8,40000,12210699,3532048,15742747
8,40000,10404921,3315818,13720739
8,40000,11323554,4634066,15957620
8,40000,11322865,4710969,16033834
8,40000,11599247,4684933,16284180
8,40000,11396137,4623399,16019536
8,40000,11023899,4675122,15699021
8,40000,12657094,4586066,17243160
8,40000,10339312,4713299,15052611
8,40000,12206223,4628000,16834223
8,40000,12193273,4659979,16853252
8,40000,12104311,4689860,16794171
8,40000,10833039,4688569,15521608
8,40000,11710452,4665638,16376090
8,40000,12028990,4737500,16766490
8,40000,11808625,4700244,16508869
8,40000,10287341,3308970,13596311
8,40000,12527621,4657300,17184921
8,40000,10881770,4674755,15556525
8,40000,11755718,4645457,16401175
8,40000,13471608,4625129,18096737
8,40000,12093324,4668836,16762160
8,40000,11991426,4600207,16591633
8,40000,11754763,4595420,16350183
8,40000,11082216,4659595,15741811
8,40000,11214707,4684741,15899448
8,40000,11476659,4624551,16101210
8,40000,10905229,4676708,15581937
8,40000,12796973,4630790,17427763
8,40000,11172414,3299881,14472295
8,40000,12013452,4686307,16699759
8,40000,11091038,4677303,15768341
8,40000,11482953,4676165,16159118
8,40000,10840097,3388669,14228766
8,40000,11715980,4642477,16358457
8,40000,11568919,4685942,16254861
8,40000,11954623,4690549,16645172
8,40000,10824252,4699117,15523369
8,40000,11252339,4095167,15347506
8,40000,11345198,4679231,16024429
8,40000,12506452,4707559,17214011
8,40000,11656210,4623639,16279849
8,40000,11379038,4660762,16039800
8,40000,11622571,3332404,14954975
8,40000,11901783,4639472,16541255
8,40000,12833734,4622238,17455972
8,40000,12465308,4676317,17141625
8,40000,11234736,4702638,15937374
8,40000,11393447,4612914,16006361
8,40000,13096085,4624853,17720938
8,40000,12170964,4021123,16192087
8,40000,10963710,4653894,15617604
8,40000,10260660,3350427,13611087
8,40000,11934891,4640759,16575650
8,40000,10747547,3467985,14215532
8,40000,11395134,4696321,16091455
8,40000,12842026,4476002,17318028
8,40000,10878821,4692919,15571740
8,40000,11345505,3334765,14680270
8,40000,11315188,4728385,16043573
8,40000,11616139,4617561,16233700
8,40000,11207948,3389349,14597297
8,40000,11780489,3490862,15271351
8,40000,11418278,4635608,16053886
8,40000,11166198,3340579,14506777
8,40000,11099639,3352398,14452037
8,40000,10796108,3354720,14150828
8,40000,11777032,4631211,16408243
8,40000,11044292,4668433,15712725
8,40000,11736394,4637858,16374252
8,40000,12050332,4728635,16778967
8,40000,11234872,4656558,15891430
8,40000,11857013,3335683,15192696
8,40000,11870836,4682943,16553779
8,40000,11421674,4637060,16058734
8,40000,12020045,4626396,16646441
8,40000,11427814,4320687,15748501
8,40000,12581710,4617789,17199499
8,40000,10937923,4673928,15611851
8,40000,10699416,4652885,15352301
8,40000,11950678,4673442,16624120
8,40000,11141740,4637177,15778917
8,40000,11974314,4621506,16595820
8,40000,10279525,4708239,14987764
8,40000,11115167,3290774,14405941
8,40000,10520614,4632114,15152728
8,40000,10727176,3349059,14076235
8,40000,11492605,4653328,16145933
8,40000,11826731,4619181,16445912
8,40000,11398378,4665261,16063639
8,40000,11042502,3794078,14836580
8,40000,11487920,4697494,16185414
8,40000,11373724,3317976,14691700
8,40000,12867944,4660333,17528277
8,40000,11841857,4663399,16505256
8,40000,11725362,4647895,16373257
8,40000,11397137,4647187,16044324
8,40000,11866978,4629552,16496530
8,40000,11476660,4645739,16122399
8,40000,13558835,4635263,18194098
8,40000,10184353,3310630,13494983
8,40000,11739604,4342857,16082461
8,40000,10824240,4697815,15522055
8,40000,12463198,3343500,15806698
8,40000,10979798,3277901,14257699
8,40000,12914117,4706805,17620922
8,40000,12126936,3301630,15428566
8,40000,11030973,4714485,15745458
8,40000,12646730,4672224,17318954
8,40000,10569808,4626783,15196591
8,40000,11850440,4621448,16471888
8,50000,13837356,4770685,18608041
8,50000,13005670,5745395,18751065
8,50000,13472201,5777187,19249388
8,50000,14094812,5577631,19672443
8,50000,14496750,5723444,20220194
8,50000,13565030,4189573,17754603
8,50000,14534230,4919832,19454062
8,50000,12635168,5766204,18401372
8,50000,14686938,5768910,20455848
8,50000,12545557,5762613,18308170
8,50000,13197756,5718516,18916272
8,50000,14009091,5414155,19423246
8,50000,12540805,5754603,18295408
8,50000,14212509,5731958,19944467
8,50000,14212014,5748874,19960888
8,50000,14022067,5745987,19768054
8,50000,13482822,4558838,18041660
8,50000,13212663,5737538,18950201
8,50000,15468619,5193784,20662403
8,50000,14310052,5634206,19944258
8,50000,13722844,4205076,17927920
8,50000,12660314,4107348,16767662
8,50000,13442095,5734011,19176106
8,50000,13156485,5471421,18627906
8,50000,13901727,5703556,19605283
8,50000,13181569,4048589,17230158
8,50000,12996973,5712820,18709793
8,50000,15457712,5727378,21185090
8,50000,14039438,5862886,19902324
8,50000,14825114,5068187,19893301
8,50000,12747545,5734040,18481585
8,50000,17177762,4727028,21904790
8,50000,13021117,4956206,17977323
8,50000,13765181,5714690,19479871
8,50000,12282598,5724952,18007550
8,50000,13980871,5746436,19727307
8,50000,12817122,5481590,18298712
8,50000,13009342,4431002,17440344
8,50000,13881918,4921782,18803700
8,50000,13602205,5741787,19343992
8,50000,13577271,5707284,19284555
8,50000,13311385,4550358,17861743
8,50000,12164112,5803801,17967913
8,50000,12783882,4133048,16916930
8,50000,15038848,5769834,20808682
8,50000,14002161,5708404,19710565
8,50000,13951830,5454572,19406402
8,50000,13130251,5774371,18904622
8,50000,13973997,4064635,18038632
8,50000,13365825,5591204,18957029
8,50000,14060541,5678901,19739442
8,50000,15090248,5754426,20844674
8,50000,13513324,5711932,19225256
8,50000,14796324,5775373,20571697
8,50000,12785798,5716046,18501844
8,50000,13476770,5697539,19174309
8,50000,12674308,5750333,18424641
8,50000,12584578,5699171,18283749
8,50000,13848560,5727937,19576497
8,50000,12221783,4487296,16709079
8,50000,13299909,5797251,19097160
8,50000,13477052,4083320,17560372
8,50000,14254566,5739312,19993878
8,50000,13517197,5705819,19223016
8,50000,12925247,5743256,18668503
8,50000,13286913,5720544,19007457
8,50000,12435094,5216216,17651310
8,50000,14325674,5527256,19852930
8,50000,13758659,5723691,19482350
8,50000,12896129,4212857,17108986
8,50000,13664586,4133567,17798153
8,50000,14177985,5764212,19942197
8,50000,15441405,5738156,21179561
8,50000,13504986,5196349,18701335
8,50000,14596507,5706971,20303478
8,50000,13558082,5740685,19298767
8,50000,13310469,5479230,18789699
8,50000,13533801,4059081,17592882
8,50000,13322148,4929965,18252113
8,50000,13988731,5716474,19705205
8,50000,13103572,5762979,18866551
8,50000,14529027,5784212,20313239
8,50000,13123076,5030284,18153360
8,50000,15003791,4735519,19739310
8,50000,13225627,5702921,18928548
8,50000,13290920,5753275,19044195
8,50000,13706443,5745284,19451727
8,50000,12327504,5307158,17634662
8,50000,14108586,5275497,19384083
8,50000,13539015,4182850,17721865
8,50000,13043101,5697370,18740471
8,50000,13021781,4265284,17287065
8,50000,12840310,4199182,17039492
8,50000,13258995,5733978,18992973
8,50000,13194817,4393203,17588020
8,50000,13411862,5700183,19112045
8,50000,12770235,4068483,16838718
8,50000,13295828,5781590,19077418
8,50000,13269695,5778407,19048102
8,50000,15183226,5711241,20894467
8,50000,12484470,5734148,18218618
8,50000,12242482,5676905,17919387
8,50000,12613799,5729456,18343255
8,50000,12415040,5758354,18173394
8,50000,14648163,4998721,19646884
8,50000,14106956,5570940,19677896
8,50000,13273273,5713768,18987041
8,50000,13844674,5712407,19557081
8,50000,12756005,5777763,18533768
8,50000,12878168,4106311,16984479
8,50000,13281822,5801749,19083571
8,50000,14535226,5764191,20299417
8,50000,13484815,5759521,19244336
8,50000,13478268,5728524,19206792
8,50000,14168470,5730768,19899238
8,60000,15672850,7413385,23086235
8,60000,14774469,7378425,22152894
8,60000,15136081,5328827,20464908
8,60000,15390497,7256226,22646723
8,60000,15915323,7273121,23188444
8,60000,16981303,7424360,24405663
8,60000,14409542,7193278,21602820
8,60000,17338678,5402495,22741173
8,60000,14549337,7288267,21837604
8,60000,15580149,5492663,21072812
8,60000,15000028,7363621,22363649
8,60000,16054101,7412463,23466564
8,60000,16311571,7747134,24058705
8,60000,15324450,5515648,20840098
8,60000,16718272,7279315,23997587
8,60000,16121052,7192896,23313948
8,60000,14736126,5386524,20122650
8,60000,16565397,7408138,23973535
8,60000,16833298,6363996,23197294
8,60000,16270928,7293624,23564552
8,60000,15012823,7442985,22455808
8,60000,14103823,7333932,21437755
8,60000,14329771,5408826,19738597
8,60000,13806132,5547513,19353645
8,60000,14122711,5456325,19579036
8,60000,15790335,6857014,22647349
8,60000,14318122,7310894,21629016
8,60000,17558224,7170572,24728796
8,60000,15174350,7380065,22554415
8,60000,15510586,7278305,22788891
8,60000,14584228,5393634,19977862
8,60000,16871014,7316744,24187758
8,60000,14276907,5765286,20042193
8,60000,15117966,7348132,22466098
8,60000,15152889,7332397,22485286
8,60000,13968654,5818801,19787455
8,60000,16736580,6848450,23585030
8,60000,15483475,7430780,22914255
8,60000,14791347,7378659,22170006
8,60000,15909512,7319042,23228554
8,60000,16025530,7296969,23322499
8,60000,15551633,7279365,22830998
8,60000,16701256,7482859,24184115
8,60000,15982333,7281271,23263604
8,60000,16074475,6591816,22666291
8,60000,15707219,7321551,23028770
8,60000,15550035,7397357,22947392
8,60000,14327312,7312643,21639955
8,60000,18449062,7325593,25774655
8,60000,14580430,5683623,20264053
8,60000,14605875,5338462,19944337
8,60000,14484502,7365872,21850374
8,60000,17591755,7306527,24898282
8,60000,16255826,6020781,22276607
8,60000,14917816,5363823,20281639
8,60000,14757225,7341754,22098979
8,60000,16148984,7387097,23536081
8,60000,15461030,6453750,21914780
8,60000,14920186,7304683,22224869
8,60000,14496712,7293177,21789889
8,60000,17129888,7220679,24350567
8,60000,15049429,7416562,22465991
8,60000,15912033,7289907,23201940
8,60000,15411668,7185853,22597521
8,60000,14671259,6278846,20950105
8,60000,14287134,7326588,21613722
8,60000,14619476,7325746,21945222
8,60000,15436501,5467158,20903659
8,60000,16053950,7222416,23276366
8,60000,16103996,7295805,23399801
8,60000,15829480,7286431,23115911
8,60000,14836090,7370235,22206325
8,60000,16152824,7286379,23439203
8,60000,14816577,5449765,20266342
8,60000,18276535,6160559,24437094
8,60000,15609960,7407707,23017667
8,60000,16746914,7309444,24056358
8,60000,14740736,5808646,20549382
8,60000,15508052,6244637,21752689
8,60000,14653323,7286271,21939594
8,60000,14882392,5600778,20483170
8,60000,14922852,7342776,22265628
8,60000,15889954,6953306,22843260
8,60000,14592415,7404036,21996451
8,60000,16555887,7340267,23896154
8,60000,14468014,7267538,21735552
8,60000,18385683,7298987,25684670
8,60000,16193616,7396243,23589859
8,60000,14693115,5022263,19715378
8,60000,17098773,6291417,23390190
8,60000,16261730,6863686,23125416
8,60000,15122566,7278998,22401564
8,60000,15211271,7325044,22536315
8,60000,15567599,6800190,22367789
8,60000,15094987,7497475,22592462
8,60000,15811216,7314065,23125281
8,60000,14764008,6216664,20980672
8,60000,15507153,6590474,22097627
8,60000,17142120,7369681,24511801
8,60000,16060031,7372951,23432982
8,60000,16179812,6603238,22783050
8,60000,15993447,6658848,22652295
8,60000,14637199,7405087,22042286
8,60000,16356892,7251096,23607988
8,60000,15403077,7269740,22672817
8,60000,15234216,7339575,22573791
8,60000,15784617,7300150,23084767
8,60000,16110561,7371834,23482395
8,60000,15692655,7016822,22709477
8,60000,15841874,7336487,23178361
8,60000,15758343,6690237,22448580
8,60000,16219166,7294732,23513898
8,60000,15306153,7317092,22623245
8,60000,16386788,7268952,23655740
8,60000,16374384,5879452,22253836
8,70000,17307699,8468705,25776404
8,70000,17794707,8111510,25906217
8,70000,18613920,7521598,26135518
8,70000,18328901,8107668,26436569
8,70000,18748432,8029323,26777755
8,70000,17821366,8177521,25998887
8,70000,19346953,7980743,27327696
8,70000,17562582,8579437,26142019
8,70000,20144183,6279438,26423621
8,70000,19384993,8542099,27927092
8,70000,19002937,8011173,27014110
8,70000,19046052,8457566,27503618
8,70000,18468521,8517817,26986338
8,70000,16596899,8340353,24937252
8,70000,16887033,6310853,23197886
8,70000,16256599,8536505,24793104
8,70000,16681499,8433298,25114797
8,70000,17745584,8551459,26297043
8,70000,17768824,8512556,26281380
8,70000,16232162,8707013,24939175
8,70000,18648434,8130697,26779131
8,70000,18294953,8518693,26813646
8,70000,18394584,8533127,26927711
8,70000,18610397,8666165,27276562
8,70000,18147625,8656347,26803972
8,70000,18111639,7133526,25245165
8,70000,19349655,7873159,27222814
8,70000,17185701,6998346,24184047
8,70000,17331092,7612111,24943203
8,70000,17496412,8550566,26046978
8,70000,17523507,7244621,24768128
8,70000,18016316,8528006,26544322
8,70000,17081402,7800456,24881858
8,70000,16769598,7702675,24472273
8,70000,17398842,7261002,24659844
8,70000,17363313,8592473,25955786
8,70000,17674999,7269295,24944294
8,70000,16256004,8378420,24634424
8,70000,17072073,8438577,25510650
8,70000,17610268,8634032,26244300
8,70000,18677939,6316602,24994541
8,70000,17743914,8644725,26388639
8,70000,16424617,7486409,23911026
8,70000,17560114,7761903,25322017
8,70000,17387381,8532664,25920045
8,70000,17634403,8538392,26172795
8,70000,18234114,8537935,26772049
8,70000,18229260,8655465,26884725
8,70000,19993925,8322959,28316884
8,70000,17744822,8561418,26306240
8,70000,17728765,8547297,26276062
8,70000,17538068,8043361,25581429
8,70000,18042980,7814040,25857020
8,70000,18493985,8619938,27113923
8,70000,17160469,8589670,25750139
8,70000,17615102,7372724,24987826
8,70000,17496480,8813536,26310016
8,70000,18644463,8642457,27286920
8,70000,18281187,8637302,26918489
8,70000,17330323,8676659,26006982
8,70000,17905880,8516963,26422843
8,70000,18368840,8513222,26882062
8,70000,16652401,7369678,24022079
8,70000,15722303,6426305,22148608
8,70000,18002316,8326700,26329016
8,70000,18449901,7082868,25532769
8,70000,18351649,8597128,26948777
8,70000,17695701,8378171,26073872
8,70000,17979817,8446895,26426712
8,70000,17985637,8646554,26632191
8,70000,17311173,6236715,23547888
8,70000,17285142,8201233,25486375
8,70000,17796574,8968174,26764748
8,70000,18591674,6196008,24787682
8,70000,18148848,8092751,26241599
8,70000,18142652,7225184,25367836
8,70000,19498940,7037736,26536676
8,70000,17680422,7694693,25375115
8,70000,18158158,6346852,24505010
8,70000,16696297,7186561,23882858
8,70000,18344561,8592723,26937284
8,70000,17570360,8565209,26135569
8,70000,17378051,8587822,25965873
8,70000,17171016,6293986,23465002
8,70000,17862117,6445300,24307417
8,70000,21140668,7102707,28243375
8,70000,16616995,7817250,24434245
8,70000,17499013,7075480,24574493
8,70000,16995958,6320694,23316652
8,70000,16826563,7488844,24315407
8,70000,17307075,8491286,25798361
8,70000,17616140,8452619,26068759
8,70000,17700698,8009241,25709939
8,70000,16528903,8661795,25190698
8,70000,16977482,7390502,24367984
8,70000,16961856,8494865,25456721
8,70000,17209983,8534793,25744776
8,70000,17185515,8305797,25491312
8,70000,19397139,6622245,26019384
8,70000,16419990,8500544,24920534
8,70000,17881963,8515098,26397061
8,70000,16577215,8492565,25069780
8,70000,16764489,7422507,24186996
8,70000,18095408,7551333,25646741
8,70000,17354281,8563980,25918261
8,70000,18466587,8632348,27098935
8,70000,18443642,8555173,26998815
8,70000,18529690,8187425,26717115
8,70000,16529411,7356715,23886126
8,70000,17413231,7668619,25081850
8,70000,18541593,6845398,25386991
8,70000,19458724,6335429,25794153
8,70000,18119943,8668100,26788043
8,70000,17648565,8537246,26185811
8,70000,19095177,8683662,27778839
8,80000,20397421,9925394,30322815
8,80000,18723824,7194529,25918353
8,80000,20760119,9824924,30585043
8,80000,18635122,8212788,26847910
8,80000,20405198,9825680,30230878
8,80000,20915013,9945406,30860419
8,80000,19213075,8745120,27958195
8,80000,20887526,8174225,29061751
8,80000,22112417,8001466,30113883
8,80000,19238908,9875697,29114605
8,80000,21214464,7950883,29165347
8,80000,20507215,8957187,29464402
8,80000,18619901,9972710,28592611
8,80000,19868537,8673474,28542011
8,80000,19842948,9883495,29726443
8,80000,19118527,9873945,28992472
8,80000,21017244,9922212,30939456
8,80000,21861056,7196188,29057244
8,80000,20110357,9935956,30046313
8,80000,19418692,8569782,27988474
8,80000,19636740,9618604,29255344
8,80000,21699680,7147828,28847508
8,80000,20271541,7175244,27446785
8,80000,21485153,7398984,28884137
8,80000,21718597,8657016,30375613
8,80000,23061140,9788088,32849228
8,80000,19638800,9949937,29588737
8,80000,19980083,9936609,29916692
8,80000,19923705,8688816,28612521
8,80000,21252197,9915328,31167525
8,80000,22631307,7908161,30539468
8,80000,20533727,9440623,29974350
8,80000,18637353,10879871,29517224
8,80000,20285503,7915378,28200881
8,80000,18489156,9863853,28353009
8,80000,19619368,7674924,27294292
8,80000,20453377,9880027,30333404
8,80000,21240621,9925327,31165948
8,80000,21580933,7229548,28810481
8,80000,22264318,9885857,32150175
8,80000,20005616,8991945,28997561
8,80000,18487302,9914288,28401590
8,80000,19295088,7191272,26486360
8,80000,19479157,9831266,29310423
8,80000,19997360,7998099,27995459
8,80000,19732046,9909185,29641231
8,80000,18805185,8717531,27522716
8,80000,19644343,6544169,26188512
8,80000,20504976,7749916,28254892
8,80000,21367592,9862762,31230354
8,80000,20768453,9279663,30048116
8,80000,20053564,7244367,27297931
8,80000,20822731,8228852,29051583
8,80000,20418048,7238272,27656320
8,80000,18424020,9277456,27701476
8,80000,20616385,7829377,28445762
8,80000,20127723,8695113,28822836
8,80000,22307417,9860233,32167650
8,80000,20371805,9923544,30295349
8,80000,20639230,8195642,28834872
8,80000,20162393,9927192,30089585
8,80000,19100907,9908923,29009830
8,80000,20591891,8925518,29517409
8,80000,18849327,7665778,26515105
8,80000,19915899,8197160,28113059
8,80000,21922985,8693097,30616082
8,80000,18501236,8593295,27094531
8,80000,20316083,7297250,27613333
8,80000,18526120,9871552,28397672
8,80000,20593234,9881042,30474276
8,80000,20378437,8992580,29371017
8,80000,21776045,9890929,31666974
8,80000,20726966,9802368,30529334
8,80000,20590833,9832045,30422878
8,80000,20168283,9001235,29169518
8,80000,20443034,9856528,30299562
8,80000,22411261,9931942,32343203
8,80000,19371717,9935620,29307337
8,80000,20526946,9154545,29681491
8,80000,20225303,9708378,29933681
8,80000,21305931,9887390,31193321
8,80000,20098542,9945284,30043826
8,80000,19443736,8632965,28076701
8,80000,18765763,9845863,28611626
8,80000,19624136,9890453,29514589
8,80000,19420762,8857839,28278601
8,80000,20347339,9904897,30252236
8,80000,21736855,7218169,28955024
8,80000,19595961,9833969,29429930
8,80000,21031898,9922074,30953972
8,80000,20646422,9241452,29887874
8,80000,19458594,8444787,27903381
8,80000,19055586,8704088,27759674
8,80000,17386988,9744943,27131931
8,80000,20125452,9939482,30064934
8,80000,19764202,9896155,29660357
8,80000,21328616,7235917,28564533
8,80000,19739613,9817552,29557165
8,80000,20013319,9680363,29693682
8,80000,20808856,8799819,29608675
8,80000,20196260,9863916,30060176
8,80000,18925063,9801638,28726701
8,80000,21510213,7822974,29333187
8,80000,20182731,9885503,30068234
8,80000,19714399,8233746,27948145
8,80000,18332560,9825328,28157888
8,80000,20882243,9922060,30804303
8,80000,20306368,9204530,29510898
8,80000,20287272,9933464,30220736
8,80000,20141532,7972399,28113931
8,80000,18873033,9722011,28595044
8,80000,20708346,9900284,30608630
8,80000,19838956,8410013,28248969
8,80000,20866641,9856004,30722645
8,80000,22717004,9019657,31736661
8,90000,23310168,10520438,33830606
8,90000,23135592,10272239,33407831
8,90000,21519435,11088667,32608102
8,90000,21282474,8902763,30185237
8,90000,25028814,10157662,35186476
8,90000,24243074,8868699,33111773
8,90000,22591610,7435567,30027177
8,90000,25878777,7793460,33672237
8,90000,23769133,10922267,34691400
8,90000,20258382,7992049,28250431
8,90000,23034535,7803912,30838447
8,90000,19147652,8903184,28050836
8,90000,22736989,11073656,33810645
8,90000,22587763,7808051,30395814
8,90000,21032132,8895285,29927417
8,90000,20411105,7917349,28328454
8,90000,20236037,8175551,28411588
8,90000,21241517,10899342,32140859
8,90000,24437620,8015700,32453320
8,90000,19753550,7828249,27581799
8,90000,21001402,10051224,31052626
8,90000,23181761,7787260,30969021
8,90000,22451660,10833700,33285360
8,90000,21847360,8008765,29856125
8,90000,22999195,10009347,33008542
8,90000,22527161,10922865,33450026
8,90000,23426964,10329055,33756019
8,90000,21536557,8822558,30359115
8,90000,22281280,10463042,32744322
8,90000,22258969,10800448,33059417
8,90000,21248571,10992430,32241001
8,90000,21364040,9040988,30405028
8,90000,21652122,11045255,32697377
8,90000,20868004,7871323,28739327
8,90000,21205063,10894180,32099243
8,90000,21926406,10973447,32899853
8,90000,21420211,10805526,32225737
8,90000,21223224,7696403,28919627
8,90000,23942802,7902419,31845221
8,90000,23274542,7994146,31268688
8,90000,22005086,10563828,32568914
8,90000,21071795,10264857,31336652
8,90000,20763533,7963966,28727499
8,90000,22687855,8033996,30721851
8,90000,21419115,10271905,31691020
8,90000,22193991,7920913,30114904
8,90000,21271565,10847601,32119166
8,90000,22453676,9072764,31526440
8,90000,23630370,7983680,31614050
8,90000,21996140,8779296,30775436
8,90000,25029110,10268546,35297656
8,90000,23320310,10512847,33833157
8,90000,22743358,11034806,33778164
8,90000,23218384,10983992,34202376
8,90000,23262365,10215183,33477548
8,90000,25839481,7820063,33659544
8,90000,21571402,8475029,30046431
8,90000,21662615,9829371,31491986
8,90000,23508645,10531253,34039898
8,90000,21429976,9112598,30542574
8,90000,22932452,9604595,32537047
8,90000,22788322,7908120,30696442
8,90000,22834479,8075021,30909500
8,90000,21060620,7980895,29041515
8,90000,23890164,10828871,34719035
8,90000,21589306,8717968,30307274
8,90000,23285754,8985787,32271541
8,90000,21803984,10813149,32617133
8,90000,23186026,7863430,31049456
8,90000,21872468,7972260,29844728
8,90000,22884302,10866422,33750724
8,90000,21951536,10975971,32927507
8,90000,22646285,7497666,30143951
8,90000,24176614,10925353,35101967
8,90000,21233540,7999153,29232693
8,90000,21452064,10856622,32308686
8,90000,21691115,9645707,31336822
8,90000,22178646,10831032,33009678
8,90000,20816890,10813116,31630006
8,90000,22045859,7875775,29921634
8,90000,22710698,10048366,32759064
8,90000,22153401,7858775,30012176
8,90000,22328859,10739927,33068786
8,90000,21775275,10961602,32736877
8,90000,22389101,7836049,30225150
8,90000,22341885,10823268,33165153
8,90000,23289931,10871792,34161723
8,90000,23290264,10881847,34172111
8,90000,21819246,10827236,32646482
8,90000,21044306,8955751,30000057
8,90000,22052667,9417587,31470254
8,90000,22798035,8627863,31425898
8,90000,21734025,9194347,30928372
8,90000,21418671,7997709,29416380
8,90000,25689281,10902705,36591986
8,90000,20174366,10604330,30778696
8,90000,21692579,8030327,29722906
8,90000,21894297,9213255,31107552
8,90000,22321910,8236893,30558803
8,90000,23897919,10066433,33964352
8,90000,20369535,8014341,28383876
8,90000,21919493,9165384,31084877
8,90000,21885730,7739524,29625254
8,90000,25059853,10061915,35121768
8,90000,25483738,7961011,33444749
8,90000,23649145,10387148,34036293
8,90000,22722122,11108685,33830807
8,90000,22433757,8151928,30585685
8,90000,23671353,8982757,32654110
8,90000,20792431,10858725,31651156
8,90000,22722842,10666417,33389259
8,90000,21661763,7921912,29583675
8,90000,21438257,10870107,32308364
8,90000,22061714,10868946,32930660
8,90000,23192937,10882179,34075116
8,100000,23624199,8972540,32596739
8,100000,29578517,11440913,41019430
8,100000,24494668,10566049,35060717
8,100000,25334635,11080204,36414839
8,100000,26836259,11086870,37923129
8,100000,22941072,8143282,31084354
8,100000,24813743,8116905,32930648
8,100000,23391812,8620743,32012555
8,100000,25946180,11150669,37096849
8,100000,25877865,11452289,37330154
8,100000,23423031,11346409,34769440
8,100000,22365474,8613866,30979340
8,100000,25965804,11847236,37813040
8,100000,23165397,8079917,31245314
8,100000,24443508,10275963,34719471
8,100000,23605182,7904407,31509589
8,100000,26033395,9269426,35302821
8,100000,24343651,7990405,32334056
8,100000,25390952,10430472,35821424
8,100000,25673235,11107371,36780606
8,100000,24061078,7930401,31991479
8,100000,23647142,10702534,34349676
8,100000,27063229,8679037,35742266
8,100000,23890774,11209441,35100215
8,100000,24607814,8695156,33302970
8,100000,22764071,8174911,30938982
8,100000,28879282,8404033,37283315
8,100000,25712658,7846362,33559020
8,100000,24586776,10915539,35502315
8,100000,25194203,8442017,33636220
8,100000,24730668,11939317,36669985
8,100000,26769990,8709164,35479154
8,100000,25866152,8590012,34456164
8,100000,25359253,11104718,36463971
8,100000,23412375,8683733,32096108
8,100000,26193043,10285692,36478735
8,100000,24267259,8583317,32850576
8,100000,28052856,9069864,37122720
8,100000,24299518,7924405,32223923
8,100000,24588599,10728255,35316854
8,100000,22820605,10114121,32934726
8,100000,22930775,8076950,31007725
8,100000,25074319,11016729,36091048
8,100000,24557340,10364958,34922298
8,100000,23968047,8487517,32455564
8,100000,24966824,7919226,32886050
8,100000,25525072,9703771,35228843
8,100000,24795130,11585896,36381026
8,100000,28702913,9006931,37709844
8,100000,23592546,11644948,35237494
8,100000,25470806,8067603,33538409
8,100000,25707915,10811590,36519505
8,100000,23777464,8655791,32433255
8,100000,23335568,8663518,31999086
8,100000,24656489,8425835,33082324
8,100000,26659791,9702134,36361925
8,100000,26542442,11845597,38388039
8,100000,26337574,9228580,35566154
8,100000,24282175,7881194,32163369
8,100000,24378556,7931076,32309632
8,100000,25390715,8209240,33599955
8,100000,27826647,8652370,36479017
8,100000,23845521,11884931,35730452
8,100000,25615184,11910336,37525520
8,100000,24765000,9786830,34551830
8,100000,24620778,8095059,32715837
8,100000,23070581,11846183,34916764
8,100000,27601703,8620617,36222320
8,100000,23440225,9029059,32469284
8,100000,22247328,8425383,30672711
8,100000,25716055,11420660,37136715
8,100000,24477507,8676788,33154295
8,100000,24187321,11842747,36030068
8,100000,27332235,10399733,37731968
8,100000,24489959,10241144,34731103
8,100000,23108386,11497365,34605751
8,100000,25379782,8166876,33546658
8,100000,26698088,11969723,38667811
8,100000,28047546,8517412,36564958
8,100000,24350588,7889517,32240105
8,100000,25591181,9157375,34748556
8,100000,24893599,11824378,36717977
8,100000,25197480,11286238,36483718
8,100000,26114881,11972311,38087192
8,100000,27266357,8753048,36019405
8,100000,24124298,11319855,35444153
8,100000,24896965,10694345,35591310
8,100000,25047933,10193780,35241713
8,100000,23581374,8750190,32331564
8,100000,25027615,11049802,36077417
8,100000,25231600,9600428,34832028
8,100000,25183460,8121394,33304854
8,100000,23845021,11357776,35202797
8,100000,25294077,8695368,33989445
8,100000,27257698,8071512,35329210
8,100000,26962259,7890860,34853119
8,100000,25965241,9793020,35758261
8,100000,22978162,8596025,31574187
8,100000,25552443,9987532,35539975
8,100000,21323555,9921684,31245239
8,100000,25008830,8333441,33342271
8,100000,22650040,7876402,30526442
8,100000,24941875,11060956,36002831
8,100000,25111796,11027293,36139089
8,100000,25565209,11075274,36640483
8,100000,23812563,8739297,32551860
8,100000,24526483,8636368,33162851
8,100000,24963179,11454077,36417256
8,100000,24009697,8119639,32129336
8,100000,25449641,8028952,33478593
8,100000,24119009,10064762,34183771
8,100000,22302737,9367860,31670597
8,100000,23113488,8439598,31553086
8,100000,26055030,8927840,34982870
8,100000,25275610,9393242,34668852
8,100000,25637382,11499641,37137023
8,100000,23879004,9174576,33053580
8,100000,22130496,11392678,33523174
8,100000,25260022,8012780,33272802
8,100000,27116589,11900746,39017335
8,100000,24149110,10538118,34687228
8,100000,23212179,10987439,34199618
8,100000,21087695,10265861,31353556
8,100000,25254471,11429516,36683987
8,100000,24673830,10895540,35569370
8,100000,22839990,9997402,32837392
8,100000,26058557,10917786,36976343
8,100000,24529299,9625791,34155090
8,100000,23450699,9388204,32838903
8,100000,24937783,11058559,35996342
8,100000,25003818,8110229,33114047
8,100000,26168148,11748624,37916772
8,100000,25426859,8138652,33565511
8,100000,23249556,10977046,34226602
8,100000,23770794,7894902,31665696
8,100000,25377032,10787151,36164183
8,100000,25313191,7876396,33189587
8,100000,26158442,11096233,37254675
8,100000,26328322,11094600,37422922
8,100000,25722081,8459632,34181713
8,100000,26133493,10271618,36405111
8,100000,24107486,8607697,32715183
8,100000,23882806,8635309,32518115
8,100000,26111623,9770142,35881765
8,100000,24947856,10183083,35130939
8,100000,22973452,8156681,31130133
8,100000,23573300,10639579,34212879
8,100000,22527591,8642293,31169884
8,100000,28401723,8223237,36624960
8,100000,24382737,10003004,34385741
8,100000,25529266,10277465,35806731
8,100000,30330019,10423798,40753817
8,100000,25787530,8162888,33950418
8,100000,25318273,7895679,33213952
8,100000,23790930,9875060,33665990
8,100000,26037880,8155094,34192974
8,100000,24415428,8477124,32892552
8,100000,28808499,8659429,37467928
8,100000,24752492,11865526,36618018
8,100000,22914080,11197512,34111592
8,100000,25960651,9093857,35054508
8,100000,27114012,7931028,35045040
8,100000,25249327,11679414,36928741
8,100000,26286037,8198265,34484302
8,100000,24912822,11894738,36807560
8,100000,24956520,8209802,33166322
8,100000,23695566,11391093,35086659
8,100000,25498872,10785023,36283895
8,100000,24327503,9239578,33567081
8,100000,22837120,11859923,34697043
8,100000,26775498,8628554,35404052
8,100000,24986557,8160439,33146996
8,100000,25079285,11886348,36965633
8,100000,23219221,9851586,33070807
8,100000,24673448,8734560,33408008
8,100000,25582444,11095840,36678284
8,100000,23819566,10802759,34622325
8,100000,25043442,11419790,36463232
8,100000,24951036,9970470,34921506
8,100000,22710800,10804192,33514992
8,100000,24814264,7889070,32703334
8,100000,24551053,7885253,32436306
8,100000,25416852,7887990,33304842
8,100000,24543605,7904126,32447731
8,100000,26782593,8608752,35391345
8,100000,22483484,9089292,31572776
8,100000,27061141,8565453,35626594
8,100000,25101305,11516926,36618231
8,100000,22963254,10709270,33672524
8,100000,25803513,9821665,35625178
8,100000,25858129,11884780,37742909
8,100000,24649930,11868550,36518480
8,100000,27030436,9172301,36202737
8,100000,26001391,8634676,34636067
8,100000,24751235,9492667,34243902
8,100000,26020883,10412561,36433444
8,100000,25709645,11889081,37598726
8,100000,24997933,9977374,34975307
8,100000,25048887,8950494,33999381
8,100000,23655472,7889376,31544848
8,100000,26598984,9280459,35879443
8,100000,24335240,9099827,33435067
8,100000,24697901,10408755,35106656
8,100000,24659024,8140237,32799261
8,100000,24117081,7899461,32016542
8,100000,26543122,8077607,34620729
8,100000,24424728,10449528,34874256
8,100000,23456314,11869136,35325450
8,100000,24425803,8696154,33121957
8,100000,23054729,11845997,34900726
8,100000,25091366,10061676,35153042
8,100000,23799277,9857515,33656792
8,100000,23445015,8157310,31602325
8,100000,23215271,9213068,32428339
8,100000,24030446,9632724,33663170
8,100000,25176134,10805965,35982099
8,100000,25694814,10481320,36176134
8,100000,25844282,8092355,33936637
8,100000,28526972,11387549,39914521
8,100000,25792224,11903938,37696162
8,100000,24837473,8603953,33441426
8,100000,25870188,11429430,37299618
8,100000,24669889,10806458,35476347
8,100000,28293816,8577849,36871665
8,100000,25463773,8684456,34148229
8,100000,25632810,8094243,33727053
8,100000,24061110,11847319,35908429
8,100000,25381593,10306347,35687940
8,100000,24903825,11076270,35980095
8,100000,23186611,9508831,32695442
8,200000,54668947,16022114,70691061
8,200000,42473014,16215532,58688546
8,200000,47928586,17819896,65748482
8,200000,47677213,16338275,64015488
8,200000,44364805,16424279,60789084
8,200000,42737431,18948889,61686320
8,200000,49286410,19448628,68735038
8,200000,50131664,16248777,66380441
8,200000,44284555,16408093,60692648
8,200000,56977794,16297055,73274849
8,200000,46843249,19734422,66577671
8,200000,45536205,16217180,61753385
8,200000,46496905,15923241,62420146
8,200000,51501318,16150856,67652174
8,200000,42225812,17860008,60085820
8,200000,47939898,18504487,66444385
8,200000,45470125,16539621,62009746
8,200000,47803636,17748803,65552439
8,200000,48964896,18364964,67329860
8,200000,46408165,18537826,64945991
8,200000,49933866,18204037,68137903
8,200000,48431294,17816147,66247441
8,200000,51542823,16284727,67827550
8,200000,46864873,16649352,63514225
8,200000,46593394,19920537,66513931
8,200000,49631296,17282557,66913853
8,200000,49087354,16188115,65275469
8,200000,44836358,16173821,61010179
8,200000,49187204,16339831,65527035
8,200000,46227253,16276120,62503373
8,200000,48725851,19889193,68615044
8,200000,44174422,16239519,60413941
8,200000,49680193,17577125,67257318
8,200000,48865799,19047411,67913210
8,200000,49682986,16326627,66009613
8,200000,47118802,20612383,67731185
8,200000,43539113,18836109,62375222
8,200000,45103500,18884215,63987715
8,200000,44532166,17990056,62522222
8,200000,49260247,18895573,68155820
8,200000,50324204,18985061,69309265
8,200000,50068704,16787523,66856227
8,200000,48916258,16147378,65063636
8,200000,50512257,17117207,67629464
8,200000,48225803,17862179,66087982
8,200000,40279456,16232331,56511787
8,200000,50702684,15980206,66682890
8,200000,49446017,16197700,65643717
8,200000,44374551,18628708,63003259
8,200000,48144366,16226594,64370960
8,200000,49414257,17621939,67036196
8,200000,43565323,15889319,59454642
8,200000,51139890,19618672,70758562
8,200000,49330635,16343276,65673911
8,200000,52666154,16228636,68894790
8,200000,52835672,17538550,70374222
8,200000,49000821,16795312,65796133
8,200000,45999525,16134461,62133986
8,200000,48446721,16298134,64744855
8,200000,47560858,19651058,67211916
8,200000,42000273,15967403,57967676
8,200000,47241358,18089645,65331003
8,200000,45763744,15902419,61666163
8,200000,46918947,21200855,68119802
8,200000,48700414,16344437,65044851
8,200000,47640439,17843176,65483615
8,200000,49306523,15823927,65130450
8,200000,40263198,16024456,56287654
8,200000,52875261,18356343,71231604
8,200000,46875419,18097587,64973006
8,200000,45573415,18391420,63964835
8,200000,47522921,16404068,63926989
8,200000,49585438,15925420,65510858
8,200000,47529363,18161848,65691211
8,200000,49921360,16694609,66615969
8,200000,54912018,20408715,75320733
8,200000,43632445,16340363,59972808
8,200000,49521677,17705537,67227214
8,200000,47646472,16039361,63685833
8,200000,46166447,16490368,62656815
8,200000,46364914,19872597,66237511
8,200000,46295232,18068451,64363683
8,200000,45379775,20887866,66267641
8,200000,48671151,18883350,67554501
8,200000,45408140,15972146,61380286
8,200000,47783343,16080078,63863421
8,200000,44466740,15851298,60318038
8,200000,45958385,16125553,62083938
8,200000,51590545,16225229,67815774
8,200000,45057147,18695347,63752494
8,200000,45352080,16175645,61527725
8,200000,45165640,18187106,63352746
8,200000,51297624,15812537,67110161
8,200000,49454807,19766975,69221782
8,200000,47421254,16463043,63884297
8,200000,45752975,16195095,61948070
8,200000,43583783,16260615,59844398
8,200000,47235583,17926953,65162536
8,200000,49144943,19766340,68911283
8,200000,54649644,16544316,71193960
8,200000,46783438,16042588,62826026
8,200000,45760457,18820882,64581339
8,200000,43563425,18782865,62346290
8,200000,49249366,19493241,68742607
8,200000,45808048,15923636,61731684
8,200000,57130988,19281868,76412856
8,200000,50490644,19755743,70246387
8,200000,48159636,18120462,66280098
8,200000,49931923,16131926,66063849
8,200000,50135101,16257245,66392346
8,200000,43555705,16296783,59852488
8,200000,47133790,19507782,66641572
8,200000,42054090,17751154,59805244
8,200000,45185127,16775867,61960994
8,200000,44610838,18964486,63575324
8,300000,69290906,24708265,93999171
8,300000,66084536,24441105,90525641
8,300000,71069374,24801309,95870683
8,300000,66758924,24595578,91354502
8,300000,72255604,24500149,96755753
8,300000,71533507,24822120,96355627
8,300000,65765593,24168641,89934234
8,300000,71532805,24740982,96273787
8,300000,66849665,24317723,91167388
8,300000,67258512,24239948,91498460
8,300000,79025168,24208711,103233879
8,300000,69857606,24609363,94466969
8,300000,70296985,25240793,95537778
8,300000,70172217,24246212,94418429
8,300000,69979172,24126425,94105597
8,300000,66066800,23950184,90016984
8,300000,70588699,24741743,95330442
8,300000,68282201,24486930,92769131
8,300000,66774085,24229587,91003672
8,300000,65432339,24334622,89766961
8,300000,65454691,24339393,89794084
8,300000,67519206,24115843,91635049
8,300000,69175241,24380024,93555265
8,300000,69255036,25122460,94377496
8,300000,66825162,24742187,91567349
8,300000,68362030,24035744,92397774
8,300000,69978359,24303408,94281767
8,300000,60916455,24584897,85501352
8,300000,67885977,24615708,92501685
8,300000,66432782,24188963,90621745
8,300000,70060392,24151703,94212095
8,300000,66845534,24507044,91352578
8,300000,73348636,24727071,98075707
8,300000,68338591,24134614,92473205
8,300000,67246173,28128060,95374233
8,300000,71564600,24393296,95957896
8,300000,65778708,27047995,92826703
8,300000,66381798,26312192,92693990
8,300000,60926505,24898753,85825258
8,300000,71276287,25371306,96647593
8,300000,62265925,24322934,86588859
8,300000,68962781,24321432,93284213
8,300000,64503452,24877483,89380935
8,300000,69332663,24190629,93523292
8,300000,68149058,24423662,92572720
8,300000,68916936,24103852,93020788
8,300000,67876365,24155745,92032110
8,300000,56495759,24525198,81020957
8,300000,64824588,24031728,88856316
8,300000,66015690,24014965,90030655
8,300000,63443607,24716043,88159650
8,300000,65175734,24133702,89309436
8,300000,72536996,27777925,100314921
8,300000,66691636,24245371,90937007
8,300000,71162982,23862260,95025242
8,300000,67074258,24588245,91662503
8,300000,67609369,24100908,91710277
8,300000,72990776,24608055,97598831
8,300000,73325760,24143690,97469450
8,300000,66205787,24465928,90671715
8,300000,73663782,24782472,98446254
8,300000,70502374,27349081,97851455
8,300000,68606475,24049372,92655847
8,300000,70364351,24216424,94580775
8,300000,66290861,24557788,90848649
8,300000,68428970,24489768,92918738
8,300000,64972955,24704116,89677071
8,300000,65376568,24695453,90072021
8,300000,61907363,24591040,86498403
8,300000,71182067,24528130,95710197
8,300000,65843758,24184388,90028146
8,300000,73209341,24847232,98056573
8,300000,72440034,24467267,96907301
8,300000,71570872,28325389,99896261
8,300000,64453051,24246418,88699469
8,300000,66679160,24374698,91053858
8,300000,70141715,24235632,94377347
8,300000,58854248,24585152,83439400
8,300000,63259411,24886331,88145742
8,300000,68884985,24688360,93573345
8,300000,66835433,26561687,93397120
8,300000,73013771,24336154,97349925
8,300000,61249380,25169571,86418951
8,300000,66726064,24712097,91438161
8,300000,69439531,24532563,93972094
8,300000,77064580,26085466,103150046
8,300000,65236471,24360747,89597218
8,300000,78090846,24741767,102832613
8,300000,69836869,24520189,94357058
8,300000,70273961,25606232,95880193
8,300000,67645221,24241369,91886590
8,300000,64992196,27498173,92490369
8,300000,67757160,24693141,92450301
8,300000,69915553,24192149,94107702
8,300000,74979800,24436644,99416444
8,300000,65168813,24915195,90084008
8,300000,72253338,24647536,96900874
8,300000,62890143,28065527,90955670
8,300000,72890416,24801795,97692211
8,300000,68176336,25036071,93212407
8,300000,72001270,24152601,96153871
8,300000,72496640,24208911,96705551
8,300000,70524500,24779361,95303861
8,300000,69009160,24754952,93764112
8,300000,76469979,24380848,100850827
8,300000,63307044,24622556,87929600
8,300000,66346546,24232538,90579084
8,300000,65189760,23963106,89152866
8,300000,67338744,24406415,91745159
8,300000,64808132,24451710,89259842
8,300000,68422106,24740733,93162839
8,300000,72556281,24072866,96629147
8,300000,67926756,24285791,92212547
8,300000,72404303,24516883,96921186
8,300000,63858497,24127543,87986040
8,400000,90543861,32616685,123160546
8,400000,89980571,32247624,122228195
8,400000,95740337,32201395,127941732
8,400000,90907150,33435144,124342294
8,400000,85270586,31983630,117254216
8,400000,87637591,32462919,120100510
8,400000,96948499,32203899,129152398
8,400000,90352960,35639883,125992843
8,400000,88765800,31949679,120715479
8,400000,94351400,36050115,130401515
8,400000,96173087,35605044,131778131
8,400000,86738033,32259821,118997854
8,400000,81891187,33322127,115213314
8,400000,88904963,31914833,120819796
8,400000,85858298,32447302,118305600
8,400000,88791878,32279410,121071288
8,400000,93034642,32715498,125750140
8,400000,88311665,32471699,120783364
8,400000,93168654,32472236,125640890
8,400000,89390382,32356585,121746967
8,400000,80927552,33697031,114624583
8,400000,93121448,32174441,125295889
8,400000,98504003,32407185,130911188
8,400000,91221474,32323387,123544861
8,400000,87594842,32251803,119846645
8,400000,79637270,32074851,111712121
8,400000,93423217,32449220,125872437
8,400000,86557367,32155681,118713048
8,400000,105981457,34524187,140505644
8,400000,97750993,32200747,129951740
8,400000,94130092,33003492,127133584
8,400000,88403813,31952037,120355850
8,400000,91052350,34286220,125338570
8,400000,80064937,31822026,111886963
8,400000,96556300,32163255,128719555
8,400000,84650567,32174036,116824603
8,400000,94406071,32599697,127005768
8,400000,88291828,32427802,120719630
8,400000,93848673,33060474,126909147
8,400000,86679079,31942171,118621250
8,400000,90968576,32232349,123200925
8,400000,89406089,32556758,121962847
8,400000,86171320,32338884,118510204
8,400000,92680416,32779037,125459453
8,400000,90843827,32576434,123420261
8,400000,93198209,32586642,125784851
8,400000,92079513,31999536,124079049
8,400000,86977423,32211372,119188795
8,400000,91628299,32235769,123864068
8,400000,91522792,32367771,123890563
8,400000,88706911,32232249,120939160
8,400000,90946455,32504696,123451151
8,400000,97152866,32126579,129279445
8,400000,93063169,32146733,125209902
8,400000,89931144,32641043,122572187
8,400000,88623380,32411739,121035119
8,400000,97542604,33059111,130601715
8,400000,85860918,32319862,118180780
8,400000,90739535,32213567,122953102
8,400000,80670812,32149441,112820253
8,400000,90548671,32391960,122940631
8,400000,91026335,32413707,123440042
8,400000,85566700,32225024,117791724
8,400000,103731135,31988355,135719490
8,400000,88652234,34772509,123424743
8,400000,89220851,32547259,121768110
8,400000,87281914,32215681,119497595
8,400000,88228271,32219280,120447551
8,400000,87967021,32710282,120677303
8,400000,96652697,32216458,128869155
8,400000,88979840,34626793,123606633
8,400000,89203806,32502736,121706542
8,400000,88510253,32292616,120802869
8,400000,87723889,32367985,120091874
8,400000,91378533,32399006,123777539
8,400000,84672348,31842683,116515031
8,400000,90037083,32055274,122092357
8,400000,94994689,32446481,127441170
8,400000,74111233,32157924,106269157
8,400000,94169332,32394113,126563445
8,400000,92883561,32423941,125307502
8,400000,85812246,33284286,119096532
8,400000,93057013,34722613,127779626
8,400000,82981002,32668909,115649911
8,400000,92002811,32443753,124446564
8,400000,100808137,32294937,133103074
8,400000,87886178,32243568,120129746
8,400000,91458837,32122453,123581290
8,400000,103916277,32316137,136232414
8,400000,100166930,33312883,133479813
8,400000,90628058,32168006,122796064
8,400000,91527986,32540076,124068062
8,400000,85382004,31790286,117172290
8,400000,89870856,32266757,122137613
8,400000,90844822,34718482,125563304
8,400000,94311663,32194231,126505894
8,400000,90692327,32115010,122807337
8,400000,87902890,32405511,120308401
8,400000,96703521,32256737,128960258
8,400000,90427492,32423374,122850866
8,400000,98772841,32215761,130988602
8,400000,90630947,32499031,123129978
8,400000,99529173,32530785,132059958
8,400000,93209589,33445806,126655395
8,400000,93530505,33842642,127373147
8,400000,90220501,32359640,122580141
8,400000,97229780,32342051,129571831
8,400000,89396389,32208716,121605105
8,400000,88016040,32430477,120446517
8,400000,94192020,32129444,126321464
8,400000,87869597,32206867,120076464
8,400000,91819082,32781498,124600580
8,400000,86965103,31990465,118955568
8,400000,87583149,32184302,119767451
8,400000,87368128,32290106,119658234
8,500000,104586824,39994634,144581458
8,500000,108825074,39946816,148771890
8,500000,106720824,40989821,147710645
8,500000,106713864,39916398,146630262
8,500000,106928610,40209408,147138018
8,500000,98716381,39791295,138507676
8,500000,101078496,40011899,141090395
8,500000,126818640,39920045,166738685
8,500000,120030736,40006897,160037633
8,500000,103642700,39931075,143573775
8,500000,104898547,40072143,144970690
8,500000,113125090,40015133,153140223
8,500000,103574284,39999276,143573560
8,500000,113622597,43800199,157422796
8,500000,92438126,40045879,132484005
8,500000,101986097,39862117,141848214
8,500000,100401366,40069180,140470546
8,500000,102447886,40012157,142460043
8,500000,111735702,39946882,151682584
8,500000,110148870,39980125,150128995
8,500000,111781760,39936497,151718257
8,500000,103045866,43122295,146168161
8,500000,113661869,40064644,153726513
8,500000,112616771,39537133,152153904
8,500000,108132766,40138361,148271127
8,500000,106886829,40025676,146912505
8,500000,100979485,40187328,141166813
8,500000,106804483,39870491,146674974
8,500000,110697002,40169892,150866894
8,500000,118426703,39905875,158332578
8,500000,110883055,39753847,150636902
8,500000,108237773,39851157,148088930
8,500000,114448774,39945199,154393973
8,500000,113202904,42830914,156033818
8,500000,122029359,39789494,161818853
8,500000,104388817,39478060,143866877
8,500000,103173198,40133367,143306565
8,500000,120795737,40272002,161067739
8,500000,106452894,39906993,146359887
8,500000,104483040,39956774,144439814
8,500000,106549795,40132383,146682178
8,500000,107010704,39854973,146865677
8,500000,103148401,40066288,143214689
8,500000,113219812,41697366,154917178
8,500000,120643946,39839003,160482949
8,500000,102120288,39767472,141887760
8,500000,105617346,39947926,145565272
8,500000,105302844,40008028,145310872
8,500000,107341345,39836808,147178153
8,500000,124752455,39900670,164653125
8,500000,110702560,39885931,150588491
8,500000,92417355,39748699,132166054
8,500000,103249056,40078958,143328014
8,500000,102205282,40154642,142359924
8,500000,117454973,39848085,157303058
8,500000,104853166,40103715,144956881
8,500000,102780806,39955391,142736197
8,500000,112271552,39872420,152143972
8,500000,104998424,39910989,144909413
8,500000,115872683,40195717,156068400
8,500000,100980369,39911192,140891561
8,500000,109491447,40120581,149612028
8,500000,93677658,39858453,133536111
8,500000,103340027,40044893,143384920
8,500000,107573756,39865784,147439540
8,500000,109574246,40203304,149777550
8,500000,100476249,39932197,140408446
8,500000,112395449,40095602,152491051
8,500000,102333915,39852120,142186035
8,500000,107577843,39684862,147262705
8,500000,104948253,40036238,144984491
8,500000,102331467,40016828,142348295
8,500000,105622778,39848807,145471585
8,500000,108902936,39922814,148825750
8,500000,123420916,40021141,163442057
8,500000,104128500,39914247,144042747
8,500000,109750209,40079034,149829243
8,500000,103429452,41916029,145345481
8,500000,108415965,39831030,148246995
8,500000,105586065,40044579,145630644
8,500000,98152654,41411221,139563875
8,500000,112103100,39889906,151993006
8,500000,109093751,39882436,148976187
8,500000,112753211,40040426,152793637
8,500000,104468509,39835351,144303860
8,500000,107523704,40026651,147550355
8,500000,102863779,40231633,143095412
8,500000,104763998,40143936,144907934
8,500000,122348300,40922812,163271112
8,500000,108785351,41255163,150040514
8,500000,103012009,39833201,142845210
8,500000,102011651,39985877,141997528
8,500000,109960917,40111075,150071992
8,500000,109052316,39978317,149030633
8,500000,108009857,40067328,148077185
8,500000,106381334,39996794,146378128
8,500000,112004016,40979558,152983574
8,500000,109004041,39901384,148905425
8,500000,120922248,39804803,160727051
8,500000,97713208,40100116,137813324
8,500000,105592416,39779528,145371944
8,500000,108524313,40057087,148581400
8,500000,96049606,39778635,135828241
8,500000,104043512,39811234,143854746
8,500000,109336527,39818341,149154868
8,500000,113491292,40038605,153529897
8,500000,106311407,40105672,146417079
8,500000,104825010,39871332,144696342
8,500000,105606895,39891300,145498195
8,500000,110521772,40137650,150659422
8,500000,118137938,39794018,157931956
8,500000,108298146,39819233,148117379
8,500000,105872317,40016044,145888361
8,500000,105627683,39872186,145499869
8,500000,107961404,39917505,147878909
8,600000,129280303,47771640,177051943
8,600000,133117674,47747468,180865142
8,600000,127817216,48648574,176465790
8,600000,139978701,47309794,187288495
8,600000,127546384,48063419,175609803
8,600000,126468376,48298218,174766594
8,600000,131023842,48139501,179163343
8,600000,144893501,48073855,192967356
8,600000,124516440,47843720,172360160
8,600000,118064821,48081703,166146524
8,600000,144576165,47569185,192145350
8,600000,129314182,48022048,177336230
8,600000,136521528,48055399,184576927
8,600000,135364530,48485283,183849813
8,600000,125257697,47435103,172692800
8,600000,132584200,47414623,179998823
8,600000,133868802,48020380,181889182
8,600000,135359788,47929444,183289232
8,600000,129109294,47760870,176870164
8,600000,132663407,47949131,180612538
8,600000,144970363,48043469,193013832
8,600000,130594334,47890474,178484808
8,600000,127134969,49346682,176481651
8,600000,130096482,48217876,178314358
8,600000,140531937,48250300,188782237
8,600000,145587401,47936766,193524167
8,600000,126148151,48067553,174215704
8,600000,132930625,48130819,181061444
8,600000,153365172,48606949,201972121
8,600000,128121904,47955112,176077016
8,600000,136077398,49397036,185474434
8,600000,141990454,50188756,192179210
8,600000,125965374,48260275,174225649
8,600000,127235953,47976972,175212925
8,600000,134491775,47962338,182454113
8,600000,132057165,48072720,180129885
8,600000,133499317,48176435,181675752
8,600000,143625388,47871856,191497244
8,600000,154638056,49754007,204392063
8,600000,135450568,48795632,184246200
8,600000,142803916,47838559,190642475
8,600000,135365259,47801582,183166841
8,600000,146262336,47977767,194240103
8,600000,128220433,47995653,176216086
8,600000,131506998,48316111,179823109
8,600000,132892699,47517520,180410219
8,600000,132758628,48009233,180767861
8,600000,136621532,47963963,184585495
8,600000,121465362,47530760,168996122
8,600000,135559050,48135749,183694799
8,600000,138720740,48930720,187651460
8,600000,132500539,47932010,180432549
8,600000,126212813,47925121,174137934
8,600000,128020836,47883740,175904576
8,600000,145427412,48046482,193473894
8,600000,131922862,48074819,179997681
8,600000,126155918,49102733,175258651
8,600000,132074605,48391075,180465680
8,600000,149679647,47892051,197571698
8,600000,122662543,47916451,170578994
8,600000,135914991,48174135,184089126
8,600000,123979185,48268235,172247420
8,600000,129717030,48020534,177737564
8,600000,133339115,47873212,181212327
8,600000,140461602,47966458,188428060
8,600000,142540047,47571223,190111270
8,600000,141403693,48282338,189686031
8,600000,133709975,48068873,181778848
8,600000,134494459,48530742,183025201
8,600000,125699057,47763729,173462786
8,600000,143181951,47804059,190986010
8,600000,129757442,47953624,177711066
8,600000,130897662,47930610,178828272
8,600000,127952236,47343229,175295465
8,600000,134914973,48226533,183141506
8,600000,126248185,48112240,174360425
8,600000,126758608,47862827,174621435
8,600000,129852194,47887230,177739424
8,600000,141894688,48426791,190321479
8,600000,143080361,47993201,191073562
8,600000,129425363,48032064,177457427
8,600000,131814923,48000929,179815852
8,600000,117881485,47757247,165638732
8,600000,139333553,48160113,187493666
8,600000,141164054,47981818,189145872
8,600000,139451363,48056776,187508139
8,600000,132178486,47943720,180122206
8,600000,123241289,47899568,171140857
8,600000,134358372,47485586,181843958
8,600000,138130974,48005719,186136693
8,600000,135526881,47376610,182903491
8,600000,135418757,48115403,183534160
8,600000,142302988,49735527,192038515
8,600000,124834133,48352136,173186269
8,600000,132034130,47437566,179471696
8,600000,138724958,48009136,186734094
8,600000,142353731,47889274,190243005
8,600000,127878517,48045193,175923710
8,600000,130055156,48226575,178281731
8,600000,139345471,48416473,187761944
8,600000,126544886,48243060,174787946
8,600000,124971503,47694285,172665788
8,600000,126848927,47833781,174682708
8,600000,145286702,47902140,193188842
8,600000,129771043,47902245,177673288
8,600000,133916856,47445923,181362779
8,600000,126245452,47388052,173633504
8,600000,137270489,47914185,185184674
8,600000,117619892,47616896,165236788
8,600000,135718471,48635971,184354442
8,600000,134572700,47696372,182269072
8,600000,125697378,47865752,173563130
8,600000,127701803,48338021,176039824
8,600000,130056105,47820549,177876654
8,600000,127317323,48004594,175321917
8,700000,156540505,55535366,212075871
8,700000,137243210,55496541,192739751
8,700000,155709045,55837715,211546760
8,700000,161199201,57342386,218541587
8,700000,149901351,55878070,205779421
8,700000,146779843,55618729,202398572
8,700000,149029562,55865402,204894964
8,700000,148770066,55558366,204328432
8,700000,163003700,55556145,218559845
8,700000,154431791,55483478,209915269
8,700000,154546898,55947488,210494386
8,700000,151281565,55767878,207049443
8,700000,148235803,55800382,204036185
8,700000,154176416,55752367,209928783
8,700000,147744291,55670968,203415259
8,700000,149941491,56344141,206285632
8,700000,152624130,55969887,208594017
8,700000,156881953,55648511,212530464
8,700000,150689066,55973919,206662985
8,700000,152525204,56632681,209157885
8,700000,157178010,55743490,212921500
8,700000,154744915,55935251,210680166
8,700000,159187594,56505044,215692638
8,700000,150940340,55706703,206647043
8,700000,139967774,55528138,195495912
8,700000,146527717,56984863,203512580
8,700000,148933014,56266282,205199296
8,700000,158451599,55373768,213825367
8,700000,158259415,55695353,213954768
8,700000,140099296,56311480,196410776
8,700000,147765379,56043989,203809368
8,700000,152829301,55420383,208249684
8,700000,154869759,56121992,210991751
8,700000,165957016,56459496,222416512
8,700000,147003829,57488581,204492410
8,700000,154137927,56039737,210177664
8,700000,157233460,55879497,213112957
8,700000,155159313,55529701,210689014
8,700000,149151133,55534459,204685592
8,700000,152596447,55680318,208276765
8,700000,154371347,55538533,209909880
8,700000,157963213,55772768,213735981
8,700000,165109141,58078378,223187519
8,700000,156694507,57879661,214574168
8,700000,165214001,56707341,221921342
8,700000,153090169,56248948,209339117
8,700000,164580608,55848890,220429498
8,700000,151544885,55969113,207513998
8,700000,152278529,55417447,207695976
8,700000,146821633,56588224,203409857
8,700000,155169417,56050447,211219864
8,700000,152542272,56368694,208910966
8,700000,153448297,56046766,209495063
8,700000,147320923,56009138,203330061
8,700000,155322947,55358632,210681579
8,700000,152448467,55849260,208297727
8,700000,150965328,55937396,206902724
8,700000,146650201,55724422,202374623
8,700000,144803493,56038403,200841896
8,700000,148861864,55699432,204561296
8,700000,154593768,55381334,209975102
8,700000,153249966,56129489,209379455
8,700000,155866714,55442503,211309217
8,700000,147127303,55392977,202520280
8,700000,161029085,55940132,216969217
8,700000,154176550,56409163,210585713
8,700000,143019775,55991074,199010849
8,700000,167231332,57401701,224633033
8,700000,156331499,56072467,212403966
8,700000,163844343,56070671,219915014
8,700000,146636811,55425311,202062122
8,700000,156897043,56234665,213131708
8,700000,155411345,56896516,212307861
8,700000,147923162,55951318,203874480
8,700000,154514312,55668378,210182690
8,700000,156387398,55729568,212116966
8,700000,138588814,55757962,194346776
8,700000,148316461,55610546,203927007
8,700000,161157091,56209135,217366226
8,700000,139850968,55778558,195629526
8,700000,155880719,57365905,213246624
8,700000,153110649,58463746,211574395
8,700000,149436297,57015011,206451308
8,700000,147416476,56306835,203723311
8,700000,149311553,55712479,205024032
8,700000,162604264,55735124,218339388
8,700000,152816765,56197019,209013784
8,700000,155391566,56108289,211499855
8,700000,156454043,55946015,212400058
8,700000,151105820,56769138,207874958
8,700000,158806636,55941788,214748424
8,700000,165077327,55458526,220535853
8,700000,154082859,55480408,209563267
8,700000,147084073,55967203,203051276
8,700000,149941095,56205623,206146718
8,700000,158705308,56440685,215145993
8,700000,173738421,56041687,229780108
8,700000,142017680,55668219,197685899
8,700000,159654941,56374466,216029407
8,700000,166706628,55949909,222656537
8,700000,152349221,55976786,208326007
8,700000,144152785,55654958,199807743
8,700000,151551690,57800434,209352124
8,700000,154579173,55958587,210537760
8,700000,150889776,56083411,206973187
8,700000,167837494,57185126,225022620
8,700000,155437820,56147733,211585553
8,700000,150400113,55700170,206100283
8,700000,148233659,55772339,204005998
8,700000,163020613,56665182,219685795
8,700000,144213375,55360396,199573771
8,700000,154887934,57595800,212483734
8,700000,160685581,55422299,216107880
8,700000,165110569,56358570,221469139
8,700000,148567781,56354535,204922316
8,800000,160617673,65245698,225863371
8,800000,176208204,65280009,241488213
8,800000,179080571,66071790,245152361
8,800000,170656759,65361703,236018462
8,800000,186375864,65382178,251758042
8,800000,181789928,65968965,247758893
8,800000,177289075,65479979,242769054
8,800000,171316245,66776453,238092698
8,800000,166131306,65147374,231278680
8,800000,185575798,64644864,250220662
8,800000,169073049,64921627,233994676
8,800000,173743710,65409060,239152770
8,800000,179690145,65265843,244955988
8,800000,194101935,65191881,259293816
8,800000,171230083,64637754,235867837
8,800000,170599392,64966307,235565699
8,800000,170489769,65300697,235790466
8,800000,153817165,65098049,218915214
8,800000,171670539,64937889,236608428
8,800000,173036471,65111245,238147716
8,800000,165015537,65252313,230267850
8,800000,182658271,65099196,247757467
8,800000,153626636,65289095,218915731
8,800000,176527396,65348234,241875630
8,800000,173412587,65243810,238656397
8,800000,154158294,65480206,219638500
8,800000,171218167,64884537,236102704
8,800000,177063651,65004880,242068531
8,800000,181204141,65237133,246441274
8,800000,180502618,64835827,245338445
8,800000,176064958,65151837,241216795
8,800000,173042606,65380270,238422876
8,800000,170944940,64984767,235929707
8,800000,178804859,65070990,243875849
8,800000,178963939,65185257,244149196
8,800000,171688682,65798990,237487672
8,800000,169217390,65067854,234285244
8,800000,181332475,65182090,246514565
8,800000,174510420,64726451,239236871
8,800000,172761733,64703146,237464879
8,800000,173532373,65077019,238609392
8,800000,173693796,65087540,238781336
8,800000,185288573,65266929,250555502
8,800000,187863128,65098083,252961211
8,800000,172277902,65144548,237422450
8,800000,163585320,64731153,228316473
8,800000,161213805,65039944,226253749
8,800000,169873648,65076248,234949896
8,800000,167772184,65264168,233036352
8,800000,171716642,65271117,236987759
8,800000,182390818,64806853,247197671
8,800000,171858220,65093485,236951705
8,800000,163581175,65388703,228969878
8,800000,165250954,65064929,230315883
8,800000,172027083,65034087,237061170
8,800000,163118352,65580276,228698628
8,800000,167348822,65025966,232374788
8,800000,169778743,66127707,235906450
8,800000,168082911,65280637,233363548
8,800000,187648789,65493517,253142306
8,800000,167105916,65101467,232207383
8,800000,163642149,64831396,228473545
8,800000,176156088,65389407,241545495
8,800000,162564849,64923094,227487943
8,800000,166176925,65346521,231523446
8,800000,164083607,65352753,229436360
8,800000,166616918,64604046,231220964
8,800000,163524856,65488688,229013544
8,800000,171707235,65401638,237108873
8,800000,167644559,65284847,232929406
8,800000,163851296,65228176,229079472
8,800000,170323001,64784843,235107844
8,800000,174678683,64823561,239502244
8,800000,171009476,64991451,236000927
8,800000,172106671,65444251,237550922
8,800000,194130477,65279837,259410314
8,800000,169917815,64679614,234597429
8,800000,167619357,65190855,232810212
8,800000,157695580,64823820,222519400
8,800000,179805124,65119920,244925044
8,800000,179852940,65384987,245237927
8,800000,186585393,64873104,251458497
8,800000,172478180,65358595,237836775
8,800000,169694411,64649479,234343890
8,800000,173245876,65054188,238300064
8,800000,177000858,64800016,241800874
8,800000,176540140,65681796,242221936
8,800000,168685713,65318929,234004642
8,800000,170492360,65165168,235657528
8,800000,173434144,64747159,238181303
8,800000,182560958,64717522,247278480
8,800000,164964596,66143316,231107912
8,800000,168592633,65470828,234063461
8,800000,189573351,65230739,254804090
8,800000,173565079,64764190,238329269
8,800000,166996898,65096812,232093710
8,800000,166016234,65272868,231289102
8,800000,172997452,64698659,237696111
8,800000,166605895,65317516,231923411
8,800000,158009326,65137113,223146439
8,800000,194044964,65189525,259234489
8,800000,165266693,65366220,230632913
8,800000,170800021,65340170,236140191
8,800000,172685116,65282925,237968041
8,800000,170656057,64882469,235538526
8,800000,163183321,65328333,228511654
8,800000,167769439,66212130,233981569
8,800000,183867649,64636386,248504035
8,800000,176214095,65101669,241315764
8,800000,183789175,65015444,248804619
8,800000,193655888,65564836,259220724
8,800000,164494364,65268536,229762900
8,800000,173218001,65183460,238401461
8,800000,182596127,65076786,247672913
8,800000,167227881,64577929,231805810
8,900000,196213583,73524803,269738386
8,900000,196533205,73451628,269984833
8,900000,202035616,72607273,274642889
8,900000,196464004,73267719,269731723
8,900000,190265354,72950387,263215741
8,900000,191727717,73159076,264886793
8,900000,186904136,73190747,260094883
8,900000,183780554,73447471,257228025
8,900000,196359206,73330807,269690013
8,900000,200686541,73093887,273780428
8,900000,182686663,72585172,255271835
8,900000,200670004,73095037,273765041
8,900000,197251316,73537262,270788578
8,900000,187592430,73039837,260632267
8,900000,184983442,73653450,258636892
8,900000,190625552,73017333,263642885
8,900000,193595654,73214906,266810560
8,900000,198119749,72622013,270741762
8,900000,182014035,73546720,255560755
8,900000,220367342,72041541,292408883
8,900000,193631391,73552549,267183940
8,900000,199009928,73054455,272064383
8,900000,194930838,72954681,267885519
8,900000,201205103,73504352,274709455
8,900000,197263714,72965194,270228908
8,900000,205448293,73614122,279062415
8,900000,192246181,73481155,265727336
8,900000,187041265,74500106,261541371
8,900000,196243348,73352674,269596022
8,900000,188185156,73254966,261440122
8,900000,219151579,73115609,292267188
8,900000,181486070,73023089,254509159
8,900000,201032231,72868742,273900973
8,900000,193412508,73063079,266475587
8,900000,191569316,73478132,265047448
8,900000,174137171,72846117,246983288
8,900000,212210289,73533269,285743558
8,900000,191988339,73716832,265705171
8,900000,187546966,73335431,260882397
8,900000,194280296,73601772,267882068
8,900000,188594189,73507089,262101278
8,900000,197766214,73266108,271032322
8,900000,182934428,73083905,256018333
8,900000,210880512,73141265,284021777
8,900000,192386232,73104042,265490274
8,900000,191574701,72751381,264326082
8,900000,205511926,73432632,278944558
8,900000,209296912,73545363,282842275
8,900000,203493819,73745444,277239263
8,900000,172490919,73013518,245504437
8,900000,197709401,72996379,270705780
8,900000,189170667,73049346,262220013
8,900000,202116520,73171623,275288143
8,900000,188917290,72617250,261534540
8,900000,183369601,73490537,256860138
8,900000,194049436,73693214,267742650
8,900000,187470465,73603510,261073975
8,900000,201340012,72984990,274325002
8,900000,182213723,73025523,255239246
8,900000,217822810,73483050,291305860
8,900000,198894051,73566006,272460057
8,900000,206707242,73126375,279833617
8,900000,193928294,73537364,267465658
8,900000,207702945,72725606,280428551
8,900000,192369788,73276183,265645971
8,900000,196112018,73128276,269240294
8,900000,192793131,73159221,265952352
8,900000,205359833,73178591,278538424
8,900000,197175685,73238284,270413969
8,900000,191205184,72956387,264161571
8,900000,186031614,72597827,258629441
8,900000,195695300,73775531,269470831
8,900000,197050501,73650410,270700911
8,900000,196833579,73335520,270169099
8,900000,197188341,73537296,270725637
8,900000,215241422,73560771,288802193
8,900000,187513166,73685598,261198764
8,900000,213685929,73540376,287226305
8,900000,197266825,72925884,270192709
8,900000,203995177,73098572,277093749
8,900000,193749852,73018229,266768081
8,900000,187390957,72829202,260220159
8,900000,199141921,72644617,271786538
8,900000,193377218,73575282,266952500
8,900000,208687051,72641199,281328250
8,900000,185416186,72589674,258005860
8,900000,186461341,72500987,258962328
8,900000,180757727,74293511,255051238
8,900000,185887280,73512089,259399369
8,900000,193157271,73436928,266594199
8,900000,195569938,73491564,269061502
8,900000,204600629,74219697,278820326
8,900000,199221668,73571486,272793154
8,900000,183505245,72820554,256325799
8,900000,189139659,73185857,262325516
8,900000,189642281,73101360,262743641
8,900000,200248566,73491933,273740499
8,900000,171377902,72653405,244031307
8,900000,199895051,73715989,273611040
8,900000,207097639,73498163,280595802
8,900000,195616114,73361729,268977843
8,900000,199446465,73559898,273006363
8,900000,201994048,73611263,275605311
8,900000,197523164,72604032,270127196
8,900000,198210588,73424164,271634752
8,900000,196630466,73557867,270188333
8,900000,219371498,73616467,292987965
8,900000,185984558,72691727,258676285
8,900000,192784460,73724016,266508476
8,900000,190415435,72747228,263162663
8,900000,197989601,73574384,271563985
8,900000,210036029,73284067,283320096
8,900000,185252943,73405061,258658004
8,900000,195961449,73558227,269519676
8,900000,185089634,72982134,258071768
8,1000000,191534223,80323647,271857870
8,1000000,197866518,80098046,277964564
8,1000000,216083036,79419997,295503033
8,1000000,206029747,79910006,285939753
8,1000000,213493070,79505533,292998603
8,1000000,209930416,79696962,289627378
8,1000000,215381140,79874936,295256076
8,1000000,216509575,79940754,296450329
8,1000000,196385784,79932988,276318772
8,1000000,188561190,80272399,268833589
8,1000000,192926107,79893477,272819584
8,1000000,194040460,80229349,274269809
8,1000000,217199732,80062182,297261914
8,1000000,199532769,79617155,279149924
8,1000000,197157135,79725337,276882472
8,1000000,214158373,79585900,293744273
8,1000000,196275780,80062464,276338244
8,1000000,227894563,80151050,308045613
8,1000000,215045754,79574498,294620252
8,1000000,199011416,79938323,278949739
8,1000000,201999588,79923523,281923111
8,1000000,215267300,82896971,298164271
8,1000000,210431029,80177068,290608097
8,1000000,228620389,79882732,308503121
8,1000000,199814284,80124197,279938481
8,1000000,203640574,80059720,283700294
8,1000000,211755691,79717843,291473534
8,1000000,204599150,79910474,284509624
8,1000000,213263035,79761231,293024266
8,1000000,198545968,80171704,278717672
8,1000000,211456917,79748404,291205321
8,1000000,216868023,80094229,296962252
8,1000000,208679444,80389049,289068493
8,1000000,188608576,79980966,268589542
8,1000000,223885563,80593678,304479241
8,1000000,209623760,79940279,289564039
8,1000000,215432252,80096140,295528392
8,1000000,198550320,79777923,278328243
8,1000000,211039626,79965152,291004778
8,1000000,201463866,79664212,281128078
8,1000000,200772026,79616477,280388503
8,1000000,200474100,79708705,280182805
8,1000000,201141045,79373481,280514526
8,1000000,199193426,80048183,279241609
8,1000000,224788989,79868132,304657121
8,1000000,197352360,79655321,277007681
8,1000000,233867136,80184163,314051299
8,1000000,219918643,79513297,299431940
8,1000000,216309154,80033691,296342845
8,1000000,200285545,80080934,280366479
8,1000000,205829656,79734345,285564001
8,1000000,204624463,79282627,283907090
8,1000000,203610297,81343656,284953953
8,1000000,200850571,79995764,280846335
8,1000000,207396257,79924700,287320957
8,1000000,206198076,79669783,285867859
8,1000000,209047165,79493506,288540671
8,1000000,201388299,79913999,281302298
8,1000000,207912411,80078024,287990435
8,1000000,221007884,81527368,302535252
8,1000000,204335462,79588462,283923924
8,1000000,208330240,79635739,287965979
8,1000000,212394379,79640113,292034492
8,1000000,212408916,79768959,292177875
8,1000000,208858966,80826745,289685711
8,1000000,191788993,80046299,271835292
8,1000000,209960638,79585190,289545828
8,1000000,218925683,79962059,298887742
8,1000000,214434295,79853826,294288121
8,1000000,212854294,79534979,292389273
8,1000000,223753815,80427566,304181381
8,1000000,209235712,79848055,289083767
8,1000000,209408687,80026227,289434914
8,1000000,214408713,79806426,294215139
8,1000000,204140506,80209150,284349656
8,1000000,222503835,80052922,302556757
8,1000000,219625768,79864810,299490578
8,1000000,203195450,79843766,283039216
8,1000000,208517890,80246583,288764473
8,1000000,213182127,79966267,293148394
8,1000000,193902826,79864350,273767176
8,1000000,212467391,79900866,292368257
8,1000000,202462475,79564464,282026939
8,1000000,203125776,79816139,282941915
8,1000000,198244448,79830227,278074675
8,1000000,208241925,80630912,288872837
8,1000000,193677069,79772668,273449737
8,1000000,198857962,79575380,278433342
8,1000000,228752333,82122350,310874683
8,1000000,191204767,79778339,270983106
8,1000000,203917521,80090315,284007836
8,1000000,190295624,79952210,270247834
8,1000000,193266511,79631257,272897768
8,1000000,226202229,80554891,306757120
8,1000000,184470223,78919307,263389530
8,1000000,208015420,79783512,287798932
8,1000000,217068625,80249693,297318318
8,1000000,195790695,79400555,275191250
8,1000000,206415132,79569543,285984675
8,1000000,205800478,80081534,285882012
8,1000000,213024763,79762687,292787450
8,1000000,188640216,79907541,268547757
8,1000000,225105491,79627423,304732914
8,1000000,200057159,79809189,279866348
8,1000000,218040787,79917715,297958502
8,1000000,188173317,79694967,267868284
8,1000000,194094172,79999175,274093347
8,1000000,208193826,80158544,288352370
8,1000000,199826274,79317584,279143858
8,1000000,199655179,80644075,280299254
8,1000000,207971630,79799852,287771482
8,1000000,217712977,79810914,297523891
8,1000000,221870028,79873685,301743713
8,1000000,211563918,80089902,291653820
8,1000000,206490004,79264622,285754626
8,1000000,197131444,79830713,276962157
8,1000000,189822184,79784810,269606994
8,1000000,207708404,79830466,287538870
8,1000000,191576691,79884843,271461534
8,1000000,213501660,80176742,293678402
8,1000000,194299856,79987634,274287490
8,1000000,224160975,79902794,304063769
8,1000000,231070329,80002338,311072667
8,1000000,198454636,79455622,277910258
8,1000000,201715827,80237814,281953641
8,1000000,224674105,79958666,304632771
8,1000000,188899609,79660813,268560422
8,1000000,206421708,80060586,286482294
8,1000000,192624937,79388703,272013640
8,1000000,203795054,79578215,283373269
8,1000000,200022141,79897602,279919743
8,1000000,201095100,79670642,280765742
8,1000000,207523620,81242858,288766478
8,1000000,202064152,80174740,282238892
8,1000000,197016162,80538855,277555017
8,1000000,196021780,79786568,275808348
8,1000000,202905566,79794268,282699834
8,1000000,215869279,79671577,295540856
8,1000000,201706565,79813953,281520518
8,1000000,224410310,80103957,304514267
8,1000000,195910890,79597369,275508259
8,1000000,215498644,80778225,296276869
8,1000000,213763066,79894906,293657972
8,1000000,194598084,80059841,274657925
8,1000000,194788604,80490683,275279287
8,1000000,192397272,79707290,272104562
8,1000000,201860766,79753918,281614684
8,1000000,205689246,79613750,285302996
8,1000000,202365848,79705694,282071542
8,1000000,195486150,80161680,275647830
8,1000000,202870996,79478664,282349660
8,1000000,211950862,80398786,292349648
8,1000000,193795986,79945926,273741912
8,1000000,196942365,79554657,276497022
8,1000000,197776970,80137189,277914159
8,1000000,203984854,79464201,283449055
8,1000000,207604262,80195637,287799899
8,1000000,201502505,79954750,281457255
8,1000000,203401656,79846271,283247927
8,1000000,212259227,79604852,291864079
8,1000000,207638646,79844074,287482720
8,1000000,215580637,79778956,295359593
8,1000000,221371824,80287736,301659560
8,1000000,219493863,79943310,299437173
8,1000000,207788036,80157795,287945831
8,1000000,191446391,79840123,271286514
8,1000000,233078687,79768578,312847265
8,1000000,206202690,80431229,286633919
8,1000000,222067688,79768376,301836064
8,1000000,193880517,81082436,274962953
8,1000000,207650318,79714201,287364519
8,1000000,213694162,79688124,293382286
8,1000000,213163681,79940402,293104083
8,1000000,231594619,79804998,311399617
8,1000000,200239528,79704558,279944086
8,1000000,211600817,79931058,291531875
8,1000000,224503861,79685799,304189660
8,1000000,202406040,80058301,282464341
8,1000000,217629681,80008180,297637861
8,1000000,190700297,79974384,270674681
8,1000000,213963892,79826039,293789931
8,1000000,210556388,79913652,290470040
8,1000000,211550588,79367473,290918061
8,1000000,182474306,79717652,262191958
8,1000000,201515956,80351668,281867624
8,1000000,198300541,79437117,277737658
8,1000000,203795549,80095512,283891061
8,1000000,198732425,79543711,278276136
8,1000000,225596186,79859082,305455268
8,1000000,206874102,80028791,286902893
8,1000000,194103127,79327370,273430497
8,1000000,187217729,80242994,267460723
8,1000000,212609933,80188197,292798130
8,1000000,212771734,79551724,292323458
8,1000000,210294029,79724761,290018790
8,1000000,198983827,79899333,278883160
8,1000000,212122321,80135360,292257681
8,1000000,209987862,79685690,289673552
8,1000000,205123292,80215885,285339177
8,1000000,198199797,80226556,278426353
8,1000000,211374978,80826277,292201255
8,1000000,202970404,79442783,282413187
8,1000000,199010490,79822705,278833195
8,1000000,193386278,80576954,273963232
8,1000000,190812633,80245388,271058021
8,1000000,215979533,80094322,296073855
8,1000000,204279952,79928100,284208052
8,1000000,197864999,79893442,277758441
8,1000000,196473623,79683030,276156653
8,1000000,202946727,80085094,283031821
8,1000000,215430429,79669037,295099466
8,1000000,201496681,79462701,280959382
8,1000000,211664767,79715689,291380456
8,1000000,234836118,80306921,315143039
8,1000000,200058742,80288940,280347682
8,1000000,204308650,79767324,284075974
8,1000000,194200132,80055136,274255268
8,1000000,219926504,79924321,299850825
8,1000000,215932617,79850319,295782936
8,1000000,209502526,79771365,289273891
8,1000000,217971239,79900617,297871856
8,1000000,201283065,79947616,281230681
8,1000000,197713690,79629784,277343474
8,1000000,209814657,80249599,290064256
8,1000000,225573525,80214574,305788099
8,1000000,199860632,79268954,279129586
8,1000000,211232822,79531984,290764806
8,1000000,209692555,79873820,289566375
8,1000000,200358679,80919279,281277958
8,1000000,212427766,79532911,291960677
8,2000000,369820250,157666728,527486978
8,2000000,398502646,156931552,555434198
8,2000000,393783102,157691593,551474695
8,2000000,396518806,156976306,553495112
8,2000000,405252659,156693273,561945932
8,2000000,436001897,158910829,594912726
8,2000000,621783299,157264655,779047954
8,2000000,388096580,157158705,545255285
8,2000000,395297935,157656231,552954166
8,2000000,385552117,158373338,543925455
8,2000000,449845601,157030554,606876155
8,2000000,471965893,158101239,630067132
8,2000000,391980796,156695592,548676388
8,2000000,596201057,157019323,753220380
8,2000000,412208848,157156434,569365282
8,2000000,384247795,157293463,541541258
8,2000000,387777154,157236896,545014050
8,2000000,404664189,156917404,561581593
8,2000000,396073764,157507722,553581486
8,2000000,398586254,158919209,557505463
8,2000000,395733179,157515052,553248231
8,2000000,399164719,158020070,557184789
8,2000000,414633501,156964595,571598096
8,2000000,383815603,156985290,540800893
8,2000000,380778848,156858243,537637091
8,2000000,371831011,158003545,529834556
8,2000000,370041940,156876278,526918218
8,2000000,398323686,156695700,555019386
8,2000000,392974652,156801032,549775684
8,2000000,388299719,157285773,545585492
8,2000000,371057614,157582487,528640101
8,2000000,426083614,156987701,583071315
8,2000000,377413935,157192393,534606328
8,2000000,381301247,156813629,538114876
8,2000000,414986680,156974193,571960873
8,2000000,386455230,157183567,543638797
8,2000000,393073993,157041359,550115352
8,2000000,397973383,156881889,554855272
8,2000000,396997696,156865486,553863182
8,2000000,452302364,157021488,609323852
8,2000000,396841188,158819160,555660348
8,2000000,577280973,156967027,734248000
8,2000000,388801207,157249712,546050919
8,2000000,381220406,156797347,538017753
8,2000000,402927581,156864467,559792048
8,2000000,388522196,157119639,545641835
8,2000000,410518593,157274077,567792670
8,2000000,399452338,156863069,556315407
8,2000000,401094734,156846967,557941701
8,2000000,402525459,157274392,559799851
8,2000000,399219557,156707018,555926575
8,2000000,406929557,156739382,563668939
8,2000000,405321655,156853695,562175350
8,2000000,417496622,159101736,576598358
8,2000000,397877600,156965777,554843377
8,2000000,437995030,158387635,596382665
8,2000000,387471436,157497743,544969179
8,2000000,402669662,158251837,560921499
8,2000000,404412156,157134511,561546667
8,2000000,369104160,157513652,526617812
8,2000000,404161103,157494752,561655855
8,2000000,398804288,156934036,555738324
8,2000000,406362983,157152260,563515243
8,2000000,365557911,156934253,522492164
8,2000000,408748559,156829210,565577769
8,2000000,435064921,156964760,592029681
8,2000000,394879609,157115963,551995572
8,2000000,397500057,157004899,554504956
8,2000000,388257825,158238508,546496333
8,2000000,408349525,158774927,567124452
8,2000000,393273063,157651382,550924445
8,2000000,402919109,156845377,559764486
8,2000000,407923622,158534549,566458171
8,2000000,389680259,157217806,546898065
8,2000000,404744673,156973843,561718516
8,2000000,404582053,156946016,561528069
8,2000000,393615893,157004911,550620804
8,2000000,397605801,157050721,554656522
8,2000000,386430938,157298299,543729237
8,2000000,388855775,157006547,545862322
8,2000000,404642029,157264692,561906721
8,2000000,378786821,159302665,538089486
8,2000000,403981421,156810674,560792095
8,2000000,411325662,158569339,569895001
8,2000000,600351072,156837563,757188635
8,2000000,392462760,156889528,549352288
8,2000000,399078723,156883599,555962322
8,2000000,408408813,157124213,565533026
8,2000000,803304891,157523920,960828811
8,2000000,396421402,158561859,554983261
8,2000000,409547273,157015471,566562744
8,2000000,407323855,156816983,564140838
8,2000000,398190896,157118121,555309017
8,2000000,382165042,157245667,539410709
8,2000000,387139194,157261583,544400777
8,2000000,602509383,156962066,759471449
8,2000000,398595961,157808399,556404360
8,2000000,393381717,156858306,550240023
8,2000000,396199095,156775577,552974672
8,2000000,410293995,157578934,567872929
8,2000000,385585211,157040288,542625499
8,2000000,395591862,156883387,552475249
8,2000000,379552383,157692241,537244624
8,2000000,423105560,158758212,581863772
8,2000000,408658504,156737850,565396354
8,2000000,369281155,156799442,526080597
8,2000000,403478702,157041510,560520212
8,2000000,391866632,156870689,548737321
8,2000000,404875539,156930522,561806061
8,2000000,391443047,156904632,548347679
8,2000000,589170826,157402726,746573552
8,2000000,434782082,156787731,591569813
8,2000000,382259177,157295973,539555150
8,2000000,585598791,156948591,742547382
8,2000000,414319428,156786913,571106341
8,3000000,796588487,235272703,1031861190
8,3000000,766628062,235161463,1001789525
8,3000000,594933568,235187028,830120596
8,3000000,761273394,235876643,997150037
8,3000000,611223746,234746838,845970584
8,3000000,782283231,235170819,1017454050
8,3000000,586574793,234570457,821145250
8,3000000,759744435,235391253,995135688
8,3000000,759560129,235481759,995041888
8,3000000,775254482,234595041,1009849523
8,3000000,621854092,235124901,856978993
8,3000000,596853286,234507218,831360504
8,3000000,996361928,235219559,1231581487
8,3000000,784698729,235291708,1019990437
8,3000000,751448596,235214623,986663219
8,3000000,596780264,235048460,831828724
8,3000000,743941051,234697294,978638345
8,3000000,695795862,234615882,930411744
8,3000000,719502754,235188649,954691403
8,3000000,566125084,235038395,801163479
8,3000000,789789250,234764306,1024553556
8,3000000,747835968,236237632,984073600
8,3000000,612120479,235008243,847128722
8,3000000,610597181,235295353,845892534
8,3000000,754072778,236048740,990121518
8,3000000,746640267,235398218,982038485
8,3000000,710383033,235527657,945910690
8,3000000,617284165,235194256,852478421
8,3000000,608620449,234669681,843290130
8,3000000,765254059,234985797,1000239856
8,3000000,594948004,235458133,830406137
8,3000000,589405932,235216107,824622039
8,3000000,598113579,235355060,833468639
8,3000000,588158203,235058277,823216480
8,3000000,595749270,235275709,831024979
8,3000000,750263149,235105189,985368338
8,3000000,597774400,235211151,832985551
8,3000000,768486654,235030499,1003517153
8,3000000,650099397,235140110,885239507
8,3000000,614405700,234991264,849396964
8,3000000,751297321,234563740,985861061
8,3000000,584397792,234620510,819018302
8,3000000,636709134,234450633,871159767
8,3000000,764945873,235003371,999949244
8,3000000,597096235,234713666,831809901
8,3000000,629848745,234780646,864629391
8,3000000,761595523,240020039,1001615562
8,3000000,591372884,234805703,826178587
8,3000000,931826045,234520929,1166346974
8,3000000,618675857,234742268,853418125
8,3000000,729169372,235415839,964585211
8,3000000,741186208,235757637,976943845
8,3000000,616131391,235027834,851159225
8,3000000,584129227,236759182,820888409
8,3000000,638581614,235713050,874294664
8,3000000,765048333,235013192,1000061525
8,3000000,613153547,234775236,847928783
8,3000000,763669064,235018222,998687286
8,3000000,587326422,234691302,822017724
8,3000000,782971035,234991735,1017962770
8,3000000,833400934,236594155,1069995089
8,3000000,612146082,235198912,847344994
8,3000000,759141892,235041263,994183155
8,3000000,732427616,235685709,968113325
8,3000000,612459135,234697827,847156962
8,3000000,571406681,235768848,807175529
8,3000000,594813326,235117225,829930551
8,3000000,754211585,235521597,989733182
8,3000000,623645633,234986062,858631695
8,3000000,749942247,234437185,984379432
8,3000000,607798166,234741471,842539637
8,3000000,778962441,234604644,1013567085
8,3000000,799975795,235056112,1035031907
8,3000000,796367600,234890087,1031257687
8,3000000,589420144,234968791,824388935
8,3000000,775631577,235491949,1011123526
8,3000000,661504895,235114912,896619807
8,3000000,579433434,234885434,814318868
8,3000000,706453948,235095402,941549350
8,3000000,752426141,235190583,987616724
8,3000000,598083254,234785482,832868736
8,3000000,614986062,235156735,850142797
8,3000000,631654101,235250169,866904270
8,3000000,614409678,234738604,849148282
8,3000000,787063952,234643120,1021707072
8,3000000,769298588,234616863,1003915451
8,3000000,749534934,234492195,984027129
8,3000000,764747449,234533886,999281335
8,3000000,911585997,235459409,1147045406
8,3000000,627131678,234785001,861916679
8,3000000,760004675,235441511,995446186
8,3000000,719526483,236468248,955994731
8,3000000,611884865,234781145,846666010
8,3000000,630761925,234669395,865431320
8,3000000,759148901,235131977,994280878
8,3000000,766557131,235086611,1001643742
8,3000000,615461472,235263241,850724713
8,3000000,772266981,234538127,1006805108
8,3000000,662633330,235484903,898118233
8,3000000,613032633,235023343,848055976
8,3000000,631689315,235084615,866773930
8,3000000,566199258,235305182,801504440
8,3000000,620675839,235422547,856098386
8,3000000,589302236,235211671,824513907
8,3000000,625004908,235643571,860648479
8,3000000,660910632,235399373,896310005
8,3000000,601410128,234582415,835992543
8,3000000,682579831,235149695,917729526
8,3000000,582912132,234352068,817264200
8,3000000,600206751,234885398,835092149
8,3000000,744061112,235646506,979707618
8,3000000,591681964,234607062,826289026
8,3000000,782878769,235267718,1018146487
8,3000000,793493794,234738895,1028232689
8,3000000,610180620,235374337,845554957
8,4000000,916160402,314223553,1230383955
8,4000000,953638653,313303672,1266942325
8,4000000,938232807,313246775,1251479582
8,4000000,759439453,313697722,1073137175
8,4000000,866503898,313172602,1179676500
8,4000000,817849112,313395474,1131244586
8,4000000,738298575,313034185,1051332760
8,4000000,944177408,313291447,1257468855
8,4000000,916090378,313309893,1229400271
8,4000000,771366393,313111889,1084478282
8,4000000,927192255,313623542,1240815797
8,4000000,796088185,313116467,1109204652
8,4000000,887306813,313320248,1200627061
8,4000000,957939461,313272119,1271211580
8,4000000,804668264,313947579,1118615843
8,4000000,788134664,313425181,1101559845
8,4000000,772446326,313596157,1086042483
8,4000000,738883846,313161676,1052045522
8,4000000,809079416,313296637,1122376053
8,4000000,747327137,314269488,1061596625
8,4000000,929469277,313937926,1243407203
8,4000000,751144919,313171752,1064316671
8,4000000,860780852,313287656,1174068508
8,4000000,758200643,313909776,1072110419
8,4000000,964269561,313530120,1277799681
8,4000000,919708602,313282942,1232991544
8,4000000,786715838,313167604,1099883442
8,4000000,946513354,313171626,1259684980
8,4000000,789596081,313371278,1102967359
8,4000000,834028966,314061526,1148090492
8,4000000,1115594397,313126605,1428721002
8,4000000,892724406,313738634,1206463040
8,4000000,908513615,314028626,1222542241
8,4000000,786842608,313472617,1100315225
8,4000000,864088739,313288117,1177376856
8,4000000,889633544,313244086,1202877630
8,4000000,832536504,314227751,1146764255
8,4000000,971841876,313053738,1284895614
8,4000000,781682375,313764010,1095446385
8,4000000,894974208,314704486,1209678694
8,4000000,868328221,313296135,1181624356
8,4000000,780444397,313359764,1093804161
8,4000000,1055018199,315322501,1370340700
8,4000000,833687450,313247850,1146935300
8,4000000,784202336,313182187,1097384523
8,4000000,939565667,313278611,1252844278
8,4000000,841778813,313273277,1155052090
8,4000000,931787258,313321124,1245108382
8,4000000,925010068,313532151,1238542219
8,4000000,779643836,313202371,1092846207
8,4000000,921884374,314017169,1235901543
8,4000000,780396040,313175604,1093571644
8,4000000,909409727,313163029,1222572756
8,4000000,807064885,313810935,1120875820
8,4000000,894704632,313260191,1207964823
8,4000000,772242982,313203836,1085446818
8,4000000,779948456,313392318,1093340774
8,4000000,923029427,313022801,1236052228
8,4000000,937853033,313404998,1251258031
8,4000000,711374225,314002411,1025376636
8,4000000,893497227,313309632,1206806859
8,4000000,1110325324,313281839,1423607163
8,4000000,819976063,313769974,1133746037
8,4000000,774235801,313309513,1087545314
8,4000000,937649983,313267375,1250917358
8,4000000,909619762,313497644,1223117406
8,4000000,782647377,313131342,1095778719
8,4000000,786379313,313928443,1100307756
8,4000000,774366321,313737051,1088103372
8,4000000,871827158,313682004,1185509162
8,4000000,908214080,313719923,1221934003
8,4000000,834456526,314131948,1148588474
8,4000000,1075489710,313228835,1388718545
8,4000000,863821031,313960052,1177781083
8,4000000,951403017,313173421,1264576438
8,4000000,931995144,313278577,1245273721
8,4000000,799554379,313208104,1112762483
8,4000000,779930156,314071702,1094001858
8,4000000,759140791,313432959,1072573750
8,4000000,1078225408,313415229,1391640637
8,4000000,896818774,317405907,1214224681
8,4000000,909110920,314698384,1223809304
8,4000000,929007188,313428049,1242435237
8,4000000,784019314,313138001,1097157315
8,4000000,904096901,313639950,1217736851
8,4000000,748798613,313099280,1061897893
8,4000000,746136968,313581064,1059718032
8,4000000,765830131,313104975,1078935106
8,4000000,931090158,313247098,1244337256
8,4000000,1102170795,313269250,1415440045
8,4000000,808025584,313130709,1121156293
8,4000000,821814148,313785687,1135599835
8,4000000,952537966,313227457,1265765423
8,4000000,1111185720,314138320,1425324040
8,4000000,804015454,313328758,1117344212
8,4000000,849736089,313330678,1163066767
8,4000000,936345850,313176802,1249522652
8,4000000,873946004,313422957,1187368961
8,4000000,779024798,313295790,1092320588
8,4000000,889468594,313985400,1203453994
8,4000000,748622772,313661032,1062283804
8,4000000,794130428,313454806,1107585234
8,4000000,835952918,313371883,1149324801
8,4000000,1134754833,313212324,1447967157
8,4000000,894905574,313277549,1208183123
8,4000000,827364510,313129914,1140494424
8,4000000,784021724,313197611,1097219335
8,4000000,1110381509,313282730,1423664239
8,4000000,787253039,313212991,1100466030
8,4000000,846595554,313200467,1159796021
8,4000000,977549800,313220634,1290770434
8,4000000,958384081,313383079,1271767160
8,4000000,772064342,313380496,1085444838
8,4000000,814992340,313324621,1128316961
8,4000000,966675928,313379772,1280055700
8,5000000,1111504544,392395272,1503899816
8,5000000,1019499885,392469294,1411969179
8,5000000,1099043638,392577328,1491620966
8,5000000,980911179,390973908,1371885087
8,5000000,1067047776,392048271,1459096047
8,5000000,1077273571,392048565,1469322136
8,5000000,1104067088,391593938,1495661026
8,5000000,1080025415,391513619,1471539034
8,5000000,1000771148,391780476,1392551624
8,5000000,998831365,392175443,1391006808
8,5000000,957091820,391398582,1348490402
8,5000000,970090323,391567624,1361657947
8,5000000,975276709,391746972,1367023681
8,5000000,996355190,392159442,1388514632
8,5000000,1326234813,390979461,1717214274
8,5000000,1042067982,391297936,1433365918
8,5000000,1088844346,391414910,1480259256
8,5000000,1067312885,391971592,1459284477
8,5000000,1055047210,391660924,1446708134
8,5000000,922388799,390863094,1313251893
8,5000000,981901366,391638756,1373540122
8,5000000,1099510386,391985658,1491496044
8,5000000,1016468194,391134121,1407602315
8,5000000,1119923831,392109685,1512033516
8,5000000,964090971,392175180,1356266151
8,5000000,1374107581,390947957,1765055538
8,5000000,964413675,391668731,1356082406
8,5000000,920872569,391588296,1312460865
8,5000000,935481690,391628065,1327109755
8,5000000,1069847199,392662801,1462510000
8,5000000,1067841446,391618353,1459459799
8,5000000,1040305810,390977552,1431283362
8,5000000,1079006867,391345492,1470352359
8,5000000,1000928135,390958820,1391886955
8,5000000,1029106236,391517697,1420623933
8,5000000,1045262792,391525672,1436788464
8,5000000,1085427745,391175339,1476603084
8,5000000,960484087,391611625,1352095712
8,5000000,1137377694,391462840,1528840534
8,5000000,1040568746,392017039,1432585785
8,5000000,920013672,391839703,1311853375
8,5000000,1126845907,391456699,1518302606
8,5000000,1031911298,392228334,1424139632
8,5000000,946768622,391402668,1338171290
8,5000000,1047646663,391391677,1439038340
8,5000000,960952648,391780830,1352733478
8,5000000,1044094961,391649167,1435744128
8,5000000,916638754,392083164,1308721918
8,5000000,950743283,391553303,1342296586
8,5000000,922264080,391391340,1313655420
8,5000000,1097543893,391539313,1489083206
8,5000000,1019026000,391473957,1410499957
8,5000000,1050357085,391487589,1441844674
8,5000000,1027974748,391062147,1419036895
8,5000000,1084647901,391262005,1475909906
8,5000000,1092152166,392257550,1484409716
8,5000000,1102956437,390948812,1493905249
8,5000000,1258152101,390777503,1648929604
8,5000000,996760547,391648375,1388408922
8,5000000,1255556596,392948866,1648505462
8,5000000,1045231872,391392936,1436624808
8,5000000,1082429219,391290139,1473719358
8,5000000,1093807793,391005665,1484813458
8,5000000,1069540896,390940836,1460481732
8,5000000,1066480989,391458776,1457939765
8,5000000,1172222312,391469308,1563691620
8,5000000,1082311744,391941531,1474253275
8,5000000,984017591,391688820,1375706411
8,5000000,977671971,391541456,1369213427
8,5000000,983209848,390870888,1374080736
8,5000000,1055781621,392122370,1447903991
8,5000000,996436445,391683868,1388120313
8,5000000,989930141,392084791,1382014932
8,5000000,1073557507,392751874,1466309381
8,5000000,1080633866,392074972,1472708838
8,5000000,1125586109,391602924,1517189033
8,5000000,1061853937,393834686,1455688623
8,5000000,1083402697,391308621,1474711318
8,5000000,1278463320,391461646,1669924966
8,5000000,1068216729,398798825,1467015554
8,5000000,936598882,391235145,1327834027
8,5000000,925298060,391704521,1317002581
8,5000000,936741813,391461761,1328203574
8,5000000,1089355873,391698294,1481054167
8,5000000,1041985474,393151673,1435137147
8,5000000,1041831684,391394664,1433226348
8,5000000,998090631,391905417,1389996048
8,5000000,976606652,391328380,1367935032
8,5000000,1088032535,391480944,1479513479
8,5000000,928614976,392020252,1320635228
8,5000000,1065025623,391606592,1456632215
8,5000000,1121237264,391516073,1512753337
8,5000000,1110861784,391085719,1501947503
8,5000000,952188161,391028019,1343216180
8,5000000,963509551,391829277,1355338828
8,5000000,966738212,391560708,1358298920
8,5000000,1027080492,391965869,1419046361
8,5000000,919295015,393435276,1312730291
8,5000000,1094269679,391214920,1485484599
8,5000000,1137688238,391495517,1529183755
8,5000000,967126724,391938832,1359065556
8,5000000,1041952586,392657344,1434609930
8,5000000,1135846799,397461653,1533308452
8,5000000,968846784,392068011,1360914795
8,5000000,1094989699,392473199,1487462898
8,5000000,966352185,392200719,1358552904
8,5000000,978036466,392103691,1370140157
8,5000000,870156714,391467388,1261624102
8,5000000,1014637554,391387609,1406025163
8,5000000,1009086372,391583840,1400670212
8,5000000,1259228137,391672519,1650900656
8,5000000,930891358,390796476,1321687834
8,5000000,986135102,391434576,1377569678
8,5000000,984643204,391499783,1376142987
8,5000000,1089932091,390962437,1480894528
8,6000000,1422876681,469643725,1892520406
8,6000000,1218468321,469690236,1688158557
8,6000000,1291630755,470629760,1762260515
8,6000000,1253652189,470423310,1724075499
8,6000000,1152957176,469658460,1622615636
8,6000000,1193668225,472408609,1666076834
8,6000000,1152420957,469742352,1622163309
8,6000000,1257406332,471817025,1729223357
8,6000000,1275470052,472841080,1748311132
8,6000000,1220878601,469924680,1690803281
8,6000000,1238399674,469790763,1708190437
8,6000000,1249464618,469645306,1719109924
8,6000000,1227025044,469807467,1696832511
8,6000000,1219404082,470573148,1689977230
8,6000000,1337085658,472311778,1809397436
8,6000000,1308458458,470030353,1778488811
8,6000000,1207073639,470048757,1677122396
8,6000000,1181692120,469729485,1651421605
8,6000000,1194974320,469966799,1664941119
8,6000000,1181044636,470539426,1651584062
8,6000000,1288605686,469854509,1758460195
8,6000000,1155934714,471210436,1627145150
8,6000000,1440053189,469853682,1909906871
8,6000000,1175075138,469564362,1644639500
8,6000000,1550566166,469784745,2020350911
8,6000000,1177101369,469867364,1646968733
8,6000000,1253730626,470158398,1723889024
8,6000000,1219832737,469606373,1689439110
8,6000000,1231642098,469382944,1701025042
8,6000000,1351488673,469850314,1821338987
8,6000000,1248804162,469524394,1718328556
8,6000000,1167117001,469611535,1636728536
8,6000000,1220895911,471421579,1692317490
8,6000000,1234251716,469760650,1704012366
8,6000000,1224011481,469379142,1693390623
8,6000000,1263485361,470124093,1733609454
8,6000000,1299610552,470708420,1770318972
8,6000000,1185882623,469472725,1655355348
8,6000000,1286143342,469823502,1755966844
8,6000000,1184808531,469625250,1654433781
8,6000000,1194210488,470766520,1664977008
8,6000000,1271087408,472102515,1743189923
8,6000000,1220959792,469903162,1690862954
8,6000000,1264824718,469869138,1734693856
8,6000000,1200224796,469791791,1670016587
8,6000000,1206391585,470183180,1676574765
8,6000000,1159726255,470551773,1630278028
8,6000000,1266493522,471262471,1737755993
8,6000000,1292821506,469041103,1761862609
8,6000000,1385520338,469949308,1855469646
8,6000000,1357347504,469896484,1827243988
8,6000000,1194907326,470091831,1664999157
8,6000000,1334866986,469793924,1804660910
8,6000000,1252201169,469680854,1721882023
8,6000000,1186757296,470081559,1656838855
8,6000000,1236141881,470133486,1706275367
8,6000000,1224990188,472433885,1697424073
8,6000000,1308474689,471825872,1780300561
8,6000000,1210924132,469798455,1680722587
8,6000000,1248456020,469681795,1718137815
8,6000000,1218944345,472460176,1691404521
8,6000000,1386919191,469633089,1856552280
8,6000000,1172825273,469611430,1642436703
8,6000000,1336598241,470129310,1806727551
8,6000000,1454423095,469596504,1924019599
8,6000000,1343982331,472028437,1816010768
8,6000000,1204817574,469725243,1674542817
8,6000000,1227107128,471329096,1698436224
8,6000000,1248379865,472188227,1720568092
8,6000000,1227349799,470457996,1697807795
8,6000000,1194515096,469870622,1664385718
8,6000000,1257890430,471115883,1729006313
8,6000000,1547438061,469594669,2017032730
8,6000000,1214924671,469855385,1684780056
8,6000000,1308284312,469550913,1777835225
8,6000000,1270605377,471079253,1741684630
8,6000000,1309834915,469156023,1778990938
8,6000000,1247535748,470139161,1717674909
8,6000000,1200353400,469241040,1669594440
8,6000000,1228557057,469630142,1698187199
8,6000000,1448796505,469705472,1918501977
8,6000000,1192456436,469434575,1661891011
8,6000000,1217676772,469930469,1687607241
8,6000000,1179265924,470627289,1649893213
8,6000000,1498118015,469839306,1967957321
8,6000000,1485226740,470658709,1955885449
8,6000000,1142830784,469955040,1612785824
8,6000000,1348783990,472983401,1821767391
8,6000000,1246185176,469917968,1716103144
8,6000000,1368103948,469462472,1837566420
8,6000000,1175022178,469574676,1644596854
8,6000000,1263148665,469774564,1732923229
8,6000000,1267616913,470740881,1738357794
8,6000000,1462369871,470163912,1932533783
8,6000000,1368928941,470043866,1838972807
8,6000000,1296019735,471444228,1767463963
8,6000000,1244244184,469699245,1713943429
8,6000000,1174922420,469330278,1644252698
8,6000000,1150357191,469168007,1619525198
8,6000000,1239064993,469588176,1708653169
8,6000000,1220613408,469522254,1690135662
8,6000000,1289499805,471359829,1760859634
8,6000000,1202593047,470220348,1672813395
8,6000000,1388013336,472239697,1860253033
8,6000000,1542997028,470382326,2013379354
8,6000000,1213323659,469923307,1683246966
8,6000000,1301972632,469588461,1771561093
8,6000000,1192668551,469509612,1662178163
8,6000000,1174716484,469247880,1643964364
8,6000000,1224097814,470310469,1694408283
8,6000000,1346627647,470253934,1816881581
8,6000000,1286779585,469774318,1756553903
8,6000000,1318803459,470371731,1789175190
8,6000000,1161153057,470292449,1631445506
8,6000000,1466638683,469813526,1936452209
8,7000000,1437528742,551087160,1988615902
8,7000000,1409390085,547683493,1957073578
8,7000000,1483447169,547960334,2031407503
8,7000000,1498871780,547898296,2046770076
8,7000000,1467951640,547699945,2015651585
8,7000000,1370901271,547615457,1918516728
8,7000000,1612254998,548873071,2161128069
8,7000000,1350038707,547810429,1897849136
8,7000000,1465420616,548781895,2014202511
8,7000000,1440872072,548121954,1988994026
8,7000000,1412683698,548528603,1961212301
8,7000000,1460722780,548819994,2009542774
8,7000000,1419716352,548322442,1968038794
8,7000000,1364512934,548364835,1912877769
8,7000000,1416095873,547921783,1964017656
8,7000000,1441650797,549690063,1991340860
8,7000000,1392772388,547974340,1940746728
8,7000000,1362520182,547753829,1910274011
8,7000000,1279260323,548194115,1827454438
8,7000000,1429871474,547775266,1977646740
8,7000000,1432175422,547714199,1979889621
8,7000000,1355107008,548536002,1903643010
8,7000000,1370857453,548353210,1919210663
8,7000000,1413517177,548488234,1962005411
8,7000000,1461085098,548507093,2009592191
8,7000000,1498242073,547953668,2046195741
8,7000000,1446614569,547774533,1994389102
8,7000000,1390891416,551571488,1942462904
8,7000000,1441706780,548330532,1990037312
8,7000000,1412799426,547870167,1960669593
8,7000000,1638746475,548855261,2187601736
8,7000000,1407044243,547721176,1954765419
8,7000000,1462478072,548422500,2010900572
8,7000000,1514591965,547923118,2062515083
8,7000000,1399260902,547778791,1947039693
8,7000000,1372893544,547741086,1920634630
8,7000000,1629288232,548895081,2178183313
8,7000000,1386486302,547987806,1934474108
8,7000000,1397785382,548253775,1946039157
8,7000000,1459639277,548981276,2008620553
8,7000000,1435695628,548002952,1983698580
8,7000000,1311916067,548470955,1860387022
8,7000000,1315997371,547843180,1863840551
8,7000000,1472072150,549676780,2021748930
8,7000000,1374795625,548095193,1922890818
8,7000000,1417808050,549346479,1967154529
8,7000000,1383775410,548255052,1932030462
8,7000000,1392858412,547984770,1940843182
8,7000000,1433447187,548058110,1981505297
8,7000000,1515687579,548524505,2064212084
8,7000000,1393648625,547980624,1941629249
8,7000000,1459617239,547873196,2007490435
8,7000000,1426996709,547684458,1974681167
8,7000000,1399654081,548455492,1948109573
8,7000000,1409657363,547722535,1957379898
8,7000000,1414066899,548231817,1962298716
8,7000000,1474220011,548642408,2022862419
8,7000000,1361425965,547694661,1909120626
8,7000000,1525450826,548524875,2073975701
8,7000000,1450832948,547594786,1998427734
8,7000000,1436581156,549626362,1986207518
8,7000000,1394870583,548651920,1943522503
8,7000000,1406064493,553866620,1959931113
8,7000000,1429884825,547768780,1977653605
8,7000000,1372628763,548553485,1921182248
8,7000000,1400933628,547853433,1948787061
8,7000000,1444597131,548208955,1992806086
8,7000000,1431757731,548568913,1980326644
8,7000000,1360676851,548100727,1908777578
8,7000000,1489020780,548487301,2037508081
8,7000000,1368871313,548689058,1917560371
8,7000000,1353791099,548278385,1902069484
8,7000000,1420638538,547823982,1968462520
8,7000000,1397730665,547404981,1945135646
8,7000000,1636425340,547678470,2184103810
8,7000000,1444933802,548027818,1992961620
8,7000000,1517284765,549463495,2066748260
8,7000000,1442067749,548162925,1990230674
8,7000000,1441729194,547818875,1989548069
8,7000000,1511974735,548148109,2060122844
8,7000000,1528147755,548147730,2076295485
8,7000000,1394858061,548545463,1943403524
8,7000000,1386012880,549073614,1935086494
8,7000000,1441016913,548015983,1989032896
8,7000000,1619806901,548540889,2168347790
8,7000000,1369391068,548956255,1918347323
8,7000000,1388321776,547680959,1936002735
8,7000000,1353327321,656873148,2010200469
8,7000000,1348933457,547514475,1896447932
8,7000000,1485519396,547951670,2033471066
8,7000000,1306424829,548412114,1854836943
8,7000000,1327042341,547719876,1874762217
8,7000000,1477695369,547965832,2025661201
8,7000000,1418064565,548156291,1966220856
8,7000000,1397725793,547538395,1945264188
8,7000000,1455261018,547694234,2002955252
8,7000000,1409411744,548389937,1957801681
8,7000000,1393199369,548432600,1941631969
8,7000000,1497737227,548103945,2045841172
8,7000000,1416261316,548287597,1964548913
8,7000000,1604001334,548654946,2152656280
8,7000000,1444822347,547860384,1992682731
8,7000000,1417077443,547886689,1964964132
8,7000000,1401812325,548352212,1950164537
8,7000000,1473012077,548685532,2021697609
8,7000000,1532323355,547782428,2080105783
8,7000000,1404316397,548699034,1953015431
8,7000000,1430173514,549035718,1979209232
8,7000000,1353821889,547596153,1901418042
8,7000000,1491659864,548898078,2040557942
8,7000000,1420253693,547762554,1968016247
8,7000000,1417927970,548345560,1966273530
8,7000000,1374640812,548536918,1923177730
8,7000000,1487932658,547975984,2035908642
8,7000000,1362405186,548301805,1910706991
8,8000000,1601477067,630647572,2232124639
8,8000000,1439365270,630778602,2070143872
8,8000000,1573398991,630036901,2203435892
8,8000000,1612424460,633281224,2245705684
8,8000000,1581787407,628339222,2210126629
8,8000000,1671484033,628019283,2299503316
8,8000000,1554520087,628815758,2183335845
8,8000000,1493588010,633042096,2126630106
8,8000000,1607109479,626763034,2233872513
8,8000000,1562398677,628917309,2191315986
8,8000000,1576199169,631246674,2207445843
8,8000000,1456927274,631142840,2088070114
8,8000000,1533422758,630214114,2163636872
8,8000000,1537516154,632478327,2169994481
8,8000000,1457766878,633235929,2091002807
8,8000000,1714803751,632653805,2347457556
8,8000000,1634167890,631508507,2265676397
8,8000000,1618350645,630281559,2248632204
8,8000000,1645429174,630950940,2276380114
8,8000000,1640245764,633568679,2273814443
8,8000000,1573195694,628329482,2201525176
8,8000000,1545002213,631819847,2176822060
8,8000000,1651146148,633305086,2284451234
8,8000000,1548448792,631548905,2179997697
8,8000000,1542687369,631037131,2173724500
8,8000000,1561556123,630095593,2191651716
8,8000000,1612098379,632975585,2245073964
8,8000000,1534476973,628594689,2163071662
8,8000000,1563996942,631184990,2195181932
8,8000000,1638320391,630858750,2269179141
8,8000000,1464813104,633178823,2097991927
8,8000000,1566006175,631042689,2197048864
8,8000000,1543043672,632280952,2175324624
8,8000000,1550453562,630811081,2181264643
8,8000000,1619048236,628706321,2247754557
8,8000000,1722153411,631229395,2353382806
8,8000000,1541085493,631103141,2172188634
8,8000000,1397147414,630561962,2027709376
8,8000000,1543168829,632366467,2175535296
8,8000000,1535071512,632192981,2167264493
8,8000000,1602501824,629093321,2231595145
8,8000000,1656233814,631207341,2287441155
8,8000000,1569401766,631333980,2200735746
8,8000000,1610540197,631832002,2242372199
8,8000000,1580138482,630219503,2210357985
8,8000000,1669262611,628331048,2297593659
8,8000000,1676025671,629901155,2305926826
8,8000000,1701490893,631191730,2332682623
8,8000000,1564270628,633703539,2197974167
8,8000000,1526861454,630949641,2157811095
8,8000000,1570595104,631684952,2202280056
8,8000000,1548594130,631611415,2180205545
8,8000000,1585029199,630941818,2215971017
8,8000000,1614629188,631915011,2246544199
8,8000000,1496965240,631061230,2128026470
8,8000000,1541079490,630229814,2171309304
8,8000000,1630545370,630752374,2261297744
8,8000000,1750196204,631485589,2381681793
8,8000000,1504592401,633305732,2137898133
8,8000000,1794377422,630558312,2424935734
8,8000000,1609769463,629475121,2239244584
8,8000000,1501588945,632787686,2134376631
8,8000000,1531917267,629379486,2161296753
8,8000000,1610771353,631091984,2241863337
8,8000000,1562493793,632037451,2194531244
8,8000000,1489826643,631531370,2121358013
8,8000000,1546843344,631967223,2178810567
8,8000000,1621842248,633047497,2254889745
8,8000000,1649396376,630790147,2280186523
8,8000000,1664087089,629463634,2293550723
8,8000000,1810638462,632754970,2443393432
8,8000000,1455908350,630606723,2086515073
8,8000000,1514445286,631617276,2146062562
8,8000000,1625764513,631157654,2256922167
8,8000000,1632493709,631304636,2263798345
8,8000000,1631490925,629664174,2261155099
8,8000000,1559885438,631091686,2190977124
8,8000000,1622884832,628467257,2251352089
8,8000000,1803262386,630177699,2433440085
8,8000000,1525273616,631312942,2156586558
8,8000000,1498243949,633225481,2131469430
8,8000000,1578180623,629854817,2208035440
8,8000000,1567210149,634287253,2201497402
8,8000000,1535792487,632957724,2168750211
8,8000000,1804043540,630424833,2434468373
8,8000000,1559589334,633364589,2192953923
8,8000000,1739484731,629867397,2369352128
8,8000000,1509974980,634615120,2144590100
8,8000000,1574488131,632335801,2206823932
8,8000000,1506137915,630983488,2137121403
8,8000000,1606201978,633463832,2239665810
8,8000000,1507634988,630188111,2137823099
8,8000000,1583072859,636330477,2219403336
8,8000000,1526748701,631233008,2157981709
8,8000000,1529635103,630906566,2160541669
8,8000000,1685085200,629974672,2315059872
8,8000000,1477947111,630687003,2108634114
8,8000000,1676239534,631031981,2307271515
8,8000000,1617010748,631845499,2248856247
8,8000000,1590998520,633194288,2224192808
8,8000000,1646911414,630355771,2277267185
8,8000000,1529626209,630179107,2159805316
8,8000000,1665895693,631014753,2296910446
8,8000000,1816801838,630721846,2447523684
8,8000000,1541614509,633547189,2175161698
8,8000000,1650879273,631612293,2282491566
8,8000000,1652303778,630774103,2283077881
8,8000000,1531135235,632452504,2163587739
8,8000000,1519667206,629699735,2149366941
8,8000000,1721310013,631975768,2353285781
8,8000000,1842450807,630209466,2472660273
8,8000000,1560478100,629810129,2190288229
8,8000000,1535812544,631542342,2167354886
8,8000000,1697128307,630790374,2327918681
8,8000000,1562996884,631062866,2194059750
8,9000000,1798807857,704733035,2503540892
8,9000000,1829267374,704796577,2534063951
8,9000000,1731145056,708841507,2439986563
8,9000000,1657478904,705134796,2362613700
8,9000000,1762782468,704364677,2467147145
8,9000000,1655762388,704693915,2360456303
8,9000000,1708020111,704722176,2412742287
8,9000000,1760357464,705015617,2465373081
8,9000000,1720594507,704280410,2424874917
8,9000000,1830901440,704593779,2535495219
8,9000000,1748161525,706528190,2454689715
8,9000000,1706744643,704541052,2411285695
8,9000000,1778795105,704048066,2482843171
8,9000000,1620104960,704831696,2324936656
8,9000000,1640911484,705636662,2346548146
8,9000000,1682639814,704934241,2387574055
8,9000000,1868316850,704921853,2573238703
8,9000000,1664960343,704541515,2369501858
8,9000000,1834006908,704553373,2538560281
8,9000000,1767281462,704159990,2471441452
8,9000000,1855844574,705164006,2561008580
8,9000000,1722423129,705221176,2427644305
8,9000000,1700419207,704045293,2404464500
8,9000000,1711939021,704342071,2416281092
8,9000000,1681267855,704262609,2385530464
8,9000000,1650941247,704763314,2355704561
8,9000000,1781795281,704489982,2486285263
8,9000000,1697938548,704611409,2402549957
8,9000000,1628092429,704598432,2332690861
8,9000000,1805996143,703865593,2509861736
8,9000000,1794571797,704342305,2498914102
8,9000000,1692942766,707287926,2400230692
8,9000000,1727545858,704509818,2432055676
8,9000000,1785627560,704223458,2489851018
8,9000000,1694166370,704323988,2398490358
8,9000000,1834544509,704602018,2539146527
8,9000000,1619690187,704191320,2323881507
8,9000000,1675055313,704167270,2379222583
8,9000000,1820062461,705183278,2525245739
8,9000000,1803840928,705848139,2509689067
8,9000000,1700618011,705139739,2405757750
8,9000000,1789088465,704989640,2494078105
8,9000000,1742267569,704267774,2446535343
8,9000000,1690951857,704718154,2395670011
8,9000000,1722948173,704674986,2427623159
8,9000000,1657862789,704292534,2362155323
8,9000000,1815923914,704641350,2520565264
8,9000000,1776331151,705904090,2482235241
8,9000000,1736689194,704846738,2441535932
8,9000000,1920009197,704735969,2624745166
8,9000000,1787898613,703942288,2491840901
8,9000000,1672761410,704635551,2377396961
8,9000000,1743980328,704398705,2448379033
8,9000000,1856521520,707195224,2563716744
8,9000000,1675210428,704968932,2380179360
8,9000000,1751245265,704738315,2455983580
8,9000000,1703109231,704588817,2407698048
8,9000000,1777141205,704784319,2481925524
8,9000000,1713769945,704228564,2417998509
8,9000000,1798713819,704936381,2503650200
8,9000000,1757152874,704252414,2461405288
8,9000000,1887159089,704104749,2591263838
8,9000000,1688407777,704236639,2392644416
8,9000000,1705617634,704463839,2410081473
8,9000000,1725605599,705050085,2430655684
8,9000000,1804795970,704085024,2508880994
8,9000000,1755434988,703995420,2459430408
8,9000000,1690615344,704812806,2395428150
8,9000000,1735148416,703817719,2438966135
8,9000000,1760395812,704724899,2465120711
8,9000000,1754551593,704530603,2459082196
8,9000000,1692739575,704224406,2396963981
8,9000000,1703169584,704600088,2407769672
8,9000000,1735651415,707745057,2443396472
8,9000000,1871960486,704702817,2576663303
8,9000000,1625241494,703996190,2329237684
8,9000000,1733104636,704164731,2437269367
8,9000000,1758953639,707551867,2466505506
8,9000000,1750665890,704046086,2454711976
8,9000000,1682219435,704676186,2386895621
8,9000000,1723220165,705103232,2428323397
8,9000000,1647568374,704649621,2352217995
8,9000000,1660730317,704042162,2364772479
8,9000000,1744693892,704147013,2448840905
8,9000000,1853779760,704861158,2558640918
8,9000000,1748962953,704811041,2453773994
8,9000000,1711912568,704403996,2416316564
8,9000000,1632840093,705561574,2338401667
8,9000000,1624297816,704578222,2328876038
8,9000000,1709259036,704242573,2413501609
8,9000000,1723669326,705054559,2428723885
8,9000000,1898085980,704957568,2603043548
8,9000000,1927403471,704583978,2631987449
8,9000000,1876294969,704338036,2580633005
8,9000000,1702883463,704886892,2407770355
8,9000000,1733569015,704443462,2438012477
8,9000000,1684843042,703865252,2388708294
8,9000000,1728777350,704837081,2433614431
8,9000000,1735844010,705332772,2441176782
8,9000000,1789305058,706732852,2496037910
8,9000000,1685490284,703898238,2389388522
8,9000000,1702239141,704104683,2406343824
8,9000000,1795959579,704210596,2500170175
8,9000000,1858564936,704302228,2562867164
8,9000000,1621066768,704202646,2325269414
8,9000000,1745293002,705316351,2450609353
8,9000000,1677574240,705111702,2382685942
8,9000000,1685547851,704281569,2389829420
8,9000000,1617072727,704621141,2321693868
8,9000000,1670666405,703994558,2374660963
8,9000000,1814339810,704544888,2518884698
8,9000000,1731371130,703961478,2435332608
8,9000000,1644308294,704102719,2348411013
8,9000000,1628229877,704474737,2332704614
8,9000000,1784535396,704281037,2488816433
8,10000000,2079560484,782136833,2861697317
8,10000000,1900803310,782165370,2682968680
8,10000000,1848810676,784059890,2632870566
8,10000000,1845206614,783065945,2628272559
8,10000000,1926020072,782781152,2708801224
8,10000000,1971629800,784514082,2756143882
8,10000000,1819154035,783014567,2602168602
8,10000000,1840869439,782612881,2623482320
8,10000000,2161370062,782176328,2943546390
8,10000000,2020938748,782205669,2803144417
8,10000000,2054928507,783783797,2838712304
8,10000000,1816079163,784315891,2600395054
8,10000000,2186481895,783358989,2969840884
8,10000000,2072818934,783386893,2856205827
8,10000000,1871840451,782490460,2654330911
8,10000000,1851571222,782362753,2633933975
8,10000000,1797804946,782337356,2580142302
8,10000000,1844491965,782061556,2626553521
8,10000000,1919730679,782748558,2702479237
8,10000000,1761802019,783808465,2545610484
8,10000000,1864665055,783936724,2648601779
8,10000000,2097325087,782469982,2879795069
8,10000000,1974187735,787133813,2761321548
8,10000000,1956083412,782842543,2738925955
8,10000000,1784769356,782576565,2567345921
8,10000000,1925706137,782312596,2708018733
8,10000000,2009140439,782962818,2792103257
8,10000000,1927034715,782135171,2709169886
8,10000000,1995729188,783033973,2778763161
8,10000000,2065942894,781639560,2847582454
8,10000000,1862951109,781934685,2644885794
8,10000000,2039505779,782649562,2822155341
8,10000000,1863765265,782434570,2646199835
8,10000000,1926532514,782331135,2708863649
8,10000000,1845768050,783225903,2628993953
8,10000000,2093934331,783486933,2877421264
8,10000000,2083339571,782880629,2866220200
8,10000000,1820357371,783036100,2603393471
8,10000000,1871069687,786207089,2657276776
8,10000000,1976430560,781932226,2758362786
8,10000000,1863395419,783495928,2646891347
8,10000000,1834447891,783208719,2617656610
8,10000000,1799657045,783927931,2583584976
8,10000000,1769143833,783149927,2552293760
8,10000000,2022878524,782304982,2805183506
8,10000000,2020986989,785727629,2806714618
8,10000000,1816374369,782385293,2598759662
8,10000000,1881359559,785771631,2667131190
8,10000000,2054421207,782472852,2836894059
8,10000000,1971095886,782276004,2753371890
8,10000000,1935933243,782225157,2718158400
8,10000000,1834634040,782636336,2617270376
8,10000000,2097918199,782482164,2880400363
8,10000000,1889612955,782962061,2672575016
8,10000000,1946520276,783006410,2729526686
8,10000000,2010181124,782059218,2792240342
8,10000000,1911105457,782939829,2694045286
8,10000000,1863745466,784792528,2648537994
8,10000000,1881428513,782256377,2663684890
8,10000000,2056091629,782745357,2838836986
8,10000000,1833782045,782931884,2616713929
8,10000000,1802900879,783427440,2586328319
8,10000000,2184446085,782511905,2966957990
8,10000000,1967278825,783019138,2750297963
8,10000000,1846665755,782692661,2629358416
8,10000000,1860183125,784598430,2644781555
8,10000000,1917973919,786135282,2704109201
8,10000000,1887578168,782066823,2669644991
8,10000000,2219482986,782506540,3001989526
8,10000000,2132624250,782534297,2915158547
8,10000000,1800357175,788115708,2588472883
8,10000000,2053755742,781568220,2835323962
8,10000000,1821412166,781714981,2603127147
8,10000000,1901009732,783914495,2684924227
8,10000000,1924785429,782325155,2707110584
8,10000000,2027390464,781648411,2809038875
8,10000000,1914016031,782464935,2696480966
8,10000000,1766854262,782957956,2549812218
8,10000000,2064777782,781759751,2846537533
8,10000000,1881634186,784437765,2666071951
8,10000000,2077197045,784773995,2861971040
8,10000000,2053488600,782344820,2835833420
8,10000000,1913374533,784647537,2698022070
8,10000000,2007167864,783086369,2790254233
8,10000000,1921901618,782341612,2704243230
8,10000000,1780305008,782713848,2563018856
8,10000000,2046844213,783170545,2830014758
8,10000000,1846824475,783054939,2629879414
8,10000000,2030237560,782359007,2812596567
8,10000000,1989687473,785204705,2774892178
8,10000000,1847758405,783825920,2631584325
8,10000000,2217394274,782079343,2999473617
8,10000000,1886849613,782929158,2669778771
8,10000000,1818768387,782947496,2601715883
8,10000000,1836869152,783003646,2619872798
8,10000000,1996481665,783150167,2779631832
8,10000000,1885734046,781773922,2667507968
8,10000000,1797014926,782644083,2579659009
8,10000000,1753909580,783834840,2537744420
8,10000000,1919024428,782620839,2701645267
8,10000000,1890681426,782108253,2672789679
8,10000000,1812907957,782161782,2595069739
8,10000000,1998483919,784506950,2782990869
8,10000000,1894561100,782438720,2676999820
8,10000000,1855718285,782810918,2638529203
8,10000000,1961159219,781956522,2743115741
8,10000000,1930221606,783900605,2714122211
8,10000000,2116552288,783951445,2900503733
8,10000000,2012008355,781639093,2793647448
8,10000000,2038742683,783907069,2822649752
8,10000000,1942574580,783503648,2726078228
8,10000000,1986491182,782584036,2769075218
8,10000000,1907283106,782494523,2689777629
8,10000000,1866179792,782240623,2648420415
8,10000000,1874938452,782442128,2657380580
8,10000000,1898873159,782293048,2681166207
8,10000000,1926688251,782648023,2709336274
8,10000000,1997397625,782524382,2779922007
8,10000000,2088669608,782139375,2870808983
8,10000000,1883467730,782297789,2665765519
8,10000000,1942197257,783588907,2725786164
8,10000000,1866547323,782726021,2649273344
8,10000000,1790081841,781984429,2572066270
8,10000000,1840077248,782851571,2622928819
8,10000000,1880782411,782635296,2663417707
8,10000000,1947116013,783794686,2730910699
8,10000000,1952190032,782275004,2734465036
8,10000000,1845050619,782338050,2627388669
8,10000000,1812273812,782437222,2594711034
8,10000000,1876409399,782925048,2659334447
8,10000000,2047486153,783196066,2830682219
8,10000000,2143141352,783486068,2926627420
8,10000000,1918459057,784291616,2702750673
8,10000000,1948386280,786215966,2734602246
8,10000000,1919922223,782717084,2702639307
8,10000000,2028943760,782223089,2811166849
8,10000000,1886025071,782806191,2668831262
8,10000000,1979583572,783044121,2762627693
8,10000000,1931874252,782461612,2714335864
8,10000000,1948747154,781899354,2730646508
8,10000000,1913285629,782390212,2695675841
8,10000000,1921571889,782568530,2704140419
8,10000000,2016637285,781849000,2798486285
8,10000000,2056899860,783040730,2839940590
8,10000000,1787154272,783048369,2570202641
8,10000000,2030002433,782777699,2812780132
8,10000000,2083150454,782944970,2866095424
8,10000000,1946816308,782937887,2729754195
8,10000000,1820097781,783540858,2603638639
8,10000000,1951009952,782473073,2733483025
8,10000000,1819268270,782031726,2601299996
8,10000000,2173822168,782226058,2956048226
8,10000000,1831634425,781627062,2613261487
8,10000000,2059282216,782312675,2841594891
8,10000000,1815159982,784959183,2600119165
8,10000000,1912952110,783566922,2696519032
8,10000000,1974045072,782210300,2756255372
8,10000000,2043905915,782592893,2826498808
8,10000000,1877320079,781558531,2658878610
8,10000000,1956200963,783585553,2739786516
8,10000000,1906813609,782651425,2689465034
8,10000000,2263002865,782256384,3045259249
8,10000000,1834956436,782275660,2617232096
8,10000000,2052472351,784118761,2836591112
8,10000000,2016676986,782337270,2799014256
8,10000000,2100337870,781653776,2881991646
8,10000000,2024888352,785615603,2810503955
8,10000000,1863577129,782178797,2645755926
8,10000000,2110656163,783393110,2894049273
8,10000000,1868689550,783114254,2651803804
8,10000000,1912208755,783448617,2695657372
8,10000000,1931223218,782663177,2713886395
8,10000000,1888428661,783022500,2671451161
8,10000000,2034062676,784800391,2818863067
8,10000000,2007620620,782946456,2790567076
8,10000000,1833166672,782343811,2615510483
8,10000000,1893664987,782036578,2675701565
8,10000000,1863851186,782603073,2646454259
8,10000000,1746462807,782737916,2529200723
8,10000000,2126699751,782336461,2909036212
8,10000000,1821390602,782486705,2603877307
8,10000000,1905874628,782901252,2688775880
8,10000000,1905440619,781487366,2686927985
8,10000000,2075195702,783064508,2858260210
8,10000000,2087098807,782189932,2869288739
8,10000000,1766029123,782442337,2548471460
8,10000000,2035838059,783690280,2819528339
8,10000000,1882256410,783630866,2665887276
8,10000000,1860590340,782128699,2642719039
8,10000000,1901402597,782699381,2684101978
8,10000000,2078783025,782511239,2861294264
8,10000000,1801232490,783066148,2584298638
8,10000000,1901453421,782475233,2683928654
8,10000000,1868476016,784259783,2652735799
8,10000000,1811413780,782362233,2593776013
8,10000000,2047647878,782530348,2830178226
8,10000000,1944712314,782403130,2727115444
8,10000000,1992011313,781854628,2773865941
8,10000000,1911286494,783015042,2694301536
8,10000000,1844356662,782797206,2627153868
8,10000000,2022573294,783107510,2805680804
8,10000000,1854414109,782901329,2637315438
8,10000000,1884559263,783604281,2668163544
8,10000000,2000285623,782168603,2782454226
8,10000000,1873865891,783532758,2657398649
8,10000000,2020237885,783904506,2804142391
8,10000000,1944895637,781594954,2726490591
8,10000000,1830939331,783315715,2614255046
8,10000000,2009007223,782551713,2791558936
8,10000000,2036787158,782094637,2818881795
8,10000000,1922024643,782105929,2704130572
8,10000000,1847893669,782058388,2629952057
8,10000000,2118774314,782599978,2901374292
8,10000000,2127001481,782427686,2909429167
8,10000000,1897249511,782733779,2679983290
8,10000000,2085945061,782644673,2868589734
8,10000000,1820136311,783418030,2603554341
8,10000000,1864672432,783198271,2647870703
8,10000000,1894363524,782561764,2676925288
8,10000000,1925853973,782039638,2707893611
8,10000000,1861593146,784439738,2646032884
8,10000000,1946185738,783811947,2729997685
8,10000000,1870330386,783050758,2653381144
8,10000000,1890423399,782459602,2672883001
8,10000000,1938179454,782151157,2720330611
8,10000000,1872536755,782799847,2655336602
8,10000000,1787207484,783035965,2570243449
8,10000000,1975340843,781704426,2757045269
8,10000000,1789208747,783034954,2572243701
8,10000000,2137995294,781649163,2919644457
8,20000000,3726396553,1564669080,5291065633
8,20000000,3699898909,1564507325,5264406234
8,20000000,3780377491,1570464736,5350842227
8,20000000,4108536918,1563950864,5672487782
8,20000000,3515382353,1564522679,5079905032
8,20000000,4009346165,1565055374,5574401539
8,20000000,3752513629,1565159786,5317673415
8,20000000,4020231463,1564300944,5584532407
8,20000000,3814036157,1565609554,5379645711
8,20000000,3673847411,1566391392,5240238803
8,20000000,4001942713,1565295581,5567238294
8,20000000,4055930488,1564787414,5620717902
8,20000000,4033992347,1564778703,5598771050
8,20000000,3598089561,1564880795,5162970356
8,20000000,3711080807,1565046706,5276127513
8,20000000,4274558417,1563761310,5838319727
8,20000000,4156397612,1565161942,5721559554
8,20000000,3659635570,1566320006,5225955576
8,20000000,3509225381,1564452233,5073677614
8,20000000,3823674749,1564708106,5388382855
8,20000000,4239684012,1564680591,5804364603
8,20000000,4045628928,1565182361,5610811289
8,20000000,4117675278,1563297861,5680973139
8,20000000,4022376045,1565115996,5587492041
8,20000000,3775989398,1564129008,5340118406
8,20000000,3978100815,1565599530,5543700345
8,20000000,3768456985,1569353619,5337810604
8,20000000,4050765691,1564391414,5615157105
8,20000000,3709750829,1567132624,5276883453
8,20000000,4153882756,1563923755,5717806511
8,20000000,4014147811,1564184592,5578332403
8,20000000,4182194298,1563851763,5746046061
8,20000000,3403847098,1570914295,4974761393
8,20000000,4255728858,1564203572,5819932430
8,20000000,3793022801,1566470162,5359492963
8,20000000,3932317082,1565214962,5497532044
8,20000000,3995693576,1563945034,5559638610
8,20000000,3667406699,1564250450,5231657149
8,20000000,3879041498,1564896428,5443937926
8,20000000,3732459812,1563092962,5295552774
8,20000000,3777410949,1570189807,5347600756
8,20000000,3811675954,1564187982,5375863936
8,20000000,3948607592,1564409483,5513017075
8,20000000,4164472145,1565138792,5729610937
8,20000000,4204117638,1565872976,5769990614
8,20000000,3929191522,1564460851,5493652373
8,20000000,3602783634,1565792207,5168575841
8,20000000,3845348456,1564119638,5409468094
8,20000000,4265155577,1564518024,5829673601
8,20000000,3713571708,1567345963,5280917671
8,20000000,3861312543,1564135049,5425447592
8,20000000,3954399461,1564138035,5518537496
8,20000000,4088829753,1563580683,5652410436
8,20000000,3934915444,1564926114,5499841558
8,20000000,4116921241,1564498299,5681419540
8,20000000,4024583321,1565213329,5589796650
8,20000000,3778719310,1564577303,5343296613
8,20000000,3880867768,1565983595,5446851363
8,20000000,3945307635,1565315197,5510622832
8,20000000,4071014940,1564295974,5635310914
8,20000000,3805946590,1564293100,5370239690
8,20000000,4209672287,1565528917,5775201204
8,20000000,3965448748,1564477463,5529926211
8,20000000,3982733995,1567771651,5550505646
8,20000000,3616695161,1567544894,5184240055
8,20000000,3998469141,1565384125,5563853266
8,20000000,3479906330,1563787637,5043693967
8,20000000,3877079713,1565717582,5442797295
8,20000000,3794683530,1563745845,5358429375
8,20000000,3656717141,1564712303,5221429444
8,20000000,3687258789,1567786212,5255045001
8,20000000,3818617545,1564959808,5383577353
8,20000000,3850772205,1570481683,5421253888
8,20000000,3744854270,1567600915,5312455185
8,20000000,3675909977,1564459413,5240369390
8,20000000,3590823002,1567096470,5157919472
8,20000000,4152036117,1566325897,5718362014
8,20000000,4012565494,1565656137,5578221631
8,20000000,3846333668,1566767020,5413100688
8,20000000,4045095984,1563482759,5608578743
8,20000000,3952553776,1563695580,5516249356
8,20000000,3894519849,1566636004,5461155853
8,20000000,3831939813,1564631582,5396571395
8,20000000,3655355247,1566325435,5221680682
8,20000000,3613072774,1568531379,5181604153
8,20000000,3967108529,1564544286,5531652815
8,20000000,3790817486,1565683616,5356501102
8,20000000,3577472314,1565101941,5142574255
8,20000000,3769491684,1566250856,5335742540
8,20000000,3758571543,1570346258,5328917801
8,20000000,4078775894,1564532418,5643308312
8,20000000,3577560604,1565981904,5143542508
8,20000000,4069838763,1563872366,5633711129
8,20000000,3637587267,1567469625,5205056892
8,20000000,3788539742,1571078130,5359617872
8,20000000,3788771640,1563704606,5352476246
8,20000000,3869496020,1564888790,5434384810
8,20000000,3760382893,1564312421,5324695314
8,20000000,3835989841,1569944499,5405934340
8,20000000,3989952565,1564548444,5554501009
8,20000000,3927357218,1565912918,5493270136
8,20000000,4178846492,1564739487,5743585979
8,20000000,3843840043,1564864171,5408704214
8,20000000,3984444720,1565273846,5549718566
8,20000000,4177825937,1563115837,5740941774
8,20000000,3872885087,1565100886,5437985973
8,20000000,4020045850,1563691722,5583737572
8,20000000,3594825940,1564746421,5159572361
8,20000000,3699561270,1565665825,5265227095
8,20000000,3891779030,1563435609,5455214639
8,20000000,4025282583,1564362144,5589644727
8,20000000,3885776871,1564501830,5450278701
8,20000000,3638218560,1564970559,5203189119
8,20000000,3680908383,1570673783,5251582166
8,20000000,3638140594,1564944126,5203084720
8,30000000,6006805631,2346563606,8353369237
8,30000000,5627237952,2348066283,7975304235
8,30000000,6150370588,2348292293,8498662881
8,30000000,5967814149,2345898931,8313713080
8,30000000,6259056628,2348794255,8607850883
8,30000000,5683051782,2347139791,8030191573
8,30000000,5347809597,2348666376,7696475973
8,30000000,6148725920,2346746938,8495472858
8,30000000,5786450947,2346743395,8133194342
8,30000000,5821687208,2346415511,8168102719
8,30000000,5839322255,2349230717,8188552972
8,30000000,6403558012,2346923472,8750481484
8,30000000,6103406767,2347011994,8450418761
8,30000000,5428133751,2346437329,7774571080
8,30000000,5341323401,2345931517,7687254918
8,30000000,5333765354,2346260678,7680026032
8,30000000,5561078667,2348152341,7909231008
8,30000000,6170496783,2351279159,8521775942
8,30000000,6095196827,2346228803,8441425630
8,30000000,5578403519,2347461585,7925865104
8,30000000,6194633084,2346195418,8540828502
8,30000000,5426047645,2348892791,7774940436
8,30000000,5830330509,2347676960,8178007469
8,30000000,5471377522,2348015986,7819393508
8,30000000,6098790524,2347463565,8446254089
8,30000000,5798863148,2346440740,8145303888
8,30000000,5989790040,2347259988,8337050028
8,30000000,6027638513,2346450335,8374088848
8,30000000,5886788990,2345564243,8232353233
8,30000000,6090452916,2348075162,8438528078
8,30000000,5798240068,2346105185,8144345253
8,30000000,5485505458,2346966186,7832471644
8,30000000,5703922498,2347767518,8051690016
8,30000000,5637680496,2345922763,7983603259
8,30000000,5542387782,2346575060,7888962842
8,30000000,6031783141,2346876372,8378659513
8,30000000,5646540443,2346577800,7993118243
8,30000000,5453439351,2346202696,7799642047
8,30000000,5826816345,2346270997,8173087342
8,30000000,5605822841,2347309889,7953132730
8,30000000,6236433461,2346645768,8583079229
8,30000000,5589343522,2347441798,7936785320
8,30000000,6214352663,2347383321,8561735984
8,30000000,6138198850,2346061944,8484260794
8,30000000,5561218408,2347760497,7908978905
8,30000000,5357906362,2347834561,7705740923
8,30000000,6006800516,2346419979,8353220495
8,30000000,5781787578,2346960783,8128748361
8,30000000,6305316388,2345750438,8651066826
8,30000000,5978345986,2346158308,8324504294
8,30000000,5479139300,2345972962,7825112262
8,30000000,5909633779,2346021908,8255655687
8,30000000,5636107762,2347373896,7983481658
8,30000000,5943734280,2348333947,8292068227
8,30000000,5378726774,2345663475,7724390249
8,30000000,5748018967,2348547962,8096566929
8,30000000,5901787856,2347562004,8249349860
8,30000000,5542049530,2346368554,7888418084
8,30000000,6115049463,2347158161,8462207624
8,30000000,5784736388,2346116148,8130852536
8,30000000,6188937134,2347827924,8536765058
8,30000000,5729506281,2347478436,8076984717
8,30000000,5543654610,2346653264,7890307874
8,30000000,5604391351,2347498266,7951889617
8,30000000,5403957231,2346002839,7749960070
8,30000000,5900218688,2345650780,8245869468
8,30000000,6137982457,2347160526,8485142983
8,30000000,6101190139,2347914957,8449105096
8,30000000,5816283492,2347616836,8163900328
8,30000000,5341817623,2347268782,7689086405
8,30000000,5736706725,2347307612,8084014337
8,30000000,5485198625,2345840965,7831039590
8,30000000,5595957243,2346565873,7942523116
8,30000000,5841197593,2346487443,8187685036
8,30000000,5636383325,2346711250,7983094575
8,30000000,5591036837,2345553730,7936590567
8,30000000,5974677700,2348364265,8323041965
8,30000000,5879505838,2346298250,8225804088
8,30000000,5570230897,2346430648,7916661545
8,30000000,5908812545,2347172668,8255985213
8,30000000,5419507963,2346941168,7766449131
8,30000000,5917688987,2345850803,8263539790
8,30000000,5960972114,2346781041,8307753155
8,30000000,6099970544,2346676085,8446646629
8,30000000,5449608124,2345383069,7794991193
8,30000000,6046012225,2347333465,8393345690
8,30000000,6180817018,2345762899,8526579917
8,30000000,5494856149,2346116091,7840972240
8,30000000,5594847804,2347630461,7942478265
8,30000000,5249634581,2346314124,7595948705
8,30000000,5363521234,2347658628,7711179862
8,30000000,6024167790,2348017247,8372185037
8,30000000,6037564314,2346834233,8384398547
8,30000000,5922329079,2345709803,8268038882
8,30000000,6092683197,2347357581,8440040778
8,30000000,6242064683,2347390770,8589455453
8,30000000,6187965382,2346793070,8534758452
8,30000000,6072170397,2347957670,8420128067
8,30000000,5409770784,2346566757,7756337541
8,30000000,5536408736,2346666934,7883075670
8,30000000,6043065255,2346626626,8389691881
8,30000000,5881163967,2346804014,8227967981
8,30000000,5804586740,2346430187,8151016927
8,30000000,5854933339,2346447364,8201380703
8,30000000,5659447137,2353104970,8012552107
8,30000000,5823340233,2346505529,8169845762
8,30000000,5781402732,2346041673,8127444405
8,30000000,6109502772,2347049508,8456552280
8,30000000,6091059680,2349421737,8440481417
8,30000000,5977846145,2347607805,8325453950
8,30000000,5499248530,2346496381,7845744911
8,30000000,5604260674,2347103885,7951364559
8,30000000,5595639653,2346631551,7942271204
8,30000000,6266276673,2350153772,8616430445
8,30000000,5520685452,2347236951,7867922403
8,40000000,7192230674,3128319782,10320550456
8,40000000,7215476994,3127175190,10342652184
8,40000000,8120304232,3129210537,11249514769
8,40000000,7908128851,3137583518,11045712369
8,40000000,8136829792,3127927588,11264757380
8,40000000,7853367888,3129375738,10982743626
8,40000000,8139715916,3130486192,11270202108
8,40000000,7836471329,3129321869,10965793198
8,40000000,7767821595,3129421375,10897242970
8,40000000,8474396553,3130796959,11605193512
8,40000000,7162687050,3131648203,10294335253
8,40000000,8193644220,3134320645,11327964865
8,40000000,7055835340,3137898651,10193733991
8,40000000,7127595578,3128137974,10255733552
8,40000000,7479537625,3129641743,10609179368
8,40000000,7560556284,3127097335,10687653619
8,40000000,7798982426,3126441397,10925423823
8,40000000,7726077733,3138226691,10864304424
8,40000000,7075881357,3134808040,10210689397
8,40000000,8089636861,3128116764,11217753625
8,40000000,7596261182,3127662211,10723923393
8,40000000,8270050366,3130190585,11400240951
8,40000000,7102436228,3130949789,10233386017
8,40000000,7875536219,3135188493,11010724712
8,40000000,7270173507,3128041318,10398214825
8,40000000,7856917849,3127250544,10984168393
8,40000000,7959986060,3127002638,11086988698
8,40000000,7994918413,3135038125,11129956538
8,40000000,8644852907,3127773332,11772626239
8,40000000,7831800392,3136279365,10968079757
8,40000000,7066748917,3126376626,10193125543
8,40000000,7801904961,3136109209,10938014170
8,40000000,7627232555,3128023959,10755256514
8,40000000,7207880460,3129191881,10337072341
8,40000000,7714724667,3134801193,10849525860
8,40000000,8087594554,3127765917,11215360471
8,40000000,7404250888,3128035744,10532286632
8,40000000,7004484148,3128807287,10133291435
8,40000000,7293614185,3126443926,10420058111
8,40000000,7931443095,3128199113,11059642208
8,40000000,7279066642,3128052037,10407118679
8,40000000,7378900478,3130363933,10509264411
8,40000000,7408128590,3128192302,10536320892
8,40000000,7512777516,3128477717,10641255233
8,40000000,8292404319,3129354513,11421758832
8,40000000,7409068744,3127451145,10536519889
8,40000000,7486638401,3133543647,10620182048
8,40000000,7128136444,3129538565,10257675009
8,40000000,8178244138,3128435306,11306679444
8,40000000,7010835053,3127746183,10138581236
8,40000000,7259552849,3129227139,10388779988
8,40000000,7080739163,3135444753,10216183916
8,40000000,7041337835,3132847528,10174185363
8,40000000,6966997049,3131101358,10098098407
8,40000000,7051642885,3127021006,10178663891
8,40000000,8016892612,3127799461,11144692073
8,40000000,7851962042,3128920071,10980882113
8,40000000,7927451747,3128604230,11056055977
8,40000000,7337891774,3128599930,10466491704
8,40000000,7551550415,3131547813,10683098228
8,40000000,6874400986,3131628568,10006029554
8,40000000,8109312939,3127940342,11237253281
8,40000000,7311002432,3128818213,10439820645
8,40000000,6942821789,3129845671,10072667460
8,40000000,7778419461,3129199212,10907618673
8,40000000,7478799655,3127061501,10605861156
8,40000000,7173920799,3128319685,10302240484
8,40000000,7626929132,3128290009,10755219141
8,40000000,7038616317,3127344569,10165960886
8,40000000,7365026687,3128160982,10493187669
8,40000000,8025711035,3134820036,11160531071
8,40000000,7515937357,3128460675,10644398032
8,40000000,7459959090,3131336862,10591295952
8,40000000,8228050355,3126394466,11354444821
8,40000000,7201869812,3127066859,10328936671
8,40000000,7414727495,3128115720,10542843215
8,40000000,7199424653,3131262840,10330687493
8,40000000,7009393004,3136192665,10145585669
8,40000000,7229863544,3134904654,10364768198
8,40000000,6945116408,3135448790,10080565198
8,40000000,7463368869,3129494600,10592863469
8,40000000,7352245137,3127462038,10479707175
8,40000000,7217969070,3130657404,10348626474
8,40000000,8171198584,3135586231,11306784815
8,40000000,7188456756,3135775198,10324231954
8,40000000,7574128254,3131824564,10705952818
8,40000000,7323871986,3143858425,10467730411
8,40000000,8013009835,3129744943,11142754778
8,40000000,7810418514,3127759240,10938177754
8,40000000,7844427871,3127248841,10971676712
8,40000000,7666824213,3129223813,10796048026
8,40000000,7152580687,3126990899,10279571586
8,40000000,8097705454,3132606157,11230311611
8,40000000,7518492400,3130701503,10649193903
8,40000000,7218258695,3127687906,10345946601
8,40000000,7989985274,3127520965,11117506239
8,40000000,7976484817,3127966104,11104450921
8,40000000,8278118896,3127281924,11405400820
8,40000000,8140551636,3127875331,11268426967
8,40000000,7094076438,3130679385,10224755823
8,40000000,7893744229,3127762338,11021506567
8,40000000,8107292046,3127728596,11235020642
8,40000000,8216065816,3128315046,11344380862
8,40000000,7996941229,3127437374,11124378603
8,40000000,7693560726,3129283102,10822843828
8,40000000,7395359711,3130642053,10526001764
8,40000000,6868885124,3135058748,10003943872
8,40000000,7722632094,3128315751,10850947845
8,40000000,7296457065,3128151802,10424608867
8,40000000,7181598571,3131505211,10313103782
8,40000000,7476128262,3129422573,10605550835
8,40000000,7283141136,3127943582,10411084718
8,40000000,7239596009,3140608734,10380204743
8,40000000,8027337485,3128287552,11155625037
8,40000000,7057515765,3141339162,10198854927
8,50000000,9449725471,4039073635,13488799106
8,50000000,9520193693,4081389191,13601582884
8,50000000,9503258936,4021808255,13525067191
8,50000000,9403111618,4051219254,13454330872
8,50000000,9531343402,4018082739,13549426141
8,50000000,9535616447,4054792285,13590408732
8,50000000,9242511947,4031514977,13274026924
8,50000000,9301941019,4063319723,13365260742
8,50000000,9367391163,4070507355,13437898518
8,50000000,9956143102,4070808078,14026951180
8,50000000,9524134983,4048543361,13572678344
8,50000000,10019882575,4058909981,14078792556
8,50000000,9128926051,4042703020,13171629071
8,50000000,9720271890,4059366494,13779638384
8,50000000,10018887791,4050808989,14069696780
8,50000000,9866902120,4046361356,13913263476
8,50000000,9878749717,4054734244,13933483961
8,50000000,10250059605,4054066001,14304125606
8,50000000,9320293977,4062958808,13383252785
8,50000000,10212779213,4056799927,14269579140
8,50000000,9491734958,3999160883,13490895841
8,50000000,9722251799,4056358513,13778610312
8,50000000,9811784507,4056070078,13867854585
8,50000000,9641886701,4057356174,13699242875
8,50000000,9635691486,4021129371,13656820857
8,50000000,10023284026,4058310026,14081594052
8,50000000,9608095542,4055819721,13663915263
8,50000000,8660445645,4057581849,12718027494
8,50000000,10244955296,4059842555,14304797851
8,50000000,9684908345,4019130447,13704038792
8,50000000,9604854380,4064626738,13669481118
8,50000000,9775015164,4056853726,13831868890
8,50000000,9514402977,4050786688,13565189665
8,50000000,9472992355,4055851524,13528843879
8,50000000,9285948004,4007892998,13293841002
8,50000000,8829885638,4050589353,12880474991
8,50000000,10009964352,4051856501,14061820853
8,50000000,9279734369,4070421874,13350156243
8,50000000,10394508106,4055475948,14449984054
8,50000000,9901453923,4057383977,13958837900
8,50000000,9700778764,4018172645,13718951409
8,50000000,9670581202,4033208938,13703790140
8,50000000,9782889995,4050519921,13833409916
8,50000000,9188543261,4074108499,13262651760
8,50000000,9655728796,4058279103,13714007899
8,50000000,9530905205,4041558747,13572463952
8,50000000,9809588756,4058587553,13868176309
8,50000000,9995985415,4050172521,14046157936
8,50000000,9559254223,4056506414,13615760637
8,50000000,9911396215,4052696170,13964092385
8,50000000,9169104765,4061629361,13230734126
8,50000000,9764259444,4050948222,13815207666
8,50000000,10056729702,4059862419,14116592121
8,50000000,9217683723,4082880325,13300564048
8,50000000,9396985320,4080697290,13477682610
8,50000000,10323759649,4050755014,14374514663
8,50000000,9213561647,4056914428,13270476075
8,50000000,9628158477,4057278089,13685436566
8,50000000,10256284161,4084968867,14341253028
8,50000000,9561068916,4049544734,13610613650
8,50000000,9246751065,4075999726,13322750791
8,50000000,10077813710,4059614872,14137428582
8,50000000,9724467562,4044585776,13769053338
8,50000000,9422860216,4071810724,13494670940
8,50000000,9298520166,4057960449,13356480615
8,50000000,10000743768,4043599763,14044343531
8,50000000,9650617244,4081917148,13732534392
8,50000000,9780087679,4072059528,13852147207
8,50000000,9758536643,4041774830,13800311473
8,50000000,8976593652,4056533446,13033127098
8,50000000,9270829256,4049063608,13319892864
8,50000000,9802313645,4056816892,13859130537
8,50000000,9048059869,4015976825,13064036694
8,50000000,9916525275,4061878551,13978403826
8,50000000,9473127993,4056857807,13529985800
8,50000000,10095851845,4055740416,14151592261
8,50000000,9859850630,4081827594,13941678224
8,50000000,9322457042,4050772742,13373229784
8,50000000,9573010478,4057442970,13630453448
8,50000000,9908236981,4056408385,13964645366
8,50000000,9758413597,4055342237,13813755834
8,50000000,9120514440,4053373191,13173887631
8,50000000,10117107776,4042830821,14159938597
8,50000000,9516737086,4056854626,13573591712
8,50000000,9956019483,4042757787,13998777270
8,50000000,10007804338,4066786851,14074591189
8,50000000,9167853505,4054815968,13222669473
8,50000000,9280557166,4056102937,13336660103
8,50000000,10271817601,4054272044,14326089645
8,50000000,9714238484,4053713817,13767952301
8,50000000,9844341473,4057411245,13901752718
8,50000000,9747869459,4053631635,13801501094
8,50000000,9745687552,4079039240,13824726792
8,50000000,9828026094,4057137944,13885164038
8,50000000,9754062565,4059427398,13813489963
8,50000000,9792543923,4055273362,13847817285
8,50000000,8974602978,4036859757,13011462735
8,50000000,9447572867,4056493932,13504066799
8,50000000,9241915648,4017820745,13259736393
8,50000000,10054322459,4058177240,14112499699
8,50000000,9126249821,4027224194,13153474015
8,50000000,9794964234,4056451432,13851415666
8,50000000,9441979860,4077600166,13519580026
8,50000000,9767095671,4057734024,13824829695
8,50000000,9346507094,4029491923,13375999017
8,50000000,10162088032,4060782241,14222870273
8,50000000,9529363165,4068913063,13598276228
8,50000000,9630360867,4059324696,13689685563
8,50000000,9503940164,4057140473,13561080637
8,50000000,9748964844,4082913239,13831878083
8,50000000,9389977387,4054063416,13444040803
8,50000000,10467350240,4059260178,14526610418
8,50000000,10006560560,4047672260,14054232820
8,50000000,9457304050,4051269932,13508573982
8,50000000,10379318852,4046524883,14425843735
8,60000000,12211243721,4700069865,16911313586
8,60000000,10784789310,4692647001,15477436311
8,60000000,12379125270,4690739420,17069864690
8,60000000,10942982839,4694897109,15637879948
8,60000000,10500309861,4690590669,15190900530
8,60000000,11191343670,4691332181,15882675851
8,60000000,11875905706,4692303907,16568209613
8,60000000,10751621129,4701642851,15453263980
8,60000000,10755159578,4711985338,15467144916
8,60000000,10734779954,4706201523,15440981477
8,60000000,10535589528,4700561124,15236150652
8,60000000,10697191411,4704631596,15401823007
8,60000000,11251197894,4695896550,15947094444
8,60000000,11963396543,4692385751,16655782294
8,60000000,10659465515,4693731255,15353196770
8,60000000,12073168489,4692858143,16766026632
8,60000000,10651140990,4692027893,15343168883
8,60000000,11642085183,4690518218,16332603401
8,60000000,12414450002,4722655957,17137105959
8,60000000,11781496261,4723220844,16504717105
8,60000000,10805295902,4696871129,15502167031
8,60000000,10212750222,4690918475,14903668697
8,60000000,10685476158,4698188882,15383665040
8,60000000,11188429343,4690923921,15879353264
8,60000000,11492199004,4690084041,16182283045
8,60000000,11041110631,4691752981,15732863612
8,60000000,11756491816,4737070932,16493562748
8,60000000,10972373477,4690698087,15663071564
8,60000000,12218609351,4692377252,16910986603
8,60000000,10644826752,4692358564,15337185316
8,60000000,10580267495,4698488945,15278756440
8,60000000,10867703746,4690348365,15558052111
8,60000000,10676784471,4691556664,15368341135
8,60000000,11992289799,4711279014,16703568813
8,60000000,12459072418,4723820465,17182892883
8,60000000,10536157362,4691213161,15227370523
8,60000000,10680286696,4692592167,15372878863
8,60000000,11255645705,4692666144,15948311849
8,60000000,11050876339,4691221534,15742097873
8,60000000,11090074823,4691621906,15781696729
8,60000000,10428324526,4692452290,15120776816
8,60000000,12681600457,4726897946,17408498403
8,60000000,11460970541,4692089202,16153059743
8,60000000,12046573205,4690665939,16737239144
8,60000000,10526480166,4693519072,15219999238
8,60000000,11773943755,4693197084,16467140839
8,60000000,11661825900,4692025112,16353851012
8,60000000,11877386359,4721315599,16598701958
8,60000000,10819950648,4691983050,15511933698
8,60000000,11763142916,4693754999,16456897915
8,60000000,11076592357,4727139414,15803731771
8,60000000,10988649544,4692313030,15680962574
8,60000000,10915152365,4706603121,15621755486
8,60000000,10690529898,4694438260,15384968158
8,60000000,10961836848,4692555723,15654392571
8,60000000,11710956734,4696232173,16407188907
8,60000000,11026109696,4721993021,15748102717
8,60000000,11776205508,4691505296,16467710804
8,60000000,11712005283,4692768989,16404774272
8,60000000,12350560547,4698430726,17048991273
8,60000000,11864980917,4692513853,16557494770
8,60000000,11124051343,4692949282,15817000625
8,60000000,12413060071,4728384440,17141444511
8,60000000,11927342397,4694738468,16622080865
8,60000000,11412378781,4690835627,16103214408
8,60000000,11683600341,4694524150,16378124491
8,60000000,10110567377,4693124074,14803691451
8,60000000,11874768384,4691949611,16566717995
8,60000000,10562211224,4691408214,15253619438
8,60000000,11252798811,4693630810,15946429621
8,60000000,11295630442,4691546862,15987177304
8,60000000,12509197312,4722224313,17231421625
8,60000000,10933661515,4692581932,15626243447
8,60000000,12414299176,4732150469,17146449645
8,60000000,11109456273,4691295571,15800751844
8,60000000,11214244103,4692510988,15906755091
8,60000000,10434804037,4692314426,15127118463
8,60000000,10691613720,4691422240,15383035960
8,60000000,11286068546,4691436131,15977504677
8,60000000,10895844074,4692750144,15588594218
8,60000000,10481673368,4693458677,15175132045
8,60000000,10526805587,4692400025,15219205612
8,60000000,10446942068,4694738740,15141680808
8,60000000,11903235117,4692656338,16595891455
8,60000000,11261347774,4701534269,15962882043
8,60000000,11375503493,4728650255,16104153748
8,60000000,11108605859,4691367053,15799972912
8,60000000,11954458441,4726059077,16680517518
8,60000000,10873586687,4693109839,15566696526
8,60000000,11738349091,4691524536,16429873627
8,60000000,10906713610,4693497421,15600211031
8,60000000,12645179143,4720317050,17365496193
8,60000000,10861632096,4696079143,15557711239
8,60000000,11031012901,4692228553,15723241454
8,60000000,10775422637,4692235248,15467657885
8,60000000,11723421362,4693274389,16416695751
8,60000000,11445121649,4693485024,16138606673
8,60000000,10560715859,4700929593,15261645452
8,60000000,11075969568,4692333139,15768302707
8,60000000,12178528429,4696346240,16874874669
8,60000000,11004373052,4698454287,15702827339
8,60000000,10847588867,4690532537,15538121404
8,60000000,11228686781,4719908761,15948595542
8,60000000,11346784729,4709851758,16056636487
8,60000000,10659777065,4691948001,15351725066
8,60000000,10799198084,4719591650,15518789734
8,60000000,10753426854,4691248853,15444675707
8,60000000,10791477243,4692190707,15483667950
8,60000000,11056711236,4692458549,15749169785
8,60000000,11038530992,4693825204,15732356196
8,60000000,12448837642,4721459805,17170297447
8,60000000,10731033284,4699187739,15430221023
8,60000000,10666298099,4693941570,15360239669
8,60000000,12077854022,4690928859,16768782881
8,60000000,12239019868,4726112429,16965132297
8,70000000,13774413446,5476581072,19250994518
8,70000000,12891681586,5474885379,18366566965
8,70000000,12874238853,5474761221,18349000074
8,70000000,13994191114,5474002852,19468193966
8,70000000,12553567706,5485494434,18039062140
8,70000000,13065886327,5473708369,18539594696
8,70000000,12797929117,5475442662,18273371779
8,70000000,12597032551,5474959714,18071992265
8,70000000,13090573387,5484171578,18574744965
8,70000000,14083128370,5473961519,19557089889
8,70000000,13008018124,5474597290,18482615414
8,70000000,12798234717,5480268645,18278503362
8,70000000,14314205508,5475056470,19789261978
8,70000000,12997512921,5474301438,18471814359
8,70000000,14671207783,5641550519,20312758302
8,70000000,13505584404,5476774707,18982359111
8,70000000,13645143776,5476001481,19121145257
8,70000000,14584940216,5473639108,20058579324
8,70000000,12982445945,5478639698,18461085643
8,70000000,14293152014,5475877188,19769029202
8,70000000,13435891146,5490865109,18926756255
8,70000000,13375912793,5475344841,18851257634
8,70000000,12937034426,5478157571,18415191997
8,70000000,13635284629,5490094929,19125379558
8,70000000,12634744975,5473874819,18108619794
8,70000000,12536515258,5475318789,18011834047
8,70000000,12962183372,5474075434,18436258806
8,70000000,13205197203,5475721430,18680918633
8,70000000,13329322788,5477308343,18806631131
8,70000000,13030007812,5479346938,18509354750
8,70000000,13049295406,5476398458,18525693864
8,70000000,13907147086,5473171607,19380318693
8,70000000,13003713749,5475204068,18478917817
8,70000000,13713664212,5475555843,19189220055
8,70000000,12871026374,5476170968,18347197342
8,70000000,12792917715,5482394292,18275312007
8,70000000,13131146718,5477343630,18608490348
8,70000000,12970898819,5476476913,18447375732
8,70000000,13661507624,5473996549,19135504173
8,70000000,13820853711,5474620865,19295474576
8,70000000,13333972869,5474418238,18808391107
8,70000000,13421582375,5475988076,18897570451
8,70000000,13321025112,5478224643,18799249755
8,70000000,13565993506,5472191802,19038185308
8,70000000,12660938080,5477260191,18138198271
8,70000000,13369322562,5473281374,18842603936
8,70000000,12995613288,5473342537,18468955825
8,70000000,12533468214,5476048608,18009516822
8,70000000,13366863037,5473680182,18840543219
8,70000000,13473287483,5473902969,18947190452
8,70000000,14030502701,5478090312,19508593013
8,70000000,14307135906,5476353778,19783489684
8,70000000,13740211922,5476645075,19216856997
8,70000000,12710146570,5474609631,18184756201
8,70000000,12661115319,5478035279,18139150598
8,70000000,13927312366,5475368720,19402681086
8,70000000,12588648935,5475645346,18064294281
8,70000000,14767499281,5476839774,20244339055
8,70000000,13399813071,5478509974,18878323045
8,70000000,13553681235,5480423665,19034104900
8,70000000,12768531906,5482656053,18251187959
8,70000000,13343173587,5485027106,18828200693
8,70000000,13070128114,5474186330,18544314444
8,70000000,13861567780,5475144457,19336712237
8,70000000,13340429379,5480755223,18821184602
8,70000000,13312958368,5488894918,18801853286
8,70000000,13493573008,5478771822,18972344830
8,70000000,13508663005,5475825855,18984488860
8,70000000,12778302966,5477409264,18255712230
8,70000000,15000213525,5473881962,20474095487
8,70000000,12981409601,5474160167,18455569768
8,70000000,15240585272,5474949489,20715534761
8,70000000,13697034404,5477307929,19174342333
8,70000000,12387151805,5476824328,17863976133
8,70000000,13298449018,5483424989,18781874007
8,70000000,12532158288,5480167186,18012325474
8,70000000,12285733261,5485739489,17771472750
8,70000000,12803066354,5473465598,18276531952
8,70000000,13940127571,5478804159,19418931730
8,70000000,13491835598,5473931152,18965766750
8,70000000,13145112560,5475585439,18620697999
8,70000000,13223259697,5475251719,18698511416
8,70000000,13547573052,5477958424,19025531476
8,70000000,13636864815,5475332065,19112196880
8,70000000,12274487449,5478636141,17753123590
8,70000000,13133739335,5475211536,18608950871
8,70000000,13470307820,5472930223,18943238043
8,70000000,14659807062,5474369427,20134176489
8,70000000,14060170006,5475808924,19535978930
8,70000000,12107088366,5475581400,17582669766
8,70000000,12893375052,5474828279,18368203331
8,70000000,13316907125,5475003288,18791910413
8,70000000,13503966014,5487472304,18991438318
8,70000000,12663939029,5475656414,18139595443
8,70000000,13018756863,5483458148,18502215011
8,70000000,14106885065,5472419858,19579304923
8,70000000,13967281615,5476263201,19443544816
8,70000000,13369032917,5476983702,18846016619
8,70000000,13319340808,5474842979,18794183787
8,70000000,12881015880,5512002955,18393018835
8,70000000,13145174835,5473746260,18618921095
8,70000000,12773166131,5477532816,18250698947
8,70000000,13448118789,5473430777,18921549566
8,70000000,14304996645,5476105214,19781101859
8,70000000,13621492622,5476225735,19097718357
8,70000000,13541991551,5473397041,19015388592
8,70000000,13114970828,5475636574,18590607402
8,70000000,13260927878,5474969933,18735897811
8,70000000,12997202867,5477391689,18474594556
8,70000000,13857807874,5473644341,19331452215
8,70000000,12682323092,5475737300,18158060392
8,70000000,14767998948,5476903562,20244902510
8,70000000,12734199836,5474542698,18208742534
8,70000000,14752995521,5473530991,20226526512
8,70000000,13211957318,5473925302,18685882620
8,80000000,14592475227,6258885922,20851361149
8,80000000,15457518489,6257468413,21714986902
8,80000000,15666306127,6256517823,21922823950
8,80000000,14444061969,6258379244,20702441213
8,80000000,14390831001,6259434738,20650265739
8,80000000,15724063907,6262711516,21986775423
8,80000000,14919304254,6267898522,21187202776
8,80000000,14723740841,6256672458,20980413299
8,80000000,15535923196,6254285165,21790208361
8,80000000,14450676154,6256622270,20707298424
8,80000000,15060636514,6260806775,21321443289
8,80000000,14270542576,6259010509,20529553085
8,80000000,13956363520,6254961580,20211325100
8,80000000,14836533326,6256525946,21093059272
8,80000000,14984897927,6259455330,21244353257
8,80000000,15800149246,6265535874,22065685120
8,80000000,16029707163,6255370230,22285077393
8,80000000,14144446868,6255821620,20400268488
8,80000000,14222188842,6265574827,20487763669
8,80000000,14035784461,6259895268,20295679729
8,80000000,14352458717,6263208179,20615666896
8,80000000,14398046946,6282104906,20680151852
8,80000000,14856683861,6270635511,21127319372
8,80000000,14799310241,6257655771,21056966012
8,80000000,14577598923,6262427439,20840026362
8,80000000,14333696333,6259135499,20592831832
8,80000000,14314141542,6254373730,20568515272
8,80000000,14364960785,6257594624,20622555409
8,80000000,14653631475,6257007538,20910639013
8,80000000,14130099079,6258310702,20388409781
8,80000000,16210562025,6261834260,22472396285
8,80000000,15517238733,6257060075,21774298808
8,80000000,14805525910,6257564073,21063089983
8,80000000,15147749856,6257279037,21405028893
8,80000000,14279413775,6254918571,20534332346
8,80000000,14515551389,6275948639,20791500028
8,80000000,15284664825,6255299788,21539964613
8,80000000,14504662254,6278990973,20783653227
8,80000000,15042110816,6268762982,21310873798
8,80000000,14323838370,6279024716,20602863086
8,80000000,14933331022,6256052642,21189383664
8,80000000,14979113552,6255690580,21234804132
8,80000000,16415068510,6285805565,22700874075
8,80000000,15001734979,6255343465,21257078444
8,80000000,15653286134,6254624817,21907910951
8,80000000,15106511712,6257421851,21363933563
8,80000000,16638402341,6257626866,22896029207
8,80000000,15576859449,6254655662,21831515111
8,80000000,14946375863,6257408648,21203784511
8,80000000,14372270147,6256205489,20628475636
8,80000000,15288278082,6256345528,21544623610
8,80000000,14811761971,6258844517,21070606488
8,80000000,13853956522,6257958733,20111915255
8,80000000,14261580135,6257008592,20518588727
8,80000000,14149421364,6257332248,20406753612
8,80000000,13975533319,6262781418,20238314737
8,80000000,15513668487,6259236513,21772905000
8,80000000,14165682710,6261626158,20427308868
8,80000000,14888358856,6259731996,21148090852
8,80000000,14526235448,6258992724,20785228172
8,80000000,14475962470,6257013134,20732975604
8,80000000,16047492424,6258486018,22305978442
8,80000000,15665300376,6257699304,21922999680
8,80000000,15785923479,6257905013,22043828492
8,80000000,14091256096,6256868804,20348124900
8,80000000,16195085795,6258746815,22453832610
8,80000000,15463185932,6257869958,21721055890
8,80000000,14680550075,6272887308,20953437383
8,80000000,14345182017,6286290789,20631472806
8,80000000,14930915560,6258973567,21189889127
8,80000000,13726824427,6257756747,19984581174
8,80000000,14864471691,6257992301,21122463992
8,80000000,14384072219,6255316788,20639389007
8,80000000,14089991649,6277799212,20367790861
8,80000000,14884569938,6255651106,21140221044
8,80000000,14614714814,6253952535,20868667349
8,80000000,16241637877,6258138835,22499776712
8,80000000,14538518753,6258515210,20797033963
8,80000000,14826109447,6266872899,21092982346
8,80000000,15648444319,6255512133,21903956452
8,80000000,14357660275,6259803559,20617463834
8,80000000,15278359674,6256994077,21535353751
8,80000000,14447241701,6256093748,20703335449
8,80000000,14708974751,6811420072,21520394823
8,80000000,16462557366,6257500419,22720057785
8,80000000,14429973142,6256576523,20686549665
8,80000000,16030633496,6257367704,22288001200
8,80000000,14974912398,6256296043,21231208441
8,80000000,14309690397,6258029406,20567719803
8,80000000,14194298730,6255551075,20449849805
8,80000000,15098764657,6256405228,21355169885
8,80000000,14092294954,6268667500,20360962454
8,80000000,15427548755,6255123374,21682672129
8,80000000,15882861931,6256901532,22139763463
8,80000000,16010284681,6256980329,22267265010
8,80000000,14768818075,6257000345,21025818420
8,80000000,14832318810,6262163076,21094481886
8,80000000,16068267426,6273485395,22341752821
8,80000000,14631036595,6257058909,20888095504
8,80000000,14605807616,6256660803,20862468419
8,80000000,14004002260,6259302986,20263305246
8,80000000,15325370692,6258525270,21583895962
8,80000000,14946437351,6261644437,21208081788
8,80000000,16459728681,6261655231,22721383912
8,80000000,14238908020,6258645935,20497553955
8,80000000,14544735086,6256347040,20801082126
8,80000000,14833579032,6257679430,21091258462
8,80000000,14712712407,6256774933,20969487340
8,80000000,13673828367,6256870891,19930699258
8,80000000,16229986910,6280537434,22510524344
8,80000000,14404527993,6255981465,20660509458
8,80000000,14436049432,6258502224,20694551656
8,80000000,15537494892,6257101614,21794596506
8,80000000,14570340422,6260441330,20830781752
8,80000000,14587084275,6257560719,20844644994
8,90000000,17969358742,7038896496,25008255238
8,90000000,16310826197,7036024582,23346850779
8,90000000,16222401551,7043721107,23266122658
8,90000000,18256174155,7054093215,25310267370
8,90000000,17595778898,7048313033,24644091931
8,90000000,16479591963,7039657666,23519249629
8,90000000,17766626997,7038922923,24805549920
8,90000000,17130517125,7039746711,24170263836
8,90000000,18546005633,7038841778,25584847411
8,90000000,17590421288,7037049047,24627470335
8,90000000,18080210979,7036513318,25116724297
8,90000000,17404781602,7045359729,24450141331
8,90000000,17317644029,7042891093,24360535122
8,90000000,17787425300,7042162422,24829587722
8,90000000,19102608926,7039359339,26141968265
8,90000000,17995560738,7037243171,25032803909
8,90000000,16467291164,7053225946,23520517110
8,90000000,17472679590,7037156323,24509835913
8,90000000,17743716227,7054352846,24798069073
8,90000000,17567925519,7046468326,24614393845
8,90000000,18474283726,7036326991,25510610717
8,90000000,16912101303,7039437244,23951538547
8,90000000,17005630942,7051735544,24057366486
8,90000000,18235906419,7037880403,25273786822
8,90000000,17186974056,7036304655,24223278711
8,90000000,17666159503,7049815838,24715975341
8,90000000,18009945424,7037826382,25047771806
8,90000000,18252119530,7042566662,25294686192
8,90000000,19120308540,7038639626,26158948166
8,90000000,17636705735,7038613244,24675318979
8,90000000,18822096131,7054421131,25876517262
8,90000000,18610709228,7047822215,25658531443
8,90000000,16925791815,7037767055,23963558870
8,90000000,15979771493,7046421571,23026193064
8,90000000,16096842216,7039246106,23136088322
8,90000000,17490722809,7037226231,24527949040
8,90000000,17726808385,7045870661,24772679046
8,90000000,17877099616,7052953203,24930052819
8,90000000,17800588198,7036607644,24837195842
8,90000000,15933105753,7050289902,22983395655
8,90000000,18161696036,7036352450,25198048486
8,90000000,17022162645,7037936919,24060099564
8,90000000,18439851711,7038075832,25477927543
8,90000000,18455237267,7037056646,25492293913
8,90000000,17242018983,7065143568,24307162551
8,90000000,17386104916,7049600035,24435704951
8,90000000,16156046330,7038154519,23194200849
8,90000000,17670853357,7055571638,24726424995
8,90000000,18210569516,7037024548,25247594064
8,90000000,17105279538,7052794943,24158074481
8,90000000,16392706492,7040285708,23432992200
8,90000000,16474339836,7038171288,23512511124
8,90000000,15900227996,7057794563,22958022559
8,90000000,17119551673,7054935331,24174487004
8,90000000,17277700692,7038208596,24315909288
8,90000000,16935642138,7039380703,23975022841
8,90000000,17976781179,7052755907,25029537086
8,90000000,18414025446,7061114196,25475139642
8,90000000,17757351039,7036936421,24794287460
8,90000000,17790076717,7036212595,24826289312
8,90000000,17484283508,7054081805,24538365313
8,90000000,16224626786,7055079275,23279706061
8,90000000,17163503511,7039798306,24203301817
8,90000000,17690184798,7063655237,24753840035
8,90000000,17605926725,7040801543,24646728268
8,90000000,16405699666,7047712238,23453411904
8,90000000,18475861197,7052301327,25528162524
8,90000000,17286997278,7048164692,24335161970
8,90000000,16321789197,7038480769,23360269966
8,90000000,17209481107,7038128383,24247609490
8,90000000,16550205135,7039683122,23589888257
8,90000000,17819874538,7051425701,24871300239
8,90000000,17596330446,7037925359,24634255805
8,90000000,17945905132,7038052962,24983958094
8,90000000,16118463689,7036529201,23154992890
8,90000000,17836527388,7039897893,24876425281
8,90000000,15996325098,7035946105,23032271203
8,90000000,17928127724,7047259593,24975387317
8,90000000,17692064479,7038686413,24730750892
8,90000000,17227575067,7039052519,24266627586
8,90000000,17350449247,7038821828,24389271075
8,90000000,16514809652,7046098933,23560908585
8,90000000,17164894073,7040455636,24205349709
8,90000000,17422638924,7037068222,24459707146
8,90000000,17145599940,7040118253,24185718193
8,90000000,17702549542,7035727565,24738277107
8,90000000,17752406601,7035515741,24787922342
8,90000000,16778990755,7039099172,23818089927
8,90000000,17517153193,7036103241,24553256434
8,90000000,18595492228,7058517872,25654010100
8,90000000,17286770989,7040375498,24327146487
8,90000000,17927337912,7061705674,24989043586
8,90000000,18995721211,7050531233,26046252444
8,90000000,17688883555,7038059949,24726943504
8,90000000,16195149694,7049149903,23244299597
8,90000000,18028453217,7037897252,25066350469
8,90000000,18056339758,7038391079,25094730837
8,90000000,17428005219,7049336563,24477341782
8,90000000,18280387691,7055707520,25336095211
8,90000000,15702385532,7037592050,22739977582
8,90000000,15974168185,7037375641,23011543826
8,90000000,18238529024,7038402203,25276931227
8,90000000,18799674860,7038218956,25837893816
8,90000000,17002692161,7053079951,24055772112
8,90000000,17626829387,7040884006,24667713393
8,90000000,17139407911,7038236201,24177644112
8,90000000,18273147527,7050014845,25323162372
8,90000000,16506516269,7038715425,23545231694
8,90000000,16166797494,7040288596,23207086090
8,90000000,16269297462,7036908749,23306206211
8,90000000,19129132053,7040488695,26169620748
8,90000000,16721593384,7044326509,23765919893
8,90000000,17630788389,7036164974,24666953363
8,90000000,17125770015,7036614360,24162384375
8,90000000,16800171567,7043259170,23843430737
8,100000000,19907372705,8142605436,28049978141
8,100000000,19684291167,8045362999,27729654166
8,100000000,19268264707,8142953299,27411218006
8,100000000,19835857617,8108335996,27944193613
8,100000000,18247880035,8161959924,26409839959
8,100000000,19149833104,7865383103,27015216207
8,100000000,19879479361,8100626731,27980106092
8,100000000,18726001055,8093950011,26819951066
8,100000000,20095972963,8133353055,28229326018
8,100000000,19247633604,7956698510,27204332114
8,100000000,19057161822,8117231221,27174393043
8,100000000,20340699374,8093987686,28434687060
8,100000000,18674977859,8108660358,26783638217
8,100000000,19080674996,7974419702,27055094698
8,100000000,18536552434,8085176789,26621729223
8,100000000,18394025171,8134283806,26528308977
8,100000000,20882738512,8217013083,29099751595
8,100000000,19050257396,8135934118,27186191514
8,100000000,18688814714,8155240993,26844055707
8,100000000,20117169535,8047219326,28164388861
8,100000000,19430654888,8160313246,27590968134
8,100000000,19579975538,8177955977,27757931515
8,100000000,20130999434,8069385684,28200385118
8,100000000,20134611432,8009112579,28143724011
8,100000000,19400299332,8149661421,27549960753
8,100000000,17455412822,8154086324,25609499146
8,100000000,19960277832,8083405775,28043683607
8,100000000,19447408768,8161332559,27608741327
8,100000000,18981604491,8112880932,27094485423
8,100000000,19847865574,8090324938,27938190512
8,100000000,19382216431,8201402606,27583619037
8,100000000,19193636057,8014584236,27208220293
8,100000000,18203406176,8075586285,26278992461
8,100000000,20028867086,8141585772,28170452858
8,100000000,19419538773,8173487746,27593026519
8,100000000,19872852733,8176540635,28049393368
8,100000000,18417865906,8165312140,26583178046
8,100000000,20514712818,8159575972,28674288790
8,100000000,18162454154,8129511542,26291965696
8,100000000,18768434701,8125356151,26893790852
8,100000000,17642111125,8166723714,25808834839
8,100000000,19772949649,8167089699,27940039348
8,100000000,20348322807,8041423024,28389745831
8,100000000,20328174067,8128353280,28456527347
8,100000000,19840218308,8163751681,28003969989
8,100000000,19833373883,8180536750,28013910633
8,100000000,20473456422,8146153124,28619609546
8,100000000,18904757269,8212868040,27117625309
8,100000000,20352945588,8167098580,28520044168
8,100000000,20214442027,8217179149,28431621176
8,100000000,18913009216,8148317200,27061326416
8,100000000,18451069513,8159335637,26610405150
8,100000000,19049587356,8173531542,27223118898
8,100000000,18815257129,8208417899,27023675028
8,100000000,18577273241,8147283028,26724556269
8,100000000,18921900047,7959536782,26881436829
8,100000000,20117285908,8173472122,28290758030
8,100000000,18820112622,8156067227,26976179849
8,100000000,18771856945,8113102560,26884959505
8,100000000,19093964186,8171893136,27265857322
8,100000000,20232793344,8140985068,28373778412
8,100000000,18938615065,8170341014,27108956079
8,100000000,18647098857,8170405864,26817504721
8,100000000,18998395361,8035682282,27034077643
8,100000000,18357038055,8173864995,26530903050
8,100000000,18771510957,8187618990,26959129947
8,100000000,19951644906,8109056071,28060700977
8,100000000,18908036075,7961801891,26869837966
8,100000000,19970366209,8092392708,28062758917
8,100000000,19423933795,8108135887,27532069682
8,100000000,19920486741,8068450853,27988937594
8,100000000,18760073530,8105932132,26866005662
8,100000000,19625043211,8088269847,27713313058
8,100000000,18674699840,8097429120,26772128960
8,100000000,19311396855,8177505905,27488902760
8,100000000,19146250290,8134417787,27280668077
8,100000000,20354426019,8150590296,28505016315
8,100000000,18552313406,8034187834,26586501240
8,100000000,19626644883,8161528361,27788173244
8,100000000,19534432384,8029513834,27563946218
8,100000000,19971920355,8166990231,28138910586
8,100000000,20461809967,8154157839,28615967806
8,100000000,19687522545,8134682119,27822204664
8,100000000,19324390312,8169694771,27494085083
8,100000000,18681473568,8077574127,26759047695
8,100000000,19241590782,8120811026,27362401808
8,100000000,19540968022,8172922487,27713890509
8,100000000,18971436257,8054666261,27026102518
8,100000000,19780889724,8173823598,27954713322
8,100000000,19645594794,7994767372,27640362166
8,100000000,20092229034,8109030878,28201259912
8,100000000,18256213090,8201013208,26457226298
8,100000000,20507646875,8120142132,28627789007
8,100000000,18189511452,8109741091,26299252543
8,100000000,20255270216,8108766443,28364036659
8,100000000,18053703216,8022316069,26076019285
8,100000000,18924889923,8159707202,27084597125
8,100000000,19452287261,8179119466,27631406727
8,100000000,19075938060,8150770103,27226708163
8,100000000,19704067239,8140775245,27844842484
8,100000000,19922228281,8095398109,28017626390
8,100000000,20164646573,8053043104,28217689677
8,100000000,20401801974,8162324078,28564126052
8,100000000,19605895286,8080221879,27686117165
8,100000000,20259842109,8160459724,28420301833
8,100000000,19189523247,8198441509,27387964756
8,100000000,20448913891,8175212995,28624126886
8,100000000,19512051408,8152831033,27664882441
8,100000000,18763084010,8120771712,26883855722
8,100000000,18602021183,8000922342,26602943525
8,100000000,18201874998,8096349452,26298224450
8,100000000,19840432409,8073298488,27913730897
8,100000000,19420913782,8209178716,27630092498
8,100000000,18798522386,8175650699,26974173085
8,100000000,19754673765,8174545025,27929218790
10,1000,3856677,164302,4020979
10,1000,3887155,177738,4064893
10,1000,4172543,149477,4322020
10,1000,3844102,220101,4064203
10,1000,4837341,147748,4985089
10,1000,4127374,112954,4240328
10,1000,3605016,112034,3717050
10,1000,3763168,130640,3893808
10,1000,3830063,109610,3939673
10,1000,4149427,142562,4291989
10,1000,3730020,105515,3835535
10,1000,3607683,147965,3755648
10,1000,3152017,114466,3266483
10,1000,3750654,102899,3853553
10,1000,4189636,148543,4338179
10,1000,3976405,232942,4209347
10,1000,3821466,161149,3982615
10,1000,4327574,163632,4491206
10,1000,4180291,148511,4328802
10,1000,4238305,210319,4448624
10,1000,3394103,147014,3541117
10,1000,4403787,186349,4590136
10,1000,3864956,156388,4021344
10,1000,4007315,174123,4181438
10,1000,4217138,187006,4404144
10,1000,3163753,152654,3316407
10,1000,3258387,149680,3408067
10,1000,3753142,172374,3925516
10,1000,3822388,203059,4025447
10,1000,3566474,154321,3720795
10,1000,3867680,173754,4041434
10,1000,3447084,165282,3612366
10,1000,3530151,157504,3687655
10,1000,4032167,155083,4187250
10,1000,3827407,126825,3954232
10,1000,3407657,149105,3556762
10,1000,4009108,179082,4188190
10,1000,3544577,149570,3694147
10,1000,3544342,121149,3665491
10,1000,3931048,105506,4036554
10,1000,3675064,150766,3825830
10,1000,4099519,149390,4248909
10,1000,3791032,141908,3932940
10,1000,4127045,113221,4240266
10,1000,3580580,164244,3744824
10,1000,4004501,162930,4167431
10,1000,3458315,148619,3606934
10,1000,3481499,114133,3595632
10,1000,3651240,163350,3814590
10,1000,3511071,154711,3665782
10,1000,3793408,154861,3948269
10,1000,3670228,158101,3828329
10,1000,3703217,146449,3849666
10,1000,3346011,159241,3505252
10,1000,4326746,185422,4512168
10,1000,3479636,112465,3592101
10,1000,3886234,151042,4037276
10,1000,3716845,101396,3818241
10,1000,4120580,162166,4282746
10,1000,4069173,151978,4221151
10,1000,3895979,142487,4038466
10,1000,3903996,170808,4074804
10,1000,4217150,160480,4377630
10,1000,3846862,147767,3994629
10,1000,4541349,147967,4689316
10,1000,3920618,199882,4120500
10,1000,4364433,152993,4517426
10,1000,3889906,142556,4032462
10,1000,3924690,143309,4067999
10,1000,4068663,106507,4175170
10,1000,3685741,151234,3836975
10,1000,3584048,170820,3754868
10,1000,3617135,107411,3724546
10,1000,3891678,185867,4077545
10,1000,3894899,107960,4002859
10,1000,3996800,147863,4144663
10,1000,3682869,148670,3831539
10,1000,5240665,175346,5416011
10,1000,4222438,152404,4374842
10,1000,4018401,113766,4132167
10,1000,4246257,129334,4375591
10,1000,4312726,149128,4461854
10,1000,3690505,151894,3842399
10,1000,4100356,154114,4254470
10,1000,4072104,154678,4226782
10,1000,3452878,105568,3558446
10,1000,3966956,175047,4142003
10,1000,3501943,106324,3608267
10,1000,3385026,154069,3539095
10,1000,3319617,151483,3471100
10,1000,3849357,177115,4026472
10,1000,3723226,162190,3885416
10,1000,3733281,111304,3844585
10,1000,3321159,151816,3472975
10,1000,3601995,157057,3759052
10,1000,4127690,158239,4285929
10,1000,3261201,158272,3419473
10,1000,3206266,148958,3355224
10,1000,3725142,149255,3874397
10,1000,4428425,145262,4573687
10,1000,3649704,165606,3815310
10,1000,3838415,150677,3989092
10,1000,3688934,243082,3932016
10,1000,3671383,150052,3821435
10,1000,3446554,153592,3600146
10,1000,4252853,126078,4378931
10,1000,4052846,165010,4217856
10,1000,3391425,143642,3535067
10,1000,4053679,140033,4193712
10,1000,4356793,159433,4516226
10,1000,3920296,116955,4037251
10,1000,4028496,147991,4176487
10,1000,4054114,134484,4188598
10,1000,3935606,172917,4108523
10,1000,3439595,120054,3559649
10,2000,3697571,205794,3903365
10,2000,4294304,280264,4574568
10,2000,4567741,293248,4860989
10,2000,4330281,323623,4653904
10,2000,3862930,214832,4077762
10,2000,3915494,222476,4137970
10,2000,4265642,199780,4465422
10,2000,4461516,286239,4747755
10,2000,3370987,221972,3592959
10,2000,4359714,301415,4661129
10,2000,3984708,308261,4292969
10,2000,3694725,198766,3893491
10,2000,3932176,196477,4128653
10,2000,3665408,258411,3923819
10,2000,4007253,201489,4208742
10,2000,3508609,200833,3709442
10,2000,4594355,306667,4901022
10,2000,4791373,305058,5096431
10,2000,4225245,309980,4535225
10,2000,4102000,307553,4409553
10,2000,4082954,197941,4280895
10,2000,3349506,203080,3552586
10,2000,4427927,216546,4644473
10,2000,4352531,274420,4626951
10,2000,4172384,198610,4370994
10,2000,4941720,214497,5156217
10,2000,3305748,283933,3589681
10,2000,3705254,284284,3989538
10,2000,3495545,198958,3694503
10,2000,3776309,227537,4003846
10,2000,3995061,204742,4199803
10,2000,4143916,215211,4359127
10,2000,3481842,285292,3767134
10,2000,3429920,287727,3717647
10,2000,3908931,286048,4194979
10,2000,3534557,281656,3816213
10,2000,3994649,280088,4274737
10,2000,4296796,221951,4518747
10,2000,4379915,224135,4604050
10,2000,3689463,282022,3971485
10,2000,4064905,253644,4318549
10,2000,3826172,216327,4042499
10,2000,3462427,227537,3689964
10,2000,3799688,211875,4011563
10,2000,3883762,281317,4165079
10,2000,4698888,325114,5024002
10,2000,4286319,322942,4609261
10,2000,4850014,226805,5076819
10,2000,4310679,302451,4613130
10,2000,4254041,209637,4463678
10,2000,4567738,292179,4859917
10,2000,3430791,300141,3730932
10,2000,3409103,204463,3613566
10,2000,4524009,313073,4837082
10,2000,4092906,301418,4394324
10,2000,4206612,294303,4500915
10,2000,3914962,284736,4199698
10,2000,4547874,298635,4846509
10,2000,4291331,279437,4570768
10,2000,4608913,320801,4929714
10,2000,3970306,286777,4257083
10,2000,3359639,199534,3559173
10,2000,3711869,202399,3914268
10,2000,3900532,279350,4179882
10,2000,4047041,210970,4258011
10,2000,4851233,203752,5054985
10,2000,3457535,278065,3735600
10,2000,4665792,341397,5007189
10,2000,4672044,291742,4963786
10,2000,3628306,281617,3909923
10,2000,3665447,314441,3979888
10,2000,3805186,292488,4097674
10,2000,3589592,282693,3872285
10,2000,4275547,283096,4558643
10,2000,3857641,309616,4167257
10,2000,4101292,278821,4380113
10,2000,4286235,283792,4570027
10,2000,3934825,308939,4243764
10,2000,4540863,297210,4838073
10,2000,4765778,254787,5020565
10,2000,4989946,301749,5291695
10,2000,3524782,283885,3808667
10,2000,4319697,261071,4580768
10,2000,3533659,296797,3830456
10,2000,4423314,338430,4761744
10,2000,4117992,209157,4327149
10,2000,4160083,239111,4399194
10,2000,4416657,241924,4658581
10,2000,3626582,277336,3903918
10,2000,3428026,279073,3707099
10,2000,4143187,277366,4420553
10,2000,4004636,288331,4292967
10,2000,4073157,196585,4269742
10,2000,3756409,289951,4046360
10,2000,4489659,295891,4785550
10,2000,3651395,202611,3854006
10,2000,4728440,280912,5009352
10,2000,4048195,305798,4353993
10,2000,4080513,264596,4345109
10,2000,4261949,300339,4562288
10,2000,3669013,291783,3960796
10,2000,4029894,278320,4308214
10,2000,4031508,283612,4315120
10,2000,3688998,300207,3989205
10,2000,4062182,214051,4276233
10,2000,3855862,281680,4137542
10,2000,3853747,203880,4057627
10,2000,3872220,303180,4175400
10,2000,3552610,200686,3753296
10,2000,4842251,280180,5122431
10,2000,4245287,319169,4564456
10,2000,3358802,199822,3558624
10,2000,4664691,307427,4972118
10,2000,4248867,199084,4447951
10,2000,4995562,205845,5201407
10,3000,4477786,422907,4900693
10,3000,4434487,327703,4762190
10,3000,3482247,331603,3813850
10,3000,5075863,435213,5511076
10,3000,4334451,420462,4754913
10,3000,4246587,354830,4601417
10,3000,4205522,417298,4622820
10,3000,4792146,311657,5103803
10,3000,5102897,293871,5396768
10,3000,4290394,295164,4585558
10,3000,4447672,397031,4844703
10,3000,4263694,427071,4690765
10,3000,3619777,419967,4039744
10,3000,4741555,440459,5182014
10,3000,4458366,413883,4872249
10,3000,4220302,421414,4641716
10,3000,3865591,369846,4235437
10,3000,4313978,409195,4723173
10,3000,4373124,435398,4808522
10,3000,4207700,296034,4503734
10,3000,4606321,416401,5022722
10,3000,4342598,303867,4646465
10,3000,3874670,300815,4175485
10,3000,4045621,302204,4347825
10,3000,4458817,412654,4871471
10,3000,3981393,423684,4405077
10,3000,5057405,362102,5419507
10,3000,3778478,288829,4067307
10,3000,4602276,419784,5022060
10,3000,4398433,331257,4729690
10,3000,4160989,310625,4471614
10,3000,4616793,455268,5072061
10,3000,3934816,435848,4370664
10,3000,3966310,442057,4408367
10,3000,3725098,409768,4134866
10,3000,4031667,427287,4458954
10,3000,4423187,435347,4858534
10,3000,4090873,418264,4509137
10,3000,4411075,296835,4707910
10,3000,4740333,438056,5178389
10,3000,4496021,407368,4903389
10,3000,4140802,292621,4433423
10,3000,4478453,334354,4812807
10,3000,3427529,411529,3839058
10,3000,4387893,410515,4798408
10,3000,4612210,423999,5036209
10,3000,4364895,307779,4672674
10,3000,4131065,422172,4553237
10,3000,4058154,314471,4372625
10,3000,4390255,295333,4685588
10,3000,5282425,440789,5723214
10,3000,4167554,422244,4589798
10,3000,3740673,449929,4190602
10,3000,4509614,291231,4800845
10,3000,4789365,418332,5207697
10,3000,4827471,472044,5299515
10,3000,4517152,323734,4840886
10,3000,4374360,412108,4786468
10,3000,4942329,422271,5364600
10,3000,4415501,292536,4708037
10,3000,4794551,357293,5151844
10,3000,4819429,412318,5231747
10,3000,4284951,439789,4724740
10,3000,3962638,423876,4386514
10,3000,4768510,380266,5148776
10,3000,4492324,438671,4930995
10,3000,4405030,317675,4722705
10,3000,4381868,439580,4821448
10,3000,3678782,298683,3977465
10,3000,3959513,420279,4379792
10,3000,4134548,329452,4464000
10,3000,4424273,421338,4845611
10,3000,3953933,446036,4399969
10,3000,4508909,300105,4809014
10,3000,4560531,412534,4973065
10,3000,4149411,439211,4588622
10,3000,3748598,398743,4147341
10,3000,4310380,424500,4734880
10,3000,4511658,304668,4816326
10,3000,3969598,422080,4391678
10,3000,4444053,425048,4869101
10,3000,4072863,430973,4503836
10,3000,4155417,450163,4605580
10,3000,3648801,292218,3941019
10,3000,4241187,309416,4550603
10,3000,3858174,292282,4150456
10,3000,3902475,426177,4328652
10,3000,3936037,416413,4352450
10,3000,3984030,375649,4359679
10,3000,3781547,417322,4198869
10,3000,5278081,436143,5714224
10,3000,3434437,294301,3728738
10,3000,4036409,419916,4456325
10,3000,4528352,417100,4945452
10,3000,4629221,454583,5083804
10,3000,4709883,446668,5156551
10,3000,4553778,350582,4904360
10,3000,4668102,383076,5051178
10,3000,4648708,412650,5061358
10,3000,4578282,428565,5006847
10,3000,3944287,418530,4362817
10,3000,3892740,294312,4187052
10,3000,4921380,441076,5362456
10,3000,4261257,430746,4692003
10,3000,4783956,298116,5082072
10,3000,4410587,294117,4704704
10,3000,3840959,299601,4140560
10,3000,4847802,410331,5258133
10,3000,4258715,443399,4702114
10,3000,4703595,422901,5126496
10,3000,3676327,438800,4115127
10,3000,4450915,293718,4744633
10,3000,4323900,364586,4688486
10,3000,3559837,419649,3979486
10,3000,3571972,429086,4001058
10,4000,4131240,390470,4521710
10,4000,3755035,566659,4321694
10,4000,5088366,540915,5629281
10,4000,5238154,412111,5650265
10,4000,4247070,561729,4808799
10,4000,4974140,577291,5551431
10,4000,4041959,409265,4451224
10,4000,5478393,404512,5882905
10,4000,4737283,471237,5208520
10,4000,4241504,477959,4719463
10,4000,3993407,478334,4471741
10,4000,3737051,387224,4124275
10,4000,5050173,445615,5495788
10,4000,4002446,538675,4541121
10,4000,4326762,464814,4791576
10,4000,4828219,441725,5269944
10,4000,4923813,553659,5477472
10,4000,4044323,390419,4434742
10,4000,4814246,437339,5251585
10,4000,4067565,458344,4525909
10,4000,4056691,572417,4629108
10,4000,5128593,456217,5584810
10,4000,4044143,414088,4458231
10,4000,3809825,546246,4356071
10,4000,4701150,438248,5139398
10,4000,4489838,392613,4882451
10,4000,4149427,427604,4577031
10,4000,3950081,537522,4487603
10,4000,4582950,468306,5051256
10,4000,4488286,547210,5035496
10,4000,4511075,544876,5055951
10,4000,4722176,571489,5293665
10,4000,4800045,445214,5245259
10,4000,4054714,557610,4612324
10,4000,4008865,555198,4564063
10,4000,5263890,584008,5847898
10,4000,4414660,565967,4980627
10,4000,4499224,395286,4894510
10,4000,4089416,454606,4544022
10,4000,4965030,553599,5518629
10,4000,4716470,386115,5102585
10,4000,4626242,554874,5181116
10,4000,4279575,549006,4828581
10,4000,4658460,556665,5215125
10,4000,4201992,390932,4592924
10,4000,4164704,550587,4715291
10,4000,3825746,567539,4393285
10,4000,3844828,545020,4389848
10,4000,4189894,385245,4575139
10,4000,4510526,563444,5073970
10,4000,4837766,551712,5389478
10,4000,4266016,552771,4818787
10,4000,4114062,591976,4706038
10,4000,4551953,412801,4964754
10,4000,4610448,574877,5185325
10,4000,4803671,547881,5351552
10,4000,3747410,553184,4300594
10,4000,3681072,393017,4074089
10,4000,3881003,578908,4459911
10,4000,4259852,550824,4810676
10,4000,4825279,391587,5216866
10,4000,4840255,455905,5296160
10,4000,3641219,397847,4039066
10,4000,4661418,393221,5054639
10,4000,4600562,557601,5158163
10,4000,4482013,408112,4890125
10,4000,4138630,439688,4578318
10,4000,4768093,555536,5323629
10,4000,3876426,548541,4424967
10,4000,4730123,470275,5200398
10,4000,4841190,537646,5378836
10,4000,4694376,568091,5262467
10,4000,4025617,394368,4419985
10,4000,5010750,567686,5578436
10,4000,3951149,553641,4504790
10,4000,4304573,555324,4859897
10,4000,4442104,465828,4907932
10,4000,4686905,551754,5238659
10,4000,4404570,477086,4881656
10,4000,4717871,548400,5266271
10,4000,4968152,583570,5551722
10,4000,4141165,392049,4533214
10,4000,4376442,568328,4944770
10,4000,4459439,566561,5026000
10,4000,3934200,577481,4511681
10,4000,4520951,482279,5003230
10,4000,3752786,391812,4144598
10,4000,3985956,398117,4384073
10,4000,3847539,438173,4285712
10,4000,3920330,412855,4333185
10,4000,4222420,389405,4611825
10,4000,4791537,562482,5354019
10,4000,4449397,585595,5034992
10,4000,4987702,566402,5554104
10,4000,4806992,444610,5251602
10,4000,4797035,386801,5183836
10,4000,4432236,486866,4919102
10,4000,4337597,393816,4731413
10,4000,4101055,549282,4650337
10,4000,4362857,569372,4932229
10,4000,5998343,448288,6446631
10,4000,4536333,552291,5088624
10,4000,4434188,491380,4925568
10,4000,3821940,555837,4377777
10,4000,3725430,479069,4204499
10,4000,4617021,548784,5165805
10,4000,3957722,473589,4431311
10,4000,4648092,575752,5223844
10,4000,4972836,558558,5531394
10,4000,4178152,405070,4583222
10,4000,4866475,542986,5409461
10,4000,4563355,565853,5129208
10,4000,4596504,575654,5172158
10,4000,4166639,384774,4551413
10,4000,4787625,405022,5192647
10,5000,4683914,614848,5298762
10,5000,5206339,492222,5698561
10,5000,4750079,504260,5254339
10,5000,4743779,510975,5254754
10,5000,4987156,512864,5500020
10,5000,4052234,689009,4741243
10,5000,4772435,601361,5373796
10,5000,4143655,693389,4837044
10,5000,4696495,691814,5388309
10,5000,4275666,697546,4973212
10,5000,3986526,693026,4679552
10,5000,5573804,503602,6077406
10,5000,4683005,689780,5372785
10,5000,3959140,696895,4656035
10,5000,4379954,680145,5060099
10,5000,4335435,585839,4921274
10,5000,4760655,488423,5249078
10,5000,5710567,695768,6406335
10,5000,4800803,691520,5492323
10,5000,4761378,483164,5244542
10,5000,5757079,699491,6456570
10,5000,4273482,482845,4756327
10,5000,4933598,561953,5495551
10,5000,4620036,518417,5138453
10,5000,4148770,687047,4835817
10,5000,4621461,732704,5354165
10,5000,4777909,683778,5461687
10,5000,4037177,684468,4721645
10,5000,3976644,681522,4658166
10,5000,4737193,490153,5227346
10,5000,5219613,621049,5840662
10,5000,4455033,505887,4960920
10,5000,5405345,484853,5890198
10,5000,4302817,682575,4985392
10,5000,4572454,708671,5281125
10,5000,4237890,732309,4970199
10,5000,5247293,720508,5967801
10,5000,5080236,686616,5766852
10,5000,4484971,698587,5183558
10,5000,4385225,683118,5068343
10,5000,5562171,500077,6062248
10,5000,4863043,687933,5550976
10,5000,4810043,689222,5499265
10,5000,5511564,725790,6237354
10,5000,4194654,714486,4909140
10,5000,4644043,721266,5365309
10,5000,4289790,700555,4990345
10,5000,4933567,497781,5431348
10,5000,4809940,693248,5503188
10,5000,5439635,720888,6160523
10,5000,4666579,725548,5392127
10,5000,4177106,493804,4670910
10,5000,4530614,496414,5027028
10,5000,5252028,694631,5946659
10,5000,4288425,498751,4787176
10,5000,4972269,693791,5666060
10,5000,4887593,825998,5713591
10,5000,5534900,516254,6051154
10,5000,4485343,517416,5002759
10,5000,4644881,493174,5138055
10,5000,4572760,693581,5266341
10,5000,4326174,712177,5038351
10,5000,5144375,715272,5859647
10,5000,4534356,695690,5230046
10,5000,4506614,689412,5196026
10,5000,4162735,542358,4705093
10,5000,5298753,697085,5995838
10,5000,4838762,707152,5545914
10,5000,4014257,495919,4510176
10,5000,5165646,717364,5883010
10,5000,4690444,688574,5379018
10,5000,4106670,685899,4792569
10,5000,4633177,604550,5237727
10,5000,4633184,522515,5155699
10,5000,5337210,695423,6032633
10,5000,4356976,503358,4860334
10,5000,4193581,684516,4878097
10,5000,5052341,691439,5743780
10,5000,4149405,488702,4638107
10,5000,4555857,697835,5253692
10,5000,4591905,706930,5298835
10,5000,4898934,500311,5399245
10,5000,4537777,702467,5240244
10,5000,4665840,537940,5203780
10,5000,4942442,488183,5430625
10,5000,4171868,712780,4884648
10,5000,4827365,478355,5305720
10,5000,5032089,500688,5532777
10,5000,4611879,705406,5317285
10,5000,3803383,482450,4285833
10,5000,4439464,679692,5119156
10,5000,4963660,688229,5651889
10,5000,4909941,491722,5401663
10,5000,4319938,682805,5002743
10,5000,4577625,693830,5271455
10,5000,4349753,681682,5031435
10,5000,4532526,673902,5206428
10,5000,4966278,683694,5649972
10,5000,4183385,679926,4863311
10,5000,4245491,675336,4920827
10,5000,4421517,692171,5113688
10,5000,4545722,498763,5044485
10,5000,4124756,497089,4621845
10,5000,5049690,689014,5738704
10,5000,4680854,601794,5282648
10,5000,4281967,492394,4774361
10,5000,4539846,509940,5049786
10,5000,4713711,720453,5434164
10,5000,4489608,486365,4975973
10,5000,4264714,702428,4967142
10,5000,4807256,541659,5348915
10,5000,4169912,700798,4870710
10,5000,4708064,681689,5389753
10,5000,5043231,514710,5557941
10,5000,4698361,710578,5408939
10,6000,4874331,837010,5711341
10,6000,4715293,837795,5553088
10,6000,4849982,828247,5678229
10,6000,4191949,844308,5036257
10,6000,4676031,590745,5266776
10,6000,5812018,847203,6659221
10,6000,4297760,635385,4933145
10,6000,4850525,834885,5685410
10,6000,4192360,834454,5026814
10,6000,4304384,653792,4958176
10,6000,4633688,612533,5246221
10,6000,4374893,655771,5030664
10,6000,5233477,842254,6075731
10,6000,5912483,835172,6747655
10,6000,5054579,824542,5879121
10,6000,4491918,838696,5330614
10,6000,5248774,608801,5857575
10,6000,4278747,624337,4903084
10,6000,5150777,590091,5740868
10,6000,4388499,624109,5012608
10,6000,5172475,827632,6000107
10,6000,4759302,846729,5606031
10,6000,4119463,614030,4733493
10,6000,4801461,737654,5539115
10,6000,4553042,860693,5413735
10,6000,4310707,1147197,5457904
10,6000,4635050,640308,5275358
10,6000,4491176,834778,5325954
10,6000,4024027,839740,4863767
10,6000,5361344,592656,5954000
10,6000,4536862,840357,5377219
10,6000,4119407,838888,4958295
10,6000,5463511,852702,6316213
10,6000,4329426,597915,4927341
10,6000,5682942,831202,6514144
10,6000,4626224,821974,5448198
10,6000,4821952,724797,5546749
10,6000,4936879,591582,5528461
10,6000,4897214,836659,5733873
10,6000,4402240,633981,5036221
10,6000,4010376,867422,4877798
10,6000,4960380,838833,5799213
10,6000,4388069,839727,5227796
10,6000,4559657,597492,5157149
10,6000,4774052,842131,5616183
10,6000,4520135,829096,5349231
10,6000,5466760,868325,6335085
10,6000,4848818,821948,5670766
10,6000,4501381,841309,5342690
10,6000,4032495,594498,4626993
10,6000,4402970,835555,5238525
10,6000,4527329,822854,5350183
10,6000,4486765,854532,5341297
10,6000,4932596,596570,5529166
10,6000,5170710,721719,5892429
10,6000,4919848,833328,5753176
10,6000,4681898,858350,5540248
10,6000,4853414,594850,5448264
10,6000,4091713,591798,4683511
10,6000,4698417,626152,5324569
10,6000,4306756,827693,5134449
10,6000,4257414,828113,5085527
10,6000,3923643,836991,4760634
10,6000,4440878,609371,5050249
10,6000,5160049,623854,5783903
10,6000,4378599,597554,4976153
10,6000,5230793,621038,5851831
10,6000,4493556,847014,5340570
10,6000,5057463,841227,5898690
10,6000,4683523,825122,5508645
10,6000,4084448,834661,4919109
10,6000,4926041,847867,5773908
10,6000,4518514,598547,5117061
10,6000,6377083,863507,7240590
10,6000,5031898,594459,5626357
10,6000,4239384,651740,4891124
10,6000,4678637,583953,5262590
10,6000,4096200,593142,4689342
10,6000,5283575,589539,5873114
10,6000,3926627,835722,4762349
10,6000,4745130,578719,5323849
10,6000,4227124,827236,5054360
10,6000,5381176,603185,5984361
10,6000,4430107,718062,5148169
10,6000,5607554,610763,6218317
10,6000,4847567,579109,5426676
10,6000,3926380,826861,4753241
10,6000,5295477,839314,6134791
10,6000,4427132,831121,5258253
10,6000,4609735,1142577,5752312
10,6000,4617723,839484,5457207
10,6000,5517602,863867,6381469
10,6000,4614940,829937,5444877
10,6000,5543173,846390,6389563
10,6000,4665288,629107,5294395
10,6000,4289688,582474,4872162
10,6000,5265516,596193,5861709
10,6000,7072847,611992,7684839
10,6000,5205250,595931,5801181
10,6000,4893919,602042,5495961
10,6000,4939091,646223,5585314
10,6000,4076829,595029,4671858
10,6000,5284415,585855,5870270
10,6000,4107272,601674,4708946
10,6000,4482127,832090,5314217
10,6000,7026835,835807,7862642
10,6000,4785817,842040,5627857
10,6000,5203312,829681,6032993
10,6000,4424103,839287,5263390
10,6000,4679669,874013,5553682
10,6000,4138933,835650,4974583
10,6000,5511099,819269,6330368
10,6000,4051313,851282,4902595
10,6000,5337909,622006,5959915
10,6000,4872620,706418,5579038
10,7000,6383549,1000696,7384245
10,7000,4373765,688622,5062387
10,7000,5157938,975474,6133412
10,7000,5605904,975447,6581351
10,7000,6146313,991462,7137775
10,7000,4616995,686072,5303067
10,7000,4820314,977465,5797779
10,7000,4671801,694612,5366413
10,7000,4504877,982458,5487335
10,7000,4629237,697978,5327215
10,7000,5973099,704776,6677875
10,7000,4999746,715642,5715388
10,7000,4399514,1041602,5441116
10,7000,6235050,971512,7206562
10,7000,4292190,1026239,5318429
10,7000,4658709,971593,5630302
10,7000,5075185,696689,5771874
10,7000,5496628,672406,6169034
10,7000,5180349,708454,5888803
10,7000,4453950,976824,5430774
10,7000,4875427,958638,5834065
10,7000,5304165,970476,6274641
10,7000,5423179,983951,6407130
10,7000,4965135,954227,5919362
10,7000,4274508,670644,4945152
10,7000,4373768,707775,5081543
10,7000,4193384,693266,4886650
10,7000,4911112,671434,5582546
10,7000,4794218,1008523,5802741
10,7000,5794603,685836,6480439
10,7000,4544058,970984,5515042
10,7000,5926724,736877,6663601
10,7000,5512287,956575,6468862
10,7000,4273233,984186,5257419
10,7000,5685628,748469,6434097
10,7000,4809622,992597,5802219
10,7000,4291152,686003,4977155
10,7000,6153102,969523,7122625
10,7000,5076636,996245,6072881
10,7000,4854455,702067,5556522
10,7000,4703282,755764,5459046
10,7000,4428985,695405,5124390
10,7000,4181299,705415,4886714
10,7000,6045038,981320,7026358
10,7000,5196449,719910,5916359
10,7000,5652800,980535,6633335
10,7000,5126845,952895,6079740
10,7000,5731914,752473,6484387
10,7000,4360443,966900,5327343
10,7000,4795071,956195,5751266
10,7000,4864291,974451,5838742
10,7000,5345097,982008,6327105
10,7000,4753834,981413,5735247
10,7000,4324533,741325,5065858
10,7000,4409428,965557,5374985
10,7000,4357386,942993,5300379
10,7000,5549441,960592,6510033
10,7000,4864536,957910,5822446
10,7000,4811749,686625,5498374
10,7000,5026793,991646,6018439
10,7000,5308391,967063,6275454
10,7000,4477174,974688,5451862
10,7000,5966158,731033,6697191
10,7000,5039578,696830,5736408
10,7000,4845185,677601,5522786
10,7000,4492386,697408,5189794
10,7000,4827078,694085,5521163
10,7000,4637039,970612,5607651
10,7000,4711098,692356,5403454
10,7000,5019124,822614,5841738
10,7000,4857611,966790,5824401
10,7000,4947295,679411,5626706
10,7000,4659933,978432,5638365
10,7000,4967312,693989,5661301
10,7000,4665151,686168,5351319
10,7000,5917660,1000945,6918605
10,7000,4479688,823187,5302875
10,7000,5096066,824588,5920654
10,7000,4516045,952187,5468232
10,7000,4479330,1028409,5507739
10,7000,4616032,745837,5361869
10,7000,4534655,700706,5235361
10,7000,4603016,674212,5277228
10,7000,5685159,690979,6376138
10,7000,4259926,975629,5235555
10,7000,5314742,965713,6280455
10,7000,5280790,952028,6232818
10,7000,4296543,978693,5275236
10,7000,4173348,953785,5127133
10,7000,5704514,987947,6692461
10,7000,4537068,989174,5526242
10,7000,4449697,969136,5418833
10,7000,4798200,694894,5493094
10,7000,5199605,952232,6151837
10,7000,4656687,985020,5641707
10,7000,4927402,974726,5902128
10,7000,5598687,754360,6353047
10,7000,4548623,962131,5510754
10,7000,4976948,833479,5810427
10,7000,5290074,963079,6253153
10,7000,4157925,940832,5098757
10,7000,6215923,981897,7197820
10,7000,4423331,704246,5127577
10,7000,5337750,963604,6301354
10,7000,5125197,969027,6094224
10,7000,5116988,706061,5823049
10,7000,4274104,692230,4966334
10,7000,4734125,978912,5713037
10,7000,4980547,834825,5815372
10,7000,4426862,985502,5412364
10,7000,5390538,970086,6360624
10,7000,5411269,978801,6390070
10,7000,5052660,683016,5735676
10,7000,5185608,957460,6143068
10,7000,4551151,706087,5257238
10,8000,6009607,771394,6781001
10,8000,5563987,1104303,6668290
10,8000,5102141,775394,5877535
10,8000,4522949,1116318,5639267
10,8000,5305067,783760,6088827
10,8000,4751524,1079497,5831021
10,8000,4323931,800917,5124848
10,8000,4734568,798589,5533157
10,8000,4979053,778079,5757132
10,8000,4358241,789436,5147677
10,8000,4310952,1121272,5432224
10,8000,6035773,955201,6990974
10,8000,5329433,1090054,6419487
10,8000,5949257,1100553,7049810
10,8000,5337387,1105104,6442491
10,8000,5758738,764874,6523612
10,8000,4510406,1097131,5607537
10,8000,4688099,1107114,5795213
10,8000,5336709,782615,6119324
10,8000,5283217,1096882,6380099
10,8000,6493969,917142,7411111
10,8000,5269605,1086428,6356033
10,8000,5442518,1122056,6564574
10,8000,5699978,1091095,6791073
10,8000,5901138,942324,6843462
10,8000,4353678,1107989,5461667
10,8000,5832443,777325,6609768
10,8000,4912341,1116723,6029064
10,8000,4945277,789349,5734626
10,8000,4783174,771752,5554926
10,8000,4405338,905222,5310560
10,8000,6053772,1088884,7142656
10,8000,5131935,773010,5904945
10,8000,5384400,854468,6238868
10,8000,6386049,1086817,7472866
10,8000,5092563,1097275,6189838
10,8000,5441138,1103237,6544375
10,8000,4847804,1104474,5952278
10,8000,4992895,1098609,6091504
10,8000,4744516,1097847,5842363
10,8000,5629442,861551,6490993
10,8000,5865386,947273,6812659
10,8000,4221502,1103416,5324918
10,8000,4585629,1119003,5704632
10,8000,5436408,1096867,6533275
10,8000,5528030,785167,6313197
10,8000,5498086,1102857,6600943
10,8000,4548474,1103472,5651946
10,8000,5336074,778712,6114786
10,8000,4756008,772532,5528540
10,8000,4499582,787708,5287290
10,8000,4544879,1114295,5659174
10,8000,5092661,1116570,6209231
10,8000,4836966,1101474,5938440
10,8000,4988330,768144,5756474
10,8000,5286838,789589,6076427
10,8000,5548392,957319,6505711
10,8000,5002242,781538,5783780
10,8000,4681483,1112946,5794429
10,8000,6272942,788927,7061869
10,8000,4374869,795373,5170242
10,8000,5535121,798157,6333278
10,8000,5214178,1083685,6297863
10,8000,4472672,1115765,5588437
10,8000,5644938,967402,6612340
10,8000,4716578,1108842,5825420
10,8000,5504828,914093,6418921
10,8000,4589724,776462,5366186
10,8000,4938256,1091173,6029429
10,8000,4944701,769767,5714468
10,8000,5512378,1121446,6633824
10,8000,5061209,1104834,6166043
10,8000,4822208,1082887,5905095
10,8000,4586619,797203,5383822
10,8000,4322682,809226,5131908
10,8000,4778312,1101900,5880212
10,8000,5708221,790136,6498357
10,8000,4627835,1100262,5728097
10,8000,5334556,812078,6146634
10,8000,4894516,1083337,5977853
10,8000,6040043,953599,6993642
10,8000,5472551,770381,6242932
10,8000,4953244,1114397,6067641
10,8000,4818094,1087669,5905763
10,8000,5494142,1088485,6582627
10,8000,4720983,774695,5495678
10,8000,4341569,793449,5135018
10,8000,5222570,781760,6004330
10,8000,5081655,1088554,6170209
10,8000,4938070,1091417,6029487
10,8000,4449881,760903,5210784
10,8000,4406911,1095745,5502656
10,8000,4471946,1103350,5575296
10,8000,5128267,1093202,6221469
10,8000,4657642,1087075,5744717
10,8000,6606427,1109727,7716154
10,8000,5503055,1091764,6594819
10,8000,4604434,1087753,5692187
10,8000,4445044,802006,5247050
10,8000,4611777,1087335,5699112
10,8000,4760489,764055,5524544
10,8000,4734232,1105200,5839432
10,8000,5940657,800815,6741472
10,8000,5006720,1085548,6092268
10,8000,5272796,1111823,6384619
10,8000,4611238,1118396,5729634
10,8000,4745653,775745,5521398
10,8000,13718431,1620440,15338871
10,8000,5763385,959023,6722408
10,8000,4880983,1091125,5972108
10,8000,4528237,1084925,5613162
10,8000,5643884,1087328,6731212
10,8000,5043978,806019,5849997
10,8000,5505924,760380,6266304
10,8000,5199802,781358,5981160
10,9000,5340986,1036199,6377185
10,9000,5679999,942701,6622700
10,9000,5503251,1251655,6754906
10,9000,4708128,1240173,5948301
10,9000,6223367,882469,7105836
10,9000,5912290,1248851,7161141
10,9000,4965990,930428,5896418
10,9000,4973318,887533,5860851
10,9000,4504137,889326,5393463
10,9000,4714434,1261275,5975709
10,9000,4958483,895608,5854091
10,9000,4606442,876930,5483372
10,9000,5722696,1256679,6979375
10,9000,4734084,1219315,5953399
10,9000,4309928,888552,5198480
10,9000,5274076,1261800,6535876
10,9000,6642537,1260061,7902598
10,9000,5025956,878311,5904267
10,9000,5698450,875443,6573893
10,9000,4168335,890634,5058969
10,9000,4384999,1236422,5621421
10,9000,5604311,1233579,6837890
10,9000,5676388,1253945,6930333
10,9000,5429867,961615,6391482
10,9000,5621416,1273983,6895399
10,9000,5095967,1255192,6351159
10,9000,5055015,865021,5920036
10,9000,5074024,1241357,6315381
10,9000,5883788,1236715,7120503
10,9000,6009988,1265928,7275916
10,9000,7018031,1267099,8285130
10,9000,5382656,1248015,6630671
10,9000,5465599,1247573,6713172
10,9000,4813592,1257046,6070638
10,9000,4948521,1257329,6205850
10,9000,4661301,1248581,5909882
10,9000,5768202,886417,6654619
10,9000,5009149,1256215,6265364
10,9000,4924203,1258336,6182539
10,9000,4895471,879036,5774507
10,9000,5814153,1284773,7098926
10,9000,4779136,1231278,6010414
10,9000,5349236,896256,6245492
10,9000,5650797,1249767,6900564
10,9000,4749346,1262291,6011637
10,9000,5943606,1071861,7015467
10,9000,4673066,917965,5591031
10,9000,5864178,1240523,7104701
10,9000,5903943,1261621,7165564
10,9000,5790084,879071,6669155
10,9000,4659435,1289154,5948589
10,9000,5112445,950562,6063007
10,9000,5272220,1245552,6517772
10,9000,5360524,1265719,6626243
10,9000,4817643,1240100,6057743
10,9000,4481695,908280,5389975
10,9000,4814617,1225926,6040543
10,9000,4834426,870121,5704547
10,9000,5160154,1250509,6410663
10,9000,4899282,1261775,6161057
10,9000,4865066,1265918,6130984
10,9000,5388564,1236239,6624803
10,9000,5159070,1294445,6453515
10,9000,4954145,1231303,6185448
10,9000,5155709,907639,6063348
10,9000,5078833,1250231,6329064
10,9000,4671138,1254578,5925716
10,9000,4921284,1290225,6211509
10,9000,5361398,1085713,6447111
10,9000,6244837,931206,7176043
10,9000,5165662,1247408,6413070
10,9000,5866424,886797,6753221
10,9000,4537436,1232510,5769946
10,9000,4981394,933687,5915081
10,9000,4793589,1257598,6051187
10,9000,5631030,870449,6501479
10,9000,4838870,1219014,6057884
10,9000,4451892,1256564,5708456
10,9000,5346828,1259407,6606235
10,9000,4805765,876505,5682270
10,9000,4527073,1247450,5774523
10,9000,5775348,884104,6659452
10,9000,5189239,894066,6083305
10,9000,4908772,882727,5791499
10,9000,4830253,1252612,6082865
10,9000,5793580,1247843,7041423
10,9000,6039233,1302148,7341381
10,9000,4725001,902015,5627016
10,9000,5574877,891568,6466445
10,9000,5053165,1054815,6107980
10,9000,5064680,1278341,6343021
10,9000,4717355,877708,5595063
10,9000,4794964,904311,5699275
10,9000,4756398,902747,5659145
10,9000,5204412,889149,6093561
10,9000,5406980,1261216,6668196
10,9000,4588954,899105,5488059
10,9000,6094018,1272183,7366201
10,9000,4712499,910462,5622961
10,9000,5381528,1256633,6638161
10,9000,4695526,892210,5587736
10,9000,4940363,894015,5834378
10,9000,5082345,1054260,6136605
10,9000,5129582,872679,6002261
10,9000,5299476,1256986,6556462
10,9000,5988081,1232079,7220160
10,9000,5946623,1082893,7029516
10,9000,4637753,1260337,5898090
10,9000,4771733,1240622,6012355
10,9000,5125632,1248170,6373802
10,9000,5709349,934863,6644212
10,9000,5515602,1288319,6803921
10,9000,4555369,934503,5489872
10,9000,4667699,1250887,5918586
10,9000,5472614,1238760,6711374
10,10000,4729568,1397448,6127016
10,10000,5506542,1383922,6890464
10,10000,6119120,1074026,7193146
10,10000,5773955,1388110,7162065
10,10000,4927577,1406243,6333820
10,10000,5165251,1393731,6558982
10,10000,5131692,1393287,6524979
10,10000,5316254,988326,6304580
10,10000,5910926,1037711,6948637
10,10000,6438420,1400360,7838780
10,10000,4748265,1033732,5781997
10,10000,6463296,1404797,7868093
10,10000,6425653,1372951,7798604
10,10000,4568482,1369862,5938344
10,10000,5668216,971968,6640184
10,10000,6155991,1383526,7539517
10,10000,4869900,979465,5849365
10,10000,5498129,1363571,6861700
10,10000,7731093,1191912,8923005
10,10000,4968026,1405641,6373667
10,10000,4652341,1366880,6019221
10,10000,5335895,988985,6324880
10,10000,4731076,1416883,6147959
10,10000,5749302,1395123,7144425
10,10000,5820413,1406963,7227376
10,10000,5190200,1379068,6569268
10,10000,4796687,1396846,6193533
10,10000,5107327,1391454,6498781
10,10000,5574781,1018545,6593326
10,10000,5139966,1397671,6537637
10,10000,5219643,982881,6202524
10,10000,5557569,1008922,6566491
10,10000,5361552,1358928,6720480
10,10000,5409786,1164254,6574040
10,10000,5151745,1071876,6223621
10,10000,4696497,1017204,5713701
10,10000,5726473,1005697,6732170
10,10000,5060969,990278,6051247
10,10000,4746690,1388955,6135645
10,10000,6903696,1378353,8282049
10,10000,6731976,1375064,8107040
10,10000,6648873,1381291,8030164
10,10000,4996066,967843,5963909
10,10000,5169692,1003072,6172764
10,10000,5649526,1027487,6677013
10,10000,5535248,982762,6518010
10,10000,5805783,1398156,7203939
10,10000,4662513,981013,5643526
10,10000,6249456,1370247,7619703
10,10000,5213514,980327,6193841
10,10000,5421690,1375769,6797459
10,10000,5601187,1014348,6615535
10,10000,5132739,1364253,6496992
10,10000,4834837,1047643,5882480
10,10000,4987619,978756,5966375
10,10000,5326492,1384352,6710844
10,10000,7090953,1404056,8495009
10,10000,6802202,1367600,8169802
10,10000,6014893,1393214,7408107
10,10000,4763168,1000856,5764024
10,10000,5650753,1385421,7036174
10,10000,4559672,981955,5541627
10,10000,5230285,1002310,6232595
10,10000,5244103,1395865,6639968
10,10000,5165781,1369683,6535464
10,10000,6422719,1182417,7605136
10,10000,5083884,968826,6052710
10,10000,5256708,996338,6253046
10,10000,5196679,1393138,6589817
10,10000,5077213,1380481,6457694
10,10000,4966859,997119,5963978
10,10000,4652058,975748,5627806
10,10000,5055165,995399,6050564
10,10000,4373498,979140,5352638
10,10000,5041123,1005730,6046853
10,10000,5951001,1365516,7316517
10,10000,6076057,1382017,7458074
10,10000,4889855,1049653,5939508
10,10000,4821553,1356505,6178058
10,10000,6396623,974412,7371035
10,10000,5170303,1401171,6571474
10,10000,5151040,1388068,6539108
10,10000,5858617,1395656,7254273
10,10000,5101358,1038311,6139669
10,10000,5087434,1391715,6479149
10,10000,4722302,1023249,5745551
10,10000,6009007,1193886,7202893
10,10000,5604247,1067960,6672207
10,10000,5144192,1221562,6365754
10,10000,5640482,967107,6607589
10,10000,5401262,982452,6383714
10,10000,4520841,1378835,5899676
10,10000,5468011,980151,6448162
10,10000,5265974,1014351,6280325
10,10000,5925706,973470,6899176
10,10000,5493389,1368804,6862193
10,10000,5583050,1414176,6997226
10,10000,5526068,1191832,6717900
10,10000,5159632,1388647,6548279
10,10000,6575891,1365434,7941325
10,10000,4624446,1034959,5659405
10,10000,4989205,974895,5964100
10,10000,5277630,979341,6256971
10,10000,5811645,1404513,7216158
10,10000,5133264,1413245,6546509
10,10000,6088519,1380289,7468808
10,10000,5983967,1358916,7342883
10,10000,6004696,1216030,7220726
10,10000,5215286,1386540,6601826
10,10000,5397141,1326633,6723774
10,10000,5426663,1040096,6466759
10,10000,5119933,977106,6097039
10,10000,5304819,993137,6297956
10,10000,5045756,1000853,6046609
10,10000,4827573,1411592,6239165
10,10000,5357581,1083968,6441549
10,10000,5699305,984083,6683388
10,10000,5083704,994132,6077836
10,10000,5185172,980886,6166058
10,10000,5308979,1035940,6344919
10,10000,5404774,1106514,6511288
10,10000,5698565,1017648,6716213
10,10000,6867884,1398645,8266529
10,10000,5685289,1392852,7078141
10,10000,5575886,1075694,6651580
10,10000,5930828,1005820,6936648
10,10000,5040837,1002569,6043406
10,10000,4928919,989714,5918633
10,10000,5837782,1025385,6863167
10,10000,5134094,1350924,6485018
10,10000,5595517,1395087,6990604
10,10000,5618441,1430467,7048908
10,10000,4276414,970152,5246566
10,10000,5671366,1401126,7072492
10,10000,4645723,1394245,6039968
10,10000,5121937,1030347,6152284
10,10000,5741726,982787,6724513
10,10000,4425078,1363904,5788982
10,10000,5985749,1182274,7168023
10,10000,6013879,1378493,7392372
10,10000,5560654,1131807,6692461
10,10000,5516306,1379035,6895341
10,10000,5786336,1391070,7177406
10,10000,5941649,1172752,7114401
10,10000,5732901,1399650,7132551
10,10000,5487812,991610,6479422
10,10000,4620643,977065,5597708
10,10000,5066514,988001,6054515
10,10000,4859581,995473,5855054
10,10000,4877607,988951,5866558
10,10000,5685789,1395462,7081251
10,10000,5018197,1000988,6019185
10,10000,4814680,966798,5781478
10,10000,4638072,986285,5624357
10,10000,5754860,1366310,7121170
10,10000,7073542,1008742,8082284
10,10000,5336253,1389810,6726063
10,10000,5291042,994990,6286032
10,10000,5025768,981315,6007083
10,10000,5005534,978528,5984062
10,10000,5262603,1392687,6655290
10,10000,6080312,1377124,7457436
10,10000,4554764,981908,5536672
10,10000,5648810,1005274,6654084
10,10000,5957857,979895,6937752
10,10000,6613569,1395760,8009329
10,10000,4610017,1387556,5997573
10,10000,5696096,1421588,7117684
10,10000,6005009,1363310,7368319
10,10000,4910443,1388215,6298658
10,10000,4966442,1367669,6334111
10,10000,6000634,1354980,7355614
10,10000,5072729,1025864,6098593
10,10000,7266052,1394259,8660311
10,10000,4671959,1378234,6050193
10,10000,5064178,993529,6057707
10,10000,5523220,1398273,6921493
10,10000,5222920,1392622,6615542
10,10000,5044861,1011265,6056126
10,10000,5399334,1380575,6779909
10,10000,4887785,1356753,6244538
10,10000,5222621,998345,6220966
10,10000,5576235,1018935,6595170
10,10000,5492464,1366141,6858605
10,10000,5077456,1378048,6455504
10,10000,4854302,980505,5834807
10,10000,4570609,1396323,5966932
10,10000,4887230,1368548,6255778
10,10000,5032860,1042630,6075490
10,10000,5433343,1392640,6825983
10,10000,5429642,968628,6398270
10,10000,4996596,1383377,6379973
10,10000,5446632,1356999,6803631
10,10000,5855706,1014945,6870651
10,10000,6055330,1187277,7242607
10,10000,5568842,1032575,6601417
10,10000,4764563,1396584,6161147
10,10000,4864552,1001071,5865623
10,10000,5151902,1214350,6366252
10,10000,5267687,1390624,6658311
10,10000,5016302,1398972,6415274
10,10000,5893625,990785,6884410
10,10000,5608452,1397913,7006365
10,10000,5492134,973377,6465511
10,10000,6289665,1372590,7662255
10,10000,5246648,1386010,6632658
10,10000,5123561,995248,6118809
10,10000,5459365,988136,6447501
10,10000,5723625,1424638,7148263
10,10000,5549772,1386559,6936331
10,10000,5648474,1420906,7069380
10,10000,5013080,998617,6011697
10,10000,4847963,1379107,6227070
10,10000,4718100,971163,5689263
10,10000,4983851,1405442,6389293
10,10000,4570722,990126,5560848
10,10000,5731668,1399800,7131468
10,10000,5356299,1405677,6761976
10,10000,5249515,1389435,6638950
10,10000,5556600,1386604,6943204
10,10000,5423677,1403603,6827280
10,10000,5167874,1169389,6337263
10,10000,6099736,1371281,7471017
10,10000,4770632,980498,5751130
10,10000,5088474,1379452,6467926
10,10000,5171322,996506,6167828
10,10000,5072551,1376741,6449292
10,10000,6182574,1157705,7340279
10,10000,5504214,1419355,6923569
10,10000,4999693,1022058,6021751
10,20000,7259372,3191750,10451122
10,20000,7959493,2883687,10843180
10,20000,6433755,2485180,8918935
10,20000,8607837,3208879,11816716
10,20000,6926471,2610173,9536644
10,20000,6758901,3287818,10046719
10,20000,7720554,3359565,11080119
10,20000,6219262,2478204,8697466
10,20000,6786811,2507532,9294343
10,20000,6247400,2744005,8991405
10,20000,6467359,2924767,9392126
10,20000,6727052,2438198,9165250
10,20000,7540832,3162626,10703458
10,20000,6545330,2523350,9068680
10,20000,7834684,3235143,11069827
10,20000,6953749,3164257,10118006
10,20000,6978373,3293703,10272076
10,20000,6795104,3135444,9930548
10,20000,6423079,3242141,9665220
10,20000,6795948,2562911,9358859
10,20000,8666371,3306810,11973181
10,20000,6815626,3241969,10057595
10,20000,7423056,2438590,9861646
10,20000,6440478,3273504,9713982
10,20000,6751432,3332578,10084010
10,20000,6054354,2495346,8549700
10,20000,7164210,3169532,10333742
10,20000,6926105,2435405,9361510
10,20000,7031124,3268803,10299927
10,20000,6600901,3276620,9877521
10,20000,6560568,3304551,9865119
10,20000,7395257,3192070,10587327
10,20000,6391264,3320975,9712239
10,20000,6131583,2841759,8973342
10,20000,6279327,3154019,9433346
10,20000,6782502,2539366,9321868
10,20000,7680432,2881954,10562386
10,20000,7097163,3312987,10410150
10,20000,6458431,3227343,9685774
10,20000,7082476,3248543,10331019
10,20000,7430327,3239963,10670290
10,20000,6831699,2803800,9635499
10,20000,6757587,3237266,9994853
10,20000,7108555,3239984,10348539
10,20000,6589427,3265325,9854752
10,20000,6320575,3314460,9635035
10,20000,6825671,2843121,9668792
10,20000,6787976,3286028,10074004
10,20000,6421286,2470733,8892019
10,20000,6404795,3215280,9620075
10,20000,7194295,2452095,9646390
10,20000,8508714,3224621,11733335
10,20000,6558150,3241379,9799529
10,20000,6711909,2483383,9195292
10,20000,6607419,3214486,9821905
10,20000,6878346,2423240,9301586
10,20000,7137803,2605088,9742891
10,20000,7399147,3285034,10684181
10,20000,6586026,3288580,9874606
10,20000,6478174,2316278,8794452
10,20000,7220572,3264777,10485349
10,20000,5971303,2458665,8429968
10,20000,7037544,2453989,9491533
10,20000,7009260,3244215,10253475
10,20000,7080762,3291868,10372630
10,20000,6120695,2354564,8475259
10,20000,8208079,3317936,11526015
10,20000,7089659,2474425,9564084
10,20000,5864564,2524629,8389193
10,20000,6905986,2817838,9723824
10,20000,6695215,3258636,9953851
10,20000,7808927,3141738,10950665
10,20000,6538170,2873216,9411386
10,20000,6485084,3180411,9665495
10,20000,6880077,2498163,9378240
10,20000,8016460,2535801,10552261
10,20000,6791506,3227208,10018714
10,20000,7019369,3289663,10309032
10,20000,7033829,2506298,9540127
10,20000,6444528,3299164,9743692
10,20000,6832376,3292996,10125372
10,20000,7090884,3274317,10365201
10,20000,6571086,2423039,8994125
10,20000,6589316,3231106,9820422
10,20000,6423615,2818820,9242435
10,20000,7701733,3314756,11016489
10,20000,6825339,3221858,10047197
10,20000,6924078,3241678,10165756
10,20000,6872745,2429001,9301746
10,20000,6351810,2597711,8949521
10,20000,6737447,3292543,10029990
10,20000,6479784,3291001,9770785
10,20000,5952454,3237208,9189662
10,20000,6327501,3264282,9591783
10,20000,6627926,2460585,9088511
10,20000,7664124,3286700,10950824
10,20000,6870039,2551152,9421191
10,20000,6676318,2787703,9464021
10,20000,6919116,3200683,10119799
10,20000,7071196,3267534,10338730
10,20000,7540769,3219423,10760192
10,20000,6439636,3242989,9682625
10,20000,7614508,2976120,10590628
10,20000,6184398,2536537,8720935
10,20000,7258978,3257914,10516892
10,20000,6516273,3171727,9688000
10,20000,6354998,3299178,9654176
10,20000,7121187,3195188,10316375
10,20000,6834811,2476210,9311021
10,20000,6811552,3319039,10130591
10,20000,6205855,3360325,9566180
10,20000,8733033,3256264,11989297
10,20000,6736157,2822300,9558457
10,20000,7629433,3212995,10842428
10,20000,6155574,2920333,9075907
10,30000,9043772,4090788,13134560
10,30000,8716262,3489242,12205504
10,30000,9345508,4088395,13433903
10,30000,8994773,2886902,11881675
10,30000,9723231,4144222,13867453
10,30000,9063967,4084355,13148322
10,30000,9827121,4133971,13961092
10,30000,9575101,4069608,13644709
10,30000,9320621,3019395,12340016
10,30000,8955132,4114911,13070043
10,30000,10683223,4065952,14749175
10,30000,9684507,4115655,13800162
10,30000,10085410,4167515,14252925
10,30000,9113712,3532161,12645873
10,30000,8900508,3361850,12262358
10,30000,9293381,4148673,13442054
10,30000,9541533,3058976,12600509
10,30000,10086893,3519636,13606529
10,30000,9066502,2895867,11962369
10,30000,8749801,2928648,11678449
10,30000,9780892,4104221,13885113
10,30000,8891507,4060798,12952305
10,30000,9254158,3469438,12723596
10,30000,9401113,2942954,12344067
10,30000,9671083,4104598,13775681
10,30000,8603652,4077465,12681117
10,30000,9343911,4104406,13448317
10,30000,9695581,4154583,13850164
10,30000,9559333,4045868,13605201
10,30000,9576560,4044263,13620823
10,30000,9030816,4091903,13122719
10,30000,10239008,2937716,13176724
10,30000,9446891,4092799,13539690
10,30000,10663655,4154773,14818428
10,30000,9277573,2919177,12196750
10,30000,8716833,4111350,12828183
10,30000,9795378,2908192,12703570
10,30000,8896325,2923983,11820308
10,30000,9247335,2893907,12141242
10,30000,9950161,4105195,14055356
10,30000,9267171,2928960,12196131
10,30000,9727526,2926191,12653717
10,30000,9044760,3688275,12733035
10,30000,9823648,4074367,13898015
10,30000,9438506,4116323,13554829
10,30000,8821619,3643248,12464867
10,30000,9829822,4077971,13907793
10,30000,8953863,3518984,12472847
10,30000,9451015,4098336,13549351
10,30000,9588409,2894394,12482803
10,30000,8591035,4049707,12640742
10,30000,9010060,2912440,11922500
10,30000,9061274,4044500,13105774
10,30000,9408670,4116023,13524693
10,30000,8837745,4105209,12942954
10,30000,9181493,2919924,12101417
10,30000,8414601,2854001,11268602
10,30000,8954689,4108620,13063309
10,30000,8850454,4058431,12908885
10,30000,9985511,4122515,14108026
10,30000,9173017,4134430,13307447
10,30000,9060742,4048834,13109576
10,30000,9243642,4091986,13335628
10,30000,8969314,3433146,12402460
10,30000,8466936,2872377,11339313
10,30000,8568228,2881669,11449897
10,30000,8515040,2940761,11455801
10,30000,9078482,4109625,13188107
10,30000,10346494,3449891,13796385
10,30000,8983204,4048816,13032020
10,30000,9477378,4065946,13543324
10,30000,10769093,4088770,14857863
10,30000,9526409,4061866,13588275
10,30000,9351995,4059167,13411162
10,30000,9531500,4102879,13634379
10,30000,9096275,2952449,12048724
10,30000,9131486,2914528,12046014
10,30000,8300951,2881545,11182496
10,30000,9073098,2909260,11982358
10,30000,9255480,4114809,13370289
10,30000,9148570,2928527,12077097
10,30000,8756428,2897705,11654133
10,30000,8586553,2936254,11522807
10,30000,8701364,2898227,11599591
10,30000,9575963,4085621,13661584
10,30000,9296075,2882456,12178531
10,30000,9816469,2876664,12693133
10,30000,8701111,4154509,12855620
10,30000,10287487,4038146,14325633
10,30000,8888945,4034750,12923695
10,30000,9656341,3537215,13193556
10,30000,9496573,4048093,13544666
10,30000,9364805,2862016,12226821
10,30000,9822081,3324758,13146839
10,30000,8422669,2865886,11288555
10,30000,9501342,4079326,13580668
10,30000,8642841,3259308,11902149
10,30000,9655731,4136668,13792399
10,30000,8994037,3492869,12486906
10,30000,9426174,4119524,13545698
10,30000,8719496,2888553,11608049
10,30000,8854732,2922013,11776745
10,30000,8673250,2870923,11544173
10,30000,8317192,4082931,12400123
10,30000,9528334,4104124,13632458
10,30000,8762700,3534059,12296759
10,30000,9338866,4096987,13435853
10,30000,8956146,4066267,13022413
10,30000,10266933,4057657,14324590
10,30000,8792363,2918803,11711166
10,30000,8800166,2919052,11719218
10,30000,9202680,4102886,13305566
10,30000,8655223,4045931,12701154
10,30000,9232784,3200660,12433444
10,30000,9012240,4084289,13096529
10,40000,10341835,4030038,14371873
10,40000,11056990,5483639,16540629
10,40000,9395482,5459476,14854958
10,40000,10286491,5464698,15751189
10,40000,9946418,3895134,13841552
10,40000,9581211,5504597,15085808
10,40000,10731920,3853500,14585420
10,40000,11439959,5486122,16926081
10,40000,12133753,5485907,17619660
10,40000,10193493,5494247,15687740
10,40000,10203106,4932019,15135125
10,40000,10262758,5515923,15778681
10,40000,9899185,3917282,13816467
10,40000,10670406,3926287,14596693
10,40000,11552915,5423854,16976769
10,40000,10668439,5476882,16145321
10,40000,9323669,3888355,13212024
10,40000,9995542,4748378,14743920
10,40000,10599505,5502878,16102383
10,40000,11733769,4657319,16391088
10,40000,9881403,3882463,13763866
10,40000,9687573,3919565,13607138
10,40000,10407534,4758348,15165882
10,40000,10510753,5510758,16021511
10,40000,10407952,4573890,14981842
10,40000,12417639,5473562,17891201
10,40000,9908056,3929697,13837753
10,40000,9697929,3880859,13578788
10,40000,10455475,4706517,15161992
10,40000,9859199,5522090,15381289
10,40000,10968028,3903804,14871832
10,40000,10477090,3901920,14379010
10,40000,11168578,5619058,16787636
10,40000,11774982,5314226,17089208
10,40000,10337498,3897558,14235056
10,40000,10100755,5499271,15600026
10,40000,10044996,3924136,13969132
10,40000,11811453,5477882,17289335
10,40000,10286703,5449646,15736349
10,40000,9351418,5487226,14838644
10,40000,10259831,5472915,15732746
10,40000,9881114,5468910,15350024
10,40000,11104030,5460324,16564354
10,40000,10932894,5490970,16423864
10,40000,10701043,5512752,16213795
10,40000,12151272,5474292,17625564
10,40000,9378421,3897444,13275865
10,40000,9667708,5471427,15139135
10,40000,10720011,5489986,16209997
10,40000,10996194,5490341,16486535
10,40000,10761883,5508523,16270406
10,40000,10383839,3914291,14298130
10,40000,10455597,5516319,15971916
10,40000,9667401,3866478,13533879
10,40000,12276063,5520152,17796215
10,40000,10133416,4028040,14161456
10,40000,10452076,5517894,15969970
10,40000,10818371,5212282,16030653
10,40000,10376950,5508525,15885475
10,40000,10549657,5361664,15911321
10,40000,11988253,3896571,15884824
10,40000,11414024,5506747,16920771
10,40000,11309140,5442086,16751226
10,40000,10467233,5483597,15950830
10,40000,9857173,3936204,13793377
10,40000,11610016,5443457,17053473
10,40000,12077919,5513100,17591019
10,40000,11107308,4697252,15804560
10,40000,9877545,5530712,15408257
10,40000,10354075,3914147,14268222
10,40000,11120459,5496187,16616646
10,40000,10083235,3902840,13986075
10,40000,10272920,5469381,15742301
10,40000,10523650,3872318,14395968
10,40000,9833749,5424997,15258746
10,40000,10150048,5494778,15644826
10,40000,10782416,5499131,16281547
10,40000,11268020,5505139,16773159
10,40000,10551902,4323219,14875121
10,40000,9601107,3883301,13484408
10,40000,10412052,3876190,14288242
10,40000,14656811,5371099,20027910
10,40000,10346049,5517678,15863727
10,40000,10280188,3918917,14199105
10,40000,12048891,4584003,16632894
10,40000,9762743,3886711,13649454
10,40000,11725218,5404448,17129666
10,40000,10029899,5457227,15487126
10,40000,10288397,3886229,14174626
10,40000,10824369,5483840,16308209
10,40000,10124758,3868094,13992852
10,40000,11087316,5512554,16599870
10,40000,10357343,4720343,15077686
10,40000,11519657,5451679,16971336
10,40000,10263505,3900531,14164036
10,40000,10935400,4686307,15621707
10,40000,10698375,4733777,15432152
10,40000,9047234,3887393,12934627
10,40000,11016682,5440151,16456833
10,40000,10366118,5520977,15887095
10,40000,10524226,5115121,15639347
10,40000,10083575,5505658,15589233
10,40000,9683924,3891177,13575101
10,40000,10187162,5500697,15687859
10,40000,11603303,5517069,17120372
10,40000,11262132,3913360,15175492
10,40000,9863810,3885463,13749273
10,40000,9226831,3905279,13132110
10,40000,10768199,5503546,16271745
10,40000,10854019,3895170,14749189
10,40000,12123873,5479348,17603221
10,40000,10443236,5467676,15910912
10,40000,10755117,5528915,16284032
10,40000,9801429,5476552,15277981
10,40000,10677468,5497792,16175260
10,50000,11876263,5606859,17483122
10,50000,11278471,5239388,16517859
10,50000,13857615,6823133,20680748
10,50000,11803745,6428244,18231989
10,50000,11805105,6818272,18623377
10,50000,12161810,6800201,18962011
10,50000,12540421,6854119,19394540
10,50000,12005847,6803679,18809526
10,50000,13436171,6817753,20253924
10,50000,12004951,4904122,16909073
10,50000,12845191,4763158,17608349
10,50000,12729284,6755411,19484695
10,50000,11681088,6799190,18480278
10,50000,12365565,6844750,19210315
10,50000,11225701,4835185,16060886
10,50000,11664462,4885358,16549820
10,50000,11599342,4851806,16451148
10,50000,11421044,4862245,16283289
10,50000,11856931,4876386,16733317
10,50000,13153017,6756329,19909346
10,50000,13007663,4857075,17864738
10,50000,11238132,6054321,17292453
10,50000,12521610,6818158,19339768
10,50000,13232357,4890116,18122473
10,50000,12476823,6302966,18779789
10,50000,12030281,4862149,16892430
10,50000,11827874,4990714,16818588
10,50000,11304125,4832607,16136732
10,50000,12451891,6507602,18959493
10,50000,12044955,4736674,16781629
10,50000,11604084,4830873,16434957
10,50000,15141589,6854197,21995786
10,50000,11553033,5896459,17449492
10,50000,12006027,4871517,16877544
10,50000,13383736,4826300,18210036
10,50000,12137128,6365670,18502798
10,50000,13351448,4820545,18171993
10,50000,10956764,4980997,15937761
10,50000,12422286,6845670,19267956
10,50000,12334508,5800080,18134588
10,50000,13118489,6493254,19611743
10,50000,11650927,6836119,18487046
10,50000,12527052,4796829,17323881
10,50000,11655998,6629015,18285013
10,50000,11950826,4818796,16769622
10,50000,11909585,4869997,16779582
10,50000,12762698,6878747,19641445
10,50000,11570518,4868887,16439405
10,50000,12354014,4841640,17195654
10,50000,13043876,6823313,19867189
10,50000,11292251,6807345,18099596
10,50000,13503760,6855208,20358968
10,50000,12711344,5121774,17833118
10,50000,16569335,4816349,21385684
10,50000,12025905,6845678,18871583
10,50000,12618168,6737374,19355542
10,50000,13619054,5509714,19128768
10,50000,13236348,6755319,19991667
10,50000,12753013,6799874,19552887
10,50000,11941974,6863262,18805236
10,50000,11267309,4898038,16165347
10,50000,11581627,4871872,16453499
10,50000,12150716,6096913,18247629
10,50000,12067013,5444283,17511296
10,50000,11989908,6832514,18822422
10,50000,11729196,5443694,17172890
10,50000,11480476,4825600,16306076
10,50000,12389386,6846901,19236287
10,50000,12807139,6812303,19619442
10,50000,12458542,6880737,19339279
10,50000,11189129,5725350,16914479
10,50000,13355379,6893212,20248591
10,50000,12190352,6742264,18932616
10,50000,11230780,6783355,18014135
10,50000,12790750,6425581,19216331
10,50000,11457232,4858492,16315724
10,50000,11255649,4874874,16130523
10,50000,12191258,6879397,19070655
10,50000,11705399,6759970,18465369
10,50000,12888469,4895570,17784039
10,50000,11612009,4849157,16461166
10,50000,11479061,4861000,16340061
10,50000,12880229,6518404,19398633
10,50000,11938630,6571578,18510208
10,50000,12824306,6846213,19670519
10,50000,12551379,6854241,19405620
10,50000,13323367,6844145,20167512
10,50000,14435045,6811584,21246629
10,50000,12806523,6830970,19637493
10,50000,13586807,6815925,20402732
10,50000,12122650,6630794,18753444
10,50000,13547198,5816248,19363446
10,50000,11172438,5862966,17035404
10,50000,11920700,4868154,16788854
10,50000,11492332,6792558,18284890
10,50000,12222258,6863614,19085872
10,50000,11781462,4942728,16724190
10,50000,12243076,6845849,19088925
10,50000,13333565,6760044,20093609
10,50000,11668083,6411681,18079764
10,50000,11783083,5568073,17351156
10,50000,12771337,4835678,17607015
10,50000,11866480,6152903,18019383
10,50000,12405776,6821493,19227269
10,50000,11858930,5912216,17771146
10,50000,11897123,5744613,17641736
10,50000,11689952,4770181,16460133
10,50000,12862668,4793358,17656026
10,50000,11063988,4841314,15905302
10,50000,13409076,5875421,19284497
10,50000,11733665,5512293,17245958
10,50000,12116775,6739882,18856657
10,50000,11038609,4870428,15909037
10,50000,12281301,5321639,17602940
10,50000,11796251,6868080,18664331
10,60000,13102987,6727546,19830533
10,60000,13988334,8244171,22232505
10,60000,12620486,8223379,20843865
10,60000,14359201,8171595,22530796
10,60000,13060629,8191887,21252516
10,60000,13060881,8227798,21288679
10,60000,14248802,7188892,21437694
10,60000,13249721,8182356,21432077
10,60000,14259768,8220690,22480458
10,60000,13589114,5846063,19435177
10,60000,13086996,6365337,19452333
10,60000,12970665,5825295,18795960
10,60000,14349931,8262780,22612711
10,60000,12702068,7811201,20513269
10,60000,15878544,7166129,23044673
10,60000,12694614,5832261,18526875
10,60000,13945993,8214997,22160990
10,60000,13514274,5800099,19314373
10,60000,13014931,6765556,19780487
10,60000,14583722,8180250,22763972
10,60000,14215726,8164124,22379850
10,60000,15172573,7218776,22391349
10,60000,13781665,8252392,22034057
10,60000,14463504,8181571,22645075
10,60000,13407772,6525817,19933589
10,60000,13675549,8233171,21908720
10,60000,14725297,8235575,22960872
10,60000,14439426,8217364,22656790
10,60000,14344359,6455192,20799551
10,60000,12837184,5826836,18664020
10,60000,12799138,5830475,18629613
10,60000,14406413,8192775,22599188
10,60000,13086449,8189472,21275921
10,60000,13752840,8212817,21965657
10,60000,13957604,6687022,20644626
10,60000,14670945,5814803,20485748
10,60000,14519832,7567622,22087454
10,60000,14133417,7430550,21563967
10,60000,13209336,6492968,19702304
10,60000,13265152,8152898,21418050
10,60000,14963732,7630354,22594086
10,60000,14120924,7541326,21662250
10,60000,13575100,6433459,20008559
10,60000,14971521,8199174,23170695
10,60000,12464952,8052707,20517659
10,60000,14160952,6844088,21005040
10,60000,13588464,6722503,20310967
10,60000,13194256,7019626,20213882
10,60000,13034568,8731507,21766075
10,60000,12515604,6744565,19260169
10,60000,14002240,8260596,22262836
10,60000,13835438,6745419,20580857
10,60000,13583080,8238932,21822012
10,60000,13763958,7974204,21738162
10,60000,13046902,7723894,20770796
10,60000,12957269,8229611,21186880
10,60000,14216578,8128873,22345451
10,60000,13602526,8088265,21690791
10,60000,12924868,5837188,18762056
10,60000,13686896,5849824,19536720
10,60000,13070335,7708933,20779268
10,60000,13579004,8151256,21730260
10,60000,14581730,6860650,21442380
10,60000,15634234,7627096,23261330
10,60000,12945339,8244704,21190043
10,60000,13439263,8228875,21668138
10,60000,14523613,7765672,22289285
10,60000,14869844,8219051,23088895
10,60000,13871492,5837586,19709078
10,60000,13400671,7499284,20899955
10,60000,14587683,8221109,22808792
10,60000,15054312,7803392,22857704
10,60000,13232062,5844550,19076612
10,60000,13261364,5953744,19215108
10,60000,13599823,8735588,22335411
10,60000,12831320,8189655,21020975
10,60000,13865018,5800720,19665738
10,60000,14069584,8227105,22296689
10,60000,14045460,8239550,22285010
10,60000,13315132,8223090,21538222
10,60000,13775288,7734210,21509498
10,60000,13797170,7906226,21703396
10,60000,15013498,8243270,23256768
10,60000,13512795,6828726,20341521
10,60000,14569349,7089143,21658492
10,60000,12630743,6586710,19217453
10,60000,15152297,8195517,23347814
10,60000,12803771,5871574,18675345
10,60000,13327695,8208834,21536529
10,60000,14365649,8098227,22463876
10,60000,13651097,5837098,19488195
10,60000,15730038,7204835,22934873
10,60000,13384570,5807566,19192136
10,60000,13301266,8243686,21544952
10,60000,13313829,7547476,20861305
10,60000,13885434,7973946,21859380
10,60000,13707694,5841526,19549220
10,60000,13788593,7350579,21139172
10,60000,13140156,8127652,21267808
10,60000,13085968,5815636,18901604
10,60000,13810625,7943006,21753631
10,60000,13290822,8120177,21410999
10,60000,15565303,7799206,23364509
10,60000,14525325,8271366,22796691
10,60000,14556721,8154902,22711623
10,60000,13368972,5812074,19181046
10,60000,14147759,8232452,22380211
10,60000,14428663,6845810,21274473
10,60000,14093796,8235864,22329660
10,60000,14050501,8187275,22237776
10,60000,15835030,6677740,22512770
10,60000,12240413,5808609,18049022
10,60000,14831561,6626021,21457582
10,60000,18469035,5883001,24352036
10,60000,14764281,8238582,23002863
10,70000,15199794,7708878,22908672
10,70000,16656013,9303711,25959724
10,70000,15288548,7348609,22637157
10,70000,14083320,8669187,22752507
10,70000,15035272,9245536,24280808
10,70000,15612654,7213327,22825981
10,70000,16593667,9545767,26139434
10,70000,16531091,8493044,25024135
10,70000,15357277,10090866,25448143
10,70000,15829062,8441845,24270907
10,70000,18164713,9364533,27529246
10,70000,16225427,8372561,24597988
10,70000,14445082,9072993,23518075
10,70000,15340100,8145516,23485616
10,70000,15811619,8423842,24235461
10,70000,15496458,9483304,24979762
10,70000,16596245,7668187,24264432
10,70000,16299618,9345731,25645349
10,70000,14318048,9733310,24051358
10,70000,14861793,8628079,23489872
10,70000,15939768,9855645,25795413
10,70000,15016735,6768731,21785466
10,70000,15456827,7092398,22549225
10,70000,15502849,8095364,23598213
10,70000,14850070,9643991,24494061
10,70000,14818578,10011546,24830124
10,70000,17674295,9522271,27196566
10,70000,15609253,9865258,25474511
10,70000,15720989,10180017,25901006
10,70000,15858523,9539545,25398068
10,70000,16731572,8138830,24870402
10,70000,17596264,9594354,27190618
10,70000,15590470,10160838,25751308
10,70000,16488461,8844305,25332766
10,70000,15782985,7177606,22960591
10,70000,15098257,9893291,24991548
10,70000,16190962,8381046,24572008
10,70000,15688792,7241252,22930044
10,70000,14385440,9805581,24191021
10,70000,15659902,9412560,25072462
10,70000,15906667,8848669,24755336
10,70000,15032794,10012834,25045628
10,70000,15337590,8208889,23546479
10,70000,16226326,9782729,26009055
10,70000,17190906,7601986,24792892
10,70000,16079857,10054122,26133979
10,70000,13836914,9423867,23260781
10,70000,15043973,8014067,23058040
10,70000,16011936,9910588,25922524
10,70000,15925161,7556778,23481939
10,70000,15562421,10008726,25571147
10,70000,15070860,9230654,24301514
10,70000,16985942,7871551,24857493
10,70000,15421010,6749703,22170713
10,70000,14034553,9059662,23094215
10,70000,17621048,9987540,27608588
10,70000,15615101,9931240,25546341
10,70000,16204330,8389284,24593614
10,70000,15932612,8836151,24768763
10,70000,15676064,10030095,25706159
10,70000,15778824,10250336,26029160
10,70000,16632879,9959736,26592615
10,70000,14745182,9771680,24516862
10,70000,15373719,9813044,25186763
10,70000,15523333,7648042,23171375
10,70000,16351833,9763157,26114990
10,70000,16276371,9550447,25826818
10,70000,14233820,7260266,21494086
10,70000,16037625,9590996,25628621
10,70000,16967831,9945676,26913507
10,70000,14670540,8773402,23443942
10,70000,14596567,10049256,24645823
10,70000,17615589,7040716,24656305
10,70000,14669408,9407050,24076458
10,70000,15155984,8215817,23371801
10,70000,16358675,8126657,24485332
10,70000,15392128,9666471,25058599
10,70000,15756321,7332931,23089252
10,70000,14422125,6749346,21171471
10,70000,14797144,7397775,22194919
10,70000,14709708,9499154,24208862
10,70000,18056296,10074238,28130534
10,70000,15653527,8756588,24410115
10,70000,14764781,9960480,24725261
10,70000,13950119,7407226,21357345
10,70000,14885161,8560754,23445915
10,70000,15690762,9311912,25002674
10,70000,15307705,8887355,24195060
10,70000,16846553,9959167,26805720
10,70000,14754938,9638853,24393791
10,70000,14639446,8946086,23585532
10,70000,16092338,10053609,26145947
10,70000,15541259,6778165,22319424
10,70000,15487386,10007613,25494999
10,70000,16785638,10057574,26843212
10,70000,16157083,9039741,25196824
10,70000,14570235,9952258,24522493
10,70000,15822151,10003254,25825405
10,70000,15008250,8851803,23860053
10,70000,15491996,8593122,24085118
10,70000,15405782,8104441,23510223
10,70000,15595305,7287767,22883072
10,70000,14608333,6819989,21428322
10,70000,15714314,7349921,23064235
10,70000,16298394,7334190,23632584
10,70000,17009980,8709369,25719349
10,70000,15797463,9322834,25120297
10,70000,15429259,9103964,24533223
10,70000,14384497,8105001,22489498
10,70000,15600065,9689399,25289464
10,70000,17797034,9617011,27414045
10,70000,16482242,10055352,26537594
10,70000,15625341,10095981,25721322
10,70000,15671672,9379921,25051593
10,70000,14993765,8123038,23116803
10,80000,19742526,9108485,28851011
10,80000,18731441,10908864,29640305
10,80000,21909131,10799630,32708761
10,80000,17499353,9881284,27380637
10,80000,18640849,10865509,29506358
10,80000,17789330,10930583,28719913
10,80000,19291453,10849031,30140484
10,80000,18462420,8767094,27229514
10,80000,19144739,10907644,30052383
10,80000,17002637,7730906,24733543
10,80000,18698917,10051012,28749929
10,80000,18992363,10496370,29488733
10,80000,18413173,9192747,27605920
10,80000,18378316,8249245,26627561
10,80000,18785006,10845403,29630409
10,80000,18637380,10855584,29492964
10,80000,17297642,9672410,26970052
10,80000,19498346,10930729,30429075
10,80000,17549540,9400118,26949658
10,80000,17076902,7759892,24836794
10,80000,20172834,9194215,29367049
10,80000,18684130,9056595,27740725
10,80000,19888664,10187543,30076207
10,80000,19737984,10931442,30669426
10,80000,17685369,9840496,27525865
10,80000,20194123,10903267,31097390
10,80000,18853397,10380421,29233818
10,80000,16992622,9087538,26080160
10,80000,19655060,10695494,30350554
10,80000,17823226,10686596,28509822
10,80000,16444176,7695088,24139264
10,80000,18794023,10950809,29744832
10,80000,17545901,7745618,25291519
10,80000,17816285,9666326,27482611
10,80000,16700307,7697765,24398072
10,80000,19620688,7724769,27345457
10,80000,18756439,7873964,26630403
10,80000,18700399,10856286,29556685
10,80000,18749912,9451982,28201894
10,80000,19204356,9800266,29004622
10,80000,18562697,10718763,29281460
10,80000,18618430,8501297,27119727
10,80000,17264337,7665947,24930284
10,80000,18150017,7746139,25896156
10,80000,17536076,10850087,28386163
10,80000,17079173,9274100,26353273
10,80000,19926457,10862838,30789295
10,80000,19444101,8974070,28418171
10,80000,18688709,10437357,29126066
10,80000,17804897,8953458,26758355
10,80000,18333478,10870133,29203611
10,80000,18817502,9281280,28098782
10,80000,19516495,10840544,30357039
10,80000,18455338,9645272,28100610
10,80000,17993311,8855242,26848553
10,80000,18545084,8933163,27478247
10,80000,18699757,10402488,29102245
10,80000,18237921,8366691,26604612
10,80000,18575000,9505178,28080178
10,80000,19164490,10857217,30021707
10,80000,19438973,7802905,27241878
10,80000,17766033,8916113,26682146
10,80000,17858701,10876837,28735538
10,80000,18249089,7890388,26139477
10,80000,17434175,7740203,25174378
10,80000,17118179,10351444,27469623
10,80000,18940411,9456346,28396757
10,80000,19718293,10249555,29967848
10,80000,18712780,10165432,28878212
10,80000,18874468,8899973,27774441
10,80000,20287587,10052928,30340515
10,80000,18728522,10881925,29610447
10,80000,17721399,8891382,26612781
10,80000,17788101,7724584,25512685
10,80000,19072539,7958920,27031459
10,80000,18089162,7779077,25868239
10,80000,18612141,8470834,27082975
10,80000,18858386,10884999,29743385
10,80000,19671908,8749158,28421066
10,80000,16868191,8736806,25604997
10,80000,18173409,8686818,26860227
10,80000,17972344,9534423,27506767
10,80000,18109289,10989953,29099242
10,80000,19722215,10849642,30571857
10,80000,18912080,10815998,29728078
10,80000,18984150,9235555,28219705
10,80000,17437658,8046374,25484032
10,80000,20385545,10906187,31291732
10,80000,18819788,8571806,27391594
10,80000,19320189,9236029,28556218
10,80000,18701030,8561949,27262979
10,80000,19665723,9112323,28778046
10,80000,18095004,7723745,25818749
10,80000,17114118,10952828,28066946
10,80000,18749450,10832116,29581566
10,80000,18670459,10842784,29513243
10,80000,18983784,7694409,26678193
10,80000,17399155,10849689,28248844
10,80000,18571406,9536730,28108136
10,80000,17507321,10835684,28343005
10,80000,18875063,10235684,29110747
10,80000,17830720,10847750,28678470
10,80000,18875260,9380263,28255523
10,80000,18432978,8279204,26712182
10,80000,17538964,7958743,25497707
10,80000,18082077,9524681,27606758
10,80000,19914501,10636684,30551185
10,80000,17933965,10885248,28819213
10,80000,18305632,7681761,25987393
10,80000,17759432,10838964,28598396
10,80000,18211365,10924922,29136287
10,80000,18737408,9179284,27916692
10,80000,20654399,9850526,30504925
10,80000,18097205,8811433,26908638
10,80000,17500517,9365449,26865966
10,90000,20943566,8939399,29882965
10,90000,18114808,12031655,30146463
10,90000,20625067,10866774,31491841
10,90000,19148343,12243710,31392053
10,90000,22355294,10614956,32970250
10,90000,21243074,11815778,33058852
10,90000,21098452,12240277,33338729
10,90000,20657777,12001627,32659404
10,90000,19454793,9400170,28854963
10,90000,20589650,12123203,32712853
10,90000,21381421,8861440,30242861
10,90000,19696872,12070451,31767323
10,90000,20283053,8948120,29231173
10,90000,21861656,11778631,33640287
10,90000,20960382,11780081,32740463
10,90000,20047154,11584047,31631201
10,90000,20151397,8566029,28717426
10,90000,20370877,12162828,32533705
10,90000,19456289,11245471,30701760
10,90000,21076511,12185038,33261549
10,90000,21144360,9811987,30956347
10,90000,18432540,9405676,27838216
10,90000,21855078,11553432,33408510
10,90000,19311763,12284765,31596528
10,90000,20730517,9449983,30180500
10,90000,20246307,10872875,31119182
10,90000,19376042,10386239,29762281
10,90000,20047405,9219440,29266845
10,90000,18483764,10661834,29145598
10,90000,21780615,10385178,32165793
10,90000,20589262,12269141,32858403
10,90000,19634927,10289011,29923938
10,90000,21430419,12149019,33579438
10,90000,21294244,11931333,33225577
10,90000,20181570,9451845,29633415
10,90000,18780968,10085647,28866615
10,90000,21093512,12297262,33390774
10,90000,19755935,12136272,31892207
10,90000,21956936,11689110,33646046
10,90000,18683374,8601886,27285260
10,90000,20526131,8690029,29216160
10,90000,20467341,11958330,32425671
10,90000,19949630,8632838,28582468
10,90000,20455887,11627115,32083002
10,90000,18485980,12212317,30698297
10,90000,20232718,11609606,31842324
10,90000,19477956,8961518,28439474
10,90000,22204118,8663862,30867980
10,90000,19956686,10445120,30401806
10,90000,22835718,8593856,31429574
10,90000,20610090,9202929,29813019
10,90000,21954159,10307125,32261284
10,90000,19294991,9296171,28591162
10,90000,20500599,9365143,29865742
10,90000,21447816,8524668,29972484
10,90000,23093668,12105156,35198824
10,90000,20799017,10660041,31459058
10,90000,21442346,8813630,30255976
10,90000,21500732,10911104,32411836
10,90000,21089278,8822716,29911994
10,90000,20379086,9225321,29604407
10,90000,24620470,11386755,36007225
10,90000,20248208,10528680,30776888
10,90000,20801104,10883083,31684187
10,90000,19032112,8552471,27584583
10,90000,21675565,11090629,32766194
10,90000,20911834,11725943,32637777
10,90000,22165742,11676746,33842488
10,90000,21365774,9639892,31005666
10,90000,21682940,10795790,32478730
10,90000,21079921,8657923,29737844
10,90000,21890782,11352631,33243413
10,90000,20034845,11782032,31816877
10,90000,21422106,9571420,30993526
10,90000,23134240,12094417,35228657
10,90000,24018705,8602790,32621495
10,90000,19530785,10778820,30309605
10,90000,20245833,11262351,31508184
10,90000,20568581,9073819,29642400
10,90000,21298270,11671813,32970083
10,90000,19928734,12293344,32222078
10,90000,18258017,8748333,27006350
10,90000,22430762,9532375,31963137
10,90000,20196520,8692497,28889017
10,90000,19500226,11689127,31189353
10,90000,24330535,8593995,32924530
10,90000,18837989,11591612,30429601
10,90000,19268760,11267000,30535760
10,90000,19556808,10834511,30391319
10,90000,21081137,9427577,30508714
10,90000,22080307,11575519,33655826
10,90000,21703808,12129598,33833406
10,90000,19981070,11989939,31971009
10,90000,21311759,11881092,33192851
10,90000,21064640,12247244,33311884
10,90000,20992907,8676374,29669281
10,90000,20571988,8695335,29267323
10,90000,22936022,8630955,31566977
10,90000,22493746,10419725,32913471
10,90000,19871668,10095601,29967269
10,90000,18209718,8543602,26753320
10,90000,20289340,9098646,29387986
10,90000,19956545,12034234,31990779
10,90000,21342481,10947074,32289555
10,90000,21717246,8707741,30424987
10,90000,19638268,8987191,28625459
10,90000,21184029,8852362,30036391
10,90000,24408960,8556808,32965768
10,90000,21724583,9058612,30783195
10,90000,19035235,8812354,27847589
10,90000,19669395,9392672,29062067
10,90000,20698231,9976183,30674414
10,90000,19523096,8892950,28416046
10,90000,19702143,8622257,28324400
10,90000,22019833,8646061,30665894
10,100000,23994481,13658961,37653442
10,100000,23224815,9616971,32841786
10,100000,21514569,9670883,31185452
10,100000,25809324,13397757,39207081
10,100000,21542549,11223328,32765877
10,100000,21206875,9586867,30793742
10,100000,24112195,13613442,37725637
10,100000,29832622,11635545,41468167
10,100000,21210808,9654941,30865749
10,100000,22374846,9832268,32207114
10,100000,22872553,11054656,33927209
10,100000,25257907,12093284,37351191
10,100000,21852148,13534832,35386980
10,100000,22319899,9643468,31963367
10,100000,20935455,11991449,32926904
10,100000,23998300,11950623,35948923
10,100000,22489045,9688584,32177629
10,100000,22035132,9669193,31704325
10,100000,20904119,13515743,34419862
10,100000,20938655,9547666,30486321
10,100000,23029546,13088473,36118019
10,100000,23648522,9547069,33195591
10,100000,23735305,13643880,37379185
10,100000,22563161,10938364,33501525
10,100000,22099513,12575367,34674880
10,100000,20684657,9564751,30249408
10,100000,23399956,9650728,33050684
10,100000,24152844,9544081,33696925
10,100000,23579497,12075443,35654940
10,100000,21837481,13608431,35445912
10,100000,21030135,12456343,33486478
10,100000,22424294,13639521,36063815
10,100000,22314265,12213496,34527761
10,100000,23208251,12233345,35441596
10,100000,20866422,11265713,32132135
10,100000,23813820,10821115,34634935
10,100000,20674685,10326817,31001502
10,100000,22456395,9596845,32053240
10,100000,22470438,9598096,32068534
10,100000,22820032,9582291,32402323
10,100000,22944214,9585436,32529650
10,100000,22927747,13542318,36470065
10,100000,23040807,9585664,32626471
10,100000,21847501,10761949,32609450
10,100000,22758349,11333060,34091409
10,100000,22316443,10798700,33115143
10,100000,22122706,11675170,33797876
10,100000,23502607,12021683,35524290
10,100000,21678148,12458632,34136780
10,100000,22650582,9581742,32232324
10,100000,21583122,11927532,33510654
10,100000,20623488,11200037,31823525
10,100000,22984298,9571285,32555583
10,100000,23566900,13607148,37174048
10,100000,21623624,10949347,32572971
10,100000,23574970,9559592,33134562
10,100000,24880729,11195445,36076174
10,100000,24720990,12861831,37582821
10,100000,23701745,9968452,33670197
10,100000,22421536,12355254,34776790
10,100000,21932900,11587449,33520349
10,100000,23311006,13557824,36868830
10,100000,21479121,9556843,31035964
10,100000,23387882,9642834,33030716
10,100000,21870917,10896507,32767424
10,100000,22264211,9859009,32123220
10,100000,23556552,9741908,33298460
10,100000,22602893,12424036,35026929
10,100000,22533847,13494262,36028109
10,100000,21341718,9613705,30955423
10,100000,24457605,13506732,37964337
10,100000,21817389,11987651,33805040
10,100000,22489072,11212073,33701145
10,100000,23538405,9649937,33188342
10,100000,23066058,11899282,34965340
10,100000,22106330,9726531,31832861
10,100000,23362083,9622159,32984242
10,100000,22856879,13577520,36434399
10,100000,22296458,11852652,34149110
10,100000,22968492,12508633,35477125
10,100000,23971843,10626546,34598389
10,100000,22488854,11338967,33827821
10,100000,24870258,9642493,34512751
10,100000,23125233,10588213,33713446
10,100000,22846345,13056651,35902996
10,100000,22616054,9690841,32306895
10,100000,22807366,12424851,35232217
10,100000,20740828,12869373,33610201
10,100000,23681014,11491517,35172531
10,100000,25025443,13637325,38662768
10,100000,23207947,13276739,36484686
10,100000,21515602,9983302,31498904
10,100000,22064100,13544889,35608989
10,100000,21840180,10076038,31916218
10,100000,24300990,9464445,33765435
10,100000,23326749,12294239,35620988
10,100000,22895144,11474016,34369160
10,100000,23575697,9538786,33114483
10,100000,23759861,13575777,37335638
10,100000,24795793,12002007,36797800
10,100000,21894746,9567313,31462059
10,100000,24280325,9622972,33903297
10,100000,21579097,12738905,34318002
10,100000,22577858,9567760,32145618
10,100000,22281825,9677614,31959439
10,100000,21903615,9939117,31842732
10,100000,23784509,12394665,36179174
10,100000,23304197,9649377,32953574
10,100000,21789238,12933402,34722640
10,100000,23793991,11711977,35505968
10,100000,21615191,11689023,33304214
10,100000,24758286,11987097,36745383
10,100000,23487657,12236397,35724054
10,100000,21856866,9604931,31461797
10,100000,24654889,9621452,34276341
10,100000,23514034,12570728,36084762
10,100000,21299554,10064382,31363936
10,100000,20807524,9604063,30411587
10,100000,22960891,11714122,34675013
10,100000,22299930,12477073,34777003
10,100000,27431692,9638403,37070095
10,100000,22694638,9674818,32369456
10,100000,23483518,9591648,33075166
10,100000,22200673,9646835,31847508
10,100000,22327735,13499962,35827697
10,100000,25869398,9732983,35602381
10,100000,22902453,13545045,36447498
10,100000,21642498,9918719,31561217
10,100000,22731180,10857240,33588420
10,100000,22521251,9614207,32135458
10,100000,21196722,9636892,30833614
10,100000,23488479,12411563,35900042
10,100000,23608612,12097098,35705710
10,100000,22665025,9663419,32328444
10,100000,21780549,10776901,32557450
10,100000,21893412,11058999,32952411
10,100000,22382807,12327788,34710595
10,100000,25473163,9579424,35052587
10,100000,23388403,9650603,33039006
10,100000,22511958,12500482,35012440
10,100000,22043295,10888325,32931620
10,100000,23149685,11275495,34425180
10,100000,22859611,12428620,35288231
10,100000,23896398,9943870,33840268
10,100000,24111663,12225648,36337311
10,100000,20639261,11269201,31908462
10,100000,22481855,11218290,33700145
10,100000,23392869,11825444,35218313
10,100000,22175652,9620629,31796281
10,100000,23668671,9632223,33300894
10,100000,26783110,13231144,40014254
10,100000,23104338,11859036,34963374
10,100000,21145049,9593028,30738077
10,100000,23927885,12956067,36883952
10,100000,23237337,12319592,35556929
10,100000,23405679,9573860,32979539
10,100000,21511882,9603444,31115326
10,100000,22642613,11964916,34607529
10,100000,22907519,11938427,34845946
10,100000,22038212,9992517,32030729
10,100000,23928992,9651021,33580013
10,100000,23214758,12419669,35634427
10,100000,24149290,9771298,33920588
10,100000,21068921,9916430,30985351
10,100000,25864314,13526072,39390386
10,100000,25376105,9816428,35192533
10,100000,24551380,12568797,37120177
10,100000,23572652,9679567,33252219
10,100000,23228499,9634309,32862808
10,100000,21923546,13184834,35108380
10,100000,23944795,11813657,35758452
10,100000,24509887,10173360,34683247
10,100000,22225355,13126682,35352037
10,100000,23739263,13562282,37301545
10,100000,26369571,9623397,35992968
10,100000,22576515,9941165,32517680
10,100000,23195011,12062872,35257883
10,100000,23315852,9615611,32931463
10,100000,23352890,9840648,33193538
10,100000,23664037,12234934,35898971
10,100000,21017923,9914777,30932700
10,100000,24156784,13492081,37648865
10,100000,23043208,11904902,34948110
10,100000,22795879,13625977,36421856
10,100000,22366342,10878716,33245058
10,100000,23163323,10495051,33658374
10,100000,24040988,11807869,35848857
10,100000,22863673,13469345,36333018
10,100000,22241827,12546988,34788815
10,100000,22775904,9672828,32448732
10,100000,21654896,12147973,33802869
10,100000,20896770,9562008,30458778
10,100000,23663363,11990030,35653393
10,100000,23597275,10239211,33836486
10,100000,23381503,12216388,35597891
10,100000,23261961,12494478,35756439
10,100000,22283072,12360263,34643335
10,100000,25775853,13308026,39083879
10,100000,22516446,9611153,32127599
10,100000,20606886,9678031,30284917
10,100000,23045446,12346717,35392163
10,100000,25958088,9591508,35549596
10,100000,22725360,12611598,35336958
10,100000,22440230,9617387,32057617
10,100000,21367071,9799801,31166872
10,100000,22977380,11881972,34859352
10,100000,23439464,11911387,35350851
10,100000,24454903,9598778,34053681
10,100000,23189087,9665236,32854323
10,100000,23682028,10995480,34677508
10,100000,20138197,9684941,29823138
10,100000,21691516,11412184,33103700
10,100000,23892493,9628284,33520777
10,100000,21183623,11016247,32199870
10,100000,23558989,12195379,35754368
10,100000,23119811,11517921,34637732
10,100000,22843045,9591837,32434882
10,100000,23489441,12740159,36229600
10,100000,23233475,9628541,32862016
10,100000,21789012,9528250,31317262
10,100000,22116875,9629154,31746029
10,100000,22291782,9617304,31909086
10,100000,21676082,13369450,35045532
10,100000,23272305,12819447,36091752
10,100000,22967904,12523156,35491060
10,100000,21189427,9614881,30804308
10,100000,22672236,9598836,32271072
10,100000,21385511,9537843,30923354
10,100000,22719975,12017163,34737138
10,100000,24061669,10704153,34765822
10,200000,45455741,23922229,69377970
10,200000,46385069,21627197,68012266
10,200000,48972554,20630139,69602693
10,200000,44176204,21547573,65723777
10,200000,41554494,21606921,63161415
10,200000,45264678,21606832,66871510
10,200000,37888823,19375439,57264262
10,200000,47033431,20304186,67337617
10,200000,43561575,19229376,62790951
10,200000,51405296,19959812,71365108
10,200000,41632031,19575335,61207366
10,200000,45608983,23010520,68619503
10,200000,45221278,19222888,64444166
10,200000,42513546,22321215,64834761
10,200000,45924710,24064077,69988787
10,200000,41017315,22823341,63840656
10,200000,45401924,19271647,64673571
10,200000,41692370,22634200,64326570
10,200000,43718214,24318122,68036336
10,200000,40667295,19366032,60033327
10,200000,44502042,20011422,64513464
10,200000,38258812,19270392,57529204
10,200000,45940413,19219177,65159590
10,200000,43773840,22616550,66390390
10,200000,41160586,19395943,60556529
10,200000,43234676,20627344,63862020
10,200000,43370531,19904440,63274971
10,200000,42827867,19365566,62193433
10,200000,42905258,22553780,65459038
10,200000,47532069,19747011,67279080
10,200000,42316895,20956558,63273453
10,200000,40037722,19189465,59227187
10,200000,45610180,21298208,66908388
10,200000,41345914,22913410,64259324
10,200000,43913415,21575594,65489009
10,200000,42233911,22722656,64956567
10,200000,39413651,19375139,58788790
10,200000,43725172,19284871,63010043
10,200000,42989720,21915882,64905602
10,200000,40378521,19307110,59685631
10,200000,42125679,20141110,62266789
10,200000,45256401,21676546,66932947
10,200000,45356058,19416784,64772842
10,200000,46042547,21051490,67094037
10,200000,41620684,20241530,61862214
10,200000,41190027,19207355,60397382
10,200000,40509726,19400535,59910261
10,200000,49356596,19356906,68713502
10,200000,44618607,19414667,64033274
10,200000,54684689,19150769,73835458
10,200000,44862466,21725581,66588047
10,200000,45471665,22099945,67571610
10,200000,45169207,19988396,65157603
10,200000,42297579,19275192,61572771
10,200000,46482088,20908133,67390221
10,200000,41473313,19396794,60870107
10,200000,44769726,22090649,66860375
10,200000,40872847,19572819,60445666
10,200000,40037291,20157377,60194668
10,200000,39172231,23120708,62292939
10,200000,41150286,22207692,63357978
10,200000,45467748,21914374,67382122
10,200000,45578870,20663110,66241980
10,200000,43439012,22695062,66134074
10,200000,44455329,21780051,66235380
10,200000,49582783,21709884,71292667
10,200000,43175131,19464509,62639640
10,200000,42671844,20399350,63071194
10,200000,44116277,19253385,63369662
10,200000,39858040,19139505,58997545
10,200000,45142602,19155372,64297974
10,200000,41530581,19235025,60765606
10,200000,42435905,21812573,64248478
10,200000,42412724,19518888,61931612
10,200000,46861706,19366364,66228070
10,200000,46752198,19431017,66183215
10,200000,42577656,19258366,61836022
10,200000,38160706,19392946,57553652
10,200000,40390082,22918098,63308180
10,200000,42986432,19299062,62285494
10,200000,40699771,22162506,62862277
10,200000,49513554,19548701,69062255
10,200000,38260595,19218189,57478784
10,200000,40981905,19386224,60368129
10,200000,41464758,19400981,60865739
10,200000,44307428,22589310,66896738
10,200000,41006524,21580129,62586653
10,200000,42574891,19316230,61891121
10,200000,43691441,21876964,65568405
10,200000,43369287,19251818,62621105
10,200000,41944863,19781110,61725973
10,200000,40757188,21779597,62536785
10,200000,48244922,19302055,67546977
10,200000,50281152,21040686,71321838
10,200000,46252603,19942549,66195152
10,200000,44573717,21242459,65816176
10,200000,46803454,19649837,66453291
10,200000,41542304,19246848,60789152
10,200000,40863620,19239718,60103338
10,200000,39932008,21213979,61145987
10,200000,39897198,19293844,59191042
10,200000,41522646,21027209,62549855
10,200000,38385684,20898215,59283899
10,200000,42881292,22038078,64919370
10,200000,43478054,21671332,65149386
10,200000,41387267,19347262,60734529
10,200000,45123806,21373160,66496966
10,200000,44881908,22006193,66888101
10,200000,45513441,21790831,67304272
10,200000,46157508,20330745,66488253
10,200000,40422564,19214311,59636875
10,200000,38257367,19324305,57581672
10,200000,40343101,19319090,59662191
10,200000,43089166,19726480,62815646
10,200000,41543743,19289305,60833048
10,300000,66152775,27844255,93997030
10,300000,72817695,28087029,100904724
10,300000,60154618,27799601,87954219
10,300000,66620011,28318396,94938407
10,300000,61404424,27974280,89378704
10,300000,65773232,27883802,93657034
10,300000,55610974,28000568,83611542
10,300000,63672278,27990388,91662666
10,300000,64858183,28184206,93042389
10,300000,59490763,27834593,87325356
10,300000,67847965,28468431,96316396
10,300000,70334369,28126297,98460666
10,300000,61047225,27888226,88935451
10,300000,62327640,28114359,90441999
10,300000,73491937,28057291,101549228
10,300000,60491152,28741452,89232604
10,300000,60030102,28543980,88574082
10,300000,66880233,28022806,94903039
10,300000,71604089,28071610,99675699
10,300000,58216499,29829230,88045729
10,300000,68252654,28410837,96663491
10,300000,62654258,27802968,90457226
10,300000,69948668,28399828,98348496
10,300000,57012997,28025164,85038161
10,300000,60253714,27934822,88188536
10,300000,61226498,28400680,89627178
10,300000,63816950,27996497,91813447
10,300000,65492018,28596842,94088860
10,300000,59409298,27795961,87205259
10,300000,62666160,28078407,90744567
10,300000,63817441,27852588,91670029
10,300000,58703799,27833651,86537450
10,300000,58867447,27949593,86817040
10,300000,63355327,27994086,91349413
10,300000,59458601,28198386,87656987
10,300000,61624917,27938038,89562955
10,300000,60320585,27812169,88132754
10,300000,59045697,29395966,88441663
10,300000,58345055,28496844,86841899
10,300000,56544956,27894783,84439739
10,300000,59926783,27891388,87818171
10,300000,66337574,27988769,94326343
10,300000,65380114,28515396,93895510
10,300000,66455671,28004072,94459743
10,300000,63588995,28574166,92163161
10,300000,56868400,28086588,84954988
10,300000,60447119,27904840,88351959
10,300000,62773446,28290618,91064064
10,300000,67236602,29511760,96748362
10,300000,67399877,27914743,95314620
10,300000,61670805,27840596,89511401
10,300000,61985539,28098821,90084360
10,300000,58503549,27865491,86369040
10,300000,56065630,27837836,83903466
10,300000,64553778,27889694,92443472
10,300000,61643219,28648524,90291743
10,300000,61894673,28396916,90291589
10,300000,63766310,27852683,91618993
10,300000,62698451,28011221,90709672
10,300000,58072180,27946489,86018669
10,300000,66057331,28128631,94185962
10,300000,72926404,28272979,101199383
10,300000,62524853,28422057,90946910
10,300000,72944709,27894834,100839543
10,300000,60800631,31091501,91892132
10,300000,60417827,27963333,88381160
10,300000,59484780,28124091,87608871
10,300000,59196028,27967822,87163850
10,300000,63446302,28018191,91464493
10,300000,61465355,28102807,89568162
10,300000,55888727,27794416,83683143
10,300000,64876189,27867619,92743808
10,300000,58105797,27900580,86006377
10,300000,61083413,27784138,88867551
10,300000,55973759,28109778,84083537
10,300000,63428127,30417405,93845532
10,300000,61472369,27965717,89438086
10,300000,67307235,28036346,95343581
10,300000,57400184,27862858,85263042
10,300000,62016953,27931435,89948388
10,300000,68860504,28360915,97221419
10,300000,75280932,27865467,103146399
10,300000,59098119,29791826,88889945
10,300000,63800350,27779967,91580317
10,300000,62364640,27934956,90299596
10,300000,67260476,28002503,95262979
10,300000,61888409,27942839,89831248
10,300000,59222041,27925927,87147968
10,300000,68555036,27911494,96466530
10,300000,62917032,29437536,92354568
10,300000,63101653,27897998,90999651
10,300000,67282195,28624468,95906663
10,300000,63898159,27795995,91694154
10,300000,61606860,28384175,89991035
10,300000,59449190,27948534,87397724
10,300000,64133448,28215597,92349045
10,300000,63884073,27810586,91694659
10,300000,67405718,27969884,95375602
10,300000,64344105,27753083,92097188
10,300000,59694496,28097341,87791837
10,300000,63573083,27940627,91513710
10,300000,65489976,30234693,95724669
10,300000,66339950,28696612,95036562
10,300000,60914313,28297520,89211833
10,300000,65290115,28426268,93716383
10,300000,62402377,28418576,90820953
10,300000,66041766,27803428,93845194
10,300000,58503140,27842678,86345818
10,300000,57405429,28015036,85420465
10,300000,64154665,28120263,92274928
10,300000,60010023,27783219,87793242
10,300000,64104240,28398793,92503033
10,300000,65839109,27877033,93716142
10,300000,67002912,28374742,95377654
10,300000,57135947,28422062,85558009
10,400000,80108643,37534749,117643392
10,400000,76951384,37441300,114392684
10,400000,79859686,37444902,117304588
10,400000,88879413,37367694,126247107
10,400000,77274760,37555502,114830262
10,400000,83428882,37832493,121261375
10,400000,79763906,37419347,117183253
10,400000,88485336,37281636,125766972
10,400000,81323284,37422586,118745870
10,400000,80615756,37217896,117833652
10,400000,77318866,37920836,115239702
10,400000,80304357,37359924,117664281
10,400000,83374192,37438749,120812941
10,400000,79426667,37329893,116756560
10,400000,83369000,37308868,120677868
10,400000,75143665,37401270,112544935
10,400000,85451858,37341691,122793549
10,400000,79246194,37335701,116581895
10,400000,76970692,37543484,114514176
10,400000,85070816,37911112,122981928
10,400000,77265778,37478525,114744303
10,400000,81701211,38215998,119917209
10,400000,91550543,40639458,132190001
10,400000,83313819,37289195,120603014
10,400000,79937003,37344370,117281373
10,400000,78201630,37353886,115555516
10,400000,79368953,37424199,116793152
10,400000,77269152,37954060,115223212
10,400000,83911816,37242536,121154352
10,400000,81955432,37509857,119465289
10,400000,81973252,37344536,119317788
10,400000,82909085,37379630,120288715
10,400000,83198217,37529772,120727989
10,400000,81513832,37430240,118944072
10,400000,71596057,37675424,109271481
10,400000,76164130,37435985,113600115
10,400000,81451509,37261669,118713178
10,400000,79316550,37523415,116839965
10,400000,77278532,37376582,114655114
10,400000,82927935,37498231,120426166
10,400000,79200420,37637750,116838170
10,400000,79778955,37410466,117189421
10,400000,83005616,37319580,120325196
10,400000,81635354,37911740,119547094
10,400000,93032942,38887671,131920613
10,400000,76116890,37325226,113442116
10,400000,85419493,40436828,125856321
10,400000,82611734,37295198,119906932
10,400000,84026044,37284844,121310888
10,400000,76491092,37280604,113771696
10,400000,84042443,37506869,121549312
10,400000,79194034,37693513,116887547
10,400000,85948262,37209699,123157961
10,400000,81067679,37384049,118451728
10,400000,79406076,37895722,117301798
10,400000,79449513,37381169,116830682
10,400000,92160994,37551252,129712246
10,400000,84405619,37560194,121965813
10,400000,80255665,37299272,117554937
10,400000,81910674,39444632,121355306
10,400000,90646665,37966188,128612853
10,400000,79928475,37519192,117447667
10,400000,83775303,37637720,121413023
10,400000,86096969,37197231,123294200
10,400000,83963592,37356234,121319826
10,400000,76834948,39028006,115862954
10,400000,76335832,37827246,114163078
10,400000,82808457,37529082,120337539
10,400000,83453861,37499223,120953084
10,400000,85631617,37688354,123319971
10,400000,82072069,37440651,119512720
10,400000,80599379,37545531,118144910
10,400000,79852970,37452177,117305147
10,400000,85949001,37246778,123195779
10,400000,76965066,37548374,114513440
10,400000,77448133,37276638,114724771
10,400000,88043620,37346521,125390141
10,400000,84865510,37315869,122181379
10,400000,76488012,37307746,113795758
10,400000,82335633,37787477,120123110
10,400000,87600276,37270084,124870360
10,400000,71596298,37617642,109213940
10,400000,87998405,37426438,125424843
10,400000,91774734,37573164,129347898
10,400000,77809767,37435543,115245310
10,400000,75478471,37413620,112892091
10,400000,80346431,37376301,117722732
10,400000,80009676,37301627,117311303
10,400000,81237553,38140793,119378346
10,400000,81229788,37554503,118784291
10,400000,79998865,37659090,117657955
10,400000,80160055,37533006,117693061
10,400000,76866912,37332038,114198950
10,400000,80069653,37402083,117471736
10,400000,70452836,37347198,107800034
10,400000,78423177,37375016,115798193
10,400000,86944012,37278066,124222078
10,400000,89946054,37315639,127261693
10,400000,80528778,37516807,118045585
10,400000,84354393,37336349,121690742
10,400000,79990040,37334789,117324829
10,400000,82736837,37771559,120508396
10,400000,86193442,37333428,123526870
10,400000,80762392,37476790,118239182
10,400000,88019221,37313700,125332921
10,400000,85019209,37442550,122461759
10,400000,92244138,37504301,129748439
10,400000,93052234,37583870,130636104
10,400000,79246374,37332185,116578559
10,400000,92362734,37611796,129974530
10,400000,80363565,37499342,117862907
10,400000,73351235,39298450,112649685
10,400000,85907649,37900112,123807761
10,400000,79286592,37772558,117059150
10,400000,84017699,37834646,121852345
10,500000,112974891,47758195,160733086
10,500000,112036621,47571669,159608290
10,500000,98574152,49299745,147873897
10,500000,111878536,47523417,159401953
10,500000,101846281,47271995,149118276
10,500000,97940249,49354503,147294752
10,500000,108298492,47749780,156048272
10,500000,98914020,47556753,146470773
10,500000,98069032,47744000,145813032
10,500000,100436176,47193089,147629265
10,500000,107558032,47474160,155032192
10,500000,104858087,47489141,152347228
10,500000,109568550,49648845,159217395
10,500000,94303423,46723163,141026586
10,500000,103427569,47642545,151070114
10,500000,92373551,47475501,139849052
10,500000,98861891,47529806,146391697
10,500000,109194553,47547586,156742139
10,500000,103277690,47461411,150739101
10,500000,97276392,47935810,145212202
10,500000,104165871,47239456,151405327
10,500000,98379208,47375714,145754922
10,500000,102584581,47718046,150302627
10,500000,99404082,47468458,146872540
10,500000,98018271,47701887,145720158
10,500000,94734189,47585747,142319936
10,500000,103111792,47661790,150773582
10,500000,101974490,47399549,149374039
10,500000,100587634,47852253,148439887
10,500000,98841930,47496995,146338925
10,500000,106022448,47209045,153231493
10,500000,108905183,47662075,156567258
10,500000,109301538,47458189,156759727
10,500000,97909661,47431323,145340984
10,500000,101002608,47509018,148511626
10,500000,97835772,47535497,145371269
10,500000,97193454,46957711,144151165
10,500000,109643994,47006076,156650070
10,500000,102189507,47205967,149395474
10,500000,88945876,47301834,136247710
10,500000,96059031,47707534,143766565
10,500000,99406308,47392460,146798768
10,500000,96209583,47337904,143547487
10,500000,99916781,47425683,147342464
10,500000,94131181,47516833,141648014
10,500000,111962940,47554908,159517848
10,500000,97312395,47416324,144728719
10,500000,98550919,47487716,146038635
10,500000,110667008,47925452,158592460
10,500000,119469986,47615819,167085805
10,500000,111666085,47586567,159252652
10,500000,101632614,47584793,149217407
10,500000,103461341,47529546,150990887
10,500000,93157590,47722908,140880498
10,500000,105593920,47579015,153172935
10,500000,103096674,47801072,150897746
10,500000,106326627,47607678,153934305
10,500000,93885870,47630928,141516798
10,500000,97123932,47475534,144599466
10,500000,95781038,47650068,143431106
10,500000,98070521,47325649,145396170
10,500000,99369422,47723728,147093150
10,500000,109069923,49552998,158622921
10,500000,104544920,47854392,152399312
10,500000,104202780,47713778,151916558
10,500000,99657358,47681071,147338429
10,500000,106951989,47769156,154721145
10,500000,93727808,47568399,141296207
10,500000,105062689,47604566,152667255
10,500000,103678987,47486805,151165792
10,500000,117153975,47663150,164817125
10,500000,96213085,47742209,143955294
10,500000,94584424,47536337,142120761
10,500000,99231146,46704443,145935589
10,500000,96048619,47644718,143693337
10,500000,94770482,47757355,142527837
10,500000,108359152,47690199,156049351
10,500000,99074500,47309406,146383906
10,500000,96508387,47378846,143887233
10,500000,94341304,47437208,141778512
10,500000,100646156,47800174,148446330
10,500000,100580386,48592656,149173042
10,500000,105706183,47496410,153202593
10,500000,93737272,47338328,141075600
10,500000,102126315,47263281,149389596
10,500000,100794023,47698599,148492622
10,500000,99849152,48807932,148657084
10,500000,96210750,50907571,147118321
10,500000,94698443,47374025,142072468
10,500000,111088550,47700177,158788727
10,500000,101407821,47520870,148928691
10,500000,100171989,47702681,147874670
10,500000,97378629,47664653,145043282
10,500000,103208132,47657971,150866103
10,500000,105177694,47624923,152802617
10,500000,99048105,47583059,146631164
10,500000,95442166,47386492,142828658
10,500000,98975920,47492630,146468550
10,500000,101494407,47091004,148585411
10,500000,102633349,47452751,150086100
10,500000,96587881,47560099,144147980
10,500000,97197630,47477199,144674829
10,500000,100348521,47581310,147929831
10,500000,97893830,47496707,145390537
10,500000,98107502,47250180,145357682
10,500000,99010809,47675371,146686180
10,500000,95867120,47703964,143571084
10,500000,100983215,47450264,148433479
10,500000,92537732,47522754,140060486
10,500000,97651105,47630950,145282055
10,500000,104477537,47592225,152069762
10,500000,96856152,47207614,144063766
10,500000,102651167,47373368,150024535
10,500000,102664945,47115155,149780100
10,500000,99692878,47656697,147349575
10,600000,110661791,57781875,168443666
10,600000,115022109,57611697,172633806
10,600000,117216166,57890886,175107052
10,600000,109359041,57368703,166727744
10,600000,116742694,57593290,174335984
10,600000,123462269,58105017,181567286
10,600000,108687771,57470453,166158224
10,600000,109531658,57541992,167073650
10,600000,110129387,57313509,167442896
10,600000,117160295,57181309,174341604
10,600000,117462104,57074122,174536226
10,600000,107474640,57396596,164871236
10,600000,110822758,58506795,169329553
10,600000,114029343,57047266,171076609
10,600000,113627748,57942818,171570566
10,600000,109945836,57575136,167520972
10,600000,113804701,57583467,171388168
10,600000,117672480,57408011,175080491
10,600000,112298906,57801802,170100708
10,600000,114779576,57427753,172207329
10,600000,111571237,58120285,169691522
10,600000,119918020,57888053,177806073
10,600000,123490224,57352571,180842795
10,600000,124450148,56543254,180993402
10,600000,108278900,57889062,166167962
10,600000,98978703,57040383,156019086
10,600000,115936711,56944415,172881126
10,600000,100204599,57568420,157773019
10,600000,110699602,58044686,168744288
10,600000,111734342,56905934,168640276
10,600000,105793235,57038102,162831337
10,600000,116185679,56946907,173132586
10,600000,121277251,57055228,178332479
10,600000,109281459,57106839,166388298
10,600000,117813334,57089075,174902409
10,600000,109660555,57203964,166864519
10,600000,121581447,57849590,179431037
10,600000,126900379,57678305,184578684
10,600000,114054250,57195870,171250120
10,600000,112244732,57041956,169286688
10,600000,123107429,56831369,179938798
10,600000,118774055,57415316,176189371
10,600000,111722658,56840683,168563341
10,600000,114217609,57295547,171513156
10,600000,105872900,57166286,163039186
10,600000,125891346,57783139,183674485
10,600000,107850792,58064647,165915439
10,600000,110485627,57352506,167838133
10,600000,110575285,57844124,168419409
10,600000,123706466,57264223,180970689
10,600000,117100974,57898040,174999014
10,600000,122943390,57604439,180547829
10,600000,127145003,57095428,184240431
10,600000,113992792,58816177,172808969
10,600000,114975112,57185815,172160927
10,600000,116851510,57063015,173914525
10,600000,115138639,57106591,172245230
10,600000,129997793,57244659,187242452
10,600000,120395080,57054784,177449864
10,600000,112073526,57804085,169877611
10,600000,112090512,57255321,169345833
10,600000,118258756,57233707,175492463
10,600000,108518807,57058162,165576969
10,600000,113058977,57521698,170580675
10,600000,118416093,58221720,176637813
10,600000,107281100,56953124,164234224
10,600000,122695089,57291356,179986445
10,600000,112748271,57342457,170090728
10,600000,116145999,58366474,174512473
10,600000,110304613,57192288,167496901
10,600000,113071217,57428869,170500086
10,600000,110024443,57315163,167339606
10,600000,116568925,56507352,173076277
10,600000,136486876,57536130,194023006
10,600000,111601359,57035270,168636629
10,600000,116917350,57768160,174685510
10,600000,127602744,57436613,185039357
10,600000,113036794,58870987,171907781
10,600000,115168910,57243342,172412252
10,600000,116535959,57501128,174037087
10,600000,116574119,60037495,176611614
10,600000,119808759,59686815,179495574
10,600000,117534426,56977815,174512241
10,600000,103476169,57033878,160510047
10,600000,109336212,59405938,168742150
10,600000,117048778,57841170,174889948
10,600000,133054454,59741281,192795735
10,600000,108993295,57310710,166304005
10,600000,113406537,57352346,170758883
10,600000,112664937,57120923,169785860
10,600000,111174829,57817356,168992185
10,600000,117472948,57125379,174598327
10,600000,113131551,56916191,170047742
10,600000,114852035,57654238,172506273
10,600000,113840671,58791580,172632251
10,600000,114971935,59249580,174221515
10,600000,115516271,57285732,172802003
10,600000,102482965,57900971,160383936
10,600000,114063140,56939541,171002681
10,600000,107090833,57373695,164464528
10,600000,110545947,57185497,167731444
10,600000,141756103,57194134,198950237
10,600000,109919363,57017448,166936811
10,600000,103266317,56964529,160230846
10,600000,120914668,57884699,178799367
10,600000,111182051,57166892,168348943
10,600000,116039694,57571219,173610913
10,600000,111005880,57031076,168036956
10,600000,112676972,57653982,170330954
10,600000,114768499,57055417,171823916
10,600000,132894893,57567373,190462266
10,600000,113162436,57471100,170633536
10,600000,104412502,57124007,161536509
10,600000,116288427,57112588,173401015
10,600000,117732713,57502702,175235415
10,700000,134135812,65090454,199226266
10,700000,132585083,65404808,197989891
10,700000,128976618,65108133,194084751
10,700000,144957715,65204692,210162407
10,700000,132744033,65299291,198043324
10,700000,135142241,65120118,200262359
10,700000,142202565,65061348,207263913
10,700000,136400528,65566026,201966554
10,700000,138981818,65142480,204124298
10,700000,121346056,65132180,186478236
10,700000,145003371,66090437,211093808
10,700000,129768228,65581048,195349276
10,700000,137943656,65794174,203737830
10,700000,133780624,66997090,200777714
10,700000,125578312,65175193,190753505
10,700000,135382614,65145459,200528073
10,700000,134294260,65370968,199665228
10,700000,141560590,66462203,208022793
10,700000,130598885,65174854,195773739
10,700000,125443340,65168101,190611441
10,700000,123480934,65701473,189182407
10,700000,144132960,65474400,209607360
10,700000,126400617,65341261,191741878
10,700000,125746438,65225139,190971577
10,700000,133929272,65193111,199122383
10,700000,150819568,65110469,215930037
10,700000,147781308,65100198,212881506
10,700000,155668174,65330063,220998237
10,700000,146684801,66747470,213432271
10,700000,130684777,65682671,196367448
10,700000,131032875,65157452,196190327
10,700000,132512686,65229998,197742684
10,700000,126939781,65522189,192461970
10,700000,137986573,65105804,203092377
10,700000,127524740,65136831,192661571
10,700000,127606208,65607705,193213913
10,700000,145170100,65131910,210302010
10,700000,140867345,66177070,207044415
10,700000,162015002,65379539,227394541
10,700000,126832428,66137154,192969582
10,700000,134792388,67510471,202302859
10,700000,128613289,66117840,194731129
10,700000,148065171,65945820,214010991
10,700000,122146445,65312742,187459187
10,700000,131706293,65654715,197361008
10,700000,138381456,65600155,203981611
10,700000,138052882,65710619,203763501
10,700000,139333175,65087538,204420713
10,700000,123017727,65190531,188208258
10,700000,131435774,65109513,196545287
10,700000,137752961,65133911,202886872
10,700000,127580320,65347556,192927876
10,700000,130572127,65399630,195971757
10,700000,138499402,65182693,203682095
10,700000,156442178,65329194,221771372
10,700000,128905486,65311220,194216706
10,700000,135134398,65419814,200554212
10,700000,133412986,65235936,198648922
10,700000,136813843,65300709,202114552
10,700000,142211903,66597194,208809097
10,700000,139587398,65557140,205144538
10,700000,136023695,65063060,201086755
10,700000,140081109,65522727,205603836
10,700000,135139978,65088313,200228291
10,700000,135499092,65183749,200682841
10,700000,132184282,65852317,198036599
10,700000,143464705,65138568,208603273
10,700000,125437266,65020352,190457618
10,700000,133569506,65220160,198789666
10,700000,128161871,65463748,193625619
10,700000,139590034,65124491,204714525
10,700000,132014700,65315061,197329761
10,700000,146417601,65433112,211850713
10,700000,127476282,65664571,193140853
10,700000,133154434,65149596,198304030
10,700000,135670640,65066147,200736787
10,700000,128228020,64914949,193142969
10,700000,127463653,65267203,192730856
10,700000,125284745,65667008,190951753
10,700000,146514878,65251819,211766697
10,700000,132411722,65423576,197835298
10,700000,157413483,65527779,222941262
10,700000,147094448,65167252,212261700
10,700000,126979800,64999845,191979645
10,700000,133252136,65612270,198864406
10,700000,162667126,65558874,228226000
10,700000,129092906,65208468,194301374
10,700000,137895760,66303945,204199705
10,700000,138410951,65221044,203631995
10,700000,131487679,65455486,196943165
10,700000,129619249,65046718,194665967
10,700000,154347691,65646079,219993770
10,700000,136237483,66128154,202365637
10,700000,139216870,65087413,204304283
10,700000,138406051,65831063,204237114
10,700000,121945899,65155661,187101560
10,700000,129344781,65685004,195029785
10,700000,129621389,65082052,194703441
10,700000,147176160,66163929,213340089
10,700000,127575449,65245175,192820624
10,700000,138937887,65242531,204180418
10,700000,139896649,65169670,205066319
10,700000,138028688,65341548,203370236
10,700000,131391216,65592873,196984089
10,700000,128635400,65400887,194036287
10,700000,156033547,65499659,221533206
10,700000,129363402,65100778,194464180
10,700000,157743489,65230473,222973962
10,700000,134427617,65700323,200127940
10,700000,136806721,65154932,201961653
10,700000,141192552,65536469,206729021
10,700000,148919426,65640710,214560136
10,700000,142225697,65549826,207775523
10,700000,124967879,65645244,190613123
10,700000,128392538,65523027,193915565
10,800000,162388541,74996813,237385354
10,800000,160974699,74416307,235391006
10,800000,155425758,74652207,230077965
10,800000,149663014,75083153,224746167
10,800000,164807552,75087825,239895377
10,800000,160087178,74961218,235048396
10,800000,150227349,74601043,224828392
10,800000,152713553,74412698,227126251
10,800000,155234650,74486903,229721553
10,800000,162667650,74608555,237276205
10,800000,157954438,75666247,233620685
10,800000,153560648,76026509,229587157
10,800000,166426433,74558427,240984860
10,800000,152348851,74966466,227315317
10,800000,166218407,74987350,241205757
10,800000,161538044,74605007,236143051
10,800000,165639574,74786775,240426349
10,800000,180623410,74777187,255400597
10,800000,154029830,75091198,229121028
10,800000,160393866,74473255,234867121
10,800000,154899478,74562717,229462195
10,800000,174559242,75026980,249586222
10,800000,153363965,74758747,228122712
10,800000,151142600,74380571,225523171
10,800000,144800563,76709258,221509821
10,800000,161254841,74412859,235667700
10,800000,148871853,74885711,223757564
10,800000,157214657,74534885,231749542
10,800000,161621791,74134620,235756411
10,800000,151491463,74421095,225912558
10,800000,155210676,74871857,230082533
10,800000,157977841,75147803,233125644
10,800000,173631414,74703376,248334790
10,800000,150366519,75056710,225423229
10,800000,155255927,74806390,230062317
10,800000,151176308,74884866,226061174
10,800000,161532622,74183627,235716249
10,800000,160392657,74770485,235163142
10,800000,143917899,75600828,219518727
10,800000,163197806,74508919,237706725
10,800000,154754381,74997783,229752164
10,800000,145502729,75122378,220625107
10,800000,154678348,74529977,229208325
10,800000,162664270,75060712,237724982
10,800000,181121707,74791893,255913600
10,800000,157557502,74458970,232016472
10,800000,160806159,74524500,235330659
10,800000,142724732,76593064,219317796
10,800000,159822445,74484438,234306883
10,800000,182105341,74665683,256771024
10,800000,151290223,76378732,227668955
10,800000,179878597,74523837,254402434
10,800000,178293464,74510637,252804101
10,800000,173535032,74434784,247969816
10,800000,156153739,74762888,230916627
10,800000,159659042,74779090,234438132
10,800000,146376752,74815599,221192351
10,800000,151962976,74424150,226387126
10,800000,151892322,74790399,226682721
10,800000,158438787,74851550,233290337
10,800000,156899160,74491242,231390402
10,800000,163807074,74518773,238325847
10,800000,148096728,74688844,222785572
10,800000,168692706,74496867,243189573
10,800000,150646054,75057507,225703561
10,800000,151390094,74400899,225790993
10,800000,160267211,75144986,235412197
10,800000,155767772,74692346,230460118
10,800000,148235496,74314570,222550066
10,800000,153502153,74630705,228132858
10,800000,169885315,74668013,244553328
10,800000,149590864,75255492,224846356
10,800000,161537905,75002306,236540211
10,800000,161402550,74211996,235614546
10,800000,155826211,74261220,230087431
10,800000,145896535,74882939,220779474
10,800000,154847929,74344981,229192910
10,800000,143225983,74750253,217976236
10,800000,144552290,74632541,219184831
10,800000,159397483,74582621,233980104
10,800000,166041707,74555955,240597662
10,800000,155014335,74618201,229632536
10,800000,151488036,74622344,226110380
10,800000,170676269,74262771,244939040
10,800000,175883029,74987904,250870933
10,800000,160260795,74611826,234872621
10,800000,173456857,75076273,248533130
10,800000,147213032,74538385,221751417
10,800000,147244312,74262488,221506800
10,800000,155842363,74543767,230386130
10,800000,148554453,74741989,223296442
10,800000,173109763,74596766,247706529
10,800000,175892036,74659980,250552016
10,800000,172876777,74929492,247806269
10,800000,158178961,74453527,232632488
10,800000,151165530,74906069,226071599
10,800000,161001877,74682450,235684327
10,800000,150394999,74827206,225222205
10,800000,181592758,76063869,257656627
10,800000,155670240,75116454,230786694
10,800000,161343306,75240494,236583800
10,800000,159426786,75018697,234445483
10,800000,147465754,74519874,221985628
10,800000,164717139,74428684,239145823
10,800000,144895382,75016859,219912241
10,800000,155847464,74999931,230847395
10,800000,154985859,73960689,228946548
10,800000,173560230,74554356,248114586
10,800000,175916348,74478063,250394411
10,800000,155367214,74521200,229888414
10,800000,155647343,74265207,229912550
10,800000,156517463,74947683,231465146
10,800000,156804372,74970859,231775231
10,800000,156981125,74492102,231473227
10,800000,154429258,74432530,228861788
10,900000,173782690,85145606,258928296
10,900000,169981494,85880027,255861521
10,900000,174956963,85801821,260758784
10,900000,169755076,85457417,255212493
10,900000,191040529,85600872,276641401
10,900000,189020723,86095757,275116480
10,900000,173000346,85423917,258424263
10,900000,176056728,85919998,261976726
10,900000,173784595,85082505,258867100
10,900000,167362156,85835237,253197393
10,900000,174385457,85933033,260318490
10,900000,162218156,85349058,247567214
10,900000,175545837,86309291,261855128
10,900000,190184275,85875751,276060026
10,900000,169438622,85426534,254865156
10,900000,186233554,85925516,272159070
10,900000,173918239,85771237,259689476
10,900000,174519914,85970662,260490576
10,900000,174975228,87741882,262717110
10,900000,169010387,85403691,254414078
10,900000,195175348,85780511,280955859
10,900000,172553479,85406814,257960293
10,900000,175188460,85801080,260989540
10,900000,168645334,85592162,254237496
10,900000,174856341,85133544,259989885
10,900000,170276502,85860680,256137182
10,900000,171220487,85274620,256495107
10,900000,183186109,85615180,268801289
10,900000,184828112,85264145,270092257
10,900000,173444768,85958560,259403328
10,900000,178738281,85473785,264212066
10,900000,182163222,85370034,267533256
10,900000,170551913,86885124,257437037
10,900000,170037844,85488765,255526609
10,900000,178533023,85089875,263622898
10,900000,170613882,84695220,255309102
10,900000,195379348,85481077,280860425
10,900000,179217040,85869868,265086908
10,900000,180522985,85548100,266071085
10,900000,168519628,85455153,253974781
10,900000,163879823,85484763,249364586
10,900000,183205282,85946840,269152122
10,900000,193334796,85540005,278874801
10,900000,171891623,85842153,257733776
10,900000,198308427,85541300,283849727
10,900000,175974541,85537464,261512005
10,900000,175826113,86891836,262717949
10,900000,178542609,85442137,263984746
10,900000,172641583,85446399,258087982
10,900000,194266982,85891969,280158951
10,900000,171862014,85576239,257438253
10,900000,175499982,85831842,261331824
10,900000,174349071,85335705,259684776
10,900000,172346509,85487584,257834093
10,900000,162409356,85436229,247845585
10,900000,170588063,85800818,256388881
10,900000,173765227,85505097,259270324
10,900000,176512818,85875999,262388817
10,900000,181999206,85961316,267960522
10,900000,175551141,85195024,260746165
10,900000,166481075,85461683,251942758
10,900000,165746735,86000859,251747594
10,900000,160637602,85749612,246387214
10,900000,174086698,85384751,259471449
10,900000,166547627,85235247,251782874
10,900000,172201790,85923771,258125561
10,900000,192560203,85466722,278026925
10,900000,167329759,85402824,252732583
10,900000,175968993,86327403,262296396
10,900000,172023234,85898230,257921464
10,900000,171927172,85348011,257275183
10,900000,166600435,85857877,252458312
10,900000,179137957,85593284,264731241
10,900000,176108775,85885181,261993956
10,900000,161263754,85823168,247086922
10,900000,165761803,85885695,251647498
10,900000,167199439,85535853,252735292
10,900000,174108614,84944817,259053431
10,900000,174693589,85704861,260398450
10,900000,170265579,85440262,255705841
10,900000,191238367,85823015,277061382
10,900000,197821169,85346461,283167630
10,900000,182750970,85542309,268293279
10,900000,194561562,85966181,280527743
10,900000,168847555,87469625,256317180
10,900000,187762876,85523296,273286172
10,900000,188209680,85618201,273827881
10,900000,184708898,85464635,270173533
10,900000,158279038,85870739,244149777
10,900000,176905468,85848826,262754294
10,900000,174932519,85384949,260317468
10,900000,173335584,85307974,258643558
10,900000,165839783,85164931,251004714
10,900000,166897540,86063285,252960825
10,900000,171139273,85291128,256430401
10,900000,177600719,85809383,263410102
10,900000,176055756,85829718,261885474
10,900000,172803160,85919536,258722696
10,900000,185834045,85670035,271504080
10,900000,170091723,85310554,255402277
10,900000,170783051,85252293,256035344
10,900000,171727572,85946117,257673689
10,900000,165690746,85761330,251452076
10,900000,188657494,85081656,273739150
10,900000,166717053,85425119,252142172
10,900000,183034517,85255859,268290376
10,900000,181450587,86080660,267531247
10,900000,177936966,85985626,263922592
10,900000,160076073,85023479,245099552
10,900000,180273153,85267377,265540530
10,900000,185317852,85383806,270701658
10,900000,198467386,85901257,284368643
10,900000,168048878,86106730,254155608
10,900000,176172555,85647122,261819677
10,900000,180182623,85849406,266032029
10,1000000,198853531,94657773,293511304
10,1000000,184696550,95023316,279719866
10,1000000,188394359,95020925,283415284
10,1000000,181758776,94882114,276640890
10,1000000,189108133,94748953,283857086
10,1000000,184790319,95091530,279881849
10,1000000,196273100,94761711,291034811
10,1000000,190417165,95266733,285683898
10,1000000,192029946,95188664,287218610
10,1000000,194196105,95085650,289281755
10,1000000,190186815,95099145,285285960
10,1000000,207580862,94981453,302562315
10,1000000,184828984,94869422,279698406
10,1000000,197438239,94488025,291926264
10,1000000,190082910,94693937,284776847
10,1000000,178034443,94461125,272495568
10,1000000,195689007,94660499,290349506
10,1000000,194352158,94379953,288732111
10,1000000,188400585,95104618,283505203
10,1000000,201895471,96958207,298853678
10,1000000,188409105,94962013,283371118
10,1000000,180896529,94939135,275835664
10,1000000,186937359,94751331,281688690
10,1000000,187298315,95028893,282327208
10,1000000,189842516,94874704,284717220
10,1000000,187723429,95104652,282828081
10,1000000,196396740,94645715,291042455
10,1000000,184808750,94499065,279307815
10,1000000,189894132,94615455,284509587
10,1000000,197561509,94351671,291913180
10,1000000,190793829,94588752,285382581
10,1000000,179082075,95133986,274216061
10,1000000,187071853,95078110,282149963
10,1000000,202971759,94846403,297818162
10,1000000,184904848,94464214,279369062
10,1000000,203711982,95840600,299552582
10,1000000,194952150,94688208,289640358
10,1000000,196792680,95030690,291823370
10,1000000,189996270,94821167,284817437
10,1000000,189454589,94658139,284112728
10,1000000,193522893,95167073,288689966
10,1000000,187281336,94779658,282060994
10,1000000,196733646,95087914,291821560
10,1000000,189606350,94362705,283969055
10,1000000,189965297,94642005,284607302
10,1000000,203464363,94822324,298286687
10,1000000,195344144,94999472,290343616
10,1000000,196350720,94708288,291059008
10,1000000,199214555,94390913,293605468
10,1000000,190736472,95707034,286443506
10,1000000,215165569,94698080,309863649
10,1000000,186116172,94074876,280191048
10,1000000,193001709,94984492,287986201
10,1000000,185589523,95015675,280605198
10,1000000,189839005,95038559,284877564
10,1000000,205957276,94724555,300681831
10,1000000,192522345,94783627,287305972
10,1000000,179599847,94822831,274422678
10,1000000,180673708,94143466,274817174
10,1000000,196036873,94980528,291017401
10,1000000,210107717,94612452,304720169
10,1000000,193587243,94857520,288444763
10,1000000,190440231,94650503,285090734
10,1000000,187912854,94990942,282903796
10,1000000,206367091,94708733,301075824
10,1000000,187758681,96388062,284146743
10,1000000,209610888,94740063,304350951
10,1000000,203611304,95278658,298889962
10,1000000,195228574,94112772,289341346
10,1000000,195009540,94519101,289528641
10,1000000,197382094,94989872,292371966
10,1000000,190371840,94565288,284937128
10,1000000,189609358,94452691,284062049
10,1000000,197545198,94967210,292512408
10,1000000,207968936,94131593,302100529
10,1000000,191018257,94360317,285378574
10,1000000,182633009,96272782,278905791
10,1000000,192169981,94366186,286536167
10,1000000,204922208,94824208,299746416
10,1000000,192487749,94691761,287179510
10,1000000,184395681,94786733,279182414
10,1000000,187599261,95192366,282791627
10,1000000,195957920,95089396,291047316
10,1000000,183701138,94121958,277823096
10,1000000,186571471,96472816,283044287
10,1000000,179507345,94826139,274333484
10,1000000,192129680,94886822,287016502
10,1000000,198906398,94674649,293581047
10,1000000,197797161,94548761,292345922
10,1000000,200185632,95005354,295190986
10,1000000,185959911,94700023,280659934
10,1000000,203250142,95166136,298416278
10,1000000,182716887,94905982,277622869
10,1000000,190976068,95150677,286126745
10,1000000,204674050,95011059,299685109
10,1000000,196127001,94939961,291066962
10,1000000,197544020,94305587,291849607
10,1000000,182145248,94605091,276750339
10,1000000,196798141,94580416,291378557
10,1000000,208846058,94816256,303662314
10,1000000,193452421,95361239,288813660
10,1000000,189640522,94776874,284417396
10,1000000,188926009,94631053,283557062
10,1000000,184018240,94788326,278806566
10,1000000,184988050,94972482,279960532
10,1000000,185741048,95033168,280774216
10,1000000,180790201,94674017,275464218
10,1000000,180298101,95009515,275307616
10,1000000,187652120,94205990,281858110
10,1000000,179308404,94689217,273997621
10,1000000,183491397,94996516,278487913
10,1000000,194741763,94965190,289706953
10,1000000,207734442,94278292,302012734
10,1000000,187006297,95230481,282236778
10,1000000,186039186,94406742,280445928
10,1000000,196437076,94904047,291341123
10,1000000,192463691,94818121,287281812
10,1000000,191556245,94678575,286234820
10,1000000,192427233,94666282,287093515
10,1000000,196549922,94976476,291526398
10,1000000,205103240,95223061,300326301
10,1000000,195907830,94776054,290683884
10,1000000,203465933,95905143,299371076
10,1000000,189837643,94699590,284537233
10,1000000,209671472,94963368,304634840
10,1000000,204460725,95595668,300056393
10,1000000,187354669,95023127,282377796
10,1000000,182382615,94779485,277162100
10,1000000,207144524,94844357,301988881
10,1000000,200303288,95175523,295478811
10,1000000,191167438,94562877,285730315
10,1000000,198879723,94240716,293120439
10,1000000,194150294,94210272,288360566
10,1000000,190248602,94514867,284763469
10,1000000,192019120,94852820,286871940
10,1000000,188880907,94776077,283656984
10,1000000,197775817,94793278,292569095
10,1000000,194043595,94876650,288920245
10,1000000,188230263,94775632,283005895
10,1000000,188593088,94734754,283327842
10,1000000,189947219,94765827,284713046
10,1000000,198688588,94352315,293040903
10,1000000,198439721,94665808,293105529
10,1000000,200501731,94770404,295272135
10,1000000,205898101,94802289,300700390
10,1000000,182875353,95115334,277990687
10,1000000,181445685,95263140,276708825
10,1000000,196096064,95875061,291971125
10,1000000,185501566,94899069,280400635
10,1000000,193976578,94711709,288688287
10,1000000,193797150,94949243,288746393
10,1000000,183427860,94803864,278231724
10,1000000,182096888,94842252,276939140
10,1000000,183120974,94846889,277967863
10,1000000,209419501,95308399,304727900
10,1000000,198542521,94679046,293221567
10,1000000,196450586,94968308,291418894
10,1000000,195909151,94750245,290659396
10,1000000,187158809,94965633,282124442
10,1000000,183186621,95083830,278270451
10,1000000,208810733,94183145,302993878
10,1000000,188239646,94856293,283095939
10,1000000,199894288,94786594,294680882
10,1000000,182239377,94690249,276929626
10,1000000,186745526,95050532,281796058
10,1000000,196943474,94462059,291405533
10,1000000,219852638,94890568,314743206
10,1000000,214623009,94701565,309324574
10,1000000,180336652,94927848,275264500
10,1000000,183895102,95381997,279277099
10,1000000,201346686,94656316,296003002
10,1000000,187397042,94488163,281885205
10,1000000,203934407,97311218,301245625
10,1000000,189772085,94913838,284685923
10,1000000,187258829,99474015,286732844
10,1000000,215911246,94661971,310573217
10,1000000,192566550,94861262,287427812
10,1000000,181078896,94983777,276062673
10,1000000,179423297,94684188,274107485
10,1000000,190080151,95503273,285583424
10,1000000,191692292,94964671,286656963
10,1000000,193748691,94974069,288722760
10,1000000,196113729,94964040,291077769
10,1000000,197174461,94889237,292063698
10,1000000,182992583,95236025,278228608
10,1000000,180863625,94814980,275678605
10,1000000,202642812,94803437,297446249
10,1000000,191840295,94516477,286356772
10,1000000,182073160,94241603,276314763
10,1000000,205852991,94810032,300663023
10,1000000,181571672,96341843,277913515
10,1000000,204085991,95188147,299274138
10,1000000,211402157,96700722,308102879
10,1000000,202138768,94886174,297024942
10,1000000,191172697,94953081,286125778
10,1000000,209005759,94832571,303838330
10,1000000,189863579,94837932,284701511
10,1000000,185188710,95088398,280277108
10,1000000,195505006,94451217,289956223
10,1000000,197175683,95521460,292697143
10,1000000,212747111,95370186,308117297
10,1000000,191629420,94877958,286507378
10,1000000,224313528,94133518,318447046
10,1000000,187624867,94867968,282492835
10,1000000,180798959,94471880,275270839
10,1000000,192783519,94442719,287226238
10,1000000,185588923,94695002,280283925
10,1000000,191535475,94716925,286252400
10,1000000,191316561,94774408,286090969
10,1000000,191843463,94933570,286777033
10,1000000,216267141,94855700,311122841
10,1000000,174726261,94822694,269548955
10,1000000,199620362,94723679,294344041
10,1000000,187173566,94181179,281354745
10,1000000,187371145,94586445,281957590
10,1000000,208668801,94815154,303483955
10,1000000,203883335,94807514,298690849
10,1000000,194162917,94663844,288826761
10,1000000,192798523,94819792,287618315
10,1000000,209925991,95060606,304986597
10,1000000,200455767,96850944,297306711
10,1000000,203102800,95234804,298337604
10,1000000,195044942,94836381,289881323
10,1000000,183124912,94900594,278025506
10,1000000,204342557,94825360,299167917
10,1000000,197713346,94603903,292317249
10,1000000,200890632,95208448,296099080
10,1000000,192191697,94938344,287130041
10,1000000,196845453,94913571,291759024
10,1000000,197891999,94725840,292617839
10,2000000,414411632,183327236,597738868
10,2000000,560767461,182931513,743698974
10,2000000,363948647,183162262,547110909
10,2000000,359468038,183116051,542584089
10,2000000,371761599,185414101,557175700
10,2000000,378048476,186928094,564976570
10,2000000,592207171,184066311,776273482
10,2000000,379141783,185789044,564930827
10,2000000,362362450,182744119,545106569
10,2000000,339450076,183821412,523271488
10,2000000,359340371,183728119,543068490
10,2000000,571403749,183937557,755341306
10,2000000,539725879,183696414,723422293
10,2000000,484447278,184704996,669152274
10,2000000,500316513,183499964,683816477
10,2000000,368509003,182775416,551284419
10,2000000,374521887,185160188,559682075
10,2000000,568063790,186869548,754933338
10,2000000,568605727,186017679,754623406
10,2000000,564625272,185584692,750209964
10,2000000,368161957,183468826,551630783
10,2000000,375317751,184200618,559518369
10,2000000,596718669,183956363,780675032
10,2000000,560539585,184088765,744628350
10,2000000,561285100,186033311,747318411
10,2000000,568318899,184733377,753052276
10,2000000,512427692,183644589,696072281
10,2000000,387217140,185050704,572267844
10,2000000,560738665,183498377,744237042
10,2000000,693690885,186707307,880398192
10,2000000,566848627,185808612,752657239
10,2000000,574639478,185640840,760280318
10,2000000,366646670,185624059,552270729
10,2000000,387019169,183796548,570815717
10,2000000,527095569,187223123,714318692
10,2000000,391823023,183680563,575503586
10,2000000,367439106,183559278,550998384
10,2000000,368748210,186154884,554903094
10,2000000,369328064,183480258,552808322
10,2000000,369036455,186250856,555287311
10,2000000,368825302,182519674,551344976
10,2000000,338104415,183151261,521255676
10,2000000,575861282,183288028,759149310
10,2000000,375335357,185168880,560504237
10,2000000,353348822,183249192,536598014
10,2000000,536400166,186363777,722763943
10,2000000,508863104,185821886,694684990
10,2000000,357625016,182648012,540273028
10,2000000,556988033,186250628,743238661
10,2000000,522188208,185756708,707944916
10,2000000,387137714,186812512,573950226
10,2000000,382390521,183573279,565963800
10,2000000,538861003,183314626,722175629
10,2000000,362079147,185727684,547806831
10,2000000,546224215,183994813,730219028
10,2000000,348164009,182553704,530717713
10,2000000,363344078,185078323,548422401
10,2000000,373851173,183830195,557681368
10,2000000,561061514,185506571,746568085
10,2000000,568879480,185347858,754227338
10,2000000,584720522,183778227,768498749
10,2000000,569031505,183071491,752102996
10,2000000,375935384,185968306,561903690
10,2000000,549441774,183618476,733060250
10,2000000,384065532,186212933,570278465
10,2000000,517421954,185069119,702491073
10,2000000,363615730,185625119,549240849
10,2000000,552735554,183758594,736494148
10,2000000,527521587,185130630,712652217
10,2000000,341925019,183444540,525369559
10,2000000,573920940,185406473,759327413
10,2000000,765108082,183531982,948640064
10,2000000,351160523,186678053,537838576
10,2000000,535246184,183582979,718829163
10,2000000,559450739,183222323,742673062
10,2000000,700300461,184805355,885105816
10,2000000,357206737,183431647,540638384
10,2000000,378894397,183309282,562203679
10,2000000,533860980,184035440,717896420
10,2000000,532656877,183399317,716056194
10,2000000,534262155,184329990,718592145
10,2000000,369191339,185804926,554996265
10,2000000,379512430,183851269,563363699
10,2000000,343807719,182977244,526784963
10,2000000,364070396,183771631,547842027
10,2000000,361217070,182388020,543605090
10,2000000,377949265,185833699,563782964
10,2000000,701231255,183426276,884657531
10,2000000,375228594,183881797,559110391
10,2000000,355439710,184636115,540075825
10,2000000,364177753,185861016,550038769
10,2000000,370014408,183311610,553326018
10,2000000,752734498,182736985,935471483
10,2000000,400628173,184825413,585453586
10,2000000,366652951,183528663,550181614
10,2000000,518905725,184792733,703698458
10,2000000,359544352,185620952,545165304
10,2000000,383252349,185230313,568482662
10,2000000,378020476,183579437,561599913
10,2000000,545964325,183153169,729117494
10,2000000,572378218,185388500,757766718
10,2000000,351170237,185977971,537148208
10,2000000,374391957,186237000,560628957
10,2000000,592989593,185035082,778024675
10,2000000,579340224,186758603,766098827
10,2000000,365719235,182817563,548536798
10,2000000,513455222,183127378,696582600
10,2000000,354629543,184164113,538793656
10,2000000,506015197,183780216,689795413
10,2000000,384641019,184481019,569122038
10,2000000,555738597,185545794,741284391
10,2000000,534102030,184975901,719077931
10,2000000,386938201,183317009,570255210
10,2000000,360991123,184701448,545692571
10,2000000,384161177,186626761,570787938
10,3000000,812327434,274676024,1087003458
10,3000000,680801843,275173076,955974919
10,3000000,690033240,275937753,965970993
10,3000000,893265372,278138381,1171403753
10,3000000,680172168,275330776,955502944
10,3000000,715172085,275248393,990420478
10,3000000,891922782,274612421,1166535203
10,3000000,513206374,275025673,788232047
10,3000000,669828176,274753202,944581378
10,3000000,500121517,274618704,774740221
10,3000000,650333236,276403707,926736943
10,3000000,712972298,277640604,990612902
10,3000000,661862254,275450759,937313013
10,3000000,530111555,275344073,805455628
10,3000000,527161003,274535562,801696565
10,3000000,521347527,275006777,796354304
10,3000000,660515074,275242569,935757643
10,3000000,524938504,275792701,800731205
10,3000000,657530056,276011980,933542036
10,3000000,632042121,274380396,906422517
10,3000000,869109271,274231185,1143340456
10,3000000,871685542,276031805,1147717347
10,3000000,663239747,277670233,940909980
10,3000000,600523741,276849242,877372983
10,3000000,676773450,274485220,951258670
10,3000000,693629472,274911376,968540848
10,3000000,470743173,274825219,745568392
10,3000000,668029091,274933968,942963059
10,3000000,693678744,274965247,968643991
10,3000000,509381303,274958322,784339625
10,3000000,548379241,274968683,823347924
10,3000000,694613805,275672602,970286407
10,3000000,529478347,274726762,804205109
10,3000000,686020093,275283913,961304006
10,3000000,671162550,275566072,946728622
10,3000000,854933701,275383847,1130317548
10,3000000,688672537,274155408,962827945
10,3000000,533757716,274545356,808303072
10,3000000,542839893,275587666,818427559
10,3000000,517585408,275383780,792969188
10,3000000,562238924,274180904,836419828
10,3000000,667834660,276872160,944706820
10,3000000,672551959,274554983,947106942
10,3000000,652074305,276510433,928584738
10,3000000,686898635,275917283,962815918
10,3000000,500869469,277488151,778357620
10,3000000,542365562,276387646,818753208
10,3000000,553311159,274005120,827316279
10,3000000,675792757,274718206,950510963
10,3000000,527322591,275552146,802874737
10,3000000,880222355,275872942,1156095297
10,3000000,866320741,275093678,1141414419
10,3000000,659706609,274189565,933896174
10,3000000,629504138,276425601,905929739
10,3000000,541522154,274550276,816072430
10,3000000,699034824,277025836,976060660
10,3000000,646769186,274466917,921236103
10,3000000,672271068,274085739,946356807
10,3000000,521600099,275580215,797180314
10,3000000,686222813,275182306,961405119
10,3000000,656135516,274434997,930570513
10,3000000,527075105,275319317,802394422
10,3000000,626742207,274706309,901448516
10,3000000,704585103,275900035,980485138
10,3000000,557978517,275063648,833042165
10,3000000,835908630,274912981,1110821611
10,3000000,634426764,274948722,909375486
10,3000000,893092176,278989534,1172081710
10,3000000,676366801,275924424,952291225
10,3000000,673453578,274300835,947754413
10,3000000,530417557,274517037,804934594
10,3000000,691751413,274645666,966397079
10,3000000,637591274,275145888,912737162
10,3000000,610260924,274760566,885021490
10,3000000,671554862,274831594,946386456
10,3000000,855121671,275718220,1130839891
10,3000000,665153681,274574616,939728297
10,3000000,686203609,274766100,960969709
10,3000000,679198178,277948862,957147040
10,3000000,538384171,275312684,813696855
10,3000000,488698606,276959334,765657940
10,3000000,661616112,278552260,940168372
10,3000000,695753375,275678538,971431913
10,3000000,549757491,277363651,827121142
10,3000000,519678636,274625404,794304040
10,3000000,691519061,276638683,968157744
10,3000000,684122970,275008265,959131235
10,3000000,549200468,274948099,824148567
10,3000000,655565909,275707275,931273184
10,3000000,710454414,274696380,985150794
10,3000000,512313245,274958682,787271927
10,3000000,532155216,275658769,807813985
10,3000000,700428417,274851213,975279630
10,3000000,527954348,277216889,805171237
10,3000000,825089894,278315943,1103405837
10,3000000,681263818,274593289,955857107
10,3000000,523610333,275220985,798831318
10,3000000,526889139,274085200,800974339
10,3000000,525611243,274782786,800394029
10,3000000,536654693,275987407,812642100
10,3000000,562152001,276548231,838700232
10,3000000,615760291,274876229,890636520
10,3000000,526093305,281207039,807300344
10,3000000,700906197,274423489,975329686
10,3000000,649009495,277230383,926239878
10,3000000,699958363,274174396,974132759
10,3000000,890965772,274651368,1165617140
10,3000000,680556608,275482169,956038777
10,3000000,534279525,275385332,809664857
10,3000000,486800553,274841105,761641658
10,3000000,534190835,276635038,810825873
10,3000000,652047744,276910288,928958032
10,3000000,526707751,275267700,801975451
10,3000000,593170973,274316223,867487196
10,3000000,666791545,274643658,941435203
10,4000000,832439511,369110442,1201549953
10,4000000,743230192,366176520,1109406712
10,4000000,826561045,367252396,1193813441
10,4000000,772254052,367695771,1139949823
10,4000000,733545418,367489008,1101034426
10,4000000,775628060,366569927,1142197987
10,4000000,867255034,366216926,1233471960
10,4000000,771789977,366455590,1138245567
10,4000000,1040249594,366765338,1407014932
10,4000000,1003261265,368292795,1371554060
10,4000000,836347971,366871099,1203219070
10,4000000,838707381,367859534,1206566915
10,4000000,969906595,365640464,1335547059
10,4000000,702274075,366891029,1069165104
10,4000000,830504223,366315888,1196820111
10,4000000,698731006,366418946,1065149952
10,4000000,830762165,367651687,1198413852
10,4000000,816564101,367136248,1183700349
10,4000000,788912458,365960461,1154872919
10,4000000,774124337,366734995,1140859332
10,4000000,820381555,366051924,1186433479
10,4000000,780673939,366161452,1146835391
10,4000000,859245717,367228284,1226474001
10,4000000,771448000,365573396,1137021396
10,4000000,825014980,367722845,1192737825
10,4000000,824948466,365623830,1190572296
10,4000000,720434690,365562499,1085997189
10,4000000,1076800300,366954858,1443755158
10,4000000,749255592,368228124,1117483716
10,4000000,1081357184,367012074,1448369258
10,4000000,1011586962,367119239,1378706201
10,4000000,856420958,366777606,1223198564
10,4000000,722688642,367173262,1089861904
10,4000000,809112665,367144752,1176257417
10,4000000,784682985,368098670,1152781655
10,4000000,829783917,365707126,1195491043
10,4000000,785150678,366445367,1151596045
10,4000000,850162934,366554724,1216717658
10,4000000,984982422,367494785,1352477207
10,4000000,1018196615,366669098,1384865713
10,4000000,877294621,368062312,1245356933
10,4000000,821556299,365430518,1186986817
10,4000000,725272234,366204718,1091476952
10,4000000,776743255,367189131,1143932386
10,4000000,852066488,366748231,1218814719
10,4000000,715139979,367679486,1082819465
10,4000000,791962703,367971272,1159933975
10,4000000,678622816,366858885,1045481701
10,4000000,815449239,366777118,1182226357
10,4000000,775758823,367523095,1143281918
10,4000000,845211325,368039968,1213251293
10,4000000,780288494,368282572,1148571066
10,4000000,1015146024,366709152,1381855176
10,4000000,983989502,368586776,1352576278
10,4000000,886020681,366384195,1252404876
10,4000000,709712361,367037454,1076749815
10,4000000,1083253333,368604139,1451857472
10,4000000,820406898,367901593,1188308491
10,4000000,778466568,366899177,1145365745
10,4000000,1020259218,367716671,1387975889
10,4000000,708042028,368040513,1076082541
10,4000000,863319593,367013567,1230333160
10,4000000,818615100,366614566,1185229666
10,4000000,766004984,365760089,1131765073
10,4000000,734256162,366929227,1101185389
10,4000000,786223174,367004657,1153227831
10,4000000,843559352,366733526,1210292878
10,4000000,734371498,367307888,1101679386
10,4000000,698982606,367813891,1066796497
10,4000000,743369647,366205912,1109575559
10,4000000,811229039,367661056,1178890095
10,4000000,1039914629,367481527,1407396156
10,4000000,792502721,368087407,1160590128
10,4000000,688826123,366576508,1055402631
10,4000000,794775067,367814614,1162589681
10,4000000,708167764,366924094,1075091858
10,4000000,760202854,367381453,1127584307
10,4000000,869272399,366744650,1236017049
10,4000000,932543812,366282801,1298826613
10,4000000,733023148,367462677,1100485825
10,4000000,813062644,367785402,1180848046
10,4000000,763862194,365316855,1129179049
10,4000000,750040202,368009838,1118050040
10,4000000,999517637,366823803,1366341440
10,4000000,855998095,367250366,1223248461
10,4000000,846179316,365463155,1211642471
10,4000000,832695345,366939033,1199634378
10,4000000,821894140,375890851,1197784991
10,4000000,875829944,367031390,1242861334
10,4000000,1015265374,366376957,1381642331
10,4000000,723659547,367574016,1091233563
10,4000000,786674033,366719005,1153393038
10,4000000,981247657,366880051,1348127708
10,4000000,752884729,366814426,1119699155
10,4000000,711137065,367610257,1078747322
10,4000000,850395642,367311694,1217707336
10,4000000,810558796,365899358,1176458154
10,4000000,768404751,367759838,1136164589
10,4000000,741566162,365747391,1107313553
10,4000000,683439710,365984796,1049424506
10,4000000,758769915,367460507,1126230422
10,4000000,786615403,367487295,1154102698
10,4000000,854843841,366790981,1221634822
10,4000000,971530077,367021383,1338551460
10,4000000,717114788,367542303,1084657091
10,4000000,760098487,366764485,1126862972
10,4000000,758619897,366607613,1125227510
10,4000000,1000821208,367313797,1368135005
10,4000000,814219468,366804900,1181024368
10,4000000,811676710,368206491,1179883201
10,4000000,755097727,367932512,1123030239
10,4000000,784850220,366758304,1151608524
10,4000000,812572423,366504731,1179077154
10,4000000,752647194,369239621,1121886815
10,4000000,1015975820,366471138,1382446958
10,5000000,1160459814,456831132,1617290946
10,5000000,880370870,456639822,1337010692
10,5000000,1133541295,456619776,1590161071
10,5000000,966927745,456849015,1423776760
10,5000000,954230675,457066533,1411297208
10,5000000,922117808,457314452,1379432260
10,5000000,959905775,457121558,1417027333
10,5000000,945570440,456669300,1402239740
10,5000000,894689917,456547438,1351237355
10,5000000,900865128,458501703,1359366831
10,5000000,881238633,456402649,1337641282
10,5000000,861903494,456746040,1318649534
10,5000000,950092419,456496519,1406588938
10,5000000,844836859,456439916,1301276775
10,5000000,974750263,457791092,1432541355
10,5000000,1213331688,456910026,1670241714
10,5000000,939345204,457433108,1396778312
10,5000000,958989440,457467774,1416457214
10,5000000,1002500016,457087264,1459587280
10,5000000,1144030138,456583567,1600613705
10,5000000,1193666009,456682547,1650348556
10,5000000,1108468073,459011593,1567479666
10,5000000,1173537428,456617525,1630154953
10,5000000,1127619554,456452013,1584071567
10,5000000,998691430,457560966,1456252396
10,5000000,1039239245,457002618,1496241863
10,5000000,980580349,456395421,1436975770
10,5000000,964623333,456937599,1421560932
10,5000000,1216028847,457121012,1673149859
10,5000000,926964020,461149511,1388113531
10,5000000,907926221,456921929,1364848150
10,5000000,944681229,457181399,1401862628
10,5000000,939374056,459189186,1398563242
10,5000000,949290917,456606464,1405897381
10,5000000,918136179,456419764,1374555943
10,5000000,972304109,458704780,1431008889
10,5000000,1003204360,456622373,1459826733
10,5000000,866789201,456538935,1323328136
10,5000000,978971697,456543959,1435515656
10,5000000,883004165,456867577,1339871742
10,5000000,907889082,458727105,1366616187
10,5000000,1004750987,456385028,1461136015
10,5000000,1125046396,456943204,1581989600
10,5000000,963933286,458106637,1422039923
10,5000000,925075701,457123542,1382199243
10,5000000,969669821,456813623,1426483444
10,5000000,901065135,456430682,1357495817
10,5000000,906933054,457059393,1363992447
10,5000000,956947460,456642565,1413590025
10,5000000,930430940,456877433,1387308373
10,5000000,1045458288,456438182,1501896470
10,5000000,1040457557,456790099,1497247656
10,5000000,956237012,456536104,1412773116
10,5000000,945001039,456833104,1401834143
10,5000000,870550790,456592212,1327143002
10,5000000,971085016,457656110,1428741126
10,5000000,1017215698,456680839,1473896537
10,5000000,927753323,456883302,1384636625
10,5000000,950780960,457393344,1408174304
10,5000000,1034629279,463043405,1497672684
10,5000000,914175103,456930594,1371105697
10,5000000,896086060,459086088,1355172148
10,5000000,930408994,456765413,1387174407
10,5000000,862091931,456610052,1318701983
10,5000000,1189124199,457174915,1646299114
10,5000000,927622186,457359641,1384981827
10,5000000,1089060094,457097494,1546157588
10,5000000,906772065,456989997,1363762062
10,5000000,977413822,459176206,1436590028
10,5000000,1133967627,457309372,1591276999
10,5000000,915463699,456525909,1371989608
10,5000000,930099602,457227699,1387327301
10,5000000,1022902086,456951530,1479853616
10,5000000,1139713406,456986567,1596699973
10,5000000,924347363,457689917,1382037280
10,5000000,904404196,457443876,1361848072
10,5000000,869690069,456952315,1326642384
10,5000000,945003450,456440477,1401443927
10,5000000,1117049571,456834940,1573884511
10,5000000,925603146,456500229,1382103375
10,5000000,905970140,456949563,1362919703
10,5000000,946379550,456662190,1403041740
10,5000000,968762789,456538216,1425301005
10,5000000,934421147,457280196,1391701343
10,5000000,1165984656,456920591,1622905247
10,5000000,985852867,456628603,1442481470
10,5000000,996756923,457115124,1453872047
10,5000000,904793860,457242010,1362035870
10,5000000,903380741,456838377,1360219118
10,5000000,962481837,456868253,1419350090
10,5000000,973939850,456820154,1430760004
10,5000000,891193342,456484898,1347678240
10,5000000,1110445880,456435710,1566881590
10,5000000,866198641,456393316,1322591957
10,5000000,853197057,457008157,1310205214
10,5000000,1128678120,456774505,1585452625
10,5000000,883351254,456487132,1339838386
10,5000000,967294504,457406582,1424701086
10,5000000,803094967,456574912,1259669879
10,5000000,974612155,456898270,1431510425
10,5000000,984764998,456710688,1441475686
10,5000000,900481102,457296871,1357777973
10,5000000,934598936,456655772,1391254708
10,5000000,1096228950,459314584,1555543534
10,5000000,945860990,457232288,1403093278
10,5000000,989891321,456609699,1446501020
10,5000000,950077073,457767552,1407844625
10,5000000,1008612500,457827143,1466439643
10,5000000,876052851,456577147,1332629998
10,5000000,955757921,456679466,1412437387
10,5000000,1164481063,457167675,1621648738
10,5000000,860541275,456419006,1316960281
10,5000000,1115245640,456580140,1571825780
10,5000000,950203186,457052372,1407255558
10,5000000,915109035,456680633,1371789668
10,6000000,1108429609,551176712,1659606321
10,6000000,1168821661,558884927,1727706588
10,6000000,1087764907,550138330,1637903237
10,6000000,1282991222,550357103,1833348325
10,6000000,1288264650,548563807,1836828457
10,6000000,1118886057,551547702,1670433759
10,6000000,1113774059,552750360,1666524419
10,6000000,1007002262,553746139,1560748401
10,6000000,1287410210,548028392,1835438602
10,6000000,1119968366,548323358,1668291724
10,6000000,1068949599,553167023,1622116622
10,6000000,1313587801,547983222,1861571023
10,6000000,1093341229,550113385,1643454614
10,6000000,1111139778,551171784,1662311562
10,6000000,1115749214,550509418,1666258632
10,6000000,1001607537,552850066,1554457603
10,6000000,1036627314,547775005,1584402319
10,6000000,1095192804,548141662,1643334466
10,6000000,1256890502,552233855,1809124357
10,6000000,1098949233,548696188,1647645421
10,6000000,1048485029,547888819,1596373848
10,6000000,1104267042,554940379,1659207421
10,6000000,1355762893,552799103,1908561996
10,6000000,1090223020,551016336,1641239356
10,6000000,1045898210,554814036,1600712246
10,6000000,1016891229,548607899,1565499128
10,6000000,1071717098,550510520,1622227618
10,6000000,1072713530,549548275,1622261805
10,6000000,1070453122,549342494,1619795616
10,6000000,1052527738,548903413,1601431151
10,6000000,1029953300,551648051,1581601351
10,6000000,994547222,552550844,1547098066
10,6000000,1150676869,553063763,1703740632
10,6000000,969690036,550847760,1520537796
10,6000000,1189965745,551768996,1741734741
10,6000000,1149170568,552780281,1701950849
10,6000000,991826339,551948791,1543775130
10,6000000,1065803441,550598073,1616401514
10,6000000,1011690491,548120621,1559811112
10,6000000,1041777529,547944918,1589722447
10,6000000,1335152716,551923882,1887076598
10,6000000,1209701906,550075429,1759777335
10,6000000,1101086126,548516058,1649602184
10,6000000,1069322220,547580277,1616902497
10,6000000,1056322239,550151531,1606473770
10,6000000,1088558055,547325622,1635883677
10,6000000,1303112755,553465657,1856578412
10,6000000,1031069932,550580707,1581650639
10,6000000,1073898309,551293887,1625192196
10,6000000,1052161638,553130348,1605291986
10,6000000,1106256235,547822903,1654079138
10,6000000,1156929812,553666283,1710596095
10,6000000,1141269108,548157617,1689426725
10,6000000,1122118817,551558036,1673676853
10,6000000,1041080923,549831856,1590912779
10,6000000,1069758374,552841533,1622599907
10,6000000,1118874187,547692593,1666566780
10,6000000,1273460129,550922551,1824382680
10,6000000,1097552902,549695800,1647248702
10,6000000,1159936575,549755802,1709692377
10,6000000,1135545322,548400068,1683945390
10,6000000,1145046893,548310830,1693357723
10,6000000,1103022804,552236009,1655258813
10,6000000,1116696935,555710832,1672407767
10,6000000,1074862744,548872559,1623735303
10,6000000,1281275684,547991338,1829267022
10,6000000,1256966622,554912188,1811878810
10,6000000,1026012215,551853640,1577865855
10,6000000,1161999391,549704094,1711703485
10,6000000,1018177738,549003989,1567181727
10,6000000,1000436945,549004748,1549441693
10,6000000,1062484358,549838898,1612323256
10,6000000,1134415118,551670614,1686085732
10,6000000,1083875064,547649711,1631524775
10,6000000,1023833405,554026771,1577860176
10,6000000,1080103610,551985133,1632088743
10,6000000,1001279096,547724147,1549003243
10,6000000,1134105706,550857692,1684963398
10,6000000,1031490251,551519920,1583010171
10,6000000,1056286256,548491581,1604777837
10,6000000,1020909526,547670943,1568580469
10,6000000,1257800504,549054844,1806855348
10,6000000,1043222409,547658209,1590880618
10,6000000,1161186114,550122487,1711308601
10,6000000,1053524230,553271774,1606796004
10,6000000,1189310414,550640763,1739951177
10,6000000,999941237,551605519,1551546756
10,6000000,1107561405,553472564,1661033969
10,6000000,969945276,548222588,1518167864
10,6000000,1059561463,553897443,1613458906
10,6000000,1038183651,550696703,1588880354
10,6000000,996273231,548198834,1544472065
10,6000000,1201835953,555437114,1757273067
10,6000000,1117759268,547840012,1665599280
10,6000000,1057273038,550191305,1607464343
10,6000000,1001678267,556865650,1558543917
10,6000000,1066320641,553926979,1620247620
10,6000000,998925576,553557686,1552483262
10,6000000,1170973388,551199647,1722173035
10,6000000,1048044293,554069206,1602113499
10,6000000,1044924474,548410515,1593334989
10,6000000,1081349849,548029317,1629379166
10,6000000,1100633578,552249504,1652883082
10,6000000,1093994336,548171050,1642165386
10,6000000,1053894643,554352801,1608247444
10,6000000,1086167817,550555716,1636723533
10,6000000,1283851861,549355627,1833207488
10,6000000,1048402227,555641434,1604043661
10,6000000,1092873486,547848410,1640721896
10,6000000,1035714597,550664801,1586379398
10,6000000,1109668594,554504227,1664172821
10,6000000,1148414088,548057536,1696471624
10,6000000,1112710067,549854120,1662564187
10,6000000,1092353505,547963081,1640316586
10,6000000,1366421801,549727286,1916149087
10,7000000,1303204689,640149733,1943354422
10,7000000,1295794571,642248352,1938042923
10,7000000,1274266693,652958072,1927224765
10,7000000,1220435163,640663302,1861098465
10,7000000,1249083332,645336366,1894419698
10,7000000,1226574327,639776439,1866350766
10,7000000,1273809284,640713541,1914522825
10,7000000,1290804304,644848184,1935652488
10,7000000,1238262982,647610587,1885873569
10,7000000,1249171049,642610125,1891781174
10,7000000,1322017434,639617265,1961634699
10,7000000,1319751213,644805656,1964556869
10,7000000,1230600123,645389156,1875989279
10,7000000,1222735429,641089935,1863825364
10,7000000,1273667010,641734797,1915401807
10,7000000,1252703354,642841467,1895544821
10,7000000,1395201402,639695229,2034896631
10,7000000,1182520416,641442391,1823962807
10,7000000,1465021394,639180825,2104202219
10,7000000,1374686996,640951175,2015638171
10,7000000,1275008670,639696289,1914704959
10,7000000,1284592294,644050794,1928643088
10,7000000,1207476375,645648645,1853125020
10,7000000,1250550837,641581131,1892131968
10,7000000,1258715360,640183592,1898898952
10,7000000,1286108044,642147775,1928255819
10,7000000,1429610737,639574598,2069185335
10,7000000,1432192667,640712173,2072904840
10,7000000,1383468450,641334203,2024802653
10,7000000,1271035088,638900113,1909935201
10,7000000,1456368349,639538091,2095906440
10,7000000,1254463241,646872729,1901335970
10,7000000,1242262401,642065035,1884327436
10,7000000,1208808519,639514737,1848323256
10,7000000,1270049261,645239117,1915288378
10,7000000,1441802788,640119766,2081922554
10,7000000,1277248049,642662316,1919910365
10,7000000,1264512390,641532926,1906045316
10,7000000,1254234462,638722022,1892956484
10,7000000,1243589698,639401848,1882991546
10,7000000,1332362361,653615318,1985977679
10,7000000,1230036195,639303652,1869339847
10,7000000,1224879073,639961258,1864840331
10,7000000,1245374607,646555230,1891929837
10,7000000,1392772501,639322646,2032095147
10,7000000,1447905543,645688694,2093594237
10,7000000,1492809631,642107639,2134917270
10,7000000,1202928097,641200804,1844128901
10,7000000,1236338269,644647114,1880985383
10,7000000,1234812196,641589640,1876401836
10,7000000,1368741732,639725511,2008467243
10,7000000,1345414503,640236588,1985651091
10,7000000,1313062065,644651038,1957713103
10,7000000,1348670569,643293205,1991963774
10,7000000,1418144451,646015926,2064160377
10,7000000,1271750849,640371191,1912122040
10,7000000,1328663620,642196592,1970860212
10,7000000,1294015630,639975789,1933991419
10,7000000,1222118029,651924088,1874042117
10,7000000,1366290681,642276127,2008566808
10,7000000,1258038058,639310542,1897348600
10,7000000,1198606091,639302541,1837908632
10,7000000,1367150884,639302681,2006453565
10,7000000,1477286191,639287686,2116573877
10,7000000,1291179664,645416648,1936596312
10,7000000,1286093989,640140165,1926234154
10,7000000,1343998233,640016310,1984014543
10,7000000,1408619654,641266746,2049886400
10,7000000,1533861233,642902049,2176763282
10,7000000,1255565781,646866677,1902432458
10,7000000,1433668474,651145341,2084813815
10,7000000,1474511784,640801461,2115313245
10,7000000,1215212960,642011518,1857224478
10,7000000,1449326385,644109950,2093436335
10,7000000,1261469624,645990058,1907459682
10,7000000,1238682968,641502858,1880185826
10,7000000,1214313714,639373563,1853687277
10,7000000,1329896707,639504726,1969401433
10,7000000,1322007152,641598684,1963605836
10,7000000,1247933690,644238266,1892171956
10,7000000,1278947900,643938945,1922886845
10,7000000,1281860050,641345103,1923205153
10,7000000,1203586697,641378601,1844965298
10,7000000,1316666132,641878925,1958545057
10,7000000,1160441353,642613440,1803054793
10,7000000,1494544603,643802395,2138346998
10,7000000,1232053535,646586596,1878640131
10,7000000,1292628699,639858776,1932487475
10,7000000,1223051721,639437246,1862488967
10,7000000,1307893988,638767463,1946661451
10,7000000,1408907146,643932189,2052839335
10,7000000,1429664205,640024569,2069688774
10,7000000,1286418300,638375699,1924793999
10,7000000,1286868890,643946927,1930815817
10,7000000,1271314093,642063067,1913377160
10,7000000,1402601707,642533159,2045134866
10,7000000,1288014311,639483679,1927497990
10,7000000,1215287967,639300206,1854588173
10,7000000,1421896837,641063404,2062960241
10,7000000,1366396956,644260578,2010657534
10,7000000,1280312298,646364136,1926676434
10,7000000,1324594761,640527278,1965122039
10,7000000,1251759441,653572166,1905331607
10,7000000,1241917639,639689114,1881606753
10,7000000,1258124400,639627459,1897751859
10,7000000,1273698016,639919710,1913617726
10,7000000,1218165538,645403121,1863568659
10,7000000,1264674512,639782980,1904457492
10,7000000,1253196250,639054493,1892250743
10,7000000,1240791748,650054617,1890846365
10,7000000,1164497318,645151297,1809648615
10,7000000,1405636865,640756054,2046392919
10,7000000,1441291461,645615420,2086906881
10,7000000,1271275244,646242959,1917518203
10,7000000,1317133366,642628888,1959762254
10,8000000,1472773485,731928281,2204701766
10,8000000,1471992922,730078542,2202071464
10,8000000,1409115530,733296360,2142411890
10,8000000,1439250386,730648951,2169899337
10,8000000,1636085150,730303055,2366388205
10,8000000,1552651302,729519613,2282170915
10,8000000,1593661984,731386655,2325048639
10,8000000,1438891570,729850171,2168741741
10,8000000,1632381672,731325677,2363707349
10,8000000,1489715283,730195049,2219910332
10,8000000,1527746051,735152235,2262898286
10,8000000,1388751470,730656364,2119407834
10,8000000,1449906491,731203011,2181109502
10,8000000,1425011354,730132761,2155144115
10,8000000,1421157088,731112047,2152269135
10,8000000,1459312033,729555447,2188867480
10,8000000,1459104975,731466303,2190571278
10,8000000,1455446722,729908967,2185355689
10,8000000,1383248263,731365957,2114614220
10,8000000,1622929338,729778550,2352707888
10,8000000,1436154677,729910660,2166065337
10,8000000,1419269517,731401880,2150671397
10,8000000,1382461857,731156712,2113618569
10,8000000,1436458761,731260638,2167719399
10,8000000,1428717560,729767068,2158484628
10,8000000,1414446805,730249408,2144696213
10,8000000,1417241350,730427670,2147669020
10,8000000,1679598753,732456328,2412055081
10,8000000,1513347148,730346040,2243693188
10,8000000,1466180994,731271598,2197452592
10,8000000,1398717387,729573333,2128290720
10,8000000,1381366888,730397813,2111764701
10,8000000,1423518289,731954083,2155472372
10,8000000,1385599823,730600731,2116200554
10,8000000,1552834136,730471942,2283306078
10,8000000,1402819146,731239008,2134058154
10,8000000,1448484148,730967434,2179451582
10,8000000,1500127043,730250503,2230377546
10,8000000,1544775714,730581951,2275357665
10,8000000,1428622798,730160158,2158782956
10,8000000,1418494916,730129479,2148624395
10,8000000,1469255394,729592974,2198848368
10,8000000,1411675547,734009645,2145685192
10,8000000,1421787149,730461993,2152249142
10,8000000,1474168490,732124894,2206293384
10,8000000,1500819242,730086252,2230905494
10,8000000,1384142860,730321318,2114464178
10,8000000,1364983145,730540338,2095523483
10,8000000,1421589877,731168403,2152758280
10,8000000,1488805974,730332417,2219138391
10,8000000,1456042079,731286266,2187328345
10,8000000,1407191747,729839162,2137030909
10,8000000,1422703297,733132858,2155836155
10,8000000,1364967150,731494103,2096461253
10,8000000,1452178808,738170147,2190348955
10,8000000,1383492340,730000122,2113492462
10,8000000,1501107213,730190530,2231297743
10,8000000,1407053709,732378592,2139432301
10,8000000,1539654042,731056952,2270710994
10,8000000,1555005547,731330373,2286335920
10,8000000,1533525274,729995231,2263520505
10,8000000,1469532013,731861899,2201393912
10,8000000,1427546487,730606020,2158152507
10,8000000,1409904956,732743404,2142648360
10,8000000,1427197496,730919975,2158117471
10,8000000,1468907967,730632770,2199540737
10,8000000,1453057845,730194048,2183251893
10,8000000,1464000720,731772085,2195772805
10,8000000,1428139244,730991842,2159131086
10,8000000,1475856099,729505297,2205361396
10,8000000,1595592278,731920881,2327513159
10,8000000,1372845687,730465723,2103311410
10,8000000,1434842525,731260415,2166102940
10,8000000,1425300932,731791113,2157092045
10,8000000,1531262666,732303984,2263566650
10,8000000,1443728880,731254214,2174983094
10,8000000,1397662252,731225691,2128887943
10,8000000,1459842309,730191623,2190033932
10,8000000,1641024451,730444823,2371469274
10,8000000,1475000198,731008217,2206008415
10,8000000,1446552814,729819304,2176372118
10,8000000,1339445419,729811427,2069256846
10,8000000,1419875015,730844203,2150719218
10,8000000,1459889167,730900374,2190789541
10,8000000,1711063603,732270071,2443333674
10,8000000,1445270920,729969585,2175240505
10,8000000,1470267986,731526775,2201794761
10,8000000,1566851365,729852498,2296703863
10,8000000,1498337919,733900202,2232238121
10,8000000,1456882927,730506331,2187389258
10,8000000,1467454994,729911443,2197366437
10,8000000,1405491610,733262056,2138753666
10,8000000,1470919285,736571848,2207491133
10,8000000,1475414023,731119866,2206533889
10,8000000,1587569855,730261006,2317830861
10,8000000,1479949132,729919405,2209868537
10,8000000,1487239708,729803306,2217043014
10,8000000,1339352698,730863871,2070216569
10,8000000,1479487086,730494207,2209981293
10,8000000,1441710034,730668640,2172378674
10,8000000,1378256982,730568481,2108825463
10,8000000,1410691529,730916218,2141607747
10,8000000,1552606587,731171324,2283777911
10,8000000,1376389327,730578629,2106967956
10,8000000,1444304886,730247101,2174551987
10,8000000,1416449170,730799885,2147249055
10,8000000,1445411452,732338574,2177750026
10,8000000,1503965456,734360351,2238325807
10,8000000,1460907319,730175276,2191082595
10,8000000,1442270191,730917269,2173187460
10,8000000,1393630122,730209302,2123839424
10,8000000,1442455628,731610529,2174066157
10,8000000,1402067257,730941733,2133008990
10,8000000,1626537663,730868019,2357405682
10,8000000,1450031771,730054313,2180086084
10,9000000,1650129635,823374771,2473504406
10,9000000,1580077215,821716455,2401793670
10,9000000,1723669038,821114840,2544783878
10,9000000,1590861313,821981281,2412842594
10,9000000,1735413746,822662411,2558076157
10,9000000,1744478633,823157150,2567635783
10,9000000,1640597145,821579726,2462176871
10,9000000,1791650666,821653278,2613303944
10,9000000,1618540889,820958863,2439499752
10,9000000,1599403429,825322808,2424726237
10,9000000,1654314546,822862935,2477177481
10,9000000,1626225988,822395026,2448621014
10,9000000,1637568359,823591776,2461160135
10,9000000,1585709571,822012360,2407721931
10,9000000,1610485319,821347388,2431832707
10,9000000,1630923183,822334046,2453257229
10,9000000,1624952573,821764427,2446717000
10,9000000,1679690565,821593004,2501283569
10,9000000,1593249335,823034543,2416283878
10,9000000,1614608188,821537586,2436145774
10,9000000,1709945131,824307751,2534252882
10,9000000,1547302171,821901354,2369203525
10,9000000,1625259312,824382722,2449642034
10,9000000,1622996762,823039574,2446036336
10,9000000,1632425826,821263129,2453688955
10,9000000,1554560673,822588430,2377149103
10,9000000,1541471212,824797794,2366269006
10,9000000,1503838043,822280363,2326118406
10,9000000,1609147405,826148227,2435295632
10,9000000,1533750236,821226330,2354976566
10,9000000,1564650237,823142188,2387792425
10,9000000,1643581595,822260783,2465842378
10,9000000,1577214947,822374154,2399589101
10,9000000,1621580458,821398821,2442979279
10,9000000,1643172601,820938000,2464110601
10,9000000,1629483829,822175395,2451659224
10,9000000,1589512379,822823778,2412336157
10,9000000,1573331927,822232346,2395564273
10,9000000,1711835798,831949081,2543784879
10,9000000,1570576761,822396225,2392972986
10,9000000,1534177162,821141164,2355318326
10,9000000,1591141655,821477095,2412618750
10,9000000,1607289830,822205891,2429495721
10,9000000,1786286294,825024599,2611310893
10,9000000,1651579328,824347533,2475926861
10,9000000,1674061778,822425718,2496487496
10,9000000,1598238204,821797392,2420035596
10,9000000,1618655668,821673351,2440329019
10,9000000,1537169408,822260961,2359430369
10,9000000,1593719105,823003388,2416722493
10,9000000,1545755316,822686939,2368442255
10,9000000,1560063667,822054589,2382118256
10,9000000,1520982939,828352408,2349335347
10,9000000,1654276769,822687357,2476964126
10,9000000,1503440320,822008343,2325448663
10,9000000,1664010884,823398703,2487409587
10,9000000,1587371838,823165390,2410537228
10,9000000,1680690813,822913067,2503603880
10,9000000,1677358444,821192104,2498550548
10,9000000,1647564324,821847091,2469411415
10,9000000,1631845459,822833903,2454679362
10,9000000,1542057274,823558852,2365616126
10,9000000,1952108953,823019586,2775128539
10,9000000,1505791196,822106013,2327897209
10,9000000,1802157709,821106172,2623263881
10,9000000,1521277228,821770807,2343048035
10,9000000,1707151892,823813759,2530965651
10,9000000,1620475373,821296357,2441771730
10,9000000,1641134203,822313704,2463447907
10,9000000,1621197409,821338625,2442536034
10,9000000,1634000333,821575743,2455576076
10,9000000,1574595064,821619129,2396214193
10,9000000,1570692486,822089814,2392782300
10,9000000,1708518564,822002595,2530521159
10,9000000,1580644325,823692394,2404336719
10,9000000,1636503179,822779321,2459282500
10,9000000,1681833573,825500870,2507334443
10,9000000,1727887668,822145430,2550033098
10,9000000,1561219636,822777420,2383997056
10,9000000,1589900018,823318821,2413218839
10,9000000,1567061519,822213598,2389275117
10,9000000,1531027850,823613274,2354641124
10,9000000,1602513126,822378445,2424891571
10,9000000,1588319410,826927854,2415247264
10,9000000,1664516345,821692996,2486209341
10,9000000,1635964242,821556899,2457521141
10,9000000,1814579205,823461890,2638041095
10,9000000,1605582229,822144438,2427726667
10,9000000,1566225281,821930543,2388155824
10,9000000,1607303193,821445016,2428748209
10,9000000,1713375559,822987630,2536363189
10,9000000,1591370287,823424315,2414794602
10,9000000,1787808001,821749218,2609557219
10,9000000,1582856784,822121539,2404978323
10,9000000,1559166194,823043743,2382209937
10,9000000,1639042948,822555390,2461598338
10,9000000,1587066836,823611816,2410678652
10,9000000,1930480223,821584311,2752064534
10,9000000,1597911677,822348402,2420260079
10,9000000,1593700356,820763335,2414463691
10,9000000,1604587977,822981289,2427569266
10,9000000,1612124428,822487619,2434612047
10,9000000,1699335666,823171198,2522506864
10,9000000,1585326267,822657944,2407984211
10,9000000,1640660680,824738249,2465398929
10,9000000,1664647148,821393181,2486040329
10,9000000,1637527293,821186112,2458713405
10,9000000,1622595265,822195074,2444790339
10,9000000,1738155793,822000606,2560156399
10,9000000,1609706255,820951257,2430657512
10,9000000,1655872908,823695675,2479568583
10,9000000,1661123949,822462484,2483586433
10,9000000,1722164139,821089010,2543253149
10,9000000,1508369402,821903659,2330273061
10,9000000,1602847484,822013263,2424860747
10,10000000,1895522859,925772681,2821295540
10,10000000,1846510347,920564876,2767075223
10,10000000,1801611191,916189903,2717801094
10,10000000,1766451969,924785638,2691237607
10,10000000,1782584150,916384746,2698968896
10,10000000,1751368901,925228055,2676596956
10,10000000,1667042954,928188375,2595231329
10,10000000,1775300146,928754599,2704054745
10,10000000,1781368559,917717831,2699086390
10,10000000,1879817034,922229619,2802046653
10,10000000,1813734250,919067264,2732801514
10,10000000,1806153717,919999044,2726152761
10,10000000,1916928674,916670395,2833599069
10,10000000,1870627710,918962890,2789590600
10,10000000,1632963704,914830243,2547793947
10,10000000,1741359702,919410622,2660770324
10,10000000,1942431032,919997028,2862428060
10,10000000,1819549161,916123817,2735672978
10,10000000,1689362768,915311557,2604674325
10,10000000,1785966998,917778891,2703745889
10,10000000,1780834710,920874537,2701709247
10,10000000,1723551679,914114251,2637665930
10,10000000,1873679186,915816014,2789495200
10,10000000,1697851215,921348218,2619199433
10,10000000,1810387522,925246007,2735633529
10,10000000,1693461473,917186368,2610647841
10,10000000,1743187652,918162073,2661349725
10,10000000,1958150330,922728470,2880878800
10,10000000,1782851561,917642139,2700493700
10,10000000,1751541614,921873849,2673415463
10,10000000,1764838543,918416175,2683254718
10,10000000,1899028165,919632455,2818660620
10,10000000,1842469345,917734458,2760203803
10,10000000,1797635769,916794387,2714430156
10,10000000,1657680659,921923607,2579604266
10,10000000,1755021456,917425624,2672447080
10,10000000,1715687278,913839444,2629526722
10,10000000,1913714243,913044435,2826758678
10,10000000,1792827013,919944835,2712771848
10,10000000,1933005729,921550009,2854555738
10,10000000,1683655726,917021647,2600677373
10,10000000,1758521276,920009006,2678530282
10,10000000,1723144889,922289365,2645434254
10,10000000,1706281409,917249119,2623530528
10,10000000,1711766387,920780901,2632547288
10,10000000,1857751350,917659211,2775410561
10,10000000,1845079958,919464875,2764544833
10,10000000,1752505543,918171103,2670676646
10,10000000,1859965564,921746596,2781712160
10,10000000,1648348026,919004712,2567352738
10,10000000,1681008176,923364109,2604372285
10,10000000,1760422392,921217347,2681639739
10,10000000,1764404453,921189834,2685594287
10,10000000,1828169432,922559315,2750728747
10,10000000,1752982279,921843172,2674825451
10,10000000,1787583624,915251803,2702835427
10,10000000,1751724862,920096580,2671821442
10,10000000,1772809219,920804793,2693614012
10,10000000,1712953055,914553246,2627506301
10,10000000,1655691398,926603722,2582295120
10,10000000,1746632383,917226129,2663858512
10,10000000,1709510705,922593275,2632103980
10,10000000,1874248989,921790039,2796039028
10,10000000,1768706369,925064931,2693771300
10,10000000,1799863748,921320246,2721183994
10,10000000,1750999489,920199708,2671199197
10,10000000,2013965959,930574470,2944540429
10,10000000,2013274660,919402587,2932677247
10,10000000,1846843867,912228099,2759071966
10,10000000,1871806912,917443702,2789250614
10,10000000,1886418110,922981612,2809399722
10,10000000,1862058039,921676188,2783734227
10,10000000,1804379025,916760581,2721139606
10,10000000,1871223698,919342098,2790565796
10,10000000,1754130784,927797826,2681928610
10,10000000,1663948308,918433677,2582381985
10,10000000,1776060781,924118347,2700179128
10,10000000,1824286800,920811761,2745098561
10,10000000,1709450814,918495644,2627946458
10,10000000,1721783700,917510891,2639294591
10,10000000,1632119300,922088771,2554208071
10,10000000,1814709952,919910500,2734620452
10,10000000,1842002570,922144360,2764146930
10,10000000,1776040037,921427447,2697467484
10,10000000,1785745081,915748006,2701493087
10,10000000,1929523847,919283597,2848807444
10,10000000,1743924739,917329718,2661254457
10,10000000,1771455832,919842882,2691298714
10,10000000,1749640513,916784972,2666425485
10,10000000,1698151162,921829798,2619980960
10,10000000,1886791695,912928465,2799720160
10,10000000,1722934279,924236879,2647171158
10,10000000,1978127664,913132463,2891260127
10,10000000,1712771397,919390090,2632161487
10,10000000,1711773449,917498160,2629271609
10,10000000,1767834810,917611676,2685446486
10,10000000,1742088904,921228384,2663317288
10,10000000,1747940851,921937246,2669878097
10,10000000,1791825467,923114679,2714940146
10,10000000,1824738601,922449789,2747188390
10,10000000,1708027733,920709259,2628736992
10,10000000,1786631503,920684336,2707315839
10,10000000,1683294042,914192544,2597486586
10,10000000,1791402957,918436826,2709839783
10,10000000,1810008545,915983789,2725992334
10,10000000,1812082268,922842412,2734924680
10,10000000,1726827124,917400346,2644227470
10,10000000,2025288052,920213730,2945501782
10,10000000,1743542666,917748738,2661291404
10,10000000,1810904984,919101260,2730006244
10,10000000,1812051794,917865023,2729916817
10,10000000,2047222362,918938165,2966160527
10,10000000,1858757211,916372664,2775129875
10,10000000,1688258195,915750266,2604008461
10,10000000,1763650383,919516614,2683166997
10,10000000,1669959930,923229318,2593189248
10,10000000,1818179189,919007961,2737187150
10,10000000,1673130559,920740704,2593871263
10,10000000,1667120486,925986943,2593107429
10,10000000,1970324825,920182674,2890507499
10,10000000,1681376358,915277630,2596653988
10,10000000,1764603648,917879043,2682482691
10,10000000,1731424534,922866285,2654290819
10,10000000,1818798214,918950051,2737748265
10,10000000,1852137554,922615558,2774753112
10,10000000,1748700429,919390652,2668091081
10,10000000,1758114179,918156030,2676270209
10,10000000,1767967515,913596588,2681564103
10,10000000,1736455851,919098643,2655554494
10,10000000,1749865480,918095494,2667960974
10,10000000,1794229953,918496761,2712726714
10,10000000,1828852156,917428239,2746280395
10,10000000,1821660627,918645418,2740306045
10,10000000,1682710449,923141461,2605851910
10,10000000,1615090042,917297854,2532387896
10,10000000,1694255105,918533317,2612788422
10,10000000,1960093135,918011100,2878104235
10,10000000,1681134947,922921442,2604056389
10,10000000,2001433579,920622659,2922056238
10,10000000,1682223309,917912851,2600136160
10,10000000,1952681560,921311103,2873992663
10,10000000,1838865624,921482355,2760347979
10,10000000,1838810266,924117497,2762927763
10,10000000,1716371097,924104449,2640475546
10,10000000,1780749695,919796970,2700546665
10,10000000,1675488967,921811999,2597300966
10,10000000,1748787335,913401248,2662188583
10,10000000,1746328043,919217881,2665545924
10,10000000,1753114355,913388570,2666502925
10,10000000,1648850053,913076352,2561926405
10,10000000,1721309935,919444493,2640754428
10,10000000,1741796732,918548790,2660345522
10,10000000,1706203218,924966467,2631169685
10,10000000,1734447368,918086393,2652533761
10,10000000,1778551751,921290872,2699842623
10,10000000,1696342231,918666697,2615008928
10,10000000,1755526812,922205069,2677731881
10,10000000,1974724708,917239696,2891964404
10,10000000,1823276486,921653085,2744929571
10,10000000,1771083845,924286345,2695370190
10,10000000,1763221663,924531653,2687753316
10,10000000,1774848672,922637080,2697485752
10,10000000,1810232668,919134078,2729366746
10,10000000,1836474281,922010604,2758484885
10,10000000,1738637952,920943721,2659581673
10,10000000,1751817799,918498538,2670316337
10,10000000,1706248684,926309397,2632558081
10,10000000,1672336355,920614574,2592950929
10,10000000,1904693522,916436032,2821129554
10,10000000,1680871110,922508520,2603379630
10,10000000,2014028779,922096888,2936125667
10,10000000,1717055798,912577015,2629632813
10,10000000,1718453396,919056589,2637509985
10,10000000,1864658357,924524137,2789182494
10,10000000,1788245361,921184009,2709429370
10,10000000,1709992258,918419960,2628412218
10,10000000,1929366035,922493272,2851859307
10,10000000,1751143479,917135525,2668279004
10,10000000,1736726507,924545663,2661272170
10,10000000,1715835607,921604679,2637440286
10,10000000,1730971694,919315490,2650287184
10,10000000,1752419452,925484706,2677904158
10,10000000,1689542061,916549601,2606091662
10,10000000,1637920468,918590751,2556511219
10,10000000,1701234664,922476518,2623711182
10,10000000,1635630539,914055258,2549685797
10,10000000,1847279627,923909219,2771188846
10,10000000,1733160948,922624063,2655785011
10,10000000,1699583373,924622333,2624205706
10,10000000,1856608342,919557672,2776166014
10,10000000,1880995348,922890357,2803885705
10,10000000,1778153894,920989299,2699143193
10,10000000,1798768485,922384642,2721153127
10,10000000,1684216586,920671538,2604888124
10,10000000,1877551082,918640992,2796192074
10,10000000,1764355864,918097979,2682453843
10,10000000,1817000021,913468255,2730468276
10,10000000,1682077083,921074172,2603151255
10,10000000,1771500188,925930721,2697430909
10,10000000,1722334824,918760741,2641095565
10,10000000,1749451594,924875214,2674326808
10,10000000,1721279974,917483683,2638763657
10,10000000,1787931083,924074282,2712005365
10,10000000,1849565703,922378780,2771944483
10,10000000,1763423580,924413853,2687837433
10,10000000,1755192039,926085260,2681277299
10,10000000,1765186349,922376857,2687563206
10,10000000,1978640545,918604873,2897245418
10,10000000,1823376969,919068846,2742445815
10,10000000,1676807542,914624906,2591432448
10,10000000,1769559941,922495909,2692055850
10,10000000,1765609341,920504063,2686113404
10,10000000,1823958623,919085320,2743043943
10,10000000,1781786679,923682258,2705468937
10,10000000,1824152757,921923914,2746076671
10,10000000,1966731674,924055878,2890787552
10,10000000,1800307956,923960961,2724268917
10,10000000,1763932536,923798977,2687731513
10,10000000,1743695606,916753026,2660448632
10,10000000,1734129480,923826347,2657955827
10,10000000,1701115928,920795176,2621911104
10,10000000,1991218448,925958414,2917176862
10,10000000,1676519597,921238487,2597758084
10,10000000,1686167277,923673401,2609840678
10,10000000,1878886036,923133877,2802019913
10,10000000,1900605377,921165443,2821770820
10,10000000,1925534934,917037533,2842572467
10,10000000,1885644189,918557591,2804201780
10,10000000,1718716001,919321684,2638037685
10,10000000,1630116607,917543996,2547660603
10,20000000,3356495414,1860453447,5216948861
10,20000000,3314122283,1870058911,5184181194
10,20000000,3233728287,1855843899,5089572186
10,20000000,3503260146,1860414192,5363674338
10,20000000,3584686120,1853114058,5437800178
10,20000000,3443701104,1863782641,5307483745
10,20000000,3443303148,1850447212,5293750360
10,20000000,3708415932,1853416139,5561832071
10,20000000,3348521713,1869653254,5218174967
10,20000000,3319690649,1867332643,5187023292
10,20000000,3424322601,1845922927,5270245528
10,20000000,3315292620,1868157760,5183450380
10,20000000,3464070214,1843009581,5307079795
10,20000000,3272057233,1876545340,5148602573
10,20000000,3742237831,1862428057,5604665888
10,20000000,3319106856,1875014094,5194120950
10,20000000,3335526226,1852628727,5188154953
10,20000000,3561072745,1857824500,5418897245
10,20000000,3507988912,1863080977,5371069889
10,20000000,3464079891,1871376662,5335456553
10,20000000,3189486364,1860910545,5050396909
10,20000000,3492257961,1869332290,5361590251
10,20000000,3352511959,1850898712,5203410671
10,20000000,3677965403,1860254812,5538220215
10,20000000,3585698287,1855516693,5441214980
10,20000000,3489617614,1860462379,5350079993
10,20000000,3688833560,1865402438,5554235998
10,20000000,3539638457,1859136027,5398774484
10,20000000,3636565911,1860071808,5496637719
10,20000000,3271716751,1853488960,5125205711
10,20000000,3393237917,1854773874,5248011791
10,20000000,3583589184,1874945053,5458534237
10,20000000,3755442130,1844750300,5600192430
10,20000000,3473587825,1860677953,5334265778
10,20000000,3600852581,1861273453,5462126034
10,20000000,3627284073,1869433278,5496717351
10,20000000,3350912135,1857773441,5208685576
10,20000000,3422506035,1860222306,5282728341
10,20000000,3669406862,1853091792,5522498654
10,20000000,3488344606,1858047568,5346392174
10,20000000,3642053755,1860323914,5502377669
10,20000000,3277151565,1855869452,5133021017
10,20000000,3536819911,1868324984,5405144895
10,20000000,3366408075,1866949381,5233357456
10,20000000,3462364871,1854651919,5317016790
10,20000000,3510348502,1859766908,5370115410
10,20000000,3548950293,1861835568,5410785861
10,20000000,3645982747,1870717408,5516700155
10,20000000,3613194795,1860477315,5473672110
10,20000000,3397694127,1858166248,5255860375
10,20000000,3446179090,1856194739,5302373829
10,20000000,3694405158,1861751350,5556156508
10,20000000,3429515353,1867424779,5296940132
10,20000000,3578125004,1867554470,5445679474
10,20000000,3847551603,1863470918,5711022521
10,20000000,3415447071,1867622800,5283069871
10,20000000,3355785692,1853281451,5209067143
10,20000000,3594501122,1860099216,5454600338
10,20000000,3535200125,1862139273,5397339398
10,20000000,3509484611,1867430387,5376914998
10,20000000,3317595035,1853410910,5171005945
10,20000000,3539221163,1862567808,5401788971
10,20000000,3344139944,1855113096,5199253040
10,20000000,3554615907,1866058756,5420674663
10,20000000,3499450541,1868262683,5367713224
10,20000000,3459334578,1853449913,5312784491
10,20000000,3682488066,1864327363,5546815429
10,20000000,3667953568,1849917810,5517871378
10,20000000,3589670911,1867316231,5456987142
10,20000000,3571677032,1867288927,5438965959
10,20000000,3677964527,1866130404,5544094931
10,20000000,3728318906,1854976407,5583295313
10,20000000,3658086570,1867326549,5525413119
10,20000000,3519084161,1868793311,5387877472
10,20000000,3451625553,1857160505,5308786058
10,20000000,3552902987,1857193092,5410096079
10,20000000,3697689651,1862564795,5560254446
10,20000000,3570539914,1855971685,5426511599
10,20000000,3465811343,1863387793,5329199136
10,20000000,3453086962,1859827361,5312914323
10,20000000,3472026779,1873109936,5345136715
10,20000000,3611093782,1859414651,5470508433
10,20000000,3551214606,1858415297,5409629903
10,20000000,3180522279,1857825374,5038347653
10,20000000,3611069469,1881098266,5492167735
10,20000000,3474022326,1857073623,5331095949
10,20000000,3343326401,1858342891,5201669292
10,20000000,3380733205,1860665674,5241398879
10,20000000,3522473529,1865604703,5388078232
10,20000000,3600926638,1865847531,5466774169
10,20000000,3541685753,1855903484,5397589237
10,20000000,3445739107,1860206294,5305945401
10,20000000,3625236559,1853337413,5478573972
10,20000000,3608890919,1865932431,5474823350
10,20000000,3436150324,1857727182,5293877506
10,20000000,3696604286,1868612612,5565216898
10,20000000,3759775688,1868819924,5628595612
10,20000000,3486332174,1859202975,5345535149
10,20000000,3664805377,1867879321,5532684698
10,20000000,3426031608,1852567291,5278598899
10,20000000,3298607502,1868462613,5167070115
10,20000000,3318617528,1863544651,5182162179
10,20000000,3490793816,1865879224,5356673040
10,20000000,3618672172,1864249423,5482921595
10,20000000,3451080289,1846019425,5297099714
10,20000000,3714233649,1864158349,5578391998
10,20000000,3688668597,1869451278,5558119875
10,20000000,3466775536,1869503371,5336278907
10,20000000,3285277620,1856096577,5141374197
10,20000000,3310651104,1865587493,5176238597
10,20000000,3511291396,1863999223,5375290619
10,20000000,3593198473,1865440777,5458639250
10,20000000,3291146876,1860701449,5151848325
10,20000000,3622919710,1848720149,5471639859
10,20000000,3578743928,1849029775,5427773703
10,30000000,5271769691,2735928155,8007697846
10,30000000,5476532971,2751513221,8228046192
10,30000000,5162346340,2738740641,7901086981
10,30000000,5324776355,2735822708,8060599063
10,30000000,5391658532,2740220959,8131879491
10,30000000,5817859568,2737130742,8554990310
10,30000000,5266453188,2752024908,8018478096
10,30000000,5310169305,2736562139,8046731444
10,30000000,5712301975,2752626489,8464928464
10,30000000,5592038739,2736912175,8328950914
10,30000000,5492917240,2736923839,8229841079
10,30000000,5637330433,2736710916,8374041349
10,30000000,5326715664,2735954857,8062670521
10,30000000,5199779201,2750493312,7950272513
10,30000000,5450558780,2981964113,8432522893
10,30000000,5094583160,2735435652,7830018812
10,30000000,5335801454,2736169216,8071970670
10,30000000,5310158841,2752340277,8062499118
10,30000000,5448437124,2735985345,8184422469
10,30000000,5086727051,2736692401,7823419452
10,30000000,5283175020,2735245316,8018420336
10,30000000,5271829900,2736907888,8008737788
10,30000000,5453915842,2738545713,8192461555
10,30000000,5535020817,2751909604,8286930421
10,30000000,5635500652,2750171688,8385672340
10,30000000,5522621466,2751165863,8273787329
10,30000000,5348409946,2757695238,8106105184
10,30000000,5341958862,2738557153,8080516015
10,30000000,5322971359,2736173918,8059145277
10,30000000,5311468660,2736492912,8047961572
10,30000000,5464884167,2736307138,8201191305
10,30000000,5474996431,2737068358,8212064789
10,30000000,5446754401,2755189751,8201944152
10,30000000,5102325853,2737281658,7839607511
10,30000000,5372308751,2736295339,8108604090
10,30000000,5334762066,2736591163,8071353229
10,30000000,5174694263,2747421001,7922115264
10,30000000,5275196022,2737082262,8012278284
10,30000000,5280819261,2748477643,8029296904
10,30000000,5311126826,2736664992,8047791818
10,30000000,4982399749,2740156364,7722556113
10,30000000,5435245869,2752950187,8188196056
10,30000000,5400721231,2749758455,8150479686
10,30000000,5747683643,2735906597,8483590240
10,30000000,5320210947,2751902687,8072113634
10,30000000,5531901426,2739140843,8271042269
10,30000000,5661452028,2736842864,8398294892
10,30000000,5489307336,2750547535,8239854871
10,30000000,5245771399,2753049037,7998820436
10,30000000,5404531189,2738926814,8143458003
10,30000000,5332568207,2736336233,8068904440
10,30000000,5653588249,2748906202,8402494451
10,30000000,5390482736,2735651648,8126134384
10,30000000,5590154463,2736033466,8326187929
10,30000000,5114796640,2738867705,7853664345
10,30000000,5111342324,2737392162,7848734486
10,30000000,5214518446,2736994590,7951513036
10,30000000,5263626230,2756020993,8019647223
10,30000000,5114337632,2740281011,7854618643
10,30000000,5391845695,2736758591,8128604286
10,30000000,5435066861,2738111633,8173178494
10,30000000,5187709904,2735557179,7923267083
10,30000000,5353613705,2735480418,8089094123
10,30000000,5578435322,2752297449,8330732771
10,30000000,5368114078,2751781162,8119895240
10,30000000,5742651512,2735542890,8478194402
10,30000000,5150823822,2735211473,7886035295
10,30000000,5492058645,2735839620,8227898265
10,30000000,5436939381,2747726270,8184665651
10,30000000,5351769601,2736223067,8087992668
10,30000000,5422401313,2745683603,8168084916
10,30000000,5055842012,2751370715,7807212727
10,30000000,5539745763,2736425062,8276170825
10,30000000,5382161152,2736100259,8118261411
10,30000000,5341478429,2752309027,8093787456
10,30000000,5441886112,2736477224,8178363336
10,30000000,5823677175,2737183152,8560860327
10,30000000,5519341825,2736299830,8255641655
10,30000000,5304454552,2752664907,8057119459
10,30000000,5511810667,2735111399,8246922066
10,30000000,5382965424,2738538248,8121503672
10,30000000,5366583560,2738209745,8104793305
10,30000000,5427582642,2751762757,8179345399
10,30000000,5621013174,2735942402,8356955576
10,30000000,5081248006,2736231446,7817479452
10,30000000,5517767792,2751830173,8269597965
10,30000000,5284968110,2735096964,8020065074
10,30000000,5460657054,2752868683,8213525737
10,30000000,5936369527,2735375749,8671745276
10,30000000,5682258081,2735752380,8418010461
10,30000000,5147902095,2753305178,7901207273
10,30000000,5416178915,2735568156,8151747071
10,30000000,5410894036,2752602924,8163496960
10,30000000,5081588376,2752292360,7833880736
10,30000000,5279447088,2740931866,8020378954
10,30000000,5331687473,2748250771,8079938244
10,30000000,5343483202,2736838941,8080322143
10,30000000,5366100902,2752603126,8118704028
10,30000000,5435556423,2748333211,8183889634
10,30000000,5801842915,2737140157,8538983072
10,30000000,5259170113,2747398976,8006569089
10,30000000,5421444581,2754701635,8176146216
10,30000000,5207409910,2735906884,7943316794
10,30000000,5415467692,2736434728,8151902420
10,30000000,5474778814,2754548784,8229327598
10,30000000,5282694671,2736976356,8019671027
10,30000000,5425196025,2737044891,8162240916
10,30000000,5416602507,2736677527,8153280034
10,30000000,5107141792,2735933185,7843074977
10,30000000,5590172194,2737110221,8327282415
10,30000000,5308508266,2736053875,8044562141
10,30000000,5156346668,2754124211,7910470879
10,30000000,5185874513,2737637563,7923512076
10,30000000,5258179971,2735431202,7993611173
10,30000000,5148077983,2736058724,7884136707
10,40000000,7749353210,3658822340,11408175550
10,40000000,6999750816,3650348672,10650099488
10,40000000,7229599395,3648308101,10877907496
10,40000000,7484386988,3658154817,11142541805
10,40000000,7618053014,3655070153,11273123167
10,40000000,6973312891,3658399698,10631712589
10,40000000,7084062331,3648302556,10732364887
10,40000000,7873685809,3690408006,11564093815
10,40000000,7650642125,3657276846,11307918971
10,40000000,7367472059,3652345515,11019817574
10,40000000,7417679592,3647743508,11065423100
10,40000000,6974515335,3670523092,10645038427
10,40000000,7106809162,3654897494,10761706656
10,40000000,6923548259,3652322824,10575871083
10,40000000,6969871759,3649178572,10619050331
10,40000000,7234018485,3656879346,10890897831
10,40000000,6987610912,3651645683,10639256595
10,40000000,7119220818,3653712545,10772933363
10,40000000,6859850633,3650033023,10509883656
10,40000000,6964015813,3651875828,10615891641
10,40000000,6851896026,3651840365,10503736391
10,40000000,7485476287,3650160948,11135637235
10,40000000,7411980189,3649945299,11061925488
10,40000000,6875338040,3651638918,10526976958
10,40000000,6693086344,3648298912,10341385256
10,40000000,7327661230,3648635569,10976296799
10,40000000,7567410815,3656599938,11224010753
10,40000000,7077726005,3649109781,10726835786
10,40000000,7223627910,3663603234,10887231144
10,40000000,6916568086,3649744518,10566312604
10,40000000,7297442901,3648493537,10945936438
10,40000000,7722740161,3650331766,11373071927
10,40000000,6959297949,3647846210,10607144159
10,40000000,6773521819,3649288332,10422810151
10,40000000,6858639695,3650662198,10509301893
10,40000000,6824560788,3658675468,10483236256
10,40000000,6487170895,3649102537,10136273432
10,40000000,6642174791,3671724488,10313899279
10,40000000,7007943037,3656431383,10664374420
10,40000000,6686396522,3651296112,10337692634
10,40000000,7324158041,3651613604,10975771645
10,40000000,6860252432,3657447929,10517700361
10,40000000,7029339538,3675861212,10705200750
10,40000000,6749586811,3692854096,10442440907
10,40000000,7855605339,3649860305,11505465644
10,40000000,7451630881,3657915735,11109546616
10,40000000,7449687835,3652989293,11102677128
10,40000000,6969318318,3651131775,10620450093
10,40000000,7548869983,3656469785,11205339768
10,40000000,7320408154,3649092285,10969500439
10,40000000,6830798637,3649193847,10479992484
10,40000000,7294190124,3653066913,10947257037
10,40000000,6860351300,3653885482,10514236782
10,40000000,7038437347,3649984055,10688421402
10,40000000,6958966241,3649214462,10608180703
10,40000000,6964289317,3657698659,10621987976
10,40000000,6983531161,3653992565,10637523726
10,40000000,6946726999,3656605396,10603332395
10,40000000,7162432929,3651946576,10814379505
10,40000000,7323653509,3649404162,10973057671
10,40000000,7507696841,3648710605,11156407446
10,40000000,6980530721,3650273752,10630804473
10,40000000,6869400622,3649213499,10518614121
10,40000000,7143020266,3649506321,10792526587
10,40000000,7304264990,3649144753,10953409743
10,40000000,7447365046,3654779429,11102144475
10,40000000,7410323789,3649050981,11059374770
10,40000000,7137394006,3654382916,10791776922
10,40000000,7070693659,3655065753,10725759412
10,40000000,6730310425,3648466568,10378776993
10,40000000,7278402532,3653089399,10931491931
10,40000000,6991993500,3655971614,10647965114
10,40000000,7089927087,3650843966,10740771053
10,40000000,6909796531,3653093751,10562890282
10,40000000,7068848620,3649145362,10717993982
10,40000000,7479667980,3648296868,11127964848
10,40000000,6975194561,3648838503,10624033064
10,40000000,7184557456,3653764661,10838322117
10,40000000,7528500984,3650251660,11178752644
10,40000000,7170757924,3649053402,10819811326
10,40000000,7159587297,3647881093,10807468390
10,40000000,7448078606,3649046704,11097125310
10,40000000,7137126627,3655118675,10792245302
10,40000000,7548751114,3667569332,11216320446
10,40000000,7473725991,3648459295,11122185286
10,40000000,6993005657,3649355777,10642361434
10,40000000,6750297414,3652255804,10402553218
10,40000000,7443393054,3657439072,11100832126
10,40000000,6734664560,3655242097,10389906657
10,40000000,7103546224,3655742967,10759289191
10,40000000,6905873441,3651472559,10557346000
10,40000000,7070978993,3653606950,10724585943
10,40000000,7184649192,3650666382,10835315574
10,40000000,6811441941,3650802863,10462244804
10,40000000,6750508123,3657458536,10407966659
10,40000000,6848907354,3648161838,10497069192
10,40000000,6972357164,3650582247,10622939411
10,40000000,7003698651,3657806001,10661504652
10,40000000,7385436783,3650071925,11035508708
10,40000000,7090950953,3649067192,10740018145
10,40000000,6969039733,3658128612,10627168345
10,40000000,7008326580,3647397123,10655723703
10,40000000,6883344425,3650370153,10533714578
10,40000000,6722431563,3654952015,10377383578
10,40000000,6797396016,3649716081,10447112097
10,40000000,6877767957,3656944226,10534712183
10,40000000,7002248798,3670207689,10672456487
10,40000000,6834374447,3655776367,10490150814
10,40000000,7087713049,3658020410,10745733459
10,40000000,6990486594,3647785019,10638271613
10,40000000,7192983676,3650997406,10843981082
10,40000000,6874573544,3648764212,10523337756
10,40000000,7108852697,3655787040,10764639737
10,40000000,6758454639,3649506252,10407960891
10,40000000,7027171156,3657901551,10685072707
10,50000000,9514313649,4565098646,14079412295
10,50000000,8860428500,4586952746,13447381246
10,50000000,8425772468,4561165884,12986938352
10,50000000,8717663024,4589572534,13307235558
10,50000000,8463550173,4582987485,13046537658
10,50000000,8657186742,4567825254,13225011996
10,50000000,8694302616,4589487351,13283789967
10,50000000,9374601771,4569222681,13943824452
10,50000000,8731097961,4562432947,13293530908
10,50000000,8769175603,4586727865,13355903468
10,50000000,8732801075,4583913556,13316714631
10,50000000,8757885662,4588106471,13345992133
10,50000000,8403589093,4561775304,12965364397
10,50000000,8043930792,4561244603,12605175395
10,50000000,8573282480,4560251355,13133533835
10,50000000,8090752523,4562936637,12653689160
10,50000000,8593025713,4593437322,13186463035
10,50000000,8111544960,4594204113,12705749073
10,50000000,8249323348,4591425931,12840749279
10,50000000,8876905955,4585135297,13462041252
10,50000000,8572752730,4589874771,13162627501
10,50000000,9033494061,4586860386,13620354447
10,50000000,9159886744,4584788890,13744675634
10,50000000,8604120409,4584274518,13188394927
10,50000000,8645893673,4560907265,13206800938
10,50000000,8022806990,4592527463,12615334453
10,50000000,9351893886,4561425584,13913319470
10,50000000,8822791908,4592983722,13415775630
10,50000000,7886297210,4564838734,12451135944
10,50000000,8384900315,4562577432,12947477747
10,50000000,8210669646,4562254391,12772924037
10,50000000,8585581670,4587278394,13172860064
10,50000000,9102680242,4567163399,13669843641
10,50000000,7805469949,4562323496,12367793445
10,50000000,8865744359,4561420452,13427164811
10,50000000,8270303640,4591440767,12861744407
10,50000000,8609656982,4590107215,13199764197
10,50000000,8290979087,4582620716,12873599803
10,50000000,8705595041,5165392269,13870987310
10,50000000,9034759583,4588792031,13623551614
10,50000000,8667419505,4561172733,13228592238
10,50000000,8864409786,4592276210,13456685996
10,50000000,8301127372,4592837154,12893964526
10,50000000,8729462210,4559910891,13289373101
10,50000000,9010764184,4561336318,13572100502
10,50000000,8912882195,4561363414,13474245609
10,50000000,8495182228,4560261598,13055443826
10,50000000,9077352080,4586700133,13664052213
10,50000000,8679490814,4590812616,13270303430
10,50000000,7983866577,4590333811,12574200388
10,50000000,8646785212,4562786656,13209571868
10,50000000,8625942041,4563237214,13189179255
10,50000000,8718062050,4591105828,13309167878
10,50000000,9011057558,4559251685,13570309243
10,50000000,8809568497,4594131182,13403699679
10,50000000,8487740061,4588464571,13076204632
10,50000000,8284161752,4560875540,12845037292
10,50000000,8106747287,4590590552,12697337839
10,50000000,8782708901,4561857887,13344566788
10,50000000,9094237881,4562201090,13656438971
10,50000000,8944062443,4584119848,13528182291
10,50000000,8650280053,4559925593,13210205646
10,50000000,8702084103,4563777697,13265861800
10,50000000,8658894148,4560282475,13219176623
10,50000000,8428991766,4589147562,13018139328
10,50000000,8911191081,4587086671,13498277752
10,50000000,8661712861,4582471377,13244184238
10,50000000,8441115436,4585264799,13026380235
10,50000000,8487841418,4588233255,13076074673
10,50000000,8709436863,4561290470,13270727333
10,50000000,7996238034,4560694926,12556932960
10,50000000,9233098879,4734517974,13967616853
10,50000000,8693484995,4587096276,13280581271
10,50000000,8351391268,4586699975,12938091243
10,50000000,8446615011,4558993199,13005608210
10,50000000,8467018898,4590522982,13057541880
10,50000000,9275585921,4562205240,13837791161
10,50000000,8760502843,4589650631,13350153474
10,50000000,9114856603,4590207466,13705064069
10,50000000,8985222242,4560551215,13545773457
10,50000000,9175996997,4559608457,13735605454
10,50000000,8715085301,4560247674,13275332975
10,50000000,9122031897,4579239414,13701271311
10,50000000,9438866793,4580383327,14019250120
10,50000000,8423668310,4587441832,13011110142
10,50000000,8774923475,4560896035,13335819510
10,50000000,8554953018,4589742421,13144695439
10,50000000,9167208834,4582286177,13749495011
10,50000000,8631345535,4582127611,13213473146
10,50000000,8188155628,4562508155,12750663783
10,50000000,8099316740,4585389109,12684705849
10,50000000,9036549942,4588291039,13624840981
10,50000000,8738508133,4587656026,13326164159
10,50000000,9283165559,4588421222,13871586781
10,50000000,8513660919,4586663879,13100324798
10,50000000,8669991450,4588448979,13258440429
10,50000000,8624790010,4592203965,13216993975
10,50000000,8690579648,4587705293,13278284941
10,50000000,8603169450,4585251253,13188420703
10,50000000,8577342936,4587783767,13165126703
10,50000000,8487437939,4591194966,13078632905
10,50000000,8320024326,4589262778,12909287104
10,50000000,8807774675,4560704854,13368479529
10,50000000,8620553528,4567176169,13187729697
10,50000000,9125338463,4565899318,13691237781
10,50000000,8853095449,4581638072,13434733521
10,50000000,8499385920,4585397319,13084783239
10,50000000,8964065823,4559736083,13523801906
10,50000000,7943417083,4588628324,12532045407
10,50000000,8249631728,4590117061,12839748789
10,50000000,9299628062,4567085184,13866713246
10,50000000,9026949846,4587006058,13613955904
10,50000000,8444440400,4564515784,13008956184
10,50000000,8543483376,4588093059,13131576435
10,50000000,8897127995,4583076985,13480204980
10,60000000,10889490607,5488145868,16377636475
10,60000000,10657741004,5481141111,16138882115
10,60000000,10164350131,5484872725,15649222856
10,60000000,10739602880,5481408472,16221011352
10,60000000,11000239526,5488208201,16488447727
10,60000000,10659126928,5484726925,16143853853
10,60000000,10247257508,5472039487,15719296995
10,60000000,10096426150,5472603884,15569030034
10,60000000,10345717791,5511766958,15857484749
10,60000000,10944361852,5483686900,16428048752
10,60000000,10908085043,5485467297,16393552340
10,60000000,11064844950,5486978233,16551823183
10,60000000,10773610902,5483926308,16257537210
10,60000000,10328928088,5486254713,15815182801
10,60000000,10660331043,5483008778,16143339821
10,60000000,10563709144,5482667718,16046376862
10,60000000,10612502806,5487210480,16099713286
10,60000000,10959474771,5472783737,16432258508
10,60000000,11062177855,5485701314,16547879169
10,60000000,10511138606,5477322703,15988461309
10,60000000,10832038832,5485764935,16317803767
10,60000000,11135278636,5486815447,16622094083
10,60000000,10642991131,5473211422,16116202553
10,60000000,11106758509,5473683145,16580441654
10,60000000,10053982722,5474271694,15528254416
10,60000000,10782341666,5472323721,16254665387
10,60000000,10939199777,5472285888,16411485665
10,60000000,10591180111,5485709696,16076889807
10,60000000,10399610117,5478652471,15878262588
10,60000000,10100216346,5486706936,15586923282
10,60000000,10718421931,5473644992,16192066923
10,60000000,11201357238,5483834178,16685191416
10,60000000,10971867650,5485306477,16457174127
10,60000000,10619870785,5473085601,16092956386
10,60000000,10973209411,5479808027,16453017438
10,60000000,10987748873,5490009894,16477758767
10,60000000,10783677914,5485284415,16268962329
10,60000000,10814626380,5487787670,16302414050
10,60000000,10793482817,5472810222,16266293039
10,60000000,10609356635,5482425244,16091781879
10,60000000,10460411425,5472853723,15933265148
10,60000000,10726861932,5486082171,16212944103
10,60000000,10168460002,5478785391,15647245393
10,60000000,10726148326,5480849595,16206997921
10,60000000,10725478623,5473430826,16198909449
10,60000000,10345781567,5482616594,15828398161
10,60000000,10628600269,5484571127,16113171396
10,60000000,11268826297,5485124611,16753950908
10,60000000,11332789763,5486989497,16819779260
10,60000000,10634108776,5472189579,16106298355
10,60000000,10748775186,5473594104,16222369290
10,60000000,10823652782,5488704364,16312357146
10,60000000,11545068615,5486299178,17031367793
10,60000000,10360401597,5488267900,15848669497
10,60000000,10281306615,5483295400,15764602015
10,60000000,11018946971,5484279558,16503226529
10,60000000,10700078215,5482430822,16182509037
10,60000000,10673575071,5485774635,16159349706
10,60000000,10708681919,5482822724,16191504643
10,60000000,10690014086,5475844215,16165858301
10,60000000,10617525685,5483047845,16100573530
10,60000000,10998157415,5480835669,16478993084
10,60000000,10410274831,5485203230,15895478061
10,60000000,10365541934,5488682813,15854224747
10,60000000,10641112113,5496445011,16137557124
10,60000000,11369628520,5471480964,16841109484
10,60000000,10666038026,5483932705,16149970731
10,60000000,10882350176,5483470483,16365820659
10,60000000,10350636635,5472065577,15822702212
10,60000000,10658268251,5492555927,16150824178
10,60000000,10489688523,5473521096,15963209619
10,60000000,10494977045,5481253862,15976230907
10,60000000,10765956925,5472723851,16238680776
10,60000000,10848937383,5479605562,16328542945
10,60000000,10046265125,5477036983,15523302108
10,60000000,10903486530,5516167678,16419654208
10,60000000,10942995241,5471684803,16414680044
10,60000000,10769968254,5473123181,16243091435
10,60000000,10749335903,5486754299,16236090202
10,60000000,10997721454,5482134687,16479856141
10,60000000,10400650858,5472860065,15873510923
10,60000000,10860759994,5483790198,16344550192
10,60000000,10195572104,5481301493,15676873597
10,60000000,10699398354,5475822901,16175221255
10,60000000,10508503599,5474463347,15982966946
10,60000000,10201227190,5471344251,15672571441
10,60000000,10434558189,5474826897,15909385086
10,60000000,10324969393,5474963426,15799932819
10,60000000,10448424156,5483124268,15931548424
10,60000000,10894863182,5473012327,16367875509
10,60000000,11399969512,5478858101,16878827613
10,60000000,10787637593,5474235358,16261872951
10,60000000,10899729102,5485760098,16385489200
10,60000000,10832462510,5479230548,16311693058
10,60000000,10711769006,5476058094,16187827100
10,60000000,10871323014,5487157829,16358480843
10,60000000,10733629659,5480757306,16214386965
10,60000000,10292550524,5473073546,15765624070
10,60000000,10991006868,5485600261,16476607129
10,60000000,11127700981,5488831351,16616532332
10,60000000,10970442384,5486782756,16457225140
10,60000000,10501262620,5473179427,15974442047
10,60000000,11357225533,5474369033,16831594566
10,60000000,10296452073,5487236566,15783688639
10,60000000,10466581956,5484087135,15950669091
10,60000000,10444036113,5485824585,15929860698
10,60000000,10535319585,5481284449,16016604034
10,60000000,11521792970,5473304617,16995097587
10,60000000,10766336723,5473354489,16239691212
10,60000000,10795380012,5472195117,16267575129
10,60000000,10784981761,5500622641,16285604402
10,60000000,11762095063,5485157519,17247252582
10,60000000,10419704078,5473637604,15893341682
10,60000000,10919777197,5471133296,16390910493
10,60000000,11045264655,5479214258,16524478913
10,70000000,12386169827,6390706573,18776876400
10,70000000,12245337677,6459491200,18704828877
10,70000000,12482934714,6386326842,18869261556
10,70000000,12031775844,6462284080,18494059924
10,70000000,12573237915,6385187078,18958424993
10,70000000,12352307753,6455995611,18808303364
10,70000000,12162147376,6458382941,18620530317
10,70000000,12574095492,6462245004,19036340496
10,70000000,12150281416,6387646288,18537927704
10,70000000,12299236564,6385027548,18684264112
10,70000000,12674114664,6450530550,19124645214
10,70000000,11793206748,6423392762,18216599510
10,70000000,12265019764,6461689328,18726709092
10,70000000,11655412065,6454329896,18109741961
10,70000000,11781608279,6392487730,18174096009
10,70000000,11766120913,6385939723,18152060636
10,70000000,12378720308,6444377177,18823097485
10,70000000,11835862290,6387519123,18223381413
10,70000000,12924779693,6388334486,19313114179
10,70000000,12122604561,6441947337,18564551898
10,70000000,12951436885,6463723923,19415160808
10,70000000,12898777221,6386976100,19285753321
10,70000000,11849094336,6451849554,18300943890
10,70000000,12608497559,6445176824,19053674383
10,70000000,13261658974,6387029157,19648688131
10,70000000,12381619693,6468539761,18850159454
10,70000000,11474975579,6386225909,17861201488
10,70000000,12524502472,6456577621,18981080093
10,70000000,12390102331,6390701893,18780804224
10,70000000,12217174033,6386646809,18603820842
10,70000000,12649216335,6389021565,19038237900
10,70000000,12401403394,6385081552,18786484946
10,70000000,12885623641,6454582426,19340206067
10,70000000,12182883733,6386814096,18569697829
10,70000000,12022261926,6458050659,18480312585
10,70000000,12830955172,6457300272,19288255444
10,70000000,12059458095,6389546474,18449004569
10,70000000,11941133106,6444032309,18385165415
10,70000000,11914573482,6456910099,18371483581
10,70000000,12598958054,6387123421,18986081475
10,70000000,11997841137,6385782827,18383623964
10,70000000,12389954699,6385115223,18775069922
10,70000000,12221822855,6389235357,18611058212
10,70000000,11920869201,6387257620,18308126821
10,70000000,12914935540,6387029030,19301964570
10,70000000,12317282942,6443421840,18760704782
10,70000000,11836046656,6384499231,18220545887
10,70000000,12612701848,6385896076,18998597924
10,70000000,12787000423,6386398636,19173399059
10,70000000,12073801601,6454521581,18528323182
10,70000000,13044117780,6385218083,19429335863
10,70000000,13208942450,6386264265,19595206715
10,70000000,12528543603,6385319637,18913863240
10,70000000,13354915000,6384817246,19739732246
10,70000000,11608080028,6455271577,18063351605
10,70000000,11816663424,6457638636,18274302060
10,70000000,12457870965,6385203968,18843074933
10,70000000,11863664653,6386711555,18250376208
10,70000000,12375425387,6388965145,18764390532
10,70000000,11704532755,6387950511,18092483266
10,70000000,12363453731,6388278306,18751732037
10,70000000,11552683260,6387519316,17940202576
10,70000000,12738491902,6455052457,19193544359
10,70000000,11997786250,6385131806,18382918056
10,70000000,13095325325,6455275598,19550600923
10,70000000,11969262939,6388844345,18358107284
10,70000000,11926477740,6385167070,18311644810
10,70000000,12187694592,6385974315,18573668907
10,70000000,12719013460,6440728124,19159741584
10,70000000,11911472263,6389362298,18300834561
10,70000000,12453295368,6387113898,18840409266
10,70000000,12551610004,6450682909,19002292913
10,70000000,12541137922,6387318569,18928456491
10,70000000,12875448547,6388965107,19264413654
10,70000000,12758615767,6463765321,19222381088
10,70000000,12346610943,6384982413,18731593356
10,70000000,12799906720,6386551696,19186458416
10,70000000,12534626088,6462145908,18996771996
10,70000000,12735822107,6488385865,19224207972
10,70000000,12525603698,6387879790,18913483488
10,70000000,12014562944,6386150052,18400712996
10,70000000,12033264468,6457954890,18491219358
10,70000000,12447261418,6386135656,18833397074
10,70000000,12446419026,6387621690,18834040716
10,70000000,11804041903,6386700158,18190742061
10,70000000,12012412988,6385439538,18397852526
10,70000000,12517298688,6384957847,18902256535
10,70000000,12169539770,6388040652,18557580422
10,70000000,12799075510,6459647481,19258722991
10,70000000,12016900839,6387670702,18404571541
10,70000000,11663357398,6457647759,18121005157
10,70000000,13665745535,6384271390,20050016925
10,70000000,12965275591,6385787245,19351062836
10,70000000,12185443539,6387492179,18572935718
10,70000000,12987395594,6387395549,19374791143
10,70000000,12003042513,6387915402,18390957915
10,70000000,13079730975,6386516160,19466247135
10,70000000,12402067790,6458894485,18860962275
10,70000000,12327594899,6388043925,18715638824
10,70000000,11462226287,6442301534,17904527821
10,70000000,12286424040,6386883876,18673307916
10,70000000,12380778654,6477415323,18858193977
10,70000000,12325990164,6470612019,18796602183
10,70000000,12142599873,6454142992,18596742865
10,70000000,12085860522,6384837872,18470698394
10,70000000,13637837021,6386510336,20024347357
10,70000000,12960989385,6391930861,19352920246
10,70000000,11872728055,6384937863,18257665918
10,70000000,13342172598,6383832523,19726005121
10,70000000,12225599691,6388804514,18614404205
10,70000000,12792373747,6450921001,19243294748
10,70000000,12096886571,6388279435,18485166006
10,70000000,12132620102,6444899040,18577519142
10,70000000,11392133944,6452977059,17845111003
10,70000000,11662752798,6455369559,18118122357
10,80000000,14687650427,7301633069,21989283496
10,80000000,13988286883,7301370329,21289657212
10,80000000,14880270377,7299274866,22179545243
10,80000000,13365527737,7348377009,20713904746
10,80000000,13420942001,7349077697,20770019698
10,80000000,14460402510,7295561933,21755964443
10,80000000,13828861654,7297104551,21125966205
10,80000000,13947452188,7299198044,21246650232
10,80000000,13123161053,7297311930,20420472983
10,80000000,13118254018,7301383727,20419637745
10,80000000,14085193370,7298649811,21383843181
10,80000000,13988911853,7298681368,21287593221
10,80000000,13668350777,7312757093,20981107870
10,80000000,13837518035,7301843389,21139361424
10,80000000,14209151716,7303226461,21512378177
10,80000000,13260868280,7301059929,20561928209
10,80000000,13906734604,7327402972,21234137576
10,80000000,14472572209,7307420062,21779992271
10,80000000,13529963167,7339514886,20869478053
10,80000000,13603870790,7300771206,20904641996
10,80000000,15455869246,7301771627,22757640873
10,80000000,13584243152,7296905803,20881148955
10,80000000,14093471447,7298133518,21391604965
10,80000000,13855634533,7321022099,21176656632
10,80000000,14449772104,7328536189,21778308293
10,80000000,13566555093,7300801856,20867356949
10,80000000,14911487810,7295941545,22207429355
10,80000000,15355489321,7296868004,22652357325
10,80000000,14503671002,7309626785,21813297787
10,80000000,13948009626,7298361524,21246371150
10,80000000,13909463364,7298070598,21207533962
10,80000000,14508058017,7297308285,21805366302
10,80000000,14002118027,7299056839,21301174866
10,80000000,13158047193,7300948895,20458996088
10,80000000,13574902842,7296450099,20871352941
10,80000000,13743157091,7357961923,21101119014
10,80000000,13756215429,7296918911,21053134340
10,80000000,14188318111,7322242264,21510560375
10,80000000,13400647771,7297262250,20697910021
10,80000000,13868645964,7299591175,21168237139
10,80000000,14877343264,7327360809,22204704073
10,80000000,13683633795,7298020927,20981654722
10,80000000,15401565819,7298314189,22699880008
10,80000000,14391406925,7302158972,21693565897
10,80000000,13660220679,7297531741,20957752420
10,80000000,14580348242,7301806129,21882154371
10,80000000,14485776811,7307751650,21793528461
10,80000000,14482339401,7299751898,21782091299
10,80000000,14538749379,7300752571,21839501950
10,80000000,14000977963,7305940002,21306917965
10,80000000,15400895458,7313859740,22714755198
10,80000000,14198781519,7337149271,21535930790
10,80000000,14266839769,7298265439,21565105208
10,80000000,14646537572,7299266654,21945804226
10,80000000,13767142545,7301183887,21068326432
10,80000000,13560179625,7298458606,20858638231
10,80000000,13846765207,7300960539,21147725746
10,80000000,12931869746,7297267915,20229137661
10,80000000,15392965250,7299605465,22692570715
10,80000000,13835534248,7297178028,21132712276
10,80000000,13830159451,7338740361,21168899812
10,80000000,12933827807,7299377011,20233204818
10,80000000,13987579088,7316764409,21304343497
10,80000000,14773253842,7297225931,22070479773
10,80000000,14432085574,7299823824,21731909398
10,80000000,14008598894,7297762781,21306361675
10,80000000,15325242238,7317515619,22642757857
10,80000000,13742314582,7299266379,21041580961
10,80000000,13420937410,7383388098,20804325508
10,80000000,13675460002,7296552370,20972012372
10,80000000,13432680506,7301834383,20734514889
10,80000000,14728867223,7299409000,22028276223
10,80000000,14554658646,7299982145,21854640791
10,80000000,13867310573,7309278797,21176589370
10,80000000,14930990632,7299941471,22230932103
10,80000000,13327592686,7310652100,20638244786
10,80000000,14583930245,7299719738,21883649983
10,80000000,15202857423,7315471962,22518329385
10,80000000,13633266447,7302073627,20935340074
10,80000000,13754615818,7308288305,21062904123
10,80000000,14414005415,7297222860,21711228275
10,80000000,13697765489,7299360257,20997125746
10,80000000,15022299771,7320112912,22342412683
10,80000000,14176483348,7300883009,21477366357
10,80000000,14136513639,7302616126,21439129765
10,80000000,15067509349,7299855707,22367365056
10,80000000,13616581759,7322276106,20938857865
10,80000000,13670374721,7316068105,20986442826
10,80000000,13955051432,7310335308,21265386740
10,80000000,13698833295,7297163393,20995996688
10,80000000,14550236510,7298073143,21848309653
10,80000000,13585662520,7316684684,20902347204
10,80000000,12778946760,7317173695,20096120455
10,80000000,13710232636,7297818647,21008051283
10,80000000,15212445828,7300108536,22512554364
10,80000000,13630676590,7298530573,20929207163
10,80000000,14040681612,7316144294,21356825906
10,80000000,15527845554,7298205524,22826051078
10,80000000,13984759373,7322481407,21307240780
10,80000000,14117519650,7301701126,21419220776
10,80000000,14740998138,7297840995,22038839133
10,80000000,13593662255,7328245966,20921908221
10,80000000,13436917248,7326601965,20763519213
10,80000000,13806112956,7298270311,21104383267
10,80000000,13985991175,7296102377,21282093552
10,80000000,12662143060,7298689253,19960832313
10,80000000,14196280720,7298026155,21494306875
10,80000000,13974773126,7300338750,21275111876
10,80000000,13281579838,7297758105,20579337943
10,80000000,14637471725,7299606301,21937078026
10,80000000,14196902504,7296841695,21493744199
10,80000000,12936589960,7334527019,20271116979
10,80000000,13927008081,7298096268,21225104349
10,80000000,13917951801,7301337542,21219289343
10,80000000,14234041049,7299544907,21533585956
10,90000000,14963674309,8265973069,23229647378
10,90000000,15735415369,8209370518,23944785887
10,90000000,15188027790,8213723400,23401751190
10,90000000,17183795009,8266422248,25450217257
10,90000000,16405190342,8271437346,24676627688
10,90000000,16026495789,8263074483,24289570272
10,90000000,16357826222,8263349896,24621176118
10,90000000,15733425448,8266308964,23999734412
10,90000000,16981539000,8254889022,25236428022
10,90000000,15296609551,8254238161,23550847712
10,90000000,16443446656,8209091860,24652538516
10,90000000,15695582671,8271838911,23967421582
10,90000000,14890621001,8265309408,23155930409
10,90000000,15777105407,8254076585,24031181992
10,90000000,14249302506,8268899352,22518201858
10,90000000,17197857976,8211797451,25409655427
10,90000000,15266164747,8269138909,23535303656
10,90000000,17058207841,8280005928,25338213769
10,90000000,15525098792,8257767383,23782866175
10,90000000,15787289110,8213375896,24000665006
10,90000000,15305019013,8266362745,23571381758
10,90000000,16783222845,8264283094,25047505939
10,90000000,15849990360,8262800736,24112791096
10,90000000,14886482281,8263261701,23149743982
10,90000000,15078255642,8264159809,23342415451
10,90000000,17483973053,8272094767,25756067820
10,90000000,15346929101,8265041964,23611971065
10,90000000,15348349366,8259922850,23608272216
10,90000000,15505175116,8243450069,23748625185
10,90000000,15250836964,8252875527,23503712491
10,90000000,15294017507,8263903457,23557920964
10,90000000,15327972841,8213734215,23541707056
10,90000000,15549853402,8211868437,23761721839
10,90000000,16723425912,8282056099,25005482011
10,90000000,17369448384,8209690248,25579138632
10,90000000,16977715157,8262015417,25239730574
10,90000000,15039200775,8270856594,23310057369
10,90000000,15846616900,8262614744,24109231644
10,90000000,15697423785,8211057139,23908480924
10,90000000,15665402974,8212084434,23877487408
10,90000000,14124739839,8268402132,22393141971
10,90000000,16010035575,8264627423,24274662998
10,90000000,16101395884,8257612671,24359008555
10,90000000,14179881428,8247148609,22427030037
10,90000000,16009131213,8209200197,24218331410
10,90000000,15391967588,8267088853,23659056441
10,90000000,15078064168,8271074354,23349138522
10,90000000,16070453274,8264262822,24334716096
10,90000000,15920694128,8215917717,24136611845
10,90000000,15920988168,8260866206,24181854374
10,90000000,14531802780,8209632350,22741435130
10,90000000,15036555478,8249056230,23285611708
10,90000000,14863837773,8260443246,23124281019
10,90000000,15327424588,8270581836,23598006424
10,90000000,16133005201,8266696394,24399701595
10,90000000,14734443903,8212754765,22947198668
10,90000000,15598075209,8255681646,23853756855
10,90000000,15423471575,8265663666,23689135241
10,90000000,15526451453,8214285230,23740736683
10,90000000,15620179262,8256915797,23877095059
10,90000000,14737672595,8281792083,23019464678
10,90000000,14487812224,8212324606,22700136830
10,90000000,16050380102,8209934191,24260314293
10,90000000,17733946278,8263175721,25997121999
10,90000000,15759857106,8211718153,23971575259
10,90000000,15762456807,8268577765,24031034572
10,90000000,16135484472,8262551990,24398036462
10,90000000,16917562425,8262732032,25180294457
10,90000000,15913950559,8262346568,24176297127
10,90000000,15764962053,8265370981,24030333034
10,90000000,15149514603,8213491456,23363006059
10,90000000,15828374736,8210215422,24038590158
10,90000000,15400339243,8209639029,23609978272
10,90000000,15544016752,8262071788,23806088540
10,90000000,16971529332,8261883025,25233412357
10,90000000,16377897682,8238066302,24615963984
10,90000000,15105544054,8261901659,23367445713
10,90000000,16035981305,8269984393,24305965698
10,90000000,14925204677,8213671128,23138875805
10,90000000,15106665745,8253732860,23360398605
10,90000000,16920931889,8269117203,25190049092
10,90000000,15513844964,8208752746,23722597710
10,90000000,14838803004,8263524263,23102327267
10,90000000,15302688348,8263000928,23565689276
10,90000000,16171673944,8262957003,24434630947
10,90000000,16059452264,8269191639,24328643903
10,90000000,17244695750,8255133857,25499829607
10,90000000,16278386164,8213479484,24491865648
10,90000000,15975024182,8269077180,24244101362
10,90000000,14947965892,8212447141,23160413033
10,90000000,15647663322,8215119997,23862783319
10,90000000,15159728509,8260209193,23419937702
10,90000000,15064919241,8212908466,23277827707
10,90000000,15439571465,8254491406,23694062871
10,90000000,15568542650,8209123089,23777665739
10,90000000,16570547461,8266961317,24837508778
10,90000000,14992383180,8258952377,23251335557
10,90000000,15590123391,8242346699,23832470090
10,90000000,15949317446,8251848008,24201165454
10,90000000,16049976749,8265988738,24315965487
10,90000000,16775627399,8264745547,25040372946
10,90000000,16784046280,8255543368,25039589648
10,90000000,15276483788,8263592383,23540076171
10,90000000,15393037014,8211565598,23604602612
10,90000000,15212464693,8254277090,23466741783
10,90000000,15652473518,8270587240,23923060758
10,90000000,14563736565,8220565611,22784302176
10,90000000,15609897190,8212269006,23822166196
10,90000000,16037859078,8213655975,24251515053
10,90000000,15924797159,8213265281,24138062440
10,90000000,16114562229,8264405042,24378967271
10,90000000,16206909972,8214197762,24421107734
10,90000000,15952466945,8211187732,24163654677
10,90000000,15771971357,8262682938,24034654295
10,90000000,16953827809,8296319388,25250147197
10,100000000,18388001048,9128697654,27516698702
10,100000000,17147805099,9124943486,26272748585
10,100000000,16729198354,9206237251,25935435605
10,100000000,17832340248,9165934386,26998274634
10,100000000,17866390143,9127166531,26993556674
10,100000000,17078512016,9124448232,26202960248
10,100000000,17353514248,9161443724,26514957972
10,100000000,16433206010,9128801413,25562007423
10,100000000,18514746563,9170487032,27685233595
10,100000000,17060620637,9177577003,26238197640
10,100000000,18004507551,9160123719,27164631270
10,100000000,17511725714,9123700235,26635425949
10,100000000,17937284443,9123851693,27061136136
10,100000000,16712241977,9128974676,25841216653
10,100000000,16520939998,10061429033,26582369031
10,100000000,16954675576,9152698652,26107374228
10,100000000,17371108654,9193636572,26564745226
10,100000000,17499738244,9158894185,26658632429
10,100000000,17688119384,9194611909,26882731293
10,100000000,16723566365,9166982270,25890548635
10,100000000,16605982631,9164808830,25770791461
10,100000000,18068266845,9163159571,27231426416
10,100000000,17108301155,9126019036,26234320191
10,100000000,17348687957,9127459980,26476147937
10,100000000,18712098849,9168154838,27880253687
10,100000000,15899796180,9128585885,25028382065
10,100000000,17515675897,9125118336,26640794233
10,100000000,16745453368,9160393818,25905847186
10,100000000,17538943787,9152660088,26691603875
10,100000000,18368920090,9158318411,27527238501
10,100000000,18305020162,9126441759,27431461921
10,100000000,17700332933,9123103563,26823436496
10,100000000,17257230818,9159311952,26416542770
10,100000000,16808620699,9151821015,25960441714
10,100000000,16456166382,9135572198,25591738580
10,100000000,17332168464,9128553755,26460722219
10,100000000,18193176303,9125657702,27318834005
10,100000000,17658734648,9146864111,26805598759
10,100000000,17533545962,9190497814,26724043776
10,100000000,16907655234,9179180482,26086835716
10,100000000,18875518866,9127968686,28003487552
10,100000000,17911641328,9179586677,27091228005
10,100000000,17840237763,9166761258,27006999021
10,100000000,17816448576,9168521860,26984970436
10,100000000,17282019598,9126645804,26408665402
10,100000000,17103863304,9207543937,26311407241
10,100000000,18346437423,12709547277,31055984700
10,100000000,17594473928,9163736296,26758210224
10,100000000,18318922140,9170820330,27489742470
10,100000000,17910197391,9149966147,27060163538
10,100000000,18053004068,9131480493,27184484561
10,100000000,18922300994,9127142308,28049443302
10,100000000,16802277221,9130926851,25933204072
10,100000000,18489494872,9166228059,27655722931
10,100000000,16948862459,9430238400,26379100859
10,100000000,18135101364,9201570906,27336672270
10,100000000,17862961612,9156198969,27019160581
10,100000000,18476452792,9157833560,27634286352
10,100000000,18504448427,9122039121,27626487548
10,100000000,17439113422,9124173188,26563286610
10,100000000,16987603240,9127619691,26115222931
10,100000000,18297617216,9127210081,27424827297
10,100000000,19575817316,9131269837,28707087153
10,100000000,19202467776,9130142523,28332610299
10,100000000,17710924399,9170878566,26881802965
10,100000000,16735201233,9166966835,25902168068
10,100000000,16203325569,9125609265,25328934834
10,100000000,18845017438,9126802850,27971820288
10,100000000,16719670549,9126033923,25845704472
10,100000000,17105504108,9172737344,26278241452
10,100000000,17471381003,9159019828,26630400831
10,100000000,16938328071,9127357115,26065685186
10,100000000,17932021940,9191319097,27123341037
10,100000000,17914025924,9129085781,27043111705
10,100000000,16773804799,9135745279,25909550078
10,100000000,17826059616,9126774078,26952833694
10,100000000,16981588710,9123227059,26104815769
10,100000000,17458060366,9127696424,26585756790
10,100000000,17053665873,9128987293,26182653166
10,100000000,17476939782,9168841963,26645781745
10,100000000,16581738280,9242416108,25824154388
10,100000000,18626520927,9163442353,27789963280
10,100000000,17183682454,9145962400,26329644854
10,100000000,19203073093,9124529048,28327602141
10,100000000,16423681534,9124679785,25548361319
10,100000000,16973341225,9167121609,26140462834
10,100000000,17191855951,9123095271,26314951222
10,100000000,17526201683,9172835141,26699036824
10,100000000,17016487191,9188304972,26204792163
10,100000000,18085485453,9176243344,27261728797
10,100000000,17785998940,9174324498,26960323438
10,100000000,18048812361,9164337478,27213149839
10,100000000,17507599246,9150478423,26658077669
10,100000000,17297159491,9180506255,26477665746
10,100000000,19059582902,9163764439,28223347341
10,100000000,17554934606,9181174034,26736108640
10,100000000,17164095537,9128249385,26292344922
10,100000000,16891105388,9124688174,26015793562
10,100000000,18265588325,9388445588,27654033913
10,100000000,17075760532,9121818483,26197579015
10,100000000,16782334161,9177613300,25959947461
10,100000000,17522508447,9129043425,26651551872
10,100000000,17839030785,9203240119,27042270904
10,100000000,17161377049,9206431511,26367808560
10,100000000,18453236836,9122552662,27575789498
10,100000000,17090751087,9128156893,26218907980
10,100000000,17855464974,9158697603,27014162577
10,100000000,17112483495,9211304363,26323787858
10,100000000,18942197060,9170117105,28112314165
10,100000000,17456923596,9168106911,26625030507
10,100000000,16402051193,9130327618,25532378811
10,100000000,19575348064,9165486006,28740834070
10,100000000,17693333029,9128240680,26821573709
10,100000000,17836459131,9170923780,27007382911
10,100000000,18372911336,9128066140,27500977476
12,1000,4160879,175823,4336702
12,1000,4150158,190576,4340734
12,1000,4021613,137636,4159249
12,1000,4446618,193735,4640353
12,1000,4517539,185702,4703241
12,1000,4144280,176169,4320449
12,1000,4897379,121018,5018397
12,1000,3812534,150844,3963378
12,1000,3752293,173661,3925954
12,1000,4311280,169170,4480450
12,1000,4428496,132702,4561198
12,1000,3740026,119131,3859157
12,1000,3613586,169788,3783374
12,1000,4114436,117424,4231860
12,1000,4001790,134859,4136649
12,1000,4002829,119713,4122542
12,1000,4565129,191962,4757091
12,1000,4505023,170664,4675687
12,1000,4075808,120174,4195982
12,1000,4166686,193132,4359818
12,1000,4841828,192460,5034288
12,1000,4065690,185986,4251676
12,1000,3707528,184664,3892192
12,1000,4288081,182450,4470531
12,1000,4213021,163974,4376995
12,1000,4078891,171144,4250035
12,1000,4416989,169236,4586225
12,1000,4279374,186664,4466038
12,1000,4355591,122529,4478120
12,1000,4007613,117367,4124980
12,1000,4630542,193693,4824235
12,1000,4320278,177117,4497395
12,1000,4928987,121149,5050136
12,1000,4331046,165534,4496580
12,1000,3990934,167985,4158919
12,1000,4303072,193930,4497002
12,1000,4480278,170559,4650837
12,1000,4027340,163909,4191249
12,1000,3797829,190418,3988247
12,1000,4041960,190366,4232326
12,1000,4889392,171846,5061238
12,1000,4252261,168960,4421221
12,1000,3943544,188138,4131682
12,1000,4144932,194191,4339123
12,1000,4028963,207639,4236602
12,1000,4348658,140510,4489168
12,1000,3945143,133821,4078964
12,1000,4395860,195176,4591036
12,1000,4554219,115948,4670167
12,1000,3595328,173204,3768532
12,1000,3817852,169200,3987052
12,1000,4416607,164317,4580924
12,1000,4172037,186557,4358594
12,1000,3866153,178430,4044583
12,1000,4424547,203013,4627560
12,1000,3249123,120538,3369661
12,1000,3887954,190403,4078357
12,1000,4128135,141634,4269769
12,1000,3961615,151411,4113026
12,1000,3780148,153682,3933830
12,1000,4234519,138918,4373437
12,1000,3677706,165950,3843656
12,1000,4028801,170427,4199228
12,1000,3627527,163462,3790989
12,1000,3520244,168852,3689096
12,1000,4203638,119004,4322642
12,1000,3852805,116059,3968864
12,1000,3817355,185743,4003098
12,1000,4121946,171101,4293047
12,1000,3584231,119998,3704229
12,1000,3648766,131661,3780427
12,1000,3682921,115539,3798460
12,1000,4018941,185402,4204343
12,1000,3968832,171564,4140396
12,1000,4418169,215391,4633560
12,1000,4422087,178676,4600763
12,1000,4153415,165942,4319357
12,1000,3755848,165943,3921791
12,1000,4298718,163227,4461945
12,1000,4057992,161994,4219986
12,1000,3772383,124923,3897306
12,1000,3942521,167668,4110189
12,1000,4449606,148663,4598269
12,1000,4193676,116341,4310017
12,1000,4499778,132552,4632330
12,1000,4106775,166401,4273176
12,1000,3889638,143794,4033432
12,1000,4134730,167744,4302474
12,1000,4369865,116424,4486289
12,1000,4046262,163728,4209990
12,1000,4082546,196024,4278570
12,1000,3864833,174399,4039232
12,1000,5014548,173132,5187680
12,1000,3887085,169293,4056378
12,1000,4734836,197722,4932558
12,1000,4373667,137666,4511333
12,1000,3978053,191126,4169179
12,1000,4103425,166095,4269520
12,1000,4142235,181772,4324007
12,1000,4840860,175695,5016555
12,1000,4558529,120630,4679159
12,1000,4191161,125604,4316765
12,1000,4360519,122595,4483114
12,1000,3815589,180299,3995888
12,1000,4305276,169485,4474761
12,1000,4588063,171599,4759662
12,1000,4163601,177597,4341198
12,1000,3689227,185225,3874452
12,1000,3673050,173903,3846953
12,1000,4623040,180353,4803393
12,1000,3390090,145834,3535924
12,1000,4506596,202552,4709148
12,1000,4108281,165510,4273791
12,1000,4252525,171297,4423822
12,1000,4786086,215829,5001915
12,2000,4684800,258699,4943499
12,2000,4335078,321793,4656871
12,2000,4242875,247218,4490093
12,2000,4772667,318289,5090956
12,2000,4820503,312414,5132917
12,2000,4120587,328396,4448983
12,2000,4223700,327069,4550769
12,2000,4158326,370545,4528871
12,2000,4575563,341637,4917200
12,2000,4373720,259616,4633336
12,2000,4137600,288712,4426312
12,2000,4545677,276160,4821837
12,2000,4789513,285697,5075210
12,2000,3839752,220214,4059966
12,2000,4081238,324147,4405385
12,2000,4460953,346205,4807158
12,2000,4579486,344598,4924084
12,2000,4685758,224033,4909791
12,2000,4326706,223121,4549827
12,2000,4402226,226067,4628293
12,2000,4085321,322279,4407600
12,2000,3621756,223714,3845470
12,2000,4108078,319165,4427243
12,2000,4873618,312499,5186117
12,2000,4146126,319327,4465453
12,2000,3957515,340754,4298269
12,2000,4013694,221207,4234901
12,2000,4171273,265796,4437069
12,2000,4340582,312041,4652623
12,2000,4747926,325006,5072932
12,2000,4397191,239662,4636853
12,2000,4659040,291153,4950193
12,2000,4435528,274154,4709682
12,2000,4146204,285382,4431586
12,2000,4125862,326307,4452169
12,2000,4011844,236693,4248537
12,2000,4464691,322223,4786914
12,2000,5451674,222995,5674669
12,2000,4776405,241401,5017806
12,2000,4181778,290743,4472521
12,2000,4547099,255549,4802648
12,2000,4395259,223085,4618344
12,2000,4369239,309791,4679030
12,2000,4584542,354731,4939273
12,2000,4521845,230423,4752268
12,2000,4125060,317587,4442647
12,2000,4396737,224219,4620956
12,2000,4898468,303116,5201584
12,2000,4021077,339747,4360824
12,2000,4230327,351455,4581782
12,2000,4598502,234718,4833220
12,2000,5400268,321352,5721620
12,2000,5078135,342470,5420605
12,2000,3986026,317125,4303151
12,2000,4169638,237724,4407362
12,2000,4776422,292224,5068646
12,2000,3762886,319855,4082741
12,2000,4245214,319477,4564691
12,2000,3832614,352946,4185560
12,2000,4772906,219845,4992751
12,2000,4160146,318499,4478645
12,2000,4315768,314630,4630398
12,2000,3861758,222134,4083892
12,2000,4989965,310369,5300334
12,2000,4229352,223493,4452845
12,2000,4094470,311975,4406445
12,2000,4249285,273193,4522478
12,2000,3960721,276946,4237667
12,2000,4715630,333186,5048816
12,2000,4436475,321801,4758276
12,2000,4883797,341129,5224926
12,2000,4046214,223364,4269578
12,2000,4134976,223918,4358894
12,2000,4140742,331275,4472017
12,2000,4700478,257493,4957971
12,2000,3847032,346650,4193682
12,2000,3955612,272753,4228365
12,2000,3786977,255203,4042180
12,2000,4020378,317683,4338061
12,2000,5555421,325932,5881353
12,2000,4820741,276374,5097115
12,2000,4343127,312892,4656019
12,2000,4508110,280204,4788314
12,2000,3847631,324790,4172421
12,2000,4083415,248276,4331691
12,2000,4341385,268924,4610309
12,2000,5502517,320209,5822726
12,2000,4341723,313477,4655200
12,2000,4725627,319706,5045333
12,2000,4375736,325027,4700763
12,2000,4126841,319405,4446246
12,2000,4465012,326150,4791162
12,2000,4177179,353231,4530410
12,2000,4528766,237592,4766358
12,2000,4592744,245545,4838289
12,2000,4579649,226784,4806433
12,2000,4579265,263255,4842520
12,2000,4194872,247962,4442834
12,2000,5193796,249171,5442967
12,2000,4394955,247125,4642080
12,2000,4175792,318842,4494634
12,2000,3674112,322213,3996325
12,2000,4137683,280159,4417842
12,2000,5824621,223364,6047985
12,2000,4943048,350774,5293822
12,2000,4537234,329014,4866248
12,2000,4381649,343058,4724707
12,2000,4122947,326737,4449684
12,2000,3790517,308318,4098835
12,2000,4599958,307649,4907607
12,2000,3864116,319504,4183620
12,2000,4559716,328888,4888604
12,2000,5506510,334062,5840572
12,2000,4775894,259583,5035477
12,2000,3915183,219314,4134497
12,3000,4650342,327228,4977570
12,3000,4667671,470813,5138484
12,3000,3928998,333480,4262478
12,3000,4398201,386193,4784394
12,3000,3575649,470634,4046283
12,3000,4273188,359438,4632626
12,3000,4442472,400024,4842496
12,3000,4614021,369871,4983892
12,3000,4182861,388211,4571072
12,3000,3923184,465588,4388772
12,3000,4235162,470157,4705319
12,3000,4585222,497103,5082325
12,3000,4790959,421437,5212396
12,3000,4376605,479494,4856099
12,3000,4224070,470168,4694238
12,3000,3965389,363073,4328462
12,3000,5160176,498444,5658620
12,3000,4723887,483382,5207269
12,3000,5774324,484787,6259111
12,3000,4473169,329836,4803005
12,3000,3751855,498369,4250224
12,3000,5484677,465854,5950531
12,3000,5511265,374763,5886028
12,3000,4199396,501759,4701155
12,3000,4772619,326034,5098653
12,3000,5107753,472541,5580294
12,3000,4794697,358040,5152737
12,3000,4009672,337017,4346689
12,3000,4812639,355801,5168440
12,3000,4585072,465248,5050320
12,3000,4341993,471447,4813440
12,3000,4835548,489484,5325032
12,3000,4687591,497215,5184806
12,3000,4973188,373525,5346713
12,3000,4705864,335457,5041321
12,3000,4083757,488074,4571831
12,3000,4275903,466596,4742499
12,3000,4259579,471278,4730857
12,3000,4581364,460730,5042094
12,3000,4392889,461028,4853917
12,3000,4445072,364745,4809817
12,3000,4801750,476281,5278031
12,3000,4729444,487954,5217398
12,3000,4788187,467837,5256024
12,3000,4670525,353844,5024369
12,3000,4108093,330577,4438670
12,3000,4914557,357395,5271952
12,3000,4019111,397571,4416682
12,3000,4799731,473432,5273163
12,3000,4844959,500386,5345345
12,3000,5165917,344309,5510226
12,3000,4234930,347447,4582377
12,3000,3796828,475736,4272564
12,3000,3996691,436225,4432916
12,3000,4436164,474348,4910512
12,3000,4944240,469266,5413506
12,3000,4279386,481373,4760759
12,3000,4834161,488754,5322915
12,3000,4735707,461850,5197557
12,3000,4976145,464850,5440995
12,3000,4575678,335858,4911536
12,3000,4553702,390692,4944394
12,3000,4509419,361882,4871301
12,3000,5014327,461373,5475700
12,3000,4724482,466938,5191420
12,3000,3824509,326730,4151239
12,3000,4957083,470456,5427539
12,3000,4099973,471695,4571668
12,3000,4450964,355037,4806001
12,3000,4368685,351441,4720126
12,3000,4276012,328989,4605001
12,3000,5588015,496807,6084822
12,3000,4977123,349196,5326319
12,3000,4753945,390705,5144650
12,3000,4193753,333930,4527683
12,3000,4098772,460578,4559350
12,3000,3896890,361166,4258056
12,3000,5491450,479462,5970912
12,3000,4993868,381971,5375839
12,3000,4145307,480725,4626032
12,3000,4552048,345602,4897650
12,3000,5551676,490882,6042558
12,3000,4939022,417003,5356025
12,3000,3768240,463683,4231923
12,3000,3965579,358019,4323598
12,3000,4339166,422361,4761527
12,3000,4487963,328933,4816896
12,3000,3784942,326848,4111790
12,3000,3864241,331032,4195273
12,3000,3923377,516065,4439442
12,3000,4642188,486403,5128591
12,3000,6119094,424632,6543726
12,3000,5638082,486196,6124278
12,3000,4744278,362936,5107214
12,3000,4633044,495711,5128755
12,3000,4570641,464322,5034963
12,3000,4745521,336426,5081947
12,3000,4226313,458473,4684786
12,3000,3845365,466181,4311546
12,3000,4771370,351440,5122810
12,3000,3951577,462242,4413819
12,3000,4845668,474084,5319752
12,3000,3986348,506385,4492733
12,3000,4124105,466257,4590362
12,3000,5247086,398179,5645265
12,3000,3902701,331878,4234579
12,3000,4817039,346772,5163811
12,3000,4847326,481976,5329302
12,3000,4149594,478571,4628165
12,3000,3993068,444188,4437256
12,3000,4045069,475497,4520566
12,3000,4082966,458669,4541635
12,3000,4564932,339615,4904547
12,3000,4256266,330018,4586284
12,3000,4686189,463683,5149872
12,4000,4544545,660407,5204952
12,4000,4383252,631812,5015064
12,4000,5062742,621078,5683820
12,4000,4505121,658051,5163172
12,4000,4171669,629604,4801273
12,4000,4892906,524683,5417589
12,4000,4378994,645355,5024349
12,4000,4375273,433499,4808772
12,4000,4437560,617686,5055246
12,4000,5838579,638474,6477053
12,4000,4662867,636345,5299212
12,4000,4654061,613330,5267391
12,4000,4250914,495162,4746076
12,4000,5061117,627087,5688204
12,4000,4678244,449803,5128047
12,4000,3848896,605129,4454025
12,4000,4980171,623949,5604120
12,4000,4520056,614251,5134307
12,4000,4911935,473817,5385752
12,4000,5096603,621697,5718300
12,4000,4165376,439880,4605256
12,4000,4611627,444973,5056600
12,4000,5006845,623697,5630542
12,4000,4083980,630897,4714877
12,4000,5536293,444676,5980969
12,4000,5187385,455910,5643295
12,4000,4226457,613264,4839721
12,4000,4175377,608998,4784375
12,4000,4528246,517798,5046044
12,4000,4998598,628008,5626606
12,4000,4615858,493739,5109597
12,4000,3887098,633930,4521028
12,4000,4223152,553052,4776204
12,4000,5001665,628129,5629794
12,4000,5749463,455913,6205376
12,4000,4870814,616786,5487600
12,4000,4333390,615770,4949160
12,4000,4230053,477119,4707172
12,4000,5069100,621729,5690829
12,4000,4879902,623809,5503711
12,4000,4928539,497112,5425651
12,4000,5051624,628743,5680367
12,4000,5150232,657802,5808034
12,4000,4820375,440213,5260588
12,4000,5077360,476717,5554077
12,4000,5202128,454389,5656517
12,4000,4520295,612877,5133172
12,4000,5445686,647680,6093366
12,4000,4661307,628269,5289576
12,4000,4627042,522536,5149578
12,4000,4982650,523678,5506328
12,4000,5075262,459966,5535228
12,4000,4541998,618364,5160362
12,4000,4236212,621979,4858191
12,4000,4669604,620226,5289830
12,4000,4975170,514862,5490032
12,4000,4371115,632379,5003494
12,4000,4760835,655213,5416048
12,4000,4328603,628603,4957206
12,4000,4458920,605684,5064604
12,4000,5841619,507380,6348999
12,4000,3949070,624963,4574033
12,4000,5001209,456501,5457710
12,4000,4655825,465873,5121698
12,4000,5271324,457059,5728383
12,4000,4477563,627192,5104755
12,4000,4820508,633997,5454505
12,4000,4792462,656203,5448665
12,4000,4671055,620553,5291608
12,4000,4475523,458577,4934100
12,4000,5263951,463823,5727774
12,4000,5388754,628677,6017431
12,4000,6041510,627696,6669206
12,4000,4200355,628842,4829197
12,4000,4894000,643352,5537352
12,4000,4241289,627315,4868604
12,4000,4942402,433028,5375430
12,4000,4968500,617505,5586005
12,4000,4839382,630200,5469582
12,4000,4840180,442987,5283167
12,4000,4497788,631668,5129456
12,4000,4977811,497307,5475118
12,4000,4362402,447596,4809998
12,4000,4090780,637338,4728118
12,4000,4637605,435336,5072941
12,4000,5076259,626271,5702530
12,4000,4556833,630014,5186847
12,4000,5303407,618229,5921636
12,4000,4932735,457348,5390083
12,4000,4603212,444052,5047264
12,4000,4557798,496036,5053834
12,4000,5557378,631417,6188795
12,4000,4880630,638688,5519318
12,4000,4201098,625955,4827053
12,4000,4486613,641516,5128129
12,4000,4353519,444508,4798027
12,4000,5058584,642146,5700730
12,4000,4760826,493374,5254200
12,4000,4460252,495274,4955526
12,4000,4470145,564680,5034825
12,4000,4690067,617233,5307300
12,4000,4589149,434945,5024094
12,4000,4658361,627369,5285730
12,4000,4326236,631030,4957266
12,4000,4579053,450120,5029173
12,4000,5156827,469455,5626282
12,4000,5067509,468749,5536258
12,4000,5187074,684087,5871161
12,4000,4886866,621115,5507981
12,4000,4815404,629091,5444495
12,4000,4801291,448045,5249336
12,4000,5133013,439538,5572551
12,4000,5392675,507030,5899705
12,4000,5329748,461436,5791184
12,4000,4605180,560579,5165759
12,5000,5000396,547755,5548151
12,5000,5215813,803433,6019246
12,5000,4648824,775073,5423897
12,5000,4664290,810111,5474401
12,5000,4691970,789276,5481246
12,5000,4939552,804152,5743704
12,5000,4911424,597705,5509129
12,5000,5311546,774155,6085701
12,5000,5079077,605408,5684485
12,5000,4952462,571573,5524035
12,5000,4589281,802464,5391745
12,5000,4730499,563345,5293844
12,5000,5148411,814868,5963279
12,5000,5025276,796578,5821854
12,5000,4729743,571303,5301046
12,5000,4985486,783358,5768844
12,5000,4643134,802412,5445546
12,5000,4448685,543099,4991784
12,5000,4464718,788293,5253011
12,5000,4613186,794692,5407878
12,5000,4327247,571561,4898808
12,5000,4942097,598415,5540512
12,5000,4739426,793000,5532426
12,5000,4396822,813611,5210433
12,5000,5196815,786876,5983691
12,5000,5143285,686102,5829387
12,5000,4601479,560729,5162208
12,5000,4575370,615229,5190599
12,5000,6427692,809076,7236768
12,5000,5342746,689897,6032643
12,5000,4404933,798177,5203110
12,5000,4960529,789877,5750406
12,5000,9058254,776845,9835099
12,5000,4594386,773267,5367653
12,5000,5507843,570601,6078444
12,5000,4592425,790138,5382563
12,5000,4394668,814082,5208750
12,5000,4936774,781783,5718557
12,5000,5043088,550031,5593119
12,5000,4487559,569167,5056726
12,5000,4388548,566408,4954956
12,5000,4341785,782458,5124243
12,5000,4866104,556082,5422186
12,5000,5341641,764895,6106536
12,5000,5119059,776044,5895103
12,5000,5523337,802541,6325878
12,5000,4809614,576000,5385614
12,5000,5191829,782295,5974124
12,5000,4276570,618216,4894786
12,5000,3981417,797061,4778478
12,5000,5135628,788301,5923929
12,5000,4656371,558770,5215141
12,5000,4594861,803477,5398338
12,5000,4292154,554469,4846623
12,5000,4619906,562190,5182096
12,5000,4878403,841797,5720200
12,5000,4820441,561323,5381764
12,5000,5792037,915919,6707956
12,5000,5301107,588375,5889482
12,5000,5346564,561673,5908237
12,5000,5587611,559505,6147116
12,5000,4786834,815228,5602062
12,5000,4903179,615344,5518523
12,5000,5336078,572494,5908572
12,5000,5316184,819724,6135908
12,5000,4739006,586138,5325144
12,5000,5022211,576634,5598845
12,5000,5364927,775132,6140059
12,5000,4755842,557378,5313220
12,5000,5697513,792184,6489697
12,5000,4514186,790426,5304612
12,5000,5321608,559720,5881328
12,5000,4717396,781952,5499348
12,5000,4459095,559490,5018585
12,5000,5549025,791653,6340678
12,5000,4606900,568807,5175707
12,5000,5049104,595980,5645084
12,5000,5018707,706128,5724835
12,5000,5497912,560582,6058494
12,5000,5037059,766253,5803312
12,5000,4799954,781976,5581930
12,5000,5195402,791281,5986683
12,5000,5020856,585976,5606832
12,5000,4704483,809576,5514059
12,5000,5337101,615893,5952994
12,5000,4948926,789772,5738698
12,5000,5290291,571406,5861697
12,5000,5077806,565411,5643217
12,5000,4949393,825514,5774907
12,5000,4496523,793435,5289958
12,5000,4927043,601991,5529034
12,5000,4396803,784540,5181343
12,5000,4846371,793975,5640346
12,5000,4769690,630573,5400263
12,5000,4971004,571681,5542685
12,5000,4112325,808709,4921034
12,5000,4782559,596139,5378698
12,5000,4626585,784576,5411161
12,5000,5692208,570601,6262809
12,5000,4536656,790902,5327558
12,5000,4290559,802054,5092613
12,5000,5692325,770027,6462352
12,5000,5665701,818564,6484265
12,5000,5229628,603992,5833620
12,5000,4781070,806229,5587299
12,5000,4222408,785800,5008208
12,5000,4265959,792121,5058080
12,5000,4465806,783493,5249299
12,5000,5084308,778366,5862674
12,5000,4046402,661150,4707552
12,5000,4327045,581385,4908430
12,5000,5669007,548608,6217615
12,5000,4691761,795339,5487100
12,5000,4579838,567280,5147118
12,5000,5031828,780494,5812322
12,6000,4992321,954730,5947051
12,6000,5207250,669392,5876642
12,6000,4829421,817432,5646853
12,6000,5940431,666690,6607121
12,6000,5925768,826213,6751981
12,6000,5079418,920436,5999854
12,6000,4607738,700370,5308108
12,6000,5136197,661213,5797410
12,6000,5366318,937820,6304138
12,6000,4934339,677423,5611762
12,6000,4924816,714218,5639034
12,6000,5168837,710415,5879252
12,6000,5948184,679952,6628136
12,6000,5046893,942273,5989166
12,6000,4181520,668333,4849853
12,6000,5165788,964097,6129885
12,6000,5816180,734866,6551046
12,6000,5245813,670785,5916598
12,6000,5053409,804159,5857568
12,6000,4659630,945533,5605163
12,6000,5570362,661531,6231893
12,6000,4743723,671271,5414994
12,6000,5600178,943843,6544021
12,6000,4929986,941681,5871667
12,6000,4737101,667092,5404193
12,6000,4563797,976979,5540776
12,6000,5392316,959299,6351615
12,6000,4729039,741167,5470206
12,6000,5049104,957283,6006387
12,6000,5139138,944476,6083614
12,6000,4945291,659005,5604296
12,6000,4416089,931146,5347235
12,6000,5824298,673778,6498076
12,6000,4399126,951263,5350389
12,6000,5235698,768450,6004148
12,6000,4404931,953640,5358571
12,6000,4756750,670341,5427091
12,6000,4271684,973573,5245257
12,6000,4596048,942197,5538245
12,6000,5580010,940741,6520751
12,6000,4543351,672003,5215354
12,6000,5068597,937049,6005646
12,6000,4678531,939250,5617781
12,6000,4664333,687740,5352073
12,6000,5478418,942172,6420590
12,6000,5028188,679512,5707700
12,6000,5080535,966301,6046836
12,6000,4784211,671511,5455722
12,6000,4691851,665044,5356895
12,6000,5680375,666885,6347260
12,6000,4714714,721113,5435827
12,6000,5319796,938574,6258370
12,6000,5269975,980543,6250518
12,6000,4938538,952009,5890547
12,6000,5043941,683849,5727790
12,6000,4198409,941956,5140365
12,6000,5330405,669429,5999834
12,6000,4484419,669111,5153530
12,6000,4972196,703636,5675832
12,6000,5310304,980613,6290917
12,6000,5055378,934218,5989596
12,6000,5122407,662944,5785351
12,6000,4959469,948355,5907824
12,6000,4928890,970587,5899477
12,6000,4732156,949549,5681705
12,6000,5222805,815602,6038407
12,6000,5080634,944791,6025425
12,6000,4744233,993929,5738162
12,6000,4782121,729478,5511599
12,6000,4837549,937922,5775471
12,6000,5344260,927392,6271652
12,6000,5200114,960831,6160945
12,6000,4193756,670864,4864620
12,6000,4319082,663382,4982464
12,6000,4891825,930903,5822728
12,6000,5547609,744294,6291903
12,6000,5317343,947512,6264855
12,6000,4737698,937201,5674899
12,6000,5769293,983270,6752563
12,6000,5707119,951778,6658897
12,6000,4700885,687069,5387954
12,6000,5013009,921275,5934284
12,6000,5697259,817288,6514547
12,6000,5479815,934445,6414260
12,6000,4718079,924261,5642340
12,6000,4714171,677351,5391522
12,6000,5665678,941339,6607017
12,6000,4701143,938898,5640041
12,6000,5242988,945463,6188451
12,6000,5656683,940438,6597121
12,6000,4945747,689935,5635682
12,6000,4875170,845388,5720558
12,6000,4914988,664425,5579413
12,6000,5251743,812075,6063818
12,6000,4662264,683768,5346032
12,6000,5061228,710335,5771563
12,6000,5619315,809500,6428815
12,6000,5625201,953089,6578290
12,6000,5221843,970266,6192109
12,6000,4645775,941038,5586813
12,6000,5672052,946891,6618943
12,6000,5776725,664836,6441561
12,6000,5203824,669168,5872992
12,6000,4539405,689914,5229319
12,6000,4549397,663420,5212817
12,6000,4719054,671853,5390907
12,6000,4605163,659770,5264933
12,6000,5370960,680372,6051332
12,6000,5092985,766985,5859970
12,6000,4942435,949936,5892371
12,6000,5757329,924553,6681882
12,6000,5797776,934737,6732513
12,6000,4345358,691849,5037207
12,6000,5455073,704380,6159453
12,6000,4999567,940554,5940121
12,7000,5124850,1076337,6201187
12,7000,5753178,1127197,6880375
12,7000,5372647,1089596,6462243
12,7000,5005071,774331,5779402
12,7000,5460933,1125298,6586231
12,7000,5044472,815531,5860003
12,7000,5191566,1099260,6290826
12,7000,5478549,1082929,6561478
12,7000,5130231,1091054,6221285
12,7000,5262032,800835,6062867
12,7000,4883716,1086144,5969860
12,7000,4389873,771893,5161766
12,7000,5427564,763751,6191315
12,7000,5343851,792349,6136200
12,7000,5561677,1087377,6649054
12,7000,5527832,764401,6292233
12,7000,4926098,1087528,6013626
12,7000,5031832,1084980,6116812
12,7000,4788114,774028,5562142
12,7000,5203868,1079833,6283701
12,7000,5307314,1088313,6395627
12,7000,4841675,1093620,5935295
12,7000,4991029,1109900,6100929
12,7000,5148412,808842,5957254
12,7000,4813875,782792,5596667
12,7000,4898581,777475,5676056
12,7000,5250868,789222,6040090
12,7000,5402676,1075637,6478313
12,7000,4459210,779421,5238631
12,7000,5006982,773417,5780399
12,7000,5616661,1090443,6707104
12,7000,5334023,1099799,6433822
12,7000,4776145,1075294,5851439
12,7000,4714136,772793,5486929
12,7000,5076605,765458,5842063
12,7000,4470072,853343,5323415
12,7000,5097411,1084221,6181632
12,7000,5698263,1093565,6791828
12,7000,4688971,1093160,5782131
12,7000,4872360,763311,5635671
12,7000,4292722,776534,5069256
12,7000,5908696,1092234,7000930
12,7000,5399895,819697,6219592
12,7000,4457260,1075486,5532746
12,7000,5016846,1103690,6120536
12,7000,5530270,1101123,6631393
12,7000,5750626,771339,6521965
12,7000,4721156,832771,5553927
12,7000,5060672,907979,5968651
12,7000,5346068,801441,6147509
12,7000,4955703,779656,5735359
12,7000,5261289,1121278,6382567
12,7000,5480966,1094276,6575242
12,7000,5206440,765306,5971746
12,7000,4752137,888309,5640446
12,7000,5414851,775793,6190644
12,7000,5019953,811034,5830987
12,7000,5213897,789676,6003573
12,7000,4757156,1109105,5866261
12,7000,5467286,793379,6260665
12,7000,4699357,779356,5478713
12,7000,5319463,1088887,6408350
12,7000,4714473,895292,5609765
12,7000,5909626,1116238,7025864
12,7000,4694878,1101069,5795947
12,7000,5213390,1097970,6311360
12,7000,4641810,765047,5406857
12,7000,4805821,1082440,5888261
12,7000,4828883,895844,5724727
12,7000,5172447,761408,5933855
12,7000,5350012,1091166,6441178
12,7000,5360763,1072559,6433322
12,7000,5014949,898058,5913007
12,7000,5282482,1119387,6401869
12,7000,4389827,1104887,5494714
12,7000,5120709,1084236,6204945
12,7000,5199366,758576,5957942
12,7000,4768090,1117096,5885186
12,7000,5059843,793053,5852896
12,7000,5159736,1110624,6270360
12,7000,4625820,771566,5397386
12,7000,4885671,1102583,5988254
12,7000,4993782,1074262,6068044
12,7000,5008548,889752,5898300
12,7000,5640617,834165,6474782
12,7000,4671627,823747,5495374
12,7000,4819922,1086171,5906093
12,7000,5098286,793521,5891807
12,7000,5397161,820961,6218122
12,7000,4925967,940592,5866559
12,7000,5205582,1107971,6313553
12,7000,5029929,778744,5808673
12,7000,5946122,1105495,7051617
12,7000,4495626,1089626,5585252
12,7000,5762190,760403,6522593
12,7000,4889454,765221,5654675
12,7000,4243121,1077965,5321086
12,7000,4709299,1119153,5828452
12,7000,4260279,793337,5053616
12,7000,5243766,760721,6004487
12,7000,4657099,778840,5435939
12,7000,5065316,1088457,6153773
12,7000,6064789,1091332,7156121
12,7000,5060451,1093668,6154119
12,7000,4744595,782674,5527269
12,7000,5569553,1102062,6671615
12,7000,5075982,1087552,6163534
12,7000,4170630,1085136,5255766
12,7000,4660318,775381,5435699
12,7000,4977929,890708,5868637
12,7000,4770696,763061,5533757
12,7000,5050135,785503,5835638
12,7000,4550113,806940,5357053
12,7000,5235176,782668,6017844
12,7000,5250147,1073974,6324121
12,8000,4638569,1339899,5978468
12,8000,5901622,872648,6774270
12,8000,4729866,898130,5627996
12,8000,4892599,1259467,6152066
12,8000,4871501,878199,5749700
12,8000,5577812,898774,6476586
12,8000,5634146,908371,6542517
12,8000,6013627,1236462,7250089
12,8000,5540244,1236070,6776314
12,8000,4629350,1052691,5682041
12,8000,5525056,893295,6418351
12,8000,4820230,1251604,6071834
12,8000,5605652,1231142,6836794
12,8000,4989348,1236772,6226120
12,8000,5488522,902804,6391326
12,8000,4734577,893309,5627886
12,8000,4816072,885198,5701270
12,8000,5297335,1240831,6538166
12,8000,5646794,1227924,6874718
12,8000,5253393,1237651,6491044
12,8000,5222770,874335,6097105
12,8000,4457359,909583,5366942
12,8000,5087811,869761,5957572
12,8000,5128908,1262636,6391544
12,8000,4732642,1248118,5980760
12,8000,5917513,1257588,7175101
12,8000,4543376,893141,5436517
12,8000,5737357,917661,6655018
12,8000,4875782,1231489,6107271
12,8000,4748782,946029,5694811
12,8000,6332880,939196,7272076
12,8000,4777823,1224183,6002006
12,8000,5148437,891387,6039824
12,8000,5655911,1235194,6891105
12,8000,4586114,864800,5450914
12,8000,4439308,926916,5366224
12,8000,6919279,865844,7785123
12,8000,5464659,880086,6344745
12,8000,4921268,1243757,6165025
12,8000,5033089,1214589,6247678
12,8000,5321632,1232620,6554252
12,8000,5506458,1228875,6735333
12,8000,4989628,1261029,6250657
12,8000,5306409,874572,6180981
12,8000,4664559,1248043,5912602
12,8000,4852387,1256559,6108946
12,8000,5043159,1264391,6307550
12,8000,5287252,945877,6233129
12,8000,7025380,1384974,8410354
12,8000,5113023,1248950,6361973
12,8000,5053678,865829,5919507
12,8000,5067766,875965,5943731
12,8000,5227600,1072294,6299894
12,8000,5681829,880494,6562323
12,8000,5710273,891686,6601959
12,8000,5546719,936257,6482976
12,8000,4973015,1234621,6207636
12,8000,5071808,878154,5949962
12,8000,5665924,1221630,6887554
12,8000,5567118,1228458,6795576
12,8000,4670916,904618,5575534
12,8000,4810010,871027,5681037
12,8000,4447867,886329,5334196
12,8000,5025803,1217249,6243052
12,8000,5274204,881881,6156085
12,8000,5219924,878773,6098697
12,8000,5078229,881763,5959992
12,8000,5537782,880089,6417871
12,8000,5604641,1265028,6869669
12,8000,4570265,868855,5439120
12,8000,4834795,1227146,6061941
12,8000,4838086,895364,5733450
12,8000,5410296,878739,6289035
12,8000,5454471,1243864,6698335
12,8000,5853983,1246369,7100352
12,8000,5661463,882132,6543595
12,8000,5146138,1259668,6405806
12,8000,5443426,1254927,6698353
12,8000,6569261,883515,7452776
12,8000,4908653,1241728,6150381
12,8000,4472021,870529,5342550
12,8000,5622545,869086,6491631
12,8000,4503492,885810,5389302
12,8000,5443112,1255159,6698271
12,8000,5628139,911038,6539177
12,8000,4792812,1222722,6015534
12,8000,5115019,1043968,6158987
12,8000,4989495,977872,5967367
12,8000,5144574,1220603,6365177
12,8000,5252705,1070119,6322824
12,8000,6407893,1256124,7664017
12,8000,5495083,1269506,6764589
12,8000,4866214,905794,5772008
12,8000,5114857,882551,5997408
12,8000,4890249,1235258,6125507
12,8000,4827093,892226,5719319
12,8000,5308520,883929,6192449
12,8000,6184167,886479,7070646
12,8000,5874021,1239047,7113068
12,8000,4762840,918967,5681807
12,8000,4440349,881262,5321611
12,8000,4791779,892836,5684615
12,8000,5506872,917254,6424126
12,8000,5406341,1247958,6654299
12,8000,4660752,1232883,5893635
12,8000,5660843,1224950,6885793
12,8000,5220553,911182,6131735
12,8000,5932379,1250715,7183094
12,8000,5098913,968167,6067080
12,8000,4628111,877938,5506049
12,8000,5625016,878614,6503630
12,8000,5070318,914159,5984477
12,8000,5303999,1236392,6540391
12,8000,5225349,877225,6102574
12,8000,5701317,1237187,6938504
12,9000,5670045,1391174,7061219
12,9000,4938321,1002339,5940660
12,9000,5075813,967905,6043718
12,9000,5591703,1406717,6998420
12,9000,5477798,1340757,6818555
12,9000,4951736,1037089,5988825
12,9000,5229560,1371682,6601242
12,9000,4469132,983419,5452551
12,9000,6103763,989725,7093488
12,9000,5747916,1404095,7152011
12,9000,4912790,993009,5905799
12,9000,6036116,1438790,7474906
12,9000,5849309,994789,6844098
12,9000,5425848,997045,6422893
12,9000,5277979,1392914,6670893
12,9000,5386314,1402889,6789203
12,9000,5381994,979095,6361089
12,9000,5308037,1003377,6311414
12,9000,5867498,1049859,6917357
12,9000,5167071,1385092,6552163
12,9000,5697010,1404854,7101864
12,9000,4827810,1008650,5836460
12,9000,5776645,1037820,6814465
12,9000,5042994,1388457,6431451
12,9000,4549292,1374574,5923866
12,9000,5640378,1405325,7045703
12,9000,5675666,980204,6655870
12,9000,4360146,999508,5359654
12,9000,5567024,1023425,6590449
12,9000,7575781,1382253,8958034
12,9000,5061587,1005282,6066869
12,9000,5519230,1404003,6923233
12,9000,4953492,1377456,6330948
12,9000,5251260,1386917,6638177
12,9000,5047198,1046730,6093928
12,9000,4625407,1379617,6005024
12,9000,5287794,1393486,6681280
12,9000,5592721,1394393,6987114
12,9000,5413548,1399709,6813257
12,9000,5699021,1419210,7118231
12,9000,4613109,999556,5612665
12,9000,5412212,984803,6397015
12,9000,6273636,975950,7249586
12,9000,5548100,1003600,6551700
12,9000,4830938,1018163,5849101
12,9000,4922075,996434,5918509
12,9000,6013545,1003701,7017246
12,9000,4834099,980046,5814145
12,9000,5855981,1397706,7253687
12,9000,4596632,994816,5591448
12,9000,5706671,1188041,6894712
12,9000,5331940,1418031,6749971
12,9000,4702619,1398131,6100750
12,9000,5180049,1401008,6581057
12,9000,4851879,1408327,6260206
12,9000,5470313,1382738,6853051
12,9000,5524488,991969,6516457
12,9000,5058333,992758,6051091
12,9000,5290300,1384497,6674797
12,9000,5820289,1028630,6848919
12,9000,5155705,995578,6151283
12,9000,5395567,1423308,6818875
12,9000,5751726,1022825,6774551
12,9000,5015980,1019092,6035072
12,9000,5180586,1368799,6549385
12,9000,5186321,991210,6177531
12,9000,5889974,1003287,6893261
12,9000,5068254,1021310,6089564
12,9000,5611036,994063,6605099
12,9000,5281433,989453,6270886
12,9000,6012973,1101828,7114801
12,9000,5716086,1417219,7133305
12,9000,4738140,1393780,6131920
12,9000,5736863,1204362,6941225
12,9000,6252514,993753,7246267
12,9000,4855754,1403984,6259738
12,9000,6063551,999328,7062879
12,9000,5772288,982183,6754471
12,9000,5189827,1007622,6197449
12,9000,5257188,1014714,6271902
12,9000,4887993,1004587,5892580
12,9000,5230079,1391653,6621732
12,9000,5446845,1433650,6880495
12,9000,6169352,991121,7160473
12,9000,6497556,1383621,7881177
12,9000,5365489,1401572,6767061
12,9000,5327374,1082028,6409402
12,9000,5860575,1384776,7245351
12,9000,5373204,1379210,6752414
12,9000,4994838,1002652,5997490
12,9000,5665850,1007220,6673070
12,9000,4672469,1048859,5721328
12,9000,5101433,1370056,6471489
12,9000,4725498,978360,5703858
12,9000,4772211,1004194,5776405
12,9000,5582416,1391172,6973588
12,9000,5725098,1002855,6727953
12,9000,5597546,973044,6570590
12,9000,5630079,1386375,7016454
12,9000,5074609,996369,6070978
12,9000,5001164,1383148,6384312
12,9000,5372438,1390178,6762616
12,9000,4719664,1389534,6109198
12,9000,5386911,990196,6377107
12,9000,4422614,971713,5394327
12,9000,5462162,1011232,6473394
12,9000,5704667,986183,6690850
12,9000,4967200,977495,5944695
12,9000,5798217,1027741,6825958
12,9000,6092476,990212,7082688
12,9000,5346752,985139,6331891
12,9000,5922387,1381554,7303941
12,9000,5712342,1010571,6722913
12,9000,5110098,1388236,6498334
12,9000,5765247,996213,6761460
12,10000,5960213,1093970,7054183
12,10000,5201047,1536049,6737096
12,10000,6189818,1343458,7533276
12,10000,5611165,1556253,7167418
12,10000,5224967,1133033,6358000
12,10000,6775216,1521263,8296479
12,10000,5469536,1525734,6995270
12,10000,5588625,1100004,6688629
12,10000,5585824,1092231,6678055
12,10000,5762415,1097025,6859440
12,10000,6319235,1531190,7850425
12,10000,5995229,1559792,7555021
12,10000,5879377,1488036,7367413
12,10000,5142468,1140371,6282839
12,10000,5773445,1091665,6865110
12,10000,5362993,1536918,6899911
12,10000,5078807,1172432,6251239
12,10000,6910972,1537994,8448966
12,10000,5199003,1106684,6305687
12,10000,6281594,1540972,7822566
12,10000,5274619,1554016,6828635
12,10000,6024017,1604073,7628090
12,10000,5087092,1393175,6480267
12,10000,5156638,1553595,6710233
12,10000,5589382,1534046,7123428
12,10000,4817078,1544932,6362010
12,10000,5462948,1093965,6556913
12,10000,5826847,1093236,6920083
12,10000,5228464,1123270,6351734
12,10000,5522082,1094427,6616509
12,10000,5518508,1169263,6687771
12,10000,5736893,1120804,6857697
12,10000,7798335,1542984,9341319
12,10000,4983221,1537574,6520795
12,10000,6159295,1110099,7269394
12,10000,5658173,1166136,6824309
12,10000,5331218,1129640,6460858
12,10000,5411048,1591787,7002835
12,10000,5437310,1562583,6999893
12,10000,4904498,1536991,6441489
12,10000,5075143,1344669,6419812
12,10000,5027085,1538022,6565107
12,10000,5844826,1542703,7387529
12,10000,6772128,1535270,8307398
12,10000,4983753,1130525,6114278
12,10000,6315256,1547926,7863182
12,10000,6154603,1084053,7238656
12,10000,5130861,1548396,6679257
12,10000,5819769,1124566,6944335
12,10000,5698648,1330027,7028675
12,10000,5731769,1333110,7064879
12,10000,4657736,1080658,5738394
12,10000,5428476,1536598,6965074
12,10000,6359587,1128950,7488537
12,10000,6620945,1103051,7723996
12,10000,5476718,1560756,7037474
12,10000,5247296,1523846,6771142
12,10000,4990204,1553817,6544021
12,10000,5764781,1594140,7358921
12,10000,5419770,1096621,6516391
12,10000,7404291,1528376,8932667
12,10000,5292788,1101388,6394176
12,10000,5261751,1555026,6816777
12,10000,5115537,1550674,6666211
12,10000,6066062,1104018,7170080
12,10000,5799907,1100216,6900123
12,10000,5360397,1095951,6456348
12,10000,4833263,1534598,6367861
12,10000,5279768,1553620,6833388
12,10000,5316528,1161079,6477607
12,10000,5845524,1124998,6970522
12,10000,5139378,1505628,6645006
12,10000,5958587,1093174,7051761
12,10000,6323810,1102232,7426042
12,10000,5539969,1118134,6658103
12,10000,5820964,1540175,7361139
12,10000,5336598,1092629,6429227
12,10000,5836997,1098852,6935849
12,10000,5355315,1092844,6448159
12,10000,6128057,1085325,7213382
12,10000,5252582,1104139,6356721
12,10000,4755561,1088212,5843773
12,10000,5611554,1601223,7212777
12,10000,5769726,1098207,6867933
12,10000,4768802,1543860,6312662
12,10000,6025839,1102986,7128825
12,10000,5564179,1526047,7090226
12,10000,5411016,1085416,6496432
12,10000,5557651,1100670,6658321
12,10000,5659508,1095857,6755365
12,10000,5491650,1542804,7034454
12,10000,4777816,1549316,6327132
12,10000,6091080,1536818,7627898
12,10000,5866008,1100765,6966773
12,10000,5970990,1522676,7493666
12,10000,6292005,1108239,7400244
12,10000,5420595,1087375,6507970
12,10000,4726217,1539573,6265790
12,10000,5624494,1099760,6724254
12,10000,5093447,1141491,6234938
12,10000,5174479,1575658,6750137
12,10000,6492235,1548151,8040386
12,10000,4754777,1141807,5896584
12,10000,5921759,1548055,7469814
12,10000,5293748,1572606,6866354
12,10000,5291710,1083970,6375680
12,10000,4672014,1545471,6217485
12,10000,5702724,1110990,6813714
12,10000,5076213,1545334,6621547
12,10000,5349968,1556032,6906000
12,10000,5267665,1092998,6360663
12,10000,6005808,1520427,7526235
12,10000,5140902,1553302,6694204
12,10000,5363976,1084661,6448637
12,10000,4560723,1538251,6098974
12,10000,5951177,1557002,7508179
12,10000,6552033,1100094,7652127
12,10000,4804203,1539416,6343619
12,10000,5333228,1518751,6851979
12,10000,6073155,1112089,7185244
12,10000,5458702,1550415,7009117
12,10000,5447048,1134717,6581765
12,10000,6255770,1129978,7385748
12,10000,5877090,1091235,6968325
12,10000,5362270,1098732,6461002
12,10000,6054113,1362897,7417010
12,10000,4909908,1531269,6441177
12,10000,5366539,1100040,6466579
12,10000,5242854,1529538,6772392
12,10000,4698722,1555855,6254577
12,10000,5709856,1546729,7256585
12,10000,5728378,1127347,6855725
12,10000,6121215,1531506,7652721
12,10000,5770057,1568522,7338579
12,10000,4619097,1103192,5722289
12,10000,5302739,1544825,6847564
12,10000,5051992,1569097,6621089
12,10000,5781628,1092319,6873947
12,10000,5435688,1268768,6704456
12,10000,5600585,1113784,6714369
12,10000,6220310,1560360,7780670
12,10000,5023958,1099803,6123761
12,10000,5205606,1128307,6333913
12,10000,5649794,1554504,7204298
12,10000,5345359,1519953,6865312
12,10000,5815664,1539702,7355366
12,10000,5276544,1099238,6375782
12,10000,4729711,1086460,5816171
12,10000,4869693,1554592,6424285
12,10000,5549041,1548294,7097335
12,10000,4711224,1547367,6258591
12,10000,7240754,1539965,8780719
12,10000,5644806,1109407,6754213
12,10000,5130118,1191850,6321968
12,10000,4870059,1547952,6418011
12,10000,5194664,1528202,6722866
12,10000,4747617,1552682,6300299
12,10000,6147683,1624990,7772673
12,10000,5523192,1545614,7068806
12,10000,5763158,1545602,7308760
12,10000,5281917,1525420,6807337
12,10000,5429789,1324315,6754104
12,10000,5660207,1105461,6765668
12,10000,5051932,1541179,6593111
12,10000,5016159,1532410,6548569
12,10000,4842884,1534153,6377037
12,10000,5150933,1091462,6242395
12,10000,5527091,1532161,7059252
12,10000,5509145,1101171,6610316
12,10000,5583582,1541426,7125008
12,10000,5838098,1528308,7366406
12,10000,5757888,1548879,7306767
12,10000,7504181,1093866,8598047
12,10000,6441726,1097402,7539128
12,10000,5284008,1532496,6816504
12,10000,6443261,1556976,8000237
12,10000,6061750,1529542,7591292
12,10000,6017193,1552601,7569794
12,10000,5452575,1550692,7003267
12,10000,4806020,1092786,5898806
12,10000,4463654,1086654,5550308
12,10000,5577996,1530344,7108340
12,10000,5818822,1154933,6973755
12,10000,4793343,1546671,6340014
12,10000,5488043,1537268,7025311
12,10000,5781882,1099287,6881169
12,10000,5135931,1076746,6212677
12,10000,5982935,1557210,7540145
12,10000,5555645,1095635,6651280
12,10000,5866946,1346207,7213153
12,10000,5851457,1535063,7386520
12,10000,8197215,1551452,9748667
12,10000,5979725,1094043,7073768
12,10000,6450412,1536394,7986806
12,10000,6421565,1103763,7525328
12,10000,6378112,1565863,7943975
12,10000,5767291,1536756,7304047
12,10000,6143781,1570333,7714114
12,10000,6116873,1546021,7662894
12,10000,5475722,1566114,7041836
12,10000,6080363,1527577,7607940
12,10000,6960964,1343988,8304952
12,10000,5051245,1525101,6576346
12,10000,4806642,1230355,6036997
12,10000,5991934,1149558,7141492
12,10000,5339534,1556902,6896436
12,10000,4654531,1548601,6203132
12,10000,4683082,1086638,5769720
12,10000,4746919,1532571,6279490
12,10000,4773057,1084697,5857754
12,10000,5796356,1151352,6947708
12,10000,5522072,1107914,6629986
12,10000,5374741,1082937,6457678
12,10000,5717747,1089900,6807647
12,10000,5389745,1598539,6988284
12,10000,4867203,1539809,6407012
12,10000,5416160,1130172,6546332
12,10000,5297707,1082840,6380547
12,10000,6619711,1542881,8162592
12,10000,6088352,1577037,7665389
12,10000,6258155,1121121,7379276
12,10000,5554766,1109867,6664633
12,10000,4666518,1148992,5815510
12,10000,5023733,1086675,6110408
12,10000,5869108,1528496,7397604
12,10000,6318869,1539520,7858389
12,10000,5758008,1120291,6878299
12,10000,6060137,1117975,7178112
12,10000,5067065,1545803,6612868
12,10000,5433855,1518041,6951896
12,20000,7179795,3195866,10375661
12,20000,6627000,3610402,10237402
12,20000,7124260,3566637,10690897
12,20000,7169992,3585928,10755920
12,20000,6114536,3520659,9635195
12,20000,7152441,3689388,10841829
12,20000,7427669,3665230,11092899
12,20000,6775512,3465667,10241179
12,20000,6584683,3296516,9881199
12,20000,7195325,3532366,10727691
12,20000,8055781,2705645,10761426
12,20000,8453305,3496960,11950265
12,20000,6871681,2695100,9566781
12,20000,6685263,2791208,9476471
12,20000,7538806,3612556,11151362
12,20000,7017383,3633853,10651236
12,20000,6426663,3617932,10044595
12,20000,7408203,2705632,10113835
12,20000,5899678,3653371,9553049
12,20000,6922546,2872527,9795073
12,20000,7903334,3658062,11561396
12,20000,7099540,2749728,9849268
12,20000,6433850,3037608,9471458
12,20000,7436122,3494079,10930201
12,20000,7464325,3062467,10526792
12,20000,6764753,3512775,10277528
12,20000,6273936,3297922,9571858
12,20000,8376362,3479977,11856339
12,20000,6281471,3586690,9868161
12,20000,7730423,2721604,10452027
12,20000,7222516,3519658,10742174
12,20000,6951085,2698729,9649814
12,20000,5821693,2720925,8542618
12,20000,6519377,2957599,9476976
12,20000,7038693,2684515,9723208
12,20000,6979188,3596887,10576075
12,20000,6792227,3078925,9871152
12,20000,7578599,2186582,9765181
12,20000,7517661,2732473,10250134
12,20000,6139025,2528672,8667697
12,20000,8187046,3573874,11760920
12,20000,7035652,3641815,10677467
12,20000,7688819,3617943,11306762
12,20000,7317239,3570512,10887751
12,20000,9009503,5078929,14088432
12,20000,6237302,2768979,9006281
12,20000,8359003,3684135,12043138
12,20000,7220685,2630774,9851459
12,20000,5925294,3554578,9479872
12,20000,7549960,3142434,10692394
12,20000,6544172,2685836,9230008
12,20000,5869840,3558746,9428586
12,20000,7926093,2703846,10629939
12,20000,5910935,3515544,9426479
12,20000,7274225,3078822,10353047
12,20000,6325967,2542442,8868409
12,20000,8053981,3555125,11609106
12,20000,7023204,3620681,10643885
12,20000,6850385,3661303,10511688
12,20000,6299219,3575183,9874402
12,20000,6079702,2659052,8738754
12,20000,7178787,2821884,10000671
12,20000,7618228,2688666,10306894
12,20000,7252675,3022491,10275166
12,20000,7165040,2779593,9944633
12,20000,6518978,3571357,10090335
12,20000,7552774,2843453,10396227
12,20000,7282245,2215408,9497653
12,20000,7450073,2172483,9622556
12,20000,6950066,3488696,10438762
12,20000,7694507,3665814,11360321
12,20000,7909775,3634510,11544285
12,20000,7727484,2760624,10488108
12,20000,8942584,3635114,12577698
12,20000,7268214,3653226,10921440
12,20000,6229493,3589359,9818852
12,20000,6135669,2675355,8811024
12,20000,7053379,3149964,10203343
12,20000,6258537,3575594,9834131
12,20000,6854103,3495321,10349424
12,20000,7898854,2814021,10712875
12,20000,6263256,3585310,9848566
12,20000,7528247,3612562,11140809
12,20000,7094512,3574277,10668789
12,20000,6008735,3520444,9529179
12,20000,8887631,3639553,12527184
12,20000,7120348,2508503,9628851
12,20000,6242189,3542656,9784845
12,20000,8238150,3556949,11795099
12,20000,8927605,3593988,12521593
12,20000,6556287,3649731,10206018
12,20000,6873745,3509865,10383610
12,20000,6519561,3153165,9672726
12,20000,6036671,3512226,9548897
12,20000,7096273,2723064,9819337
12,20000,6346946,2653148,9000094
12,20000,6461708,3538008,9999716
12,20000,7720537,3130081,10850618
12,20000,7161160,3762268,10923428
12,20000,7598424,3580419,11178843
12,20000,5817295,3536398,9353693
12,20000,7286576,2607020,9893596
12,20000,7835023,3555317,11390340
12,20000,8746055,3591074,12337129
12,20000,7805734,3652583,11458317
12,20000,6247140,3562306,9809446
12,20000,7218865,3565693,10784558
12,20000,7758619,3190979,10949598
12,20000,6839566,3654136,10493702
12,20000,6596069,3485067,10081136
12,20000,6617282,3597609,10214891
12,20000,5864260,2688204,8552464
12,20000,8620664,3593439,12214103
12,20000,7732938,3091927,10824865
12,20000,6011052,3020869,9031921
12,30000,8746757,4536207,13282964
12,30000,9001262,3252059,12253321
12,30000,9104935,4573623,13678558
12,30000,9313199,3245841,12559040
12,30000,9112311,4572905,13685216
12,30000,8284064,3304497,11588561
12,30000,8078562,3240719,11319281
12,30000,8824926,4570719,13395645
12,30000,11029580,4554026,15583606
12,30000,9647734,3240956,12888690
12,30000,9188704,4589170,13777874
12,30000,9155124,4629474,13784598
12,30000,8190816,3544790,11735606
12,30000,8251124,4549561,12800685
12,30000,9225687,4601760,13827447
12,30000,9906286,4572667,14478953
12,30000,7994591,3858439,11853030
12,30000,8342524,3204432,11546956
12,30000,8910977,4576058,13487035
12,30000,8580971,3696331,12277302
12,30000,9495662,4620308,14115970
12,30000,9345253,3266348,12611601
12,30000,8534796,3255171,11789967
12,30000,8979259,4581956,13561215
12,30000,8556047,3257171,11813218
12,30000,8260003,4545809,12805812
12,30000,8815489,4551757,13367246
12,30000,8267616,3219396,11487012
12,30000,8293274,3240665,11533939
12,30000,8863209,4656137,13519346
12,30000,8134360,4615884,12750244
12,30000,8300181,4567562,12867743
12,30000,8696862,4547516,13244378
12,30000,8689365,3290114,11979479
12,30000,8342465,3560944,11903409
12,30000,8878094,3256299,12134393
12,30000,9022699,3251467,12274166
12,30000,11425729,4630601,16056330
12,30000,8351914,3236882,11588796
12,30000,9300008,4653165,13953173
12,30000,9999256,3262429,13261685
12,30000,10970725,4565356,15536081
12,30000,8619960,3277484,11897444
12,30000,9220940,4571361,13792301
12,30000,8699807,3264429,11964236
12,30000,8876003,4175623,13051626
12,30000,8270106,3265374,11535480
12,30000,8426225,3239328,11665553
12,30000,8203305,3234008,11437313
12,30000,8422553,3238266,11660819
12,30000,8611019,3227026,11838045
12,30000,8447403,4545599,12993002
12,30000,9720560,4627850,14348410
12,30000,9289558,4574832,13864390
12,30000,8484156,4587870,13072026
12,30000,8795440,4586788,13382228
12,30000,9707021,4585287,14292308
12,30000,9331575,3267171,12598746
12,30000,8964764,3288068,12252832
12,30000,11586498,4591671,16178169
12,30000,9039604,4569371,13608975
12,30000,10218590,3272699,13491289
12,30000,8329808,3263156,11592964
12,30000,8647606,3308267,11955873
12,30000,11430940,4542152,15973092
12,30000,10946357,4104467,15050824
12,30000,8728364,4620086,13348450
12,30000,8804275,3290125,12094400
12,30000,9035633,3291647,12327280
12,30000,8167769,3281600,11449369
12,30000,7473052,3233687,10706739
12,30000,8802113,4630208,13432321
12,30000,8627424,3225025,11852449
12,30000,8960978,4551711,13512689
12,30000,9239808,4598600,13838408
12,30000,7979724,3306789,11286513
12,30000,8426954,3253335,11680289
12,30000,8617624,3968998,12586622
12,30000,10063574,4560217,14623791
12,30000,8175623,3243011,11418634
12,30000,8743403,4550428,13293831
12,30000,8398026,4547844,12945870
12,30000,8861289,3244356,12105645
12,30000,8845217,3260217,12105434
12,30000,8669902,4578840,13248742
12,30000,8621016,3348616,11969632
12,30000,7713574,3291543,11005117
12,30000,8557361,4582312,13139673
12,30000,9548027,4613509,14161536
12,30000,8797656,4591534,13389190
12,30000,8375165,3243388,11618553
12,30000,10059167,3255823,13314990
12,30000,8316553,3266922,11583475
12,30000,8529429,4568720,13098149
12,30000,10939625,4644874,15584499
12,30000,8694624,3265486,11960110
12,30000,8815897,4611707,13427604
12,30000,8992444,4619340,13611784
12,30000,8179229,3243395,11422624
12,30000,9262775,4621780,13884555
12,30000,8946003,4582353,13528356
12,30000,8731551,3269231,12000782
12,30000,8690433,3250772,11941205
12,30000,10261534,3261781,13523315
12,30000,8733763,3257390,11991153
12,30000,10234391,4584250,14818641
12,30000,9065305,4639403,13704708
12,30000,9148900,3284676,12433576
12,30000,9358909,4569845,13928754
12,30000,9432574,3962840,13395414
12,30000,9025557,3283659,12309216
12,30000,9819258,4566616,14385874
12,30000,9585753,4600745,14186498
12,30000,9724306,4595106,14319412
12,30000,8206010,4593367,12799377
12,40000,10887281,6056297,16943578
12,40000,10052766,4371659,14424425
12,40000,11239293,5998238,17237531
12,40000,10443766,6124339,16568105
12,40000,9859031,5729968,15588999
12,40000,11187639,4334862,15522501
12,40000,10900481,6138123,17038604
12,40000,10428149,6116540,16544689
12,40000,10310015,5304699,15614714
12,40000,10071853,4332274,14404127
12,40000,10475305,4503181,14978486
12,40000,11511367,6085018,17596385
12,40000,11423125,4285623,15708748
12,40000,10094285,6132834,16227119
12,40000,10567440,6093272,16660712
12,40000,11308288,4307628,15615916
12,40000,10259865,6073839,16333704
12,40000,10581453,6190124,16771577
12,40000,9724010,4308726,14032736
12,40000,10982497,4334846,15317343
12,40000,10997055,6056499,17053554
12,40000,10600182,6206102,16806284
12,40000,9928483,6144312,16072795
12,40000,10107351,6034037,16141388
12,40000,9406309,4406097,13812406
12,40000,10566159,5276078,15842237
12,40000,10093672,5882264,15975936
12,40000,10322473,4308393,14630866
12,40000,11708503,6113181,17821684
12,40000,9888683,4389018,14277701
12,40000,10853042,5953321,16806363
12,40000,12433753,4352518,16786271
12,40000,9580052,6146304,15726356
12,40000,10648561,6154566,16803127
12,40000,10387349,6092913,16480262
12,40000,10831851,4958823,15790674
12,40000,10106167,4369874,14476041
12,40000,11031467,5793673,16825140
12,40000,10448576,6159877,16608453
12,40000,12192628,6063941,18256569
12,40000,10915940,6115510,17031450
12,40000,11905016,6101989,18007005
12,40000,9790167,6164314,15954481
12,40000,9757577,6076930,15834507
12,40000,9854069,4672968,14527037
12,40000,10601768,6081316,16683084
12,40000,9981114,4387412,14368526
12,40000,9333990,4362030,13696020
12,40000,9304687,6103728,15408415
12,40000,10278956,4327279,14606235
12,40000,9957225,6151737,16108962
12,40000,10198739,4397479,14596218
12,40000,10304627,4317042,14621669
12,40000,10434262,5989501,16423763
12,40000,9895995,4316250,14212245
12,40000,10499149,6067460,16566609
12,40000,10348669,6075890,16424559
12,40000,10562696,4364479,14927175
12,40000,10888790,5226731,16115521
12,40000,11585143,6156289,17741432
12,40000,11151115,6103980,17255095
12,40000,9570207,6112271,15682478
12,40000,9595805,6084288,15680093
12,40000,9955612,5592018,15547630
12,40000,9702538,5969246,15671784
12,40000,9676227,6061799,15738026
12,40000,10844565,4940552,15785117
12,40000,10204136,6551160,16755296
12,40000,9936671,6110938,16047609
12,40000,10002644,4323043,14325687
12,40000,10011013,6128564,16139577
12,40000,10778666,4323660,15102326
12,40000,12018824,6117707,18136531
12,40000,10658417,6052158,16710575
12,40000,10569585,4959097,15528682
12,40000,10320787,6068985,16389772
12,40000,10293594,6081922,16375516
12,40000,9195075,4369900,13564975
12,40000,10258742,5622167,15880909
12,40000,10169849,6106794,16276643
12,40000,10694709,5490496,16185205
12,40000,11397175,4372054,15769229
12,40000,9817641,6102532,15920173
12,40000,10696770,6081641,16778411
12,40000,12109516,6097783,18207299
12,40000,11082125,5734641,16816766
12,40000,10284504,4320348,14604852
12,40000,11032398,6637814,17670212
12,40000,10745521,4312862,15058383
12,40000,9628574,4497785,14126359
12,40000,9653733,4349458,14003191
12,40000,11399460,5957026,17356486
12,40000,11491662,6107912,17599574
12,40000,10648255,4319232,14967487
12,40000,9892394,6102237,15994631
12,40000,10246191,4358579,14604770
12,40000,9559664,4363745,13923409
12,40000,10650148,4378711,15028859
12,40000,10200102,6074889,16274991
12,40000,10045772,5823023,15868795
12,40000,10282077,6059957,16342034
12,40000,9965457,6100119,16065576
12,40000,9939026,6157760,16096786
12,40000,13150609,4305108,17455717
12,40000,10081163,4300828,14381991
12,40000,9471055,6101455,15572510
12,40000,9619977,4341696,13961673
12,40000,9404311,4331929,13736240
12,40000,9786651,4342546,14129197
12,40000,9889437,4386680,14276117
12,40000,9909748,6089958,15999706
12,40000,11270490,6099221,17369711
12,40000,10520281,6117830,16638111
12,40000,10339469,6144927,16484396
12,40000,9861473,6133269,15994742
12,50000,11670701,7627805,19298506
12,50000,12377991,6782913,19160904
12,50000,11554070,7090730,18644800
12,50000,11663454,7648588,19312042
12,50000,10758862,5414712,16173574
12,50000,15466423,7563120,23029543
12,50000,12089963,7569996,19659959
12,50000,11612124,5750979,17363103
12,50000,11209587,5461236,16670823
12,50000,12007678,7575881,19583559
12,50000,11626016,5383349,17009365
12,50000,13145707,7044784,20190491
12,50000,11426558,5382536,16809094
12,50000,11739775,7573246,19313021
12,50000,11828532,7681569,19510101
12,50000,13206318,7614143,20820461
12,50000,11545188,6552794,18097982
12,50000,12657944,7660869,20318813
12,50000,13196314,7580080,20776394
12,50000,11977264,7011157,18988421
12,50000,11638607,5457467,17096074
12,50000,12331563,6663178,18994741
12,50000,11474350,7653815,19128165
12,50000,10914810,6491909,17406719
12,50000,12914427,5667912,18582339
12,50000,12530496,7673389,20203885
12,50000,10867141,7613042,18480183
12,50000,12349150,5386250,17735400
12,50000,11948239,7684694,19632933
12,50000,10765640,5387733,16153373
12,50000,11234416,5410418,16644834
12,50000,12588603,7667360,20255963
12,50000,11948566,7673304,19621870
12,50000,10319990,5709783,16029773
12,50000,12297240,7596378,19893618
12,50000,11496398,5485662,16982060
12,50000,11487193,5389512,16876705
12,50000,12097559,5957328,18054887
12,50000,12031783,6936003,18967786
12,50000,11166857,7563073,18729930
12,50000,11438404,5405613,16844017
12,50000,10929821,7698992,18628813
12,50000,11109494,5372823,16482317
12,50000,11083283,7427067,18510350
12,50000,11515489,5498791,17014280
12,50000,11328322,5371468,16699790
12,50000,11273332,5441386,16714718
12,50000,10957520,7590906,18548426
12,50000,12527383,6075745,18603128
12,50000,10819416,7596138,18415554
12,50000,11091068,5561701,16652769
12,50000,12053974,6572410,18626384
12,50000,11321451,5425247,16746698
12,50000,11717753,7642566,19360319
12,50000,13733033,7697636,21430669
12,50000,13336567,7591968,20928535
12,50000,11593621,5483049,17076670
12,50000,12609206,5446071,18055277
12,50000,12095698,7614620,19710318
12,50000,10822083,5546479,16368562
12,50000,10939089,7580779,18519868
12,50000,11347712,5563976,16911688
12,50000,12102928,7588523,19691451
12,50000,11279511,5372689,16652200
12,50000,12002019,5431326,17433345
12,50000,13302553,7629503,20932056
12,50000,12173973,7546348,19720321
12,50000,12152052,5439193,17591245
12,50000,13041237,5453833,18495070
12,50000,11829947,7190818,19020765
12,50000,12028729,6571813,18600542
12,50000,12118059,7569118,19687177
12,50000,11850029,5436253,17286282
12,50000,11476579,7680895,19157474
12,50000,11582868,6266893,17849761
12,50000,14314277,7657379,21971656
12,50000,11166885,5429689,16596574
12,50000,12642386,7387405,20029791
12,50000,11430436,7583382,19013818
12,50000,11445128,6910121,18355249
12,50000,11683574,6712377,18395951
12,50000,12389000,7636119,20025119
12,50000,12160797,5841059,18001856
12,50000,10878480,5381271,16259751
12,50000,11365299,7287487,18652786
12,50000,11465008,7598551,19063559
12,50000,11480240,5419471,16899711
12,50000,11466968,6465987,17932955
12,50000,11371287,6583305,17954592
12,50000,10654610,5393298,16047908
12,50000,12183720,5361727,17545447
12,50000,12592182,5413838,18006020
12,50000,12598997,5426131,18025128
12,50000,13812725,7244895,21057620
12,50000,11556536,7420458,18976994
12,50000,11786985,5419402,17206387
12,50000,11392892,7674325,19067217
12,50000,11972034,5382262,17354296
12,50000,11047686,5343470,16391156
12,50000,11928937,7557972,19486909
12,50000,11321745,7663199,18984944
12,50000,12533526,7612251,20145777
12,50000,13037043,7622138,20659181
12,50000,12227466,7589157,19816623
12,50000,12940599,7611910,20552509
12,50000,11785179,7668960,19454139
12,50000,11633582,5792423,17426005
12,50000,12619659,7609804,20229463
12,50000,13222265,5341265,18563530
12,50000,11482606,7645783,19128389
12,50000,11441001,6501681,17942682
12,50000,10879292,5406291,16285583
12,50000,13007052,7576980,20584032
12,50000,12156232,7560345,19716577
12,50000,12538149,5357656,17895805
12,60000,12095437,9818664,21914101
12,60000,12423624,6918412,19342036
12,60000,13846151,9704629,23550780
12,60000,13429680,8409009,21838689
12,60000,13809768,9812673,23622441
12,60000,11422005,8683676,20105681
12,60000,12189032,9884713,22073745
12,60000,12576605,6992472,19569077
12,60000,12142516,9766383,21908899
12,60000,12237160,7155956,19393116
12,60000,12634805,7133103,19767908
12,60000,14281055,7086646,21367701
12,60000,12902687,9736480,22639167
12,60000,12042535,9745319,21787854
12,60000,13250809,7169456,20420265
12,60000,11709918,7107204,18817122
12,60000,13217297,7018791,20236088
12,60000,11835932,7092819,18928751
12,60000,12923526,9744591,22668117
12,60000,13035988,8219332,21255320
12,60000,12400714,8437548,20838262
12,60000,13547862,9702656,23250518
12,60000,12899949,8806808,21706757
12,60000,11667224,9688419,21355643
12,60000,12857389,7152701,20010090
12,60000,12414393,9647164,22061557
12,60000,12724771,9778819,22503590
12,60000,12759398,9260819,22020217
12,60000,12505803,7504984,20010787
12,60000,11510386,7061752,18572138
12,60000,12692449,7054161,19746610
12,60000,12553524,7214284,19767808
12,60000,12592764,9727593,22320357
12,60000,12560350,7120021,19680371
12,60000,12239331,8105498,20344829
12,60000,11711931,7150485,18862416
12,60000,13126116,7821883,20947999
12,60000,12433714,8939753,21373467
12,60000,12855035,8402351,21257386
12,60000,12181456,8343007,20524463
12,60000,14442060,9714717,24156777
12,60000,12302384,8408270,20710654
12,60000,11691549,7141920,18833469
12,60000,12740273,9744794,22485067
12,60000,13769954,8346744,22116698
12,60000,11855395,7098450,18953845
12,60000,11301430,6987769,18289199
12,60000,11620982,8370581,19991563
12,60000,13503698,7161734,20665432
12,60000,12730249,7134734,19864983
12,60000,11614503,9614714,21229217
12,60000,11881730,9651714,21533444
12,60000,13347522,9784176,23131698
12,60000,12810167,9668465,22478632
12,60000,12700174,9741504,22441678
12,60000,12864677,7150724,20015401
12,60000,12041601,7180461,19222062
12,60000,12530896,9801556,22332452
12,60000,12180359,8954132,21134491
12,60000,12579201,9336547,21915748
12,60000,12507404,8613384,21120788
12,60000,11861866,7162895,19024761
12,60000,12402345,7051431,19453776
12,60000,13062606,9763981,22826587
12,60000,12979724,9692687,22672411
12,60000,12599768,7147698,19747466
12,60000,13852151,8394025,22246176
12,60000,12157135,6582390,18739525
12,60000,12625782,8111524,20737306
12,60000,13468332,8605964,22074296
12,60000,13262094,7454665,20716759
12,60000,13060355,9739479,22799834
12,60000,12482512,9636850,22119362
12,60000,12330749,9769426,22100175
12,60000,12278856,7189185,19468041
12,60000,13136351,7109509,20245860
12,60000,11401671,7147764,18549435
12,60000,11911428,7039747,18951175
12,60000,12537313,9663995,22201308
12,60000,12842215,7119397,19961612
12,60000,14057076,9779097,23836173
12,60000,11758622,7946542,19705164
12,60000,12326361,7131556,19457917
12,60000,12084936,7947422,20032358
12,60000,11767588,7129281,18896869
12,60000,12637921,9762484,22400405
12,60000,15146809,9760351,24907160
12,60000,13425890,8182981,21608871
12,60000,14913055,9659344,24572399
12,60000,12274183,9730966,22005149
12,60000,12396533,9532407,21928940
12,60000,12021618,9819020,21840638
12,60000,12329070,8262297,20591367
12,60000,13616428,9661323,23277751
12,60000,12681470,9754933,22436403
12,60000,13911598,9745975,23657573
12,60000,12653832,9487207,22141039
12,60000,11819905,9703034,21522939
12,60000,12150178,7112967,19263145
12,60000,15012102,9983376,24995478
12,60000,12102740,7449413,19552153
12,60000,12793480,7187137,19980617
12,60000,13175378,9695062,22870440
12,60000,12727501,7156496,19883997
12,60000,13028213,9222543,22250756
12,60000,12010532,9825690,21836222
12,60000,13090906,8140148,21231054
12,60000,12915646,7771899,20687545
12,60000,12583830,7091328,19675158
12,60000,15262515,9619557,24882072
12,60000,13745455,9622008,23367463
12,60000,12768728,9729287,22498015
12,60000,11625093,8466879,20091972
12,60000,12816694,9640871,22457565
12,60000,11809585,7239078,19048663
12,70000,14971040,9532066,24503106
12,70000,15152496,11314626,26467122
12,70000,16067462,10891486,26958948
12,70000,14756529,11261927,26018456
12,70000,15009937,8202401,23212338
12,70000,15212249,10778202,25990451
12,70000,14347740,8200414,22548154
12,70000,14163457,11232691,25396148
12,70000,14194701,8097062,22291763
12,70000,15862853,9111369,24974222
12,70000,17880170,10194900,28075070
12,70000,12532663,8274191,20806854
12,70000,13967193,10556303,24523496
12,70000,15487679,8306164,23793843
12,70000,13923534,9991506,23915040
12,70000,15387745,11272574,26660319
12,70000,15305812,9554880,24860692
12,70000,15253510,10739720,25993230
12,70000,14807862,9706828,24514690
12,70000,13804097,10651150,24455247
12,70000,15169532,8851935,24021467
12,70000,13654540,8155131,21809671
12,70000,12605830,8570012,21175842
12,70000,14424550,10918667,25343217
12,70000,15273747,9505598,24779345
12,70000,14830963,10524575,25355538
12,70000,14153006,11229961,25382967
12,70000,16302447,11229479,27531926
12,70000,16023235,8188770,24212005
12,70000,13423100,8136000,21559100
12,70000,16049148,10293942,26343090
12,70000,14209030,9537957,23746987
12,70000,14977183,10414324,25391507
12,70000,14109045,10540852,24649897
12,70000,14647600,9864965,24512565
12,70000,14953316,8042446,22995762
12,70000,14157658,10820742,24978400
12,70000,17372907,11368388,28741295
12,70000,15321695,8171128,23492823
12,70000,14497882,10975278,25473160
12,70000,15649379,10742541,26391920
12,70000,15673425,8850073,24523498
12,70000,16123289,11268116,27391405
12,70000,15781659,9258008,25039667
12,70000,15573734,9638351,25212085
12,70000,16708026,8801448,25509474
12,70000,16996999,11009665,28006664
12,70000,13673082,8211136,21884218
12,70000,14726590,8198921,22925511
12,70000,16384095,11324812,27708907
12,70000,15376718,10132837,25509555
12,70000,15020546,10787057,25807603
12,70000,14533723,11441671,25975394
12,70000,14145195,11190935,25336130
12,70000,15458123,8330393,23788516
12,70000,14898579,11210912,26109491
12,70000,16111645,11260858,27372503
12,70000,14048181,11320069,25368250
12,70000,14926943,10777769,25704712
12,70000,14778225,8329243,23107468
12,70000,14375285,8174439,22549724
12,70000,13788649,9843532,23632181
12,70000,14252597,10474537,24727134
12,70000,15601230,10854643,26455873
12,70000,16251191,10044414,26295605
12,70000,15185850,8130672,23316522
12,70000,14019724,11258415,25278139
12,70000,15269694,10996157,26265851
12,70000,14580177,11125961,25706138
12,70000,14051970,10593443,24645413
12,70000,13769861,8151403,21921264
12,70000,14836511,8314011,23150522
12,70000,14695973,8169907,22865880
12,70000,14919741,10122493,25042234
12,70000,13301328,10544758,23846086
12,70000,14254238,11417771,25672009
12,70000,16280032,9329785,25609817
12,70000,15196258,10972512,26168770
12,70000,15013039,8201390,23214429
12,70000,15410621,10088544,25499165
12,70000,14977534,11337794,26315328
12,70000,15399966,8179175,23579141
12,70000,14850216,8179660,23029876
12,70000,13839931,10035009,23874940
12,70000,15736153,11205911,26942064
12,70000,15285576,8641674,23927250
12,70000,15049461,8174107,23223568
12,70000,14632308,10258730,24891038
12,70000,14430144,11290422,25720566
12,70000,14387052,11186402,25573454
12,70000,18186669,8304255,26490924
12,70000,15439426,11222529,26661955
12,70000,15142097,11365956,26508053
12,70000,17384824,11230136,28614960
12,70000,17656007,11365224,29021231
12,70000,13746209,9288272,23034481
12,70000,14764174,11312189,26076363
12,70000,14683716,8130363,22814079
12,70000,15250646,11133104,26383750
12,70000,17201552,11248431,28449983
12,70000,15240151,10467986,25708137
12,70000,15302395,10461746,25764141
12,70000,17553934,9658639,27212573
12,70000,13783214,10465210,24248424
12,70000,15007587,9599042,24606629
12,70000,14251864,10132360,24384224
12,70000,15338701,10395575,25734276
12,70000,13620369,11286482,24906851
12,70000,17138839,10334275,27473114
12,70000,14652140,10682145,25334285
12,70000,15266232,8739348,24005580
12,70000,14730041,11294448,26024489
12,70000,13242209,8115382,21357591
12,70000,14896089,8268396,23164485
12,70000,16723595,8326784,25050379
12,80000,16814023,12866613,29680636
12,80000,16461378,10516155,26977533
12,80000,16767154,10314898,27082052
12,80000,19218206,12858610,32076816
12,80000,20333713,11452062,31785775
12,80000,15944934,9314752,25259686
12,80000,16077125,11072695,27149820
12,80000,16210454,9973966,26184420
12,80000,15820343,11998122,27818465
12,80000,17556204,9964228,27520432
12,80000,17483782,9692155,27175937
12,80000,17417255,11149968,28567223
12,80000,15859542,12835614,28695156
12,80000,16853266,11886722,28739988
12,80000,16808977,10481281,27290258
12,80000,16684424,11489877,28174301
12,80000,15804023,9498956,25302979
12,80000,16203312,9354819,25558131
12,80000,15560251,9307738,24867989
12,80000,17262536,9229734,26492270
12,80000,16713594,11448264,28161858
12,80000,16312885,10956809,27269694
12,80000,16988843,12211371,29200214
12,80000,17369200,10540172,27909372
12,80000,18143870,12594880,30738750
12,80000,15208134,11598292,26806426
12,80000,16281201,11352010,27633211
12,80000,16713659,12262642,28976301
12,80000,16704764,12192775,28897539
12,80000,16663425,10210724,26874149
12,80000,17170805,12326708,29497513
12,80000,15914018,10670029,26584047
12,80000,17099139,9252918,26352057
12,80000,16893192,9861193,26754385
12,80000,17255081,11646739,28901820
12,80000,16176752,10748072,26924824
12,80000,17509881,9604779,27114660
12,80000,17113691,10852594,27966285
12,80000,16008659,10755917,26764576
12,80000,19078039,10707608,29785647
12,80000,17669972,11134519,28804491
12,80000,15880417,9262680,25143097
12,80000,15917985,12813908,28731893
12,80000,18762686,10863312,29625998
12,80000,15944318,9221779,25166097
12,80000,15738657,12752463,28491120
12,80000,17283414,12856594,30140008
12,80000,16477062,9802217,26279279
12,80000,15683751,12214947,27898698
12,80000,14868308,10495826,25364134
12,80000,15901339,11088704,26990043
12,80000,16730862,10822716,27553578
12,80000,17607031,12601045,30208076
12,80000,15418501,12596309,28014810
12,80000,15820515,11518939,27339454
12,80000,17197765,9131860,26329625
12,80000,16815849,12883616,29699465
12,80000,15066365,9585732,24652097
12,80000,16950550,11045343,27995893
12,80000,15308037,11114144,26422181
12,80000,17521580,10718786,28240366
12,80000,18097094,9756268,27853362
12,80000,17334124,9692587,27026711
12,80000,16831298,9314469,26145767
12,80000,16323738,9534746,25858484
12,80000,16499953,10706595,27206548
12,80000,16492463,10900952,27393415
12,80000,16954029,9856975,26811004
12,80000,15171190,11713871,26885061
12,80000,15758998,11152624,26911622
12,80000,16070680,11260036,27330716
12,80000,17472800,12912358,30385158
12,80000,16089229,11394852,27484081
12,80000,16430107,11491581,27921688
12,80000,18336896,12418087,30754983
12,80000,17113486,9213652,26327138
12,80000,17225579,11151136,28376715
12,80000,18097029,10148492,28245521
12,80000,17863122,12884711,30747833
12,80000,16096716,9846305,25943021
12,80000,16119770,12832722,28952492
12,80000,17452246,9196098,26648344
12,80000,15681240,10520653,26201893
12,80000,16585574,9262509,25848083
12,80000,18232830,12670726,30903556
12,80000,15754689,9110382,24865071
12,80000,18561305,10011014,28572319
12,80000,16362184,12027066,28389250
12,80000,14989983,9165031,24155014
12,80000,16411275,9267531,25678806
12,80000,17283070,12431888,29714958
12,80000,17054491,11035950,28090441
12,80000,15831612,11959663,27791275
12,80000,15875049,10545668,26420717
12,80000,16068037,9356361,25424398
12,80000,17666625,12610780,30277405
12,80000,17348253,11322274,28670527
12,80000,17680875,11180062,28860937
12,80000,16994772,10609400,27604172
12,80000,16597823,12184438,28782261
12,80000,17933908,11762444,29696352
12,80000,17434961,9759218,27194179
12,80000,16939177,9339986,26279163
12,80000,18886198,12825978,31712176
12,80000,17549035,10765252,28314287
12,80000,15868186,12520138,28388324
12,80000,17675329,13018370,30693699
12,80000,19807683,13004522,32812205
12,80000,16492201,10600291,27092492
12,80000,18188053,12867815,31055868
12,80000,20907044,12774412,33681456
12,80000,15844207,9299087,25143294
12,80000,18067136,11051083,29118219
12,80000,15255028,11047303,26302331
12,80000,16325010,11642962,27967972
12,90000,20636847,11798154,32435001
12,90000,21492920,12219926,33712846
12,90000,18981958,10942306,29924264
12,90000,19862870,13753823,33616693
12,90000,19931684,13658697,33590381
12,90000,20078974,12900608,32979582
12,90000,22301206,12439537,34740743
12,90000,21214889,13836111,35051000
12,90000,18925580,12441378,31366958
12,90000,21032849,12203328,33236177
12,90000,19364768,13006085,32370853
12,90000,19606264,13101531,32707795
12,90000,21330434,12550094,33880528
12,90000,20760942,11233293,31994235
12,90000,17971493,11430563,29402056
12,90000,17366007,9726394,27092401
12,90000,21113024,13727826,34840850
12,90000,20817269,13037143,33854412
12,90000,20399446,9983810,30383256
12,90000,19581646,9775056,29356702
12,90000,20108370,13600817,33709187
12,90000,17473106,11158855,28631961
12,90000,22753217,12702937,35456154
12,90000,22093057,12670396,34763453
12,90000,21431471,12582187,34013658
12,90000,20106917,10670112,30777029
12,90000,17154081,12183036,29337117
12,90000,18335641,11449302,29784943
12,90000,19121383,11790249,30911632
12,90000,18014559,9616896,27631455
12,90000,21623610,11447907,33071517
12,90000,19544058,9835498,29379556
12,90000,17671994,12030823,29702817
12,90000,21536162,11895397,33431559
12,90000,22860361,13075013,35935374
12,90000,18570343,9783843,28354186
12,90000,21061206,12230240,33291446
12,90000,19526043,9737328,29263371
12,90000,21946521,12871252,34817773
12,90000,18571295,13184879,31756174
12,90000,19154110,9728644,28882754
12,90000,18628218,9735978,28364196
12,90000,19326890,13031276,32358166
12,90000,18428650,11074357,29503007
12,90000,21330821,13633089,34963910
12,90000,20550865,13307357,33858222
12,90000,21461308,10322400,31783708
12,90000,17488830,13572629,31061459
12,90000,18964213,12515902,31480115
12,90000,19453393,10544770,29998163
12,90000,19041483,12606080,31647563
12,90000,20408367,12461573,32869940
12,90000,20400137,12972669,33372806
12,90000,18192233,12376826,30569059
12,90000,20576930,13706844,34283774
12,90000,19660463,13811683,33472146
12,90000,19492268,13574868,33067136
12,90000,19704008,11335178,31039186
12,90000,20532763,10017804,30550567
12,90000,22489365,12037755,34527120
12,90000,21269140,12544299,33813439
12,90000,19456371,11966903,31423274
12,90000,18799764,13633890,32433654
12,90000,19331728,10538928,29870656
12,90000,18606031,9711495,28317526
12,90000,17699825,9712284,27412109
12,90000,20824924,12354092,33179016
12,90000,20268629,9913317,30181946
12,90000,18280122,11122579,29402701
12,90000,20603072,11518811,32121883
12,90000,19362041,12815648,32177689
12,90000,23100378,12838280,35938658
12,90000,21275588,12782345,34057933
12,90000,18875105,12374793,31249898
12,90000,18590863,13662538,32253401
12,90000,20498684,9835637,30334321
12,90000,22056919,9738012,31794931
12,90000,17320398,10892830,28213228
12,90000,19631055,12911986,32543041
12,90000,19805826,10029315,29835141
12,90000,20574086,12023116,32597202
12,90000,19113738,13662747,32776485
12,90000,21217981,12857044,34075025
12,90000,19271178,12231646,31502824
12,90000,21344416,12154521,33498937
12,90000,18818975,11830065,30649040
12,90000,22065434,11876573,33942007
12,90000,17510236,13671697,31181933
12,90000,20745121,9975752,30720873
12,90000,18824749,11825090,30649839
12,90000,24163281,13547615,37710896
12,90000,20912816,10948158,31860974
12,90000,19240038,13655392,32895430
12,90000,18519743,9713942,28233685
12,90000,21768167,11519028,33287195
12,90000,19711344,11897480,31608824
12,90000,24317854,13298040,37615894
12,90000,19057172,9748195,28805367
12,90000,20015153,13232387,33247540
12,90000,20634356,13241131,33875487
12,90000,20308361,11864195,32172556
12,90000,19563981,9980570,29544551
12,90000,18546385,9994926,28541311
12,90000,21325742,13549414,34875156
12,90000,21840144,12493648,34333792
12,90000,20101485,13393130,33494615
12,90000,17723539,10913201,28636740
12,90000,19596234,12490309,32086543
12,90000,21814731,13039609,34854340
12,90000,20554941,13707445,34262386
12,90000,19602074,11363556,30965630
12,90000,19431234,13477543,32908777
12,90000,19971496,12218955,32190451
12,90000,20042288,12931682,32973970
12,90000,18384774,10623507,29008281
12,100000,22410571,12985714,35396285
12,100000,20283662,11203758,31487420
12,100000,22384798,11129735,33514533
12,100000,22791326,10728619,33519945
12,100000,21614203,13670298,35284501
12,100000,22713186,10794727,33507913
12,100000,21874242,15155199,37029441
12,100000,21074628,15162581,36237209
12,100000,22794591,13173827,35968418
12,100000,22262351,13806680,36069031
12,100000,21543977,12257039,33801016
12,100000,19449590,10772162,30221752
12,100000,22369385,13897295,36266680
12,100000,22356836,13316988,35673824
12,100000,23316638,11846751,35163389
12,100000,21336622,10763651,32100273
12,100000,21473281,13738972,35212253
12,100000,22371914,12869343,35241257
12,100000,21525603,14826686,36352289
12,100000,20285969,15162193,35448162
12,100000,21663447,14821315,36484762
12,100000,21317232,10782562,32099794
12,100000,21852242,14118628,35970870
12,100000,21911214,13681243,35592457
12,100000,22432441,13495793,35928234
12,100000,22281926,12435584,34717510
12,100000,22981159,13597863,36579022
12,100000,22803110,12911217,35714327
12,100000,21795245,13935176,35730421
12,100000,21491816,12414138,33905954
12,100000,23354936,11253186,34608122
12,100000,20381645,14166457,34548102
12,100000,25924527,10845703,36770230
12,100000,22050916,13311218,35362134
12,100000,21673511,14875856,36549367
12,100000,20664766,10838958,31503724
12,100000,22662176,10825614,33487790
12,100000,22544357,10728511,33272868
12,100000,21991854,15279117,37270971
12,100000,22134457,11171324,33305781
12,100000,19218331,12862564,32080895
12,100000,20931181,14101521,35032702
12,100000,22418167,10797182,33215349
12,100000,23892166,10800641,34692807
12,100000,22251502,15254820,37506322
12,100000,21635840,11692740,33328580
12,100000,22811383,13472231,36283614
12,100000,19659413,10831995,30491408
12,100000,23138940,14285821,37424761
12,100000,21360148,11310965,32671113
12,100000,20951321,10794853,31746174
12,100000,22523426,15226590,37750016
12,100000,21368601,13929866,35298467
12,100000,21151277,12473117,33624394
12,100000,22346087,13425874,35771961
12,100000,20836981,12431741,33268722
12,100000,19865213,10795416,30660629
12,100000,22228138,12910962,35139100
12,100000,20226715,13849695,34076410
12,100000,19340911,10778322,30119233
12,100000,19635119,15326962,34962081
12,100000,22602981,15255765,37858746
12,100000,20918957,11263493,32182450
12,100000,22025284,15079321,37104605
12,100000,22609230,13699501,36308731
12,100000,21030934,15185169,36216103
12,100000,22278983,15255155,37534138
12,100000,24627975,13998907,38626882
12,100000,20778125,13743347,34521472
12,100000,23264777,14953328,38218105
12,100000,20383743,14252863,34636606
12,100000,21862994,10788327,32651321
12,100000,21579594,13693568,35273162
12,100000,19083764,10834041,29917805
12,100000,21001213,14504818,35506031
12,100000,21380446,15121160,36501606
12,100000,19928624,13051788,32980412
12,100000,22207220,14359223,36566443
12,100000,21831721,14076966,35908687
12,100000,21014778,10768325,31783103
12,100000,20361861,10918400,31280261
12,100000,23066037,13115712,36181749
12,100000,24575804,15138687,39714491
12,100000,21647799,10852595,32500394
12,100000,19084345,15296477,34380822
12,100000,22519931,13756011,36275942
12,100000,21537197,11191849,32729046
12,100000,22387372,14537938,36925310
12,100000,23727680,10728415,34456095
12,100000,22658913,12589957,35248870
12,100000,21974310,14383179,36357489
12,100000,19725261,10909707,30634968
12,100000,21277896,13513662,34791558
12,100000,20753513,13848320,34601833
12,100000,22387449,10844264,33231713
12,100000,21557423,13225932,34783355
12,100000,23519666,10777582,34297248
12,100000,21145110,13718943,34864053
12,100000,23123200,13225940,36349140
12,100000,20493440,10712801,31206241
12,100000,21516032,13473350,34989382
12,100000,21175911,14000478,35176389
12,100000,20955351,10741765,31697116
12,100000,20798946,10830201,31629147
12,100000,21641755,13968751,35610506
12,100000,21231493,10832954,32064447
12,100000,21389467,10769230,32158697
12,100000,23083048,11400833,34483881
12,100000,22309373,11503329,33812702
12,100000,22040466,13239718,35280184
12,100000,19621198,10810832,30432030
12,100000,21877584,12135888,34013472
12,100000,20876723,10838116,31714839
12,100000,22134282,13360133,35494415
12,100000,23121105,10747440,33868545
12,100000,19931214,12293197,32224411
12,100000,22785465,11641965,34427430
12,100000,23001401,11582970,34584371
12,100000,20233983,15281315,35515298
12,100000,19903795,10729669,30633464
12,100000,24701731,15169100,39870831
12,100000,20872240,13054383,33926623
12,100000,23390343,12761597,36151940
12,100000,22263407,11935991,34199398
12,100000,21624953,15159609,36784562
12,100000,22041560,12992009,35033569
12,100000,21715929,11385697,33101626
12,100000,19822875,10740607,30563482
12,100000,20416722,13973035,34389757
12,100000,21873096,15241325,37114421
12,100000,19927983,10741369,30669352
12,100000,19890826,12492496,32383322
12,100000,24040009,15311244,39351253
12,100000,18868896,10859436,29728332
12,100000,22879644,14017523,36897167
12,100000,25090080,14888350,39978430
12,100000,20555628,11096605,31652233
12,100000,22199656,12029242,34228898
12,100000,22971956,11926828,34898784
12,100000,21997505,12183167,34180672
12,100000,21080744,11650396,32731140
12,100000,22476727,10785847,33262574
12,100000,23215902,13575499,36791401
12,100000,23654098,11004519,34658617
12,100000,21465307,14141544,35606851
12,100000,23988410,15114197,39102607
12,100000,22437080,15127118,37564198
12,100000,21325868,13383744,34709612
12,100000,21963655,11954782,33918437
12,100000,21604310,13393136,34997446
12,100000,23543008,13565051,37108059
12,100000,23787159,10800836,34587995
12,100000,22901988,13376593,36278581
12,100000,21852133,15060446,36912579
12,100000,19679401,11477560,31156961
12,100000,20233568,14510541,34744109
12,100000,20343598,14216571,34560169
12,100000,21170314,14887468,36057782
12,100000,20289355,14257828,34547183
12,100000,22602151,10709766,33311917
12,100000,19332216,15327558,34659774
12,100000,25426396,10723379,36149775
12,100000,20406190,13644468,34050658
12,100000,21003222,13590672,34593894
12,100000,20403897,13207869,33611766
12,100000,22766716,13380076,36146792
12,100000,21869335,15272158,37141493
12,100000,22330325,14912034,37242359
12,100000,19915305,12627265,32542570
12,100000,22242529,12990667,35233196
12,100000,22181779,13158746,35340525
12,100000,19624481,10699843,30324324
12,100000,21638800,13728675,35367475
12,100000,21161434,15268576,36430010
12,100000,22100405,14348214,36448619
12,100000,23696579,13867684,37564263
12,100000,22099660,15133360,37233020
12,100000,21254937,13174546,34429483
12,100000,23141788,13694330,36836118
12,100000,23111394,10794368,33905762
12,100000,20192598,11438803,31631401
12,100000,21135220,10678561,31813781
12,100000,22531460,13824602,36356062
12,100000,22356158,10846152,33202310
12,100000,22821644,10845449,33667093
12,100000,22975799,14546792,37522591
12,100000,22613842,11939439,34553281
12,100000,21979485,15240535,37220020
12,100000,21409419,13864928,35274347
12,100000,19768126,10831448,30599574
12,100000,22458278,13695502,36153780
12,100000,22882765,15068537,37951302
12,100000,23531027,13155921,36686948
12,100000,20844708,12213875,33058583
12,100000,25209530,13649765,38859295
12,100000,25554693,10826172,36380865
12,100000,21128987,10830687,31959674
12,100000,20555701,10726278,31281979
12,100000,24605392,10731750,35337142
12,100000,22772429,12114240,34886669
12,100000,21149958,11858923,33008881
12,100000,18704398,14426975,33131373
12,100000,22294373,13529508,35823881
12,100000,21985409,14903507,36888916
12,100000,22515894,13215621,35731515
12,100000,19164448,12166838,31331286
12,100000,20570010,12296736,32866746
12,100000,19912061,11711208,31623269
12,100000,19955749,13980423,33936172
12,100000,22346792,12235533,34582325
12,100000,22707219,12719521,35426740
12,100000,19382191,14153213,33535404
12,100000,22055316,15057688,37113004
12,100000,24229162,12407784,36636946
12,100000,21082313,10767131,31849444
12,100000,21753598,14293534,36047132
12,100000,20132604,13644264,33776868
12,100000,21955651,12903060,34858711
12,100000,19212156,10854349,30066505
12,100000,21634607,13035543,34670150
12,100000,21988068,10786400,32774468
12,100000,21293534,15224186,36517720
12,100000,21834496,12196707,34031203
12,100000,22227133,11901320,34128453
12,100000,22634018,13464849,36098867
12,100000,20940219,13413235,34353454
12,100000,20482692,14433142,34915834
12,100000,20690488,10792444,31482932
12,100000,21583426,14201687,35785113
12,100000,20065225,15163293,35228518
12,200000,40968957,21660746,62629703
12,200000,39745391,21661138,61406529
12,200000,40265533,21560902,61826435
12,200000,36860669,21470446,58331115
12,200000,47418156,23705058,71123214
12,200000,42319439,22133492,64452931
12,200000,45728502,21563715,67292217
12,200000,40075987,21519673,61595660
12,200000,38423675,21423064,59846739
12,200000,34959247,21425441,56384688
12,200000,42164849,21626479,63791328
12,200000,47276185,22310515,69586700
12,200000,43956853,21716089,65672942
12,200000,40328170,22346590,62674760
12,200000,39597281,22913558,62510839
12,200000,41521471,23769185,65290656
12,200000,38721839,21583688,60305527
12,200000,44960086,21648885,66608971
12,200000,41084851,21298666,62383517
12,200000,39148035,21424803,60572838
12,200000,37940291,21459349,59399640
12,200000,43403752,21573061,64976813
12,200000,42918044,21489891,64407935
12,200000,38336324,25175739,63512063
12,200000,42881339,21414210,64295549
12,200000,41936381,21410691,63347072
12,200000,43765417,21408788,65174205
12,200000,37300741,21444585,58745326
12,200000,39733327,21613822,61347149
12,200000,37457268,21605949,59063217
12,200000,39077399,21613097,60690496
12,200000,38808898,22599952,61408850
12,200000,39824796,21627044,61451840
12,200000,39453450,21378910,60832360
12,200000,42243179,21130461,63373640
12,200000,42817040,21479308,64296348
12,200000,42434786,21426890,63861676
12,200000,42036728,25518718,67555446
12,200000,42408349,21418504,63826853
12,200000,43199073,21409679,64608752
12,200000,41259415,21632651,62892066
12,200000,40828239,21709364,62537603
12,200000,43488933,24106097,67595030
12,200000,40641739,24900757,65542496
12,200000,38621556,21445590,60067146
12,200000,45168932,21665390,66834322
12,200000,46726698,21424861,68151559
12,200000,41375169,21456843,62832012
12,200000,44268549,23644607,67913156
12,200000,40788618,22214730,63003348
12,200000,39852060,21414509,61266569
12,200000,40788826,22151949,62940775
12,200000,40400422,22319041,62719463
12,200000,36222628,21475542,57698170
12,200000,40969143,21409362,62378505
12,200000,39745550,21454617,61200167
12,200000,38559687,21644047,60203734
12,200000,37348143,22822452,60170595
12,200000,41019988,21746301,62766289
12,200000,40372083,24355672,64727755
12,200000,45696747,21626783,67323530
12,200000,40375108,23963949,64339057
12,200000,43563972,23722353,67286325
12,200000,43257880,21606258,64864138
12,200000,42776237,21701277,64477514
12,200000,43538290,21484450,65022740
12,200000,37040329,21594922,58635251
12,200000,37812087,22739401,60551488
12,200000,43900513,21365159,65265672
12,200000,37488264,21429986,58918250
12,200000,39477568,21522050,60999618
12,200000,41256498,21384777,62641275
12,200000,39739057,21635782,61374839
12,200000,34477853,21357770,55835623
12,200000,42481126,22477419,64958545
12,200000,41296846,21372677,62669523
12,200000,43622566,21397000,65019566
12,200000,43150329,24687509,67837838
12,200000,43178806,21687465,64866271
12,200000,43418258,21613980,65032238
12,200000,39111540,21682744,60794284
12,200000,47833478,21728112,69561590
12,200000,40490114,25196771,65686885
12,200000,42085959,21419972,63505931
12,200000,45707237,21547349,67254586
12,200000,41033135,21352792,62385927
12,200000,40481837,21523829,62005666
12,200000,40872652,22022683,62895335
12,200000,44294700,21555018,65849718
12,200000,42509629,23508266,66017895
12,200000,40328102,21427411,61755513
12,200000,40402576,21727465,62130041
12,200000,41654513,22503806,64158319
12,200000,42692919,21379714,64072633
12,200000,39130221,21626712,60756933
12,200000,42781669,21465974,64247643
12,200000,36633174,21450799,58083973
12,200000,42571910,21384108,63956018
12,200000,40402802,22002563,62405365
12,200000,42455810,21786129,64241939
12,200000,43548544,21777183,65325727
12,200000,40407550,21685995,62093545
12,200000,41937909,21652630,63590539
12,200000,43299640,21428287,64727927
12,200000,42576073,23453711,66029784
12,200000,40878319,21343671,62221990
12,200000,40022318,21407891,61430209
12,200000,44387422,21432182,65819604
12,200000,40020679,21915298,61935977
12,200000,43488111,21728169,65216280
12,200000,37776608,21440121,59216729
12,200000,42194235,21637616,63831851
12,200000,41274757,21423499,62698256
12,200000,40378297,21687866,62066163
12,200000,40728203,22436919,63165122
12,300000,64664329,32126639,96790968
12,300000,58522586,36506721,95029307
12,300000,57540240,35803744,93343984
12,300000,58055620,32137839,90193459
12,300000,59957451,32172109,92129560
12,300000,62218637,32148121,94366758
12,300000,59620055,32514169,92134224
12,300000,57765297,32123468,89888765
12,300000,59121774,33920982,93042756
12,300000,59150123,34067257,93217380
12,300000,56483352,32417658,88901010
12,300000,62069541,32066871,94136412
12,300000,59645116,32218147,91863263
12,300000,62479896,36068629,98548525
12,300000,54322119,32146260,86468379
12,300000,58862816,32180357,91043173
12,300000,63170733,33929373,97100106
12,300000,60759020,36413942,97172962
12,300000,50633517,32185491,82819008
12,300000,59094727,32076353,91171080
12,300000,53040158,32481308,85521466
12,300000,58109660,36453749,94563409
12,300000,58949575,32542120,91491695
12,300000,58323415,31733097,90056512
12,300000,57743124,32229890,89973014
12,300000,60369795,36387359,96757154
12,300000,60384748,32383294,92768042
12,300000,55429947,32603856,88033803
12,300000,60415535,33141395,93556930
12,300000,60089108,32191983,92281091
12,300000,59174692,35837299,95011991
12,300000,60078780,31584244,91663024
12,300000,59100636,33602259,92702895
12,300000,58606714,32123619,90730333
12,300000,60073739,34235719,94309458
12,300000,59605386,32322877,91928263
12,300000,61380893,32606889,93987782
12,300000,56765458,32395514,89160972
12,300000,56998822,33666588,90665410
12,300000,62878640,32122564,95001204
12,300000,59379644,34877454,94257098
12,300000,52348512,31807551,84156063
12,300000,62520045,33978802,96498847
12,300000,56559584,32478625,89038209
12,300000,53834152,32197357,86031509
12,300000,61556527,33671064,95227591
12,300000,58775247,33240149,92015396
12,300000,65820462,32178380,97998842
12,300000,57653555,32159879,89813434
12,300000,58421582,36502492,94924074
12,300000,60674100,33257904,93932004
12,300000,59524323,31961310,91485633
12,300000,58779539,32145239,90924778
12,300000,58606796,32172974,90779770
12,300000,60236890,32211996,92448886
12,300000,56704074,31824807,88528881
12,300000,57534669,32152275,89686944
12,300000,59453978,32498992,91952970
12,300000,57719740,32154243,89873983
12,300000,63727702,34515896,98243598
12,300000,54506094,32130064,86636158
12,300000,62629452,33396545,96025997
12,300000,56531357,32141312,88672669
12,300000,57953783,34077823,92031606
12,300000,60318132,32377833,92695965
12,300000,50931997,32435309,83367306
12,300000,57333429,32178226,89511655
12,300000,56510794,32101609,88612403
12,300000,53854019,32502357,86356376
12,300000,52406434,32473056,84879490
12,300000,58723651,32189019,90912670
12,300000,58209320,32495845,90705165
12,300000,53380843,32221245,85602088
12,300000,61004958,32214611,93219569
12,300000,64698093,32229702,96927795
12,300000,54447148,32215739,86662887
12,300000,55839369,32164179,88003548
12,300000,56743953,32035628,88779581
12,300000,68045091,32247898,100292989
12,300000,58082402,36726279,94808681
12,300000,57488791,32605360,90094151
12,300000,59961433,32101789,92063222
12,300000,52303441,32637693,84941134
12,300000,54969677,32491092,87460769
12,300000,61255653,32409771,93665424
12,300000,59060947,32931796,91992743
12,300000,59874812,32130560,92005372
12,300000,58961632,32279105,91240737
12,300000,56376212,31862696,88238908
12,300000,59636659,33745704,93382363
12,300000,65496306,32427612,97923918
12,300000,58684202,32539844,91224046
12,300000,65195187,32140575,97335762
12,300000,61574685,32227345,93802030
12,300000,61465512,32076669,93542181
12,300000,60005379,35308820,95314199
12,300000,68465861,32464679,100930540
12,300000,58533799,32057244,90591043
12,300000,53166217,32429651,85595868
12,300000,56818860,32616087,89434947
12,300000,60999581,32605036,93604617
12,300000,53573082,32119864,85692946
12,300000,53128159,32216790,85344949
12,300000,55364051,32050178,87414229
12,300000,61299893,34240878,95540771
12,300000,57751015,32548930,90299945
12,300000,56721026,32085478,88806504
12,300000,62963297,34321219,97284516
12,300000,64263454,32113818,96377272
12,300000,60655092,32179735,92834827
12,300000,59885955,32427657,92313612
12,300000,59800724,32159536,91960260
12,300000,60474061,32438676,92912737
12,300000,54862830,33939316,88802146
12,300000,61491480,33586457,95077937
12,400000,74700590,43041851,117742441
12,400000,95940467,43415065,139355532
12,400000,78877344,43367881,122245225
12,400000,81158653,43411413,124570066
12,400000,71923028,42831667,114754695
12,400000,74312145,43344342,117656487
12,400000,74778462,43175254,117953716
12,400000,86523752,43164840,129688592
12,400000,78442401,43413422,121855823
12,400000,79238797,43246218,122485015
12,400000,77783005,43357269,121140274
12,400000,77001698,43406924,120408622
12,400000,75941298,43715246,119656544
12,400000,73728668,43192010,116920678
12,400000,70901873,43496883,114398756
12,400000,82590563,43342004,125932567
12,400000,75137136,43474983,118612119
12,400000,72679796,43502343,116182139
12,400000,78421563,43220699,121642262
12,400000,78873592,43316343,122189935
12,400000,78714560,43366109,122080669
12,400000,82135958,43521653,125657611
12,400000,83628106,43556508,127184614
12,400000,74658647,42910899,117569546
12,400000,74687036,43073465,117760501
12,400000,76310106,43255125,119565231
12,400000,83290106,43139350,126429456
12,400000,80642951,43298940,123941891
12,400000,80212611,43199286,123411897
12,400000,74372647,46291779,120664426
12,400000,91919258,43471607,135390865
12,400000,77092317,43421510,120513827
12,400000,80588964,43385661,123974625
12,400000,79059897,43506750,122566647
12,400000,80127387,46107172,126234559
12,400000,84178896,43526199,127705095
12,400000,86359442,43538686,129898128
12,400000,76542622,43467470,120010092
12,400000,76093866,43183055,119276921
12,400000,72316606,42726684,115043290
12,400000,82180702,45134735,127315437
12,400000,76497253,43369135,119866388
12,400000,71216228,43422414,114638642
12,400000,81163164,43305885,124469049
12,400000,76897654,43190215,120087869
12,400000,73869833,43433023,117302856
12,400000,74654359,43507501,118161860
12,400000,84997458,43333412,128330870
12,400000,79215568,43406033,122621601
12,400000,83189720,42932474,126122194
12,400000,77121096,42911896,120032992
12,400000,79497317,43273095,122770412
12,400000,77484825,43573392,121058217
12,400000,74934150,43393267,118327417
12,400000,73106211,43026822,116133033
12,400000,70138777,43497734,113636511
12,400000,71682229,43328960,115011189
12,400000,74013549,44404380,118417929
12,400000,78368374,43367123,121735497
12,400000,83414742,43454445,126869187
12,400000,79657816,44054928,123712744
12,400000,80222227,47292969,127515196
12,400000,83598831,43465556,127064387
12,400000,75904935,43304705,119209640
12,400000,76369592,43116252,119485844
12,400000,74895486,43523377,118418863
12,400000,85716223,43427581,129143804
12,400000,82032378,44464781,126497159
12,400000,83427175,43076841,126504016
12,400000,78864534,43213430,122077964
12,400000,75452936,43144846,118597782
12,400000,78700856,44480887,123181743
12,400000,80944305,43230985,124175290
12,400000,83343220,43151963,126495183
12,400000,75038251,43085432,118123683
12,400000,76413997,42999750,119413747
12,400000,97307067,45933702,143240769
12,400000,80083163,43408446,123491609
12,400000,73868461,43316088,117184549
12,400000,72539980,43293146,115833126
12,400000,74779813,43299721,118079534
12,400000,81584188,43274733,124858921
12,400000,82123862,43971605,126095467
12,400000,77605495,43230227,120835722
12,400000,87677345,43322961,131000306
12,400000,75174641,43221538,118396179
12,400000,77067516,43392984,120460500
12,400000,76019616,44419870,120439486
12,400000,73925422,43427000,117352422
12,400000,86160217,43370534,129530751
12,400000,78649196,44862677,123511873
12,400000,75967745,43018679,118986424
12,400000,79191344,42978679,122170023
12,400000,76432597,43412418,119845015
12,400000,77009149,43023241,120032390
12,400000,81004667,44942318,125946985
12,400000,79549199,43394317,122943516
12,400000,73397864,43413621,116811485
12,400000,79202929,43339403,122542332
12,400000,77361962,43112966,120474928
12,400000,71332841,42937929,114270770
12,400000,88319576,43208970,131528546
12,400000,77628276,43409677,121037953
12,400000,83711760,43607913,127319673
12,400000,85585424,43471220,129056644
12,400000,79285776,43359485,122645261
12,400000,74776434,43392202,118168636
12,400000,84432262,43240058,127672320
12,400000,82228414,43315607,125544021
12,400000,74774986,43392108,118167094
12,400000,82407951,43359188,125767139
12,400000,78214574,43510535,121725109
12,400000,77473906,45074391,122548297
12,400000,71506018,43229669,114735687
12,400000,77987864,43089422,121077286
12,500000,88258131,53220791,141478922
12,500000,95038245,53909761,148948006
12,500000,96331806,53957133,150288939
12,500000,96949762,53413072,150362834
12,500000,90927686,53776645,144704331
12,500000,93259088,53857288,147116376
12,500000,96979827,53939285,150919112
12,500000,93871150,53883146,147754296
12,500000,87439796,53866412,141306208
12,500000,95899515,54524636,150424151
12,500000,96184276,53848208,150032484
12,500000,92971055,53971390,146942445
12,500000,92816608,53861544,146678152
12,500000,91770738,53901948,145672686
12,500000,98594433,53891238,152485671
12,500000,99872767,53297652,153170419
12,500000,100452579,53874369,154326948
12,500000,89156200,53862331,143018531
12,500000,102620999,53947382,156568381
12,500000,93768685,54000291,147768976
12,500000,94343194,53871162,148214356
12,500000,86521493,53637785,140159278
12,500000,99888296,53852187,153740483
12,500000,97472047,53843424,151315471
12,500000,100415067,53355551,153770618
12,500000,96193204,53820700,150013904
12,500000,96260889,53840250,150101139
12,500000,93382767,54168452,147551219
12,500000,104234927,53782784,158017711
12,500000,96448475,53981851,150430326
12,500000,91029841,53558350,144588191
12,500000,95496780,53795605,149292385
12,500000,94769174,53785326,148554500
12,500000,98016711,53414779,151431490
12,500000,101716188,53567570,155283758
12,500000,87067097,53778852,140845949
12,500000,99183255,53866771,153050026
12,500000,91917537,53810123,145727660
12,500000,88013589,54004281,142017870
12,500000,84194820,54010134,138204954
12,500000,91290577,53963592,145254169
12,500000,102172330,53766414,155938744
12,500000,96912123,53488162,150400285
12,500000,97920286,53888690,151808976
12,500000,89673039,53831395,143504434
12,500000,102119081,54044879,156163960
12,500000,91655731,53574640,145230371
12,500000,91756480,53685801,145442281
12,500000,98077765,53912741,151990506
12,500000,87296533,53696288,140992821
12,500000,93767195,53779772,147546967
12,500000,91475634,53577517,145053151
12,500000,92664132,53915950,146580082
12,500000,98453756,53562236,152015992
12,500000,100009320,53972069,153981389
12,500000,89334480,53660660,142995140
12,500000,103035543,53951756,156987299
12,500000,98357547,53542252,151899799
12,500000,100727919,53947752,154675671
12,500000,103970258,56798135,160768393
12,500000,92110991,53886505,145997496
12,500000,95882042,54106035,149988077
12,500000,109636283,53324712,162960995
12,500000,82098260,53549947,135648207
12,500000,98867503,53950569,152818072
12,500000,96787324,53952028,150739352
12,500000,100006136,53908975,153915111
12,500000,97027098,53499558,150526656
12,500000,97061743,53817287,150879030
12,500000,95461249,53785279,149246528
12,500000,98536931,53853462,152390393
12,500000,96459684,53778890,150238574
12,500000,93216044,53903536,147119580
12,500000,92450063,53797864,146247927
12,500000,94964621,53796501,148761122
12,500000,90311753,53463530,143775283
12,500000,87782200,53857266,141639466
12,500000,88523285,53595823,142119108
12,500000,87665818,53541886,141207704
12,500000,95099030,53535735,148634765
12,500000,95500586,53916720,149417306
12,500000,95115597,53865345,148980942
12,500000,92741106,53883666,146624772
12,500000,97037752,53792413,150830165
12,500000,87596298,53743140,141339438
12,500000,94891141,53831945,148723086
12,500000,89578975,54100497,143679472
12,500000,95841246,53481131,149322377
12,500000,92865988,53881926,146747914
12,500000,94032819,53698753,147731572
12,500000,98843120,54078400,152921520
12,500000,91043689,53579691,144623380
12,500000,96247626,53876562,150124188
12,500000,91563326,53849858,145413184
12,500000,106181601,53855141,160036742
12,500000,99029096,53569205,152598301
12,500000,83880382,53437826,137318208
12,500000,94267457,53634893,147902350
12,500000,84908028,54062623,138970651
12,500000,90719748,53864619,144584367
12,500000,97262613,53597852,150860465
12,500000,86277156,53933188,140210344
12,500000,89500266,53710000,143210266
12,500000,90419208,53816268,144235476
12,500000,96230630,53651149,149881779
12,500000,90715733,57232030,147947763
12,500000,96586899,53898568,150485467
12,500000,96472719,53355769,149828488
12,500000,95878203,53820887,149699090
12,500000,92828517,53893269,146721786
12,500000,93927687,53766924,147694611
12,500000,96148924,53977432,150126356
12,500000,93710370,53857735,147568105
12,500000,94308208,53855820,148164028
12,500000,90382908,54022197,144405105
12,600000,106137030,63965799,170102829
12,600000,110409892,66444075,176853967
12,600000,103055289,64021084,167076373
12,600000,117157222,64834038,181991260
12,600000,105694617,64021533,169716150
12,600000,100959036,66023489,166982525
12,600000,106820959,64476381,171297340
12,600000,103082610,63835330,166917940
12,600000,108751313,64314821,173066134
12,600000,102354594,64783143,167137737
12,600000,115378421,64561341,179939762
12,600000,105718668,64692108,170410776
12,600000,109437998,64658119,174096117
12,600000,109487682,64141070,173628752
12,600000,112070667,64117580,176188247
12,600000,107959051,64353900,172312951
12,600000,100861354,63964170,164825524
12,600000,109119437,64280537,173399974
12,600000,104486729,64188881,168675610
12,600000,112174523,64573672,176748195
12,600000,100753620,64358481,165112101
12,600000,111153070,63771271,174924341
12,600000,109554182,64633669,174187851
12,600000,107813208,64524136,172337344
12,600000,114293042,64225546,178518588
12,600000,109714096,64805996,174520092
12,600000,105687217,64836171,170523388
12,600000,115426601,64593140,180019741
12,600000,118865749,64539935,183405684
12,600000,109731958,67854503,177586461
12,600000,118709282,64074954,182784236
12,600000,115111575,65573311,180684886
12,600000,116229107,65816627,182045734
12,600000,106652237,64754092,171406329
12,600000,112701258,63769823,176471081
12,600000,105554465,63945910,169500375
12,600000,123321841,64613570,187935411
12,600000,118580646,64192365,182773011
12,600000,114622217,64506699,179128916
12,600000,114607300,64048768,178656068
12,600000,113601464,64704957,178306421
12,600000,105135300,64161836,169297136
12,600000,108779724,64274773,173054497
12,600000,111782631,63724579,175507210
12,600000,109521098,64537924,174059022
12,600000,112147108,64607537,176754645
12,600000,101557257,64738160,166295417
12,600000,108464228,64030178,172494406
12,600000,109427150,64574574,174001724
12,600000,102311661,64449797,166761458
12,600000,111626350,64802599,176428949
12,600000,104541912,63687409,168229321
12,600000,112587722,64109921,176697643
12,600000,111555163,63794238,175349401
12,600000,114171151,63742896,177914047
12,600000,101740647,64011682,165752329
12,600000,110926765,64720237,175647002
12,600000,118353369,64812193,183165562
12,600000,111792555,64667029,176459584
12,600000,105056128,64537262,169593390
12,600000,114428564,66283629,180712193
12,600000,105160266,64723244,169883510
12,600000,110410014,64170889,174580903
12,600000,110815537,64020444,174835981
12,600000,104745132,64719976,169465108
12,600000,115969684,64394148,180363832
12,600000,109413067,64349184,173762251
12,600000,113103553,64232762,177336315
12,600000,112920173,64616744,177536917
12,600000,108029356,64210865,172240221
12,600000,109614090,64408900,174022990
12,600000,117978198,64548829,182527027
12,600000,110163503,64143394,174306897
12,600000,114103709,64953151,179056860
12,600000,112290638,64617942,176908580
12,600000,96905111,64074525,160979636
12,600000,117615390,64663920,182279310
12,600000,108186372,64416461,172602833
12,600000,113707079,64483329,178190408
12,600000,112968141,64136022,177104163
12,600000,110118777,64118811,174237588
12,600000,112339785,64050696,176390481
12,600000,107570924,64679848,172250772
12,600000,108329191,64771407,173100598
12,600000,112406544,64730687,177137231
12,600000,99064978,64123372,163188350
12,600000,105243821,65237472,170481293
12,600000,102285575,64353213,166638788
12,600000,111938812,66837638,178776450
12,600000,108291855,64934826,173226681
12,600000,107862247,64575400,172437647
12,600000,130786348,64776657,195563005
12,600000,114362569,64657450,179020019
12,600000,109764742,64587503,174352245
12,600000,109489701,64159176,173648877
12,600000,110094701,64274782,174369483
12,600000,128301932,64736856,193038788
12,600000,114381235,64210889,178592124
12,600000,106685643,64570566,171256209
12,600000,106581413,64078930,170660343
12,600000,110503188,64573740,175076928
12,600000,115580455,64043423,179623878
12,600000,100225294,64006798,164232092
12,600000,110484975,65325599,175810574
12,600000,117565302,64705566,182270868
12,600000,121934238,64653633,186587871
12,600000,118105797,64272744,182378541
12,600000,125000439,64705646,189706085
12,600000,112394289,64675097,177069386
12,600000,110786866,63877664,174664530
12,600000,103971038,64056490,168027528
12,600000,126724203,64852952,191577155
12,600000,116926295,64734125,181660420
12,600000,121708113,65977455,187685568
12,600000,116197086,64253785,180450871
12,700000,127328643,75583429,202912072
12,700000,144679104,75395830,220074934
12,700000,145802431,75469777,221272208
12,700000,127438658,75844761,203283419
12,700000,128960676,75651454,204612130
12,700000,123779671,75650781,199430452
12,700000,128692355,75454389,204146744
12,700000,124840814,75759186,200600000
12,700000,116011297,75806177,191817474
12,700000,121207079,75362666,196569745
12,700000,124478720,75709086,200187806
12,700000,126711842,75649960,202361802
12,700000,140677222,75253518,215930740
12,700000,124069796,75443249,199513045
12,700000,126019306,75597273,201616579
12,700000,124975521,75465480,200441001
12,700000,124998465,75512072,200510537
12,700000,113978943,75674685,189653628
12,700000,128856385,75507812,204364197
12,700000,123536322,75517468,199053790
12,700000,126899193,75517613,202416806
12,700000,127913652,75717737,203631389
12,700000,123387575,75151249,198538824
12,700000,145787740,75723761,221511501
12,700000,123374994,77063741,200438735
12,700000,131963387,75667296,207630683
12,700000,131511053,75445121,206956174
12,700000,119086921,75774627,194861548
12,700000,128802168,75746406,204548574
12,700000,121764888,75398963,197163851
12,700000,122622760,75534744,198157504
12,700000,136510393,75438723,211949116
12,700000,132657795,76039858,208697653
12,700000,149435311,75869913,225305224
12,700000,120608436,75486697,196095133
12,700000,146387508,75733019,222120527
12,700000,141443298,75381851,216825149
12,700000,125724151,75724376,201448527
12,700000,122592202,75706983,198299185
12,700000,121966600,75510998,197477598
12,700000,115637115,75585434,191222549
12,700000,134445917,75611356,210057273
12,700000,122730125,75465544,198195669
12,700000,126372797,75356275,201729072
12,700000,126362687,75984944,202347631
12,700000,126090053,75914853,202004906
12,700000,130921537,75638168,206559705
12,700000,117957633,75671742,193629375
12,700000,131046104,75611051,206657155
12,700000,116540068,75675989,192216057
12,700000,121116092,75439759,196555851
12,700000,128015855,75598448,203614303
12,700000,120541369,75558728,196100097
12,700000,124883148,75594344,200477492
12,700000,123127490,76237720,199365210
12,700000,120328880,75263669,195592549
12,700000,139134409,75533508,214667917
12,700000,132762858,75344288,208107146
12,700000,128691284,76026342,204717626
12,700000,125835673,75451510,201287183
12,700000,124166375,76193357,200359732
12,700000,122521709,75315475,197837184
12,700000,117600596,75665360,193265956
12,700000,121310518,75446674,196757192
12,700000,121299085,75608659,196907744
12,700000,123948794,75510828,199459622
12,700000,127376371,75578314,202954685
12,700000,126332761,75318652,201651413
12,700000,131902944,75625378,207528322
12,700000,133987949,77651931,211639880
12,700000,120450797,76272472,196723269
12,700000,133458909,75480995,208939904
12,700000,130792331,75375812,206168143
12,700000,129558150,75630334,205188484
12,700000,126457562,75526909,201984471
12,700000,137395636,75702710,213098346
12,700000,127653760,75819439,203473199
12,700000,123512558,75522699,199035257
12,700000,121787559,75817726,197605285
12,700000,123177556,75461648,198639204
12,700000,126967235,76219525,203186760
12,700000,115846365,76148837,191995202
12,700000,130225203,77065203,207290406
12,700000,125633200,76133387,201766587
12,700000,127052081,75676235,202728316
12,700000,127109750,75458558,202568308
12,700000,137137571,75625663,212763234
12,700000,111943474,75515366,187458840
12,700000,132870519,75551720,208422239
12,700000,123448084,75535895,198983979
12,700000,117609116,75256756,192865872
12,700000,132576036,75642105,208218141
12,700000,124471841,75342576,199814417
12,700000,125648936,75720037,201368973
12,700000,114295629,75361747,189657376
12,700000,130706398,75561024,206267422
12,700000,137586971,76103998,213690969
12,700000,138213749,75438433,213652182
12,700000,131931364,75693082,207624446
12,700000,126210783,76079860,202290643
12,700000,130437135,75581151,206018286
12,700000,122474726,75614792,198089518
12,700000,126965093,75456355,202421448
12,700000,124907627,75703206,200610833
12,700000,129022077,75621475,204643552
12,700000,121183989,75579532,196763521
12,700000,132534733,75930746,208465479
12,700000,130147063,75547241,205694304
12,700000,120686477,75506016,196192493
12,700000,124043128,75508312,199551440
12,700000,149409849,75535401,224945250
12,700000,113476192,75453786,188929978
12,700000,125128583,77334808,202463391
12,700000,121762594,75398230,197160824
12,700000,129117892,75736897,204854789
12,800000,141026227,85261412,226287639
12,800000,148009718,84990997,233000715
12,800000,148796290,85030157,233826447
12,800000,156835105,85544026,242379131
12,800000,138089208,85473278,223562486
12,800000,146371759,84688494,231060253
12,800000,144531958,85198186,229730144
12,800000,142692160,85137179,227829339
12,800000,138100754,85280735,223381489
12,800000,141148951,85354620,226503571
12,800000,146381060,84459799,230840859
12,800000,124185143,85096837,209281980
12,800000,146164856,85385177,231550033
12,800000,138864160,85628881,224493041
12,800000,146543480,85012502,231555982
12,800000,126973494,85140599,212114093
12,800000,129863043,84893648,214756691
12,800000,148115471,84860033,232975504
12,800000,143446613,84959846,228406459
12,800000,135497263,85427092,220924355
12,800000,146097454,86120780,232218234
12,800000,160868382,85013505,245881887
12,800000,154337047,85659720,239996767
12,800000,144090659,85012445,229103104
12,800000,147708419,85095964,232804383
12,800000,139676625,85152634,224829259
12,800000,144203148,85048238,229251386
12,800000,157398954,84723700,242122654
12,800000,142821368,85529207,228350575
12,800000,163557742,85279171,248836913
12,800000,148918276,84379832,233298108
12,800000,143552098,85189316,228741414
12,800000,143098182,84706348,227804530
12,800000,153928029,86886484,240814513
12,800000,155578393,85062626,240641019
12,800000,154387237,85469606,239856843
12,800000,147541745,84765352,232307097
12,800000,163027866,85194694,248222560
12,800000,152790384,84769201,237559585
12,800000,148085902,84625385,232711287
12,800000,140094937,85086259,225181196
12,800000,137934060,84756597,222690657
12,800000,136465520,85251088,221716608
12,800000,139309076,85175991,224485067
12,800000,139039925,85626540,224666465
12,800000,157581370,85227386,242808756
12,800000,126795355,85602999,212398354
12,800000,134183883,85134807,219318690
12,800000,162292310,84812909,247105219
12,800000,145301306,85705951,231007257
12,800000,153630119,84969168,238599287
12,800000,139656975,84436220,224093195
12,800000,146972999,85201187,232174186
12,800000,146481437,84901574,231383011
12,800000,139430237,85549488,224979725
12,800000,142242593,85123956,227366549
12,800000,147807840,85096855,232904695
12,800000,141424935,85841462,227266397
12,800000,144723279,85018735,229742014
12,800000,163336908,85821533,249158441
12,800000,141420974,85666362,227087336
12,800000,144875517,85014130,229889647
12,800000,141861234,85364779,227226013
12,800000,138735469,85557155,224292624
12,800000,139447606,84740888,224188494
12,800000,147557642,85085834,232643476
12,800000,162865495,84979744,247845239
12,800000,139508324,85137978,224646302
12,800000,143945103,85309322,229254425
12,800000,141553005,85011509,226564514
12,800000,154111903,85048700,239160603
12,800000,136595499,84889556,221485055
12,800000,144337022,84949229,229286251
12,800000,144547883,84892523,229440406
12,800000,148580557,84998137,233578694
12,800000,138660740,85083872,223744612
12,800000,150743289,85496847,236240136
12,800000,142279121,85387893,227667014
12,800000,133351062,85627765,218978827
12,800000,136141133,85636311,221777444
12,800000,141558785,85627023,227185808
12,800000,126001091,85436427,211437518
12,800000,141966764,85570786,227537550
12,800000,146776225,85220331,231996556
12,800000,135113256,84956013,220069269
12,800000,140444254,85654778,226099032
12,800000,143037854,84635255,227673109
12,800000,143181532,84808022,227989554
12,800000,136277991,85645373,221923364
12,800000,141756264,84538176,226294440
12,800000,160648592,84715898,245364490
12,800000,157882148,84947572,242829720
12,800000,130684246,85726914,216411160
12,800000,143922308,89741358,233663666
12,800000,129860208,85205929,215066137
12,800000,157399525,85169928,242569453
12,800000,148930212,85097603,234027815
12,800000,133509056,85122983,218632039
12,800000,139014520,84752987,223767507
12,800000,151151646,85019888,236171534
12,800000,130117449,84992800,215110249
12,800000,141793507,85203505,226997012
12,800000,138287379,85319983,223607362
12,800000,154875222,85313906,240189128
12,800000,149287409,85519579,234806988
12,800000,135060212,87740393,222800605
12,800000,147607093,85757213,233364306
12,800000,146324770,85608596,231933366
12,800000,149987959,85479623,235467582
12,800000,146869484,84700724,231570208
12,800000,134370467,85717091,220087558
12,800000,152474805,89004830,241479635
12,800000,140994331,85350089,226344420
12,800000,142420136,84575713,226995849
12,800000,131758245,85130755,216889000
12,900000,169833515,96014947,265848462
12,900000,173689709,95266449,268956158
12,900000,173320043,95612570,268932613
12,900000,147418681,95011434,242430115
12,900000,174924012,94732754,269656766
12,900000,155061008,95036314,250097322
12,900000,143705423,95168751,238874174
12,900000,158252000,95736140,253988140
12,900000,170402922,95786189,266189111
12,900000,178836065,94975511,273811576
12,900000,176162948,94386936,270549884
12,900000,164420221,94203088,258623309
12,900000,156793613,96286928,253080541
12,900000,172903801,95305314,268209115
12,900000,155474165,95594251,251068416
12,900000,168607953,94662658,263270611
12,900000,184418524,94462986,278881510
12,900000,191094743,95113874,286208617
12,900000,165753856,95196899,260950755
12,900000,169223282,95102676,264325958
12,900000,170271075,94621282,264892357
12,900000,186586683,94917885,281504568
12,900000,169334176,94475469,263809645
12,900000,168973976,95570875,264544851
12,900000,172403821,95628616,268032437
12,900000,151060109,95394090,246454199
12,900000,167325036,97374041,264699077
12,900000,156807532,94749939,251557471
12,900000,176196120,95180953,271377073
12,900000,176999746,95936739,272936485
12,900000,200880729,95091063,295971792
12,900000,173784778,95145878,268930656
12,900000,162272170,94683511,256955681
12,900000,177732139,95159750,272891889
12,900000,169864821,95572143,265436964
12,900000,160845355,95040967,255886322
12,900000,193860515,94458926,288319441
12,900000,155265440,94339710,249605150
12,900000,168025297,95965087,263990384
12,900000,176515699,96010088,272525787
12,900000,167656073,94483301,262139374
12,900000,157843646,95927532,253771178
12,900000,176596236,95126167,271722403
12,900000,197801629,94640757,292442386
12,900000,150737551,95281883,246019434
12,900000,167925698,94900718,262826416
12,900000,180618236,95185182,275803418
12,900000,156891933,95721565,252613498
12,900000,171676700,94690640,266367340
12,900000,163799325,95277936,259077261
12,900000,191405419,95144418,286549837
12,900000,172013834,95608926,267622760
12,900000,167991328,95067959,263059287
12,900000,160274368,96980200,257254568
12,900000,171159170,95973664,267132834
12,900000,182835816,95606597,278442413
12,900000,153454758,95689686,249144444
12,900000,163885643,95140282,259025925
12,900000,177104858,95726211,272831069
12,900000,177896373,95837247,273733620
12,900000,170803746,95109839,265913585
12,900000,154526412,95129704,249656116
12,900000,170876353,94907101,265783454
12,900000,167371815,94664818,262036633
12,900000,160145412,95181129,255326541
12,900000,181479139,95060350,276539489
12,900000,170864281,95170426,266034707
12,900000,178066568,94626735,272693303
12,900000,194979454,95260566,290240020
12,900000,171553665,95772498,267326163
12,900000,172848062,95061320,267909382
12,900000,178465200,95430319,273895519
12,900000,172570055,95846526,268416581
12,900000,182197693,94720351,276918044
12,900000,181228519,94642215,275870734
12,900000,170813575,95036459,265850034
12,900000,183541805,94609909,278151714
12,900000,191928585,94350252,286278837
12,900000,178725155,95950416,274675571
12,900000,175006789,94653383,269660172
12,900000,201581357,94691543,296272900
12,900000,167179145,94665459,261844604
12,900000,166233425,94672127,260905552
12,900000,161644362,95226147,256870509
12,900000,177517892,95186268,272704160
12,900000,169152500,95721762,264874262
12,900000,162644753,95194745,257839498
12,900000,159290893,94591980,253882873
12,900000,172359545,94802749,267162294
12,900000,162325979,95543673,257869652
12,900000,165628706,95897777,261526483
12,900000,175307969,94737990,270045959
12,900000,181812719,94630948,276443667
12,900000,151742673,94861220,246603893
12,900000,174454882,96063791,270518673
12,900000,197435952,95064296,292500248
12,900000,160592849,94983201,255576050
12,900000,171939669,95644104,267583773
12,900000,169669298,95217478,264886776
12,900000,196807136,97280366,294087502
12,900000,171739039,96730675,268469714
12,900000,165880600,94805220,260685820
12,900000,157664508,94683351,252347859
12,900000,170969183,95252663,266221846
12,900000,161836105,95166614,257002719
12,900000,153726763,95875131,249601894
12,900000,169286084,95740554,265026638
12,900000,184705764,95991017,280696781
12,900000,181629780,95660795,277290575
12,900000,158520653,95175874,253696527
12,900000,177465441,94943358,272408799
12,900000,168516729,95086055,263602784
12,900000,199867975,95161331,295029306
12,900000,181015301,95227887,276243188
12,900000,152516519,95656541,248173060
12,1000000,183512008,106497221,290009229
12,1000000,192177073,107097323,299274396
12,1000000,166778495,104599308,271377803
12,1000000,189578235,105752056,295330291
12,1000000,174736521,105440368,280176889
12,1000000,169823519,107624277,277447796
12,1000000,183030929,105972295,289003224
12,1000000,194938352,105113706,300052058
12,1000000,164508585,105436447,269945032
12,1000000,188717242,108392778,297110020
12,1000000,181573420,106121367,287694787
12,1000000,201662438,106341074,308003512
12,1000000,187204622,105255430,292460052
12,1000000,190483033,105218726,295701759
12,1000000,180619310,105346592,285965902
12,1000000,188673337,105545603,294218940
12,1000000,183387736,105445171,288832907
12,1000000,174212357,105822684,280035041
12,1000000,183390727,105007849,288398576
12,1000000,196871812,105407166,302278978
12,1000000,178828910,104780127,283609037
12,1000000,184628888,105151144,289780032
12,1000000,192741768,105076869,297818637
12,1000000,181949885,105424064,287373949
12,1000000,173985774,105013779,278999553
12,1000000,205086577,105219037,310305614
12,1000000,192150863,105645319,297796182
12,1000000,207953755,107393927,315347682
12,1000000,179154143,106053842,285207985
12,1000000,188545749,105149010,293694759
12,1000000,197749670,106075206,303824876
12,1000000,180347308,105488976,285836284
12,1000000,192954867,105579560,298534427
12,1000000,185286909,105523603,290810512
12,1000000,183233443,105691746,288925189
12,1000000,166339913,106183085,272522998
12,1000000,171641488,108086733,279728221
12,1000000,186091506,105331058,291422564
12,1000000,187558468,106147062,293705530
12,1000000,178808260,106140542,284948802
12,1000000,183638809,105416673,289055482
12,1000000,199545582,105781426,305327008
12,1000000,175958130,105363393,281321523
12,1000000,189963537,105466143,295429680
12,1000000,180794908,105336851,286131759
12,1000000,200601458,105514109,306115567
12,1000000,204605371,106060638,310666009
12,1000000,174424420,105960652,280385072
12,1000000,168236835,105304790,273541625
12,1000000,174118968,105744251,279863219
12,1000000,190929122,107951108,298880230
12,1000000,190932755,105963325,296896080
12,1000000,191195843,105677722,296873565
12,1000000,166050201,105603926,271654127
12,1000000,178212697,105979771,284192468
12,1000000,177487046,105519932,283006978
12,1000000,185768853,106149123,291917976
12,1000000,190102375,105046973,295149348
12,1000000,192786677,105551025,298337702
12,1000000,178937356,105508308,284445664
12,1000000,403004461,105416149,508420610
12,1000000,182737952,106085970,288823922
12,1000000,185786438,105592789,291379227
12,1000000,195603214,105131154,300734368
12,1000000,176654372,105344729,281999101
12,1000000,170730856,105186520,275917376
12,1000000,186823739,105738375,292562114
12,1000000,181173144,105998807,287171951
12,1000000,181035340,105860004,286895344
12,1000000,178250713,105428081,283678794
12,1000000,190337476,105490370,295827846
12,1000000,204687866,105283156,309971022
12,1000000,173677629,105226673,278904302
12,1000000,192546703,105696058,298242761
12,1000000,179242154,105232618,284474772
12,1000000,189054418,107563480,296617898
12,1000000,187230636,105077772,292308408
12,1000000,183859100,105457618,289316718
12,1000000,175534003,106065912,281599915
12,1000000,191275320,107738072,299013392
12,1000000,177882741,105461273,283344014
12,1000000,182117308,104987611,287104919
12,1000000,175540577,105551775,281092352
12,1000000,202353175,106140628,308493803
12,1000000,189217961,105017583,294235544
12,1000000,175728599,105900069,281628668
12,1000000,186300297,105343682,291643979
12,1000000,207777322,105204241,312981563
12,1000000,189452792,106165281,295618073
12,1000000,177617622,105744639,283362261
12,1000000,210498223,105521416,316019639
12,1000000,184802541,106677426,291479967
12,1000000,190856309,105313861,296170170
12,1000000,179044155,105113619,284157774
12,1000000,196644731,107819417,304464148
12,1000000,180962704,105287685,286250389
12,1000000,182377657,105211152,287588809
12,1000000,184725960,105512457,290238417
12,1000000,188686612,105944634,294631246
12,1000000,179118280,106039481,285157761
12,1000000,178715878,105463418,284179296
12,1000000,168366258,105916574,274282832
12,1000000,178245695,105441941,283687636
12,1000000,172661406,106456221,279117627
12,1000000,203213953,106634344,309848297
12,1000000,189053511,105514324,294567835
12,1000000,183212902,105321559,288534461
12,1000000,194538426,106111183,300649609
12,1000000,191520906,105746873,297267779
12,1000000,181175729,105210945,286386674
12,1000000,184604265,105791559,290395824
12,1000000,181655244,105430926,287086170
12,1000000,179394892,107704003,287098895
12,1000000,177611793,105924868,283536661
12,1000000,194874445,105259576,300134021
12,1000000,201939386,105201942,307141328
12,1000000,189879303,105370920,295250223
12,1000000,198343157,106052159,304395316
12,1000000,207615768,105757041,313372809
12,1000000,197470087,105390230,302860317
12,1000000,180875438,105621325,286496763
12,1000000,188609469,105672606,294282075
12,1000000,163577018,105640473,269217491
12,1000000,166374265,106164755,272539020
12,1000000,199172307,105365791,304538098
12,1000000,177620638,105605561,283226199
12,1000000,177292942,104943431,282236373
12,1000000,163999681,106347221,270346902
12,1000000,185025927,104961375,289987302
12,1000000,183686866,105805921,289492787
12,1000000,193336829,105431278,298768107
12,1000000,200992394,105862203,306854597
12,1000000,215543195,105377096,320920291
12,1000000,187342909,105436499,292779408
12,1000000,197155923,105145561,302301484
12,1000000,182208629,105814429,288023058
12,1000000,181935627,105918316,287853943
12,1000000,186305102,105210379,291515481
12,1000000,169123132,105363220,274486352
12,1000000,153358743,105392793,258751536
12,1000000,179500392,105717170,285217562
12,1000000,177353700,106142416,283496116
12,1000000,177000154,105974801,282974955
12,1000000,172962727,105437131,278399858
12,1000000,184108826,105151815,289260641
12,1000000,169609343,105310564,274919907
12,1000000,165735716,105918008,271653724
12,1000000,193367514,105908547,299276061
12,1000000,194471544,105342779,299814323
12,1000000,183245840,105415237,288661077
12,1000000,185273476,106724059,291997535
12,1000000,197770655,106041641,303812296
12,1000000,194414589,105137940,299552529
12,1000000,157075432,105687698,262763130
12,1000000,424595202,106036822,530632024
12,1000000,176880994,105472022,282353016
12,1000000,179399041,106149799,285548840
12,1000000,195993846,105912855,301906701
12,1000000,193364954,106023514,299388468
12,1000000,186484004,105099433,291583437
12,1000000,172539159,105575205,278114364
12,1000000,187327083,105615255,292942338
12,1000000,183480340,105689041,289169381
12,1000000,184668789,105174195,289842984
12,1000000,182753764,105883728,288637492
12,1000000,192377050,105141692,297518742
12,1000000,185278469,105604236,290882705
12,1000000,179387567,104923485,284311052
12,1000000,182527068,105392218,287919286
12,1000000,188619194,105311665,293930859
12,1000000,190900836,107166616,298067452
12,1000000,197883469,107899472,305782941
12,1000000,194826335,105816553,300642888
12,1000000,206605452,105574326,312179778
12,1000000,170312209,105789426,276101635
12,1000000,168050360,106025544,274075904
12,1000000,170923728,105251310,276175038
12,1000000,170647806,105404864,276052670
12,1000000,179688107,105641030,285329137
12,1000000,186100625,105402929,291503554
12,1000000,184676823,106126910,290803733
12,1000000,189567163,105170339,294737502
12,1000000,176885262,105786712,282671974
12,1000000,188153764,106080431,294234195
12,1000000,170294479,105725684,276020163
12,1000000,206502354,106035867,312538221
12,1000000,188088538,105009892,293098430
12,1000000,185009070,106017936,291027006
12,1000000,172553926,105536823,278090749
12,1000000,185656130,105861593,291517723
12,1000000,206272637,105452156,311724793
12,1000000,184754554,105505787,290260341
12,1000000,185336002,105224036,290560038
12,1000000,172598547,105173436,277771983
12,1000000,181845676,105390742,287236418
12,1000000,182382551,105100093,287482644
12,1000000,197021494,105288091,302309585
12,1000000,193845498,105821748,299667246
12,1000000,183934100,105933269,289867369
12,1000000,191882136,105883919,297766055
12,1000000,172333276,105467262,277800538
12,1000000,167378870,105654182,273033052
12,1000000,187974937,105988025,293962962
12,1000000,173859714,105298091,279157805
12,1000000,180025300,105954004,285979304
12,1000000,189846910,104848828,294695738
12,1000000,173205200,105427998,278633198
12,1000000,165178637,105295461,270474098
12,1000000,169996584,105579679,275576263
12,1000000,174724083,105407991,280132074
12,1000000,183389571,106028875,289418446
12,1000000,189158348,105342262,294500610
12,1000000,193171017,105258131,298429148
12,1000000,183507981,105938331,289446312
12,1000000,193692840,105115700,298808540
12,1000000,187296392,105319707,292616099
12,1000000,210283699,105106582,315390281
12,1000000,204227818,105177382,309405200
12,1000000,198263914,105208760,303472674
12,1000000,211955521,105201520,317157041
12,1000000,197818714,104827189,302645903
12,1000000,163986391,105242273,269228664
12,1000000,188684276,105804429,294488705
12,1000000,182605018,106185006,288790024
12,1000000,199490748,105609145,305099893
12,1000000,177759977,105954320,283714297
12,1000000,176246723,105336399,281583122
12,1000000,195350316,106181360,301531676
12,1000000,186752055,106212954,292965009
12,1000000,186947991,105237352,292185343
12,2000000,373536496,210207497,583743993
12,2000000,337774548,210412359,548186907
12,2000000,546790154,213557337,760347491
12,2000000,531090708,210144886,741235594
12,2000000,395901334,211117303,607018637
12,2000000,363631837,211604238,575236075
12,2000000,725390989,209499103,934890092
12,2000000,332702796,210676484,543379280
12,2000000,740063531,212159104,952222635
12,2000000,541071612,209961468,751033080
12,2000000,366352052,211988195,578340247
12,2000000,518829851,210500987,729330838
12,2000000,339821617,211645330,551466947
12,2000000,410533092,211420279,621953371
12,2000000,537215286,211139057,748354343
12,2000000,516754873,211498599,728253472
12,2000000,748278102,212376333,960654435
12,2000000,753216352,212554202,965770554
12,2000000,308246600,208887016,517133616
12,2000000,520873735,212594513,733468248
12,2000000,747845632,209605011,957450643
12,2000000,539584801,210302981,749887782
12,2000000,359791762,210769256,570561018
12,2000000,529497988,211058190,740556178
12,2000000,359875707,208968199,568843906
12,2000000,515224598,211596716,726821314
12,2000000,510791972,210374094,721166066
12,2000000,521790253,209715642,731505895
12,2000000,526661601,212965969,739627570
12,2000000,510988291,210367629,721355920
12,2000000,760890673,208658752,969549425
12,2000000,745778937,209567049,955345986
12,2000000,560090851,210114135,770204986
12,2000000,538778152,211302071,750080223
12,2000000,348517326,208686340,557203666
12,2000000,537928679,212543105,750471784
12,2000000,375736980,212698961,588435941
12,2000000,526479562,211779841,738259403
12,2000000,533903380,210022954,743926334
12,2000000,755543702,211853511,967397213
12,2000000,378778204,208690324,587468528
12,2000000,550906551,212429608,763336159
12,2000000,503564784,210548276,714113060
12,2000000,342543108,210426770,552969878
12,2000000,542704671,212250273,754954944
12,2000000,542197477,209464464,751661941
12,2000000,561734105,208949892,770683997
12,2000000,724270984,211353756,935624740
12,2000000,517719189,211591030,729310219
12,2000000,371732049,212645368,584377417
12,2000000,364723306,211110086,575833392
12,2000000,547068529,209537749,756606278
12,2000000,366788047,209295219,576083266
12,2000000,532615851,210304152,742920003
12,2000000,555039181,211909692,766948873
12,2000000,544759515,211431676,756191191
12,2000000,540761147,211903864,752665011
12,2000000,524407190,209282823,733690013
12,2000000,537211773,209450729,746662502
12,2000000,352060970,209200681,561261651
12,2000000,538332077,212242466,750574543
12,2000000,532142056,211972926,744114982
12,2000000,550414534,209840165,760254699
12,2000000,557854342,209594041,767448383
12,2000000,550930076,211835987,762766063
12,2000000,535748033,211226631,746974664
12,2000000,530882734,211846135,742728869
12,2000000,536660180,211444385,748104565
12,2000000,751366564,210279562,961646126
12,2000000,521524467,212482109,734006576
12,2000000,525701523,210412639,736114162
12,2000000,744148402,210195581,954343983
12,2000000,350995395,211454355,562449750
12,2000000,742166133,212445541,954611674
12,2000000,547242492,210669716,757912208
12,2000000,323788927,212724322,536513249
12,2000000,547603300,210586437,758189737
12,2000000,566029226,212046613,778075839
12,2000000,365800626,209966969,575767595
12,2000000,736379017,211687847,948066864
12,2000000,358111641,209383864,567495505
12,2000000,329507733,208873984,538381717
12,2000000,537922490,212503387,750425877
12,2000000,372636964,212447803,585084767
12,2000000,342318447,211803908,554122355
12,2000000,533497252,211566762,745064014
12,2000000,545859953,212380939,758240892
12,2000000,522755806,211092914,733848720
12,2000000,328182558,212636467,540819025
12,2000000,506191550,211172446,717363996
12,2000000,753241367,212084614,965325981
12,2000000,553152612,209647466,762800078
12,2000000,544615204,210269544,754884748
12,2000000,359258664,212293007,571551671
12,2000000,534909897,212803026,747712923
12,2000000,542975580,213277066,756252646
12,2000000,332186315,209035072,541221387
12,2000000,543757292,210728033,754485325
12,2000000,538698790,210755503,749454293
12,2000000,319226734,210233957,529460691
12,2000000,521893155,209834497,731727652
12,2000000,348427326,209726419,558153745
12,2000000,532908897,212833913,745742810
12,2000000,334366024,212348076,546714100
12,2000000,542522049,212615907,755137956
12,2000000,339031028,212969865,552000893
12,2000000,531679878,212747891,744427769
12,2000000,512503421,211832864,724336285
12,2000000,326558077,212570628,539128705
12,2000000,358281648,209645572,567927220
12,2000000,549338608,211977351,761315959
12,2000000,542283059,211981682,754264741
12,2000000,334940579,209888080,544828659
12,2000000,730832501,211701582,942534083
12,2000000,532201163,212460648,744661811
12,3000000,660681585,309584797,970266382
12,3000000,624742407,309809649,934552056
12,3000000,674699284,310014591,984713875
12,3000000,581887668,311283144,893170812
12,3000000,490346465,311942610,802289075
12,3000000,473426654,309794793,783221447
12,3000000,646892913,309779150,956672063
12,3000000,862076034,310896598,1172972632
12,3000000,502706914,310562722,813269636
12,3000000,670831289,310962958,981794247
12,3000000,656931125,309577167,966508292
12,3000000,645397339,309335930,954733269
12,3000000,652896797,313116745,966013542
12,3000000,488067192,310252002,798319194
12,3000000,636936489,311701589,948638078
12,3000000,675203032,309918393,985121425
12,3000000,872350089,310189655,1182539744
12,3000000,490787208,310152612,800939820
12,3000000,643355959,310912491,954268450
12,3000000,656591273,310278387,966869660
12,3000000,505034372,312525857,817560229
12,3000000,650489002,314315874,964804876
12,3000000,676281974,312024571,988306545
12,3000000,495610233,309408790,805019023
12,3000000,645952939,313324564,959277503
12,3000000,661328073,309263056,970591129
12,3000000,522831325,311059981,833891306
12,3000000,489857798,310157749,800015547
12,3000000,677284046,309327684,986611730
12,3000000,716274370,313228802,1029503172
12,3000000,501012582,309371341,810383923
12,3000000,642525372,313202677,955728049
12,3000000,610114323,309428443,919542766
12,3000000,625179623,309462207,934641830
12,3000000,685319296,310507313,995826609
12,3000000,646650337,310140899,956791236
12,3000000,656469383,310445016,966914399
12,3000000,494392972,309882516,804275488
12,3000000,487314569,309592611,796907180
12,3000000,699871033,310203346,1010074379
12,3000000,656417756,309524669,965942425
12,3000000,675760857,309422882,985183739
12,3000000,633786404,309300738,943087142
12,3000000,633770794,314616203,948386997
12,3000000,624076725,309923601,934000326
12,3000000,645311183,309680115,954991298
12,3000000,491712218,311123755,802835973
12,3000000,869467950,309323613,1178791563
12,3000000,483596266,309442033,793038299
12,3000000,474573841,310753953,785327794
12,3000000,868979753,310135019,1179114772
12,3000000,647331666,313583117,960914783
12,3000000,596134276,310159885,906294161
12,3000000,692138898,309518993,1001657891
12,3000000,500316213,309935186,810251399
12,3000000,657086575,312174172,969260747
12,3000000,524926707,311601318,836528025
12,3000000,507407570,310662735,818070305
12,3000000,911713336,309410914,1221124250
12,3000000,504556253,312208249,816764502
12,3000000,514668028,309296498,823964526
12,3000000,503236792,309444972,812681764
12,3000000,618653933,309647781,928301714
12,3000000,860153520,311224827,1171378347
12,3000000,685804469,309483025,995287494
12,3000000,660967148,309839974,970807122
12,3000000,670961144,313213130,984174274
12,3000000,658343063,311545870,969888933
12,3000000,672706764,309294946,982001710
12,3000000,517181357,310368861,827550218
12,3000000,695348066,310903825,1006251891
12,3000000,841328889,309445599,1150774488
12,3000000,701489544,309990381,1011479925
12,3000000,821105888,311951745,1133057633
12,3000000,637559554,310644992,948204546
12,3000000,518624552,310348982,828973534
12,3000000,472145180,311614520,783759700
12,3000000,653535451,312039488,965574939
12,3000000,651648532,309349945,960998477
12,3000000,523814686,312490143,836304829
12,3000000,490902665,309933450,800836115
12,3000000,645111444,312216679,957328123
12,3000000,493042299,310365966,803408265
12,3000000,862902648,309522043,1172424691
12,3000000,671312720,309475673,980788393
12,3000000,677990511,312064502,990055013
12,3000000,655762817,309482413,965245230
12,3000000,703316793,310302343,1013619136
12,3000000,686685646,316436738,1003122384
12,3000000,652761115,309990729,962751844
12,3000000,650854664,310142879,960997543
12,3000000,669321181,310731559,980052740
12,3000000,898500408,312820713,1211321121
12,3000000,664804780,310935653,975740433
12,3000000,476154054,314845193,790999247
12,3000000,670446316,310219168,980665484
12,3000000,504715120,311242957,815958077
12,3000000,864472506,310478188,1174950694
12,3000000,680087012,313899051,993986063
12,3000000,624963319,312578493,937541812
12,3000000,503615653,309432172,813047825
12,3000000,837516634,309358461,1146875095
12,3000000,485141320,309528345,794669665
12,3000000,505488288,313901766,819390054
12,3000000,496435172,312243148,808678320
12,3000000,664320835,309345101,973665936
12,3000000,494278150,309301243,803579393
12,3000000,473569415,309276336,782845751
12,3000000,491854994,311180651,803035645
12,3000000,481336900,309419280,790756180
12,3000000,493413443,309269762,802683205
12,3000000,506579081,310301647,816880728
12,3000000,532403832,311670688,844074520
12,3000000,670979253,309579011,980558264
12,3000000,839287189,309636891,1148924080
12,4000000,660708838,415418103,1076126941
12,4000000,760394038,418965202,1179359240
12,4000000,690453655,415434679,1105888334
12,4000000,729263104,413602317,1142865421
12,4000000,1005403551,414982329,1420385880
12,4000000,772409333,414218807,1186628140
12,4000000,766486872,416230845,1182717717
12,4000000,810667174,416733396,1227400570
12,4000000,804371011,417747543,1222118554
12,4000000,811430009,412800155,1224230164
12,4000000,1003641799,414057762,1417699561
12,4000000,743293904,415162863,1158456767
12,4000000,759037713,415325754,1174363467
12,4000000,1026318794,416096791,1442415585
12,4000000,817525584,415231417,1232757001
12,4000000,755017301,418614236,1173631537
12,4000000,819234812,413079207,1232314019
12,4000000,826705464,413216012,1239921476
12,4000000,1067185302,415007651,1482192953
12,4000000,750886655,418956299,1169842954
12,4000000,812398523,418347068,1230745591
12,4000000,731304859,413903608,1145208467
12,4000000,1031851833,415296766,1447148599
12,4000000,997380071,417977801,1415357872
12,4000000,794210733,414598824,1208809557
12,4000000,991465347,418377691,1409843038
12,4000000,737128195,415451338,1152579533
12,4000000,793425880,414806788,1208232668
12,4000000,766471530,417256226,1183727756
12,4000000,755519535,416437384,1171956919
12,4000000,780224637,418543010,1198767647
12,4000000,824132069,417880267,1242012336
12,4000000,763692045,414352943,1178044988
12,4000000,760368514,413720744,1174089258
12,4000000,784549307,412479082,1197028389
12,4000000,966030763,414733359,1380764122
12,4000000,937154888,414882229,1352037117
12,4000000,806385783,413260742,1219646525
12,4000000,847411619,414583786,1261995405
12,4000000,821763538,414055973,1235819511
12,4000000,837634499,415120172,1252754671
12,4000000,777892213,417084822,1194977035
12,4000000,798643878,415602977,1214246855
12,4000000,803392675,415275818,1218668493
12,4000000,844558069,414700099,1259258168
12,4000000,782442548,416014957,1198457505
12,4000000,795654985,414484845,1210139830
12,4000000,654118701,417223706,1071342407
12,4000000,967779541,413929464,1381709005
12,4000000,755940610,412840200,1168780810
12,4000000,763924530,412708326,1176632856
12,4000000,716990244,416736096,1133726340
12,4000000,730991557,413075283,1144066840
12,4000000,839847337,417333912,1257181249
12,4000000,767527774,414211484,1181739258
12,4000000,801138812,415102714,1216241526
12,4000000,691147230,412793127,1103940357
12,4000000,791694081,417753494,1209447575
12,4000000,730836054,412875329,1143711383
12,4000000,681938685,415680917,1097619602
12,4000000,789595069,420715412,1210310481
12,4000000,805656597,518247274,1323903871
12,4000000,814562838,414951147,1229513985
12,4000000,709045067,421128749,1130173816
12,4000000,1006865861,416288750,1423154611
12,4000000,981226300,415329283,1396555583
12,4000000,796754161,417926641,1214680802
12,4000000,786876263,417656722,1204532985
12,4000000,786605960,417169256,1203775216
12,4000000,684460816,413753343,1098214159
12,4000000,948679142,413718989,1362398131
12,4000000,806301782,414733636,1221035418
12,4000000,974010028,415708222,1389718250
12,4000000,1009591302,414873704,1424465006
12,4000000,1043272977,414023306,1457296283
12,4000000,1004251451,416714999,1420966450
12,4000000,1031639049,416458583,1448097632
12,4000000,668965056,418738729,1087703785
12,4000000,799839155,417815121,1217654276
12,4000000,991847706,416557021,1408404727
12,4000000,841909326,416537279,1258446605
12,4000000,995072955,414702456,1409775411
12,4000000,778839871,413078252,1191918123
12,4000000,876191097,414810352,1291001449
12,4000000,808763880,412362519,1221126399
12,4000000,776045713,416133134,1192178847
12,4000000,792345848,419290381,1211636229
12,4000000,1012083369,414217976,1426301345
12,4000000,729994008,414990097,1144984105
12,4000000,797707770,413495246,1211203016
12,4000000,769785022,418932685,1188717707
12,4000000,848014331,412638316,1260652647
12,4000000,775709887,413303795,1189013682
12,4000000,994099560,418350952,1412450512
12,4000000,784761408,416275800,1201037208
12,4000000,776630683,417617298,1194247981
12,4000000,752011582,416819173,1168830755
12,4000000,724121404,413153614,1137275018
12,4000000,890321726,415498246,1305819972
12,4000000,809669058,415472494,1225141552
12,4000000,810696353,414521604,1225217957
12,4000000,788691792,414832353,1203524145
12,4000000,674666755,416515306,1091182061
12,4000000,769251820,414178231,1183430051
12,4000000,792183370,413536373,1205719743
12,4000000,768070443,415748332,1183818775
12,4000000,680920262,414636424,1095556686
12,4000000,776260650,412865163,1189125813
12,4000000,801557567,416556432,1218113999
12,4000000,792911618,416901022,1209812640
12,4000000,805216024,412757221,1217973245
12,4000000,810353255,412861903,1223215158
12,4000000,799497852,413254930,1212752782
12,4000000,782044610,414426900,1196471510
12,4000000,811105727,415651564,1226757291
12,5000000,864839250,520140784,1384980034
12,5000000,868614341,519273196,1387887537
12,5000000,848181990,523211123,1371393113
12,5000000,896169696,517828575,1413998271
12,5000000,936820622,522324839,1459145461
12,5000000,1092428350,524061459,1616489809
12,5000000,849318022,521087012,1370405034
12,5000000,881709587,519268341,1400977928
12,5000000,921963817,518419512,1440383329
12,5000000,874302361,518338771,1392641132
12,5000000,842443819,523869602,1366313421
12,5000000,972871399,515917417,1488788816
12,5000000,830680705,520052519,1350733224
12,5000000,995407408,517818473,1513225881
12,5000000,922870404,519951868,1442822272
12,5000000,864259501,520528041,1384787542
12,5000000,865370879,518488328,1383859207
12,5000000,934117366,517162331,1451279697
12,5000000,988866924,516740268,1505607192
12,5000000,845959416,519180354,1365139770
12,5000000,981697305,518627371,1500324676
12,5000000,1088354298,517763514,1606117812
12,5000000,828080808,520401331,1348482139
12,5000000,877850448,517902472,1395752920
12,5000000,841665011,518594670,1360259681
12,5000000,1179593747,515924656,1695518403
12,5000000,864651541,524777386,1389428927
12,5000000,865295445,518662806,1383958251
12,5000000,948670790,517347107,1466017897
12,5000000,914312154,518638965,1432951119
12,5000000,960568085,518688857,1479256942
12,5000000,907182905,520002852,1427185757
12,5000000,955167023,518121606,1473288629
12,5000000,1051018116,516447986,1567466102
12,5000000,789339790,518354559,1307694349
12,5000000,1187555145,515765110,1703320255
12,5000000,958050795,516890323,1474941118
12,5000000,895889068,517006052,1412895120
12,5000000,948880863,517253575,1466134438
12,5000000,895633128,517547299,1413180427
12,5000000,922108306,519668495,1441776801
12,5000000,820180500,521450947,1341631447
12,5000000,1130018901,516994314,1647013215
12,5000000,912990163,517230462,1430220625
12,5000000,956489619,520010608,1476500227
12,5000000,903512983,518144358,1421657341
12,5000000,927787939,517808100,1445596039
12,5000000,922332644,518131121,1440463765
12,5000000,972188720,519827152,1492015872
12,5000000,991090539,521152669,1512243208
12,5000000,902277223,519785729,1422062952
12,5000000,947962941,519182798,1467145739
12,5000000,890096310,516423071,1406519381
12,5000000,837404627,518785128,1356189755
12,5000000,935155947,517602706,1452758653
12,5000000,1166312181,516147689,1682459870
12,5000000,986925360,517548625,1504473985
12,5000000,823305198,517210426,1340515624
12,5000000,872831777,519234194,1392065971
12,5000000,938739897,517261222,1456001119
12,5000000,871783069,518411797,1390194866
12,5000000,911947693,518631932,1430579625
12,5000000,934092731,517036031,1451128762
12,5000000,1059528341,522410375,1581938716
12,5000000,857305240,516833168,1374138408
12,5000000,974632067,516116025,1490748092
12,5000000,1127395654,519192270,1646587924
12,5000000,976486182,516973520,1493459702
12,5000000,979356628,518476980,1497833608
12,5000000,953600375,516742771,1470343146
12,5000000,875129395,516391399,1391520794
12,5000000,910122195,519333029,1429455224
12,5000000,883501113,520619197,1404120310
12,5000000,848653167,518852863,1367506030
12,5000000,872111805,519448681,1391560486
12,5000000,924308835,520608761,1444917596
12,5000000,922215229,522379577,1444594806
12,5000000,1058395315,519176265,1577571580
12,5000000,1171652045,520231605,1691883650
12,5000000,916590711,516996037,1433586748
12,5000000,901627599,517124081,1418751680
12,5000000,948675391,517727211,1466402602
12,5000000,844079726,517328495,1361408221
12,5000000,1140162389,519310654,1659473043
12,5000000,984439731,521512684,1505952415
12,5000000,920535501,519500211,1440035712
12,5000000,1149555765,517496099,1667051864
12,5000000,941014082,520067546,1461081628
12,5000000,954439811,519039110,1473478921
12,5000000,972276727,519916396,1492193123
12,5000000,1163689235,517890019,1681579254
12,5000000,889208118,516236738,1405444856
12,5000000,933364375,518849385,1452213760
12,5000000,914398908,517290427,1431689335
12,5000000,929494913,517079985,1446574898
12,5000000,980119936,519288757,1499408693
12,5000000,1098537257,518643130,1617180387
12,5000000,1092450727,520641227,1613091954
12,5000000,908070986,520175478,1428246464
12,5000000,957099145,518756679,1475855824
12,5000000,863290433,522003658,1385294091
12,5000000,954856419,516493591,1471350010
12,5000000,1102345946,520013429,1622359375
12,5000000,890726116,518448269,1409174385
12,5000000,855647471,516331885,1371979356
12,5000000,894100605,516296714,1410397319
12,5000000,923242011,518407204,1441649215
12,5000000,1164473783,521508226,1685982009
12,5000000,991748874,518912819,1510661693
12,5000000,1155654198,518035405,1673689603
12,5000000,925661883,520266557,1445928440
12,5000000,1113774524,517446210,1631220734
12,5000000,905968968,519471172,1425440140
12,5000000,1156046654,520031265,1676077919
12,5000000,1176317515,518947209,1695264724
12,6000000,996510015,629047011,1625557026
12,6000000,1101875167,622931116,1724806283
12,6000000,1097576626,619791114,1717367740
12,6000000,1259382340,617877743,1877260083
12,6000000,1032063337,619761125,1651824462
12,6000000,1033939180,625012159,1658951339
12,6000000,1096608739,618274740,1714883479
12,6000000,918786229,624657014,1543443243
12,6000000,1304045694,617779884,1921825578
12,6000000,973624719,618509409,1592134128
12,6000000,1260745273,619577958,1880323231
12,6000000,1326567587,618061899,1944629486
12,6000000,1056346744,618240247,1674586991
12,6000000,937845633,619423834,1557269467
12,6000000,1051661744,619052390,1670714134
12,6000000,1037843656,626631868,1664475524
12,6000000,1083899386,621879971,1705779357
12,6000000,1069884953,618888820,1688773773
12,6000000,959415969,625382356,1584798325
12,6000000,1249465766,620222609,1869688375
12,6000000,1313975244,623935525,1937910769
12,6000000,1242600032,618140163,1860740195
12,6000000,1040399617,618074317,1658473934
12,6000000,1264069117,618833844,1882902961
12,6000000,1094486481,618966834,1713453315
12,6000000,1067191341,621946611,1689137952
12,6000000,1036484179,622903585,1659387764
12,6000000,968888613,623947953,1592836566
12,6000000,1199190895,619727683,1818918578
12,6000000,1037862378,625130667,1662993045
12,6000000,1066785057,618113176,1684898233
12,6000000,1214679614,622247114,1836926728
12,6000000,993470213,618913342,1612383555
12,6000000,979186354,624999456,1604185810
12,6000000,1038219470,617791381,1656010851
12,6000000,969774354,619301256,1589075610
12,6000000,1028142183,622325252,1650467435
12,6000000,993906661,618068101,1611974762
12,6000000,1058354235,626622940,1684977175
12,6000000,989658673,619707754,1609366427
12,6000000,1074654661,624423122,1699077783
12,6000000,1002254355,624002559,1626256914
12,6000000,1024587195,622017026,1646604221
12,6000000,983903552,618499319,1602402871
12,6000000,1276768431,618210395,1894978826
12,6000000,1128773469,626288311,1755061780
12,6000000,1040193969,618827895,1659021864
12,6000000,1095539944,619247900,1714787844
12,6000000,1073603581,621163752,1694767333
12,6000000,1077088070,618287333,1695375403
12,6000000,1015796144,624402737,1640198881
12,6000000,1023485773,624925780,1648411553
12,6000000,1238147019,626171700,1864318719
12,6000000,957975562,626431991,1584407553
12,6000000,1207926435,626198936,1834125371
12,6000000,1074705297,625665242,1700370539
12,6000000,994400907,618716289,1613117196
12,6000000,1077059968,626496449,1703556417
12,6000000,1028909142,621635577,1650544719
12,6000000,1102428908,618541655,1720970563
12,6000000,1306001016,618477093,1924478109
12,6000000,1237542002,618110333,1855652335
12,6000000,1016453824,627010140,1643463964
12,6000000,928758740,619549322,1548308062
12,6000000,1032121521,620720849,1652842370
12,6000000,996368046,618280250,1614648296
12,6000000,1027314797,624405287,1651720084
12,6000000,1088859472,618305313,1707164785
12,6000000,1096196907,618453527,1714650434
12,6000000,1082921476,619568744,1702490220
12,6000000,1079277012,620549713,1699826725
12,6000000,1100297065,619707712,1720004777
12,6000000,1009071770,620737073,1629808843
12,6000000,1109441898,619740879,1729182777
12,6000000,1093834138,619808259,1713642397
12,6000000,1062513115,620137345,1682650460
12,6000000,1071298639,626129903,1697428542
12,6000000,923346894,618155389,1541502283
12,6000000,1052797640,619905016,1672702656
12,6000000,1038708353,623933707,1662642060
12,6000000,990783296,620116396,1610899692
12,6000000,1007326623,618683595,1626010218
12,6000000,1019395053,623953229,1643348282
12,6000000,1018999559,620682190,1639681749
12,6000000,966977061,618250231,1585227292
12,6000000,1165752903,625732649,1791485552
12,6000000,1067969296,618426311,1686395607
12,6000000,1000362110,621765696,1622127806
12,6000000,1160589515,620371137,1780960652
12,6000000,1013786652,621624274,1635410926
12,6000000,1038524351,621787960,1660312311
12,6000000,962780923,619219140,1582000063
12,6000000,984826920,619499678,1604326598
12,6000000,1111747106,618446306,1730193412
12,6000000,1019385024,620068286,1639453310
12,6000000,971783161,619268461,1591051622
12,6000000,1052201566,618331444,1670533010
12,6000000,1265004076,630478157,1895482233
12,6000000,980056514,620158653,1600215167
12,6000000,1098124111,618215465,1716339576
12,6000000,1094580589,619885233,1714465822
12,6000000,1038736031,625459718,1664195749
12,6000000,928376939,618962559,1547339498
12,6000000,1022713353,618546830,1641260183
12,6000000,1021090368,623250757,1644341125
12,6000000,1102008726,620459428,1722468154
12,6000000,1088508075,618786136,1707294211
12,6000000,1000666282,620723578,1621389860
12,6000000,1060945014,618127190,1679072204
12,6000000,990867111,618809027,1609676138
12,6000000,1077221997,618975373,1696197370
12,6000000,935235387,626958070,1562193457
12,6000000,948898143,620372177,1569270320
12,6000000,999849844,619508265,1619358109
12,6000000,993317977,618274528,1611592505
12,7000000,1443915642,721363616,2165279258
12,7000000,1373987603,723327039,2097314642
12,7000000,1152497191,721548431,1874045622
12,7000000,1254257190,722296703,1976553893
12,7000000,1112286248,726163758,1838450006
12,7000000,1473269653,727839329,2201108982
12,7000000,1560330913,722340820,2282671733
12,7000000,1454691132,721230539,2175921671
12,7000000,1319768182,725936541,2045704723
12,7000000,1340660849,725769993,2066430842
12,7000000,1200830223,721539777,1922370000
12,7000000,1274186399,725801989,1999988388
12,7000000,1203939035,721196738,1925135773
12,7000000,1165062832,727936089,1892998921
12,7000000,1195492210,722097646,1917589856
12,7000000,1427445488,721678520,2149124008
12,7000000,1372073918,728412938,2100486856
12,7000000,1448411079,723593305,2172004384
12,7000000,1185233767,721606490,1906840257
12,7000000,1183373391,721378811,1904752202
12,7000000,1240735927,722518338,1963254265
12,7000000,1386420463,724441126,2110861589
12,7000000,1174726478,730196298,1904922776
12,7000000,1194268782,722498931,1916767713
12,7000000,1186514002,721110772,1907624774
12,7000000,1124264834,721923883,1846188717
12,7000000,1108477319,722040029,1830517348
12,7000000,1441988006,725012300,2167000306
12,7000000,1154494428,725385056,1879879484
12,7000000,1180109129,720997456,1901106585
12,7000000,1256990937,721883322,1978874259
12,7000000,1179333246,720644181,1899977427
12,7000000,1256675705,724241072,1980916777
12,7000000,1170900514,730197372,1901097886
12,7000000,1341685422,725208439,2066893861
12,7000000,1166503548,721716050,1888219598
12,7000000,1113000766,720812810,1833813576
12,7000000,1198327966,725528610,1923856576
12,7000000,1224106850,723875989,1947982839
12,7000000,1141169720,723978555,1865148275
12,7000000,1142477381,723041396,1865518777
12,7000000,1338882238,725682850,2064565088
12,7000000,1156002526,720592236,1876594762
12,7000000,1361166816,721692232,2082859048
12,7000000,1139596015,725797069,1865393084
12,7000000,1486789950,724128864,2210918814
12,7000000,1162611725,724419854,1887031579
12,7000000,1263610312,725844473,1989454785
12,7000000,1425901006,727998719,2153899725
12,7000000,1280132595,723876305,2004008900
12,7000000,1263828043,729955124,1993783167
12,7000000,1164239911,722328267,1886568178
12,7000000,1210264287,723575082,1933839369
12,7000000,1193945659,721033408,1914979067
12,7000000,1172044513,729070547,1901115060
12,7000000,1136118733,722452848,1858571581
12,7000000,1201572240,721206344,1922778584
12,7000000,1384131951,725021956,2109153907
12,7000000,1357571866,724748801,2082320667
12,7000000,1230412740,721062134,1951474874
12,7000000,1436926318,721137084,2158063402
12,7000000,1339390604,725903155,2065293759
12,7000000,1201787067,722904455,1924691522
12,7000000,1359280979,721764215,2081045194
12,7000000,1120543024,721884387,1842427411
12,7000000,1177645425,721132372,1898777797
12,7000000,1156786385,727332257,1884118642
12,7000000,1259271132,726706554,1985977686
12,7000000,1217186041,721067762,1938253803
12,7000000,1150800520,730069331,1880869851
12,7000000,1189559242,726937369,1916496611
12,7000000,1373746149,721054031,2094800180
12,7000000,1366146737,720916401,2087063138
12,7000000,1229355012,722778528,1952133540
12,7000000,1178750063,722274798,1901024861
12,7000000,1387957943,723254319,2111212262
12,7000000,1452139345,725363817,2177503162
12,7000000,1280858523,721170147,2002028670
12,7000000,1244316629,720602917,1964919546
12,7000000,1295741028,726246694,2021987722
12,7000000,1197267603,720857930,1918125533
12,7000000,1239566546,728572425,1968138971
12,7000000,1132950692,732628402,1865579094
12,7000000,1121311132,721228715,1842539847
12,7000000,1230296360,721198177,1951494537
12,7000000,1294536693,721634392,2016171085
12,7000000,1178372873,724627475,1903000348
12,7000000,1394745724,725810132,2120555856
12,7000000,1220595792,726902607,1947498399
12,7000000,1088135055,721101314,1809236369
12,7000000,1233853822,729653854,1963507676
12,7000000,1206052972,721692582,1927745554
12,7000000,1199915168,723118127,1923033295
12,7000000,1223062752,721078319,1944141071
12,7000000,1235507256,723592874,1959100130
12,7000000,1173342873,721348790,1894691663
12,7000000,1200123967,721994646,1922118613
12,7000000,1217563026,725510898,1943073924
12,7000000,1452052666,720731724,2172784390
12,7000000,1128035019,721597028,1849632047
12,7000000,1250124980,732385387,1982510367
12,7000000,1420648050,726640585,2147288635
12,7000000,1303191782,721239267,2024431049
12,7000000,1202762324,721884973,1924647297
12,7000000,1357197409,723144537,2080341946
12,7000000,1252521799,721325449,1973847248
12,7000000,1205241010,720747691,1925988701
12,7000000,1205458938,722763519,1928222457
12,7000000,1184808035,721045447,1905853482
12,7000000,1356648780,735572605,2092221385
12,7000000,1187653242,721703095,1909356337
12,7000000,1227872323,723504720,1951377043
12,7000000,1094233245,730745801,1824979046
12,7000000,1289137445,728256600,2017394045
12,7000000,1388279356,727333825,2115613181
12,8000000,1451001990,825310585,2276312575
12,8000000,1492548132,824729664,2317277796
12,8000000,1387086353,825016680,2212103033
12,8000000,1341445940,824183231,2165629171
12,8000000,1345518437,824862137,2170380574
12,8000000,1298656960,824680089,2123337049
12,8000000,1328570164,832063764,2160633928
12,8000000,1570496136,827014179,2397510315
12,8000000,1472475692,827121491,2299597183
12,8000000,1576229617,824386218,2400615835
12,8000000,1388106814,828131167,2216237981
12,8000000,1373340571,827158966,2200499537
12,8000000,1583448799,832150492,2415599291
12,8000000,1335193484,829441795,2164635279
12,8000000,1573135490,825174034,2398309524
12,8000000,1285387423,826535696,2111923119
12,8000000,1240002163,826115069,2066117232
12,8000000,1338276972,822981396,2161258368
12,8000000,1541516716,831898660,2373415376
12,8000000,1519471235,829367223,2348838458
12,8000000,1395064221,828539028,2223603249
12,8000000,1438995605,824985472,2263981077
12,8000000,1338048594,825328384,2163376978
12,8000000,1518936587,825362595,2344299182
12,8000000,1392307126,823649719,2215956845
12,8000000,1306975651,835763266,2142738917
12,8000000,1291968342,825680022,2117648364
12,8000000,1345742508,824261604,2170004112
12,8000000,1338715805,826612115,2165327920
12,8000000,1531617633,827978840,2359596473
12,8000000,1391604380,825756298,2217360678
12,8000000,1385481553,824559897,2210041450
12,8000000,1378903222,827406954,2206310176
12,8000000,1401290376,827949963,2229240339
12,8000000,1388391607,825142295,2213533902
12,8000000,1603461506,825205381,2428666887
12,8000000,1320834768,828119917,2148954685
12,8000000,1357565631,823835235,2181400866
12,8000000,1412536464,828239812,2240776276
12,8000000,1450575939,832498446,2283074385
12,8000000,1341073763,828526431,2169600194
12,8000000,1380858518,828923170,2209781688
12,8000000,1364181725,829858629,2194040354
12,8000000,1398243943,825152431,2223396374
12,8000000,1440323597,828010450,2268334047
12,8000000,1329290506,826449944,2155740450
12,8000000,1493462173,830203057,2323665230
12,8000000,1366633182,833318582,2199951764
12,8000000,1308890256,832225448,2141115704
12,8000000,1411477185,824584212,2236061397
12,8000000,1361528260,824536257,2186064517
12,8000000,1404486326,824164554,2228650880
12,8000000,1564325465,823785856,2388111321
12,8000000,1400770565,827032821,2227803386
12,8000000,1344548253,825550562,2170098815
12,8000000,1586074172,828089001,2414163173
12,8000000,1499466947,826321381,2325788328
12,8000000,1513336806,826377698,2339714504
12,8000000,1355834683,828832560,2184667243
12,8000000,1417948824,825616624,2243565448
12,8000000,1441933706,826185827,2268119533
12,8000000,1347233063,823871581,2171104644
12,8000000,1399501854,824340941,2223842795
12,8000000,1439839240,824264163,2264103403
12,8000000,1381859753,824882264,2206742017
12,8000000,1458485072,825126281,2283611353
12,8000000,1402235655,826437743,2228673398
12,8000000,1383394687,827106989,2210501676
12,8000000,1302486960,829459785,2131946745
12,8000000,1403022606,824107470,2227130076
12,8000000,1563437044,823655795,2387092839
12,8000000,1371781704,825482898,2197264602
12,8000000,1603174470,830225953,2433400423
12,8000000,1342267643,827483959,2169751602
12,8000000,1324427840,827792677,2152220517
12,8000000,1587895213,826216166,2414111379
12,8000000,1365106066,826168343,2191274409
12,8000000,1386815871,827554004,2214369875
12,8000000,1346941154,824520567,2171461721
12,8000000,1355111868,825065953,2180177821
12,8000000,1429370250,824323452,2253693702
12,8000000,1608481913,830498987,2438980900
12,8000000,1539405224,825550369,2364955593
12,8000000,1362119356,834132161,2196251517
12,8000000,1526410099,823841685,2350251784
12,8000000,1512232132,826392943,2338625075
12,8000000,1434984544,832057509,2267042053
12,8000000,1376561288,825027429,2201588717
12,8000000,1378643966,824700192,2203344158
12,8000000,1399159724,825479109,2224638833
12,8000000,1280601790,826555735,2107157525
12,8000000,1396014629,828371794,2224386423
12,8000000,1380657411,825419451,2206076862
12,8000000,1403903846,827473913,2231377759
12,8000000,1292948117,825195351,2118143468
12,8000000,1410880251,824517232,2235397483
12,8000000,1340608102,824437662,2165045764
12,8000000,1416532048,825813475,2242345523
12,8000000,1483510709,824763196,2308273905
12,8000000,1303639084,824584601,2128223685
12,8000000,1438524182,825385798,2263909980
12,8000000,1571456223,825599363,2397055586
12,8000000,1359348768,825462596,2184811364
12,8000000,1472768735,827218927,2299987662
12,8000000,1325441260,825043284,2150484544
12,8000000,1500369776,828346160,2328715936
12,8000000,1366049256,826764492,2192813748
12,8000000,1371980388,825421048,2197401436
12,8000000,1531904969,827362465,2359267434
12,8000000,1407334883,823832105,2231166988
12,8000000,1403336552,825304614,2228641166
12,8000000,1554385583,826452312,2380837895
12,8000000,1377543891,823727238,2201271129
12,8000000,1578886852,826006435,2404893287
12,8000000,1431039415,825697674,2256737089
12,9000000,1682055331,933696935,2615752266
12,9000000,1573322612,928579663,2501902275
12,9000000,1523899252,929613654,2453512906
12,9000000,1560468369,927074588,2487542957
12,9000000,1515514103,926787333,2442301436
12,9000000,1547974848,938645083,2486619931
12,9000000,1635090613,930042091,2565132704
12,9000000,1537616476,936237115,2473853591
12,9000000,1518985036,926655720,2445640756
12,9000000,1531723533,934381875,2466105408
12,9000000,1570909035,926670948,2497579983
12,9000000,1722470823,928312792,2650783615
12,9000000,1538404589,928535288,2466939877
12,9000000,1515583956,926709830,2442293786
12,9000000,1611462270,929004058,2540466328
12,9000000,1504910417,927886149,2432796566
12,9000000,1623659963,927242130,2550902093
12,9000000,1576568851,926625174,2503194025
12,9000000,1783305968,927811957,2711117925
12,9000000,1535555360,929815977,2465371337
12,9000000,1663504193,929385249,2592889442
12,9000000,1741065229,927428061,2668493290
12,9000000,1733826460,928796233,2662622693
12,9000000,1610730709,930841676,2541572385
12,9000000,1566372285,931975988,2498348273
12,9000000,1664349013,931056059,2595405072
12,9000000,1785866031,926946774,2712812805
12,9000000,1598558956,932826658,2531385614
12,9000000,1466209491,927066313,2393275804
12,9000000,1671023228,935683325,2606706553
12,9000000,1494137306,929876613,2424013919
12,9000000,1702561505,936117510,2638679015
12,9000000,1565974629,938324473,2504299102
12,9000000,1522306357,928015199,2450321556
12,9000000,1568493085,926657518,2495150603
12,9000000,1596835218,933580198,2530415416
12,9000000,1577531290,926603527,2504134817
12,9000000,1602117262,928220954,2530338216
12,9000000,1585417446,926521055,2511938501
12,9000000,1753295749,927043488,2680339237
12,9000000,1561305796,931145086,2492450882
12,9000000,1654484359,927213916,2581698275
12,9000000,1488092323,932446035,2420538358
12,9000000,1547469495,926460593,2473930088
12,9000000,1557665639,927126666,2484792305
12,9000000,1584974250,927145210,2512119460
12,9000000,1580368257,926839715,2507207972
12,9000000,1823003575,926923803,2749927378
12,9000000,1516157003,931848163,2448005166
12,9000000,1530282254,927071310,2457353564
12,9000000,1634569350,927679619,2562248969
12,9000000,1581559614,927677994,2509237608
12,9000000,1654048939,927856678,2581905617
12,9000000,1487251984,926285212,2413537196
12,9000000,1430778833,926778076,2357556909
12,9000000,1522434995,926896376,2449331371
12,9000000,1632667344,934758662,2567426006
12,9000000,1664605900,938805438,2603411338
12,9000000,1553368305,927761131,2481129436
12,9000000,1574837923,930747334,2505585257
12,9000000,1501467372,933999506,2435466878
12,9000000,1750351899,933458364,2683810263
12,9000000,1606479968,929032041,2535512009
12,9000000,1554398460,933700763,2488099223
12,9000000,1614706530,931928638,2546635168
12,9000000,1648737292,926867945,2575605237
12,9000000,1570364888,926359867,2496724755
12,9000000,1699462869,932400702,2631863571
12,9000000,1667447112,927525602,2594972714
12,9000000,1495708994,928842208,2424551202
12,9000000,1466818754,926601663,2393420417
12,9000000,1580241233,929943521,2510184754
12,9000000,1672570936,926885539,2599456475
12,9000000,1610678353,926108497,2536786850
12,9000000,1766887597,929329958,2696217555
12,9000000,1597183986,927479906,2524663892
12,9000000,1514476261,927645906,2442122167
12,9000000,1718738294,927826003,2646564297
12,9000000,1524646071,926837036,2451483107
12,9000000,1552444196,928069931,2480514127
12,9000000,1470311405,933743116,2404054521
12,9000000,1550086662,931203519,2481290181
12,9000000,1681160062,926543678,2607703740
12,9000000,1556691373,927426892,2484118265
12,9000000,1612216622,926935751,2539152373
12,9000000,1569348960,926550888,2495899848
12,9000000,1611223832,928573099,2539796931
12,9000000,1420738552,937172975,2357911527
12,9000000,1622360614,929666548,2552027162
12,9000000,1528658268,926202264,2454860532
12,9000000,1665933637,928798978,2594732615
12,9000000,1509339529,927270081,2436609610
12,9000000,1666504922,926806404,2593311326
12,9000000,1658450522,930387510,2588838032
12,9000000,1649689715,932848529,2582538244
12,9000000,1547623431,932058889,2479682320
12,9000000,1483184937,928261637,2411446574
12,9000000,1496167521,927604370,2423771891
12,9000000,1482545973,927213026,2409758999
12,9000000,1467602100,926379029,2393981129
12,9000000,1541204092,927615375,2468819467
12,9000000,1483644987,933668734,2417313721
12,9000000,1527025284,926769390,2453794674
12,9000000,1639616969,927403560,2567020529
12,9000000,1585697908,934896362,2520594270
12,9000000,1595245142,927349431,2522594573
12,9000000,1655809049,929086491,2584895540
12,9000000,1554161482,928658544,2482820026
12,9000000,1581814588,926714960,2508529548
12,9000000,1538916645,928384819,2467301464
12,9000000,1657890601,927539110,2585429711
12,9000000,1634977014,929075537,2564052551
12,9000000,1534454937,934284602,2468739539
12,9000000,1651784363,926778358,2578562721
12,9000000,1472106672,930663793,2402770465
12,10000000,1699310876,1042660967,2741971843
12,10000000,1690227283,1039024976,2729252259
12,10000000,1719653467,1047799255,2767452722
12,10000000,1743155996,1035206145,2778362141
12,10000000,1727232877,1040942422,2768175299
12,10000000,1749334314,1038795678,2788129992
12,10000000,1652996179,1035013261,2688009440
12,10000000,1736866840,1036674891,2773541731
12,10000000,1647309558,1037918927,2685228485
12,10000000,1697039590,1039623465,2736663055
12,10000000,1632452318,1039817359,2672269677
12,10000000,1690583482,1033271718,2723855200
12,10000000,1671350373,1037966174,2709316547
12,10000000,1826141256,1035914761,2862056017
12,10000000,1709436988,1036865690,2746302678
12,10000000,1791090333,1032415753,2823506086
12,10000000,1795076176,1038871661,2833947837
12,10000000,1820757774,1032535056,2853292830
12,10000000,1670359272,1036794732,2707154004
12,10000000,1794533815,1039469432,2834003247
12,10000000,1793982477,1040132349,2834114826
12,10000000,1728498580,1042994308,2771492888
12,10000000,1765192094,1036476881,2801668975
12,10000000,1806602513,1038133443,2844735956
12,10000000,1863581713,1037668898,2901250611
12,10000000,1730210409,1035521993,2765732402
12,10000000,1678068012,1041303024,2719371036
12,10000000,1685489497,1038948371,2724437868
12,10000000,1721944940,1037736935,2759681875
12,10000000,1880919802,1042292039,2923211841
12,10000000,1780366457,1038534460,2818900917
12,10000000,1890913148,1042511188,2933424336
12,10000000,1853712616,1043598158,2897310774
12,10000000,1737828401,1037360910,2775189311
12,10000000,1627692806,1035252329,2662945135
12,10000000,1830555745,1035797528,2866353273
12,10000000,1715719083,1042169808,2757888891
12,10000000,1598795993,1044834709,2643630702
12,10000000,1573445650,1037679473,2611125123
12,10000000,1780197548,1037113678,2817311226
12,10000000,1650857654,1040898275,2691755929
12,10000000,1629371005,1040680476,2670051481
12,10000000,1758961960,1039635913,2798597873
12,10000000,1789859346,1038594552,2828453898
12,10000000,1712322867,1037657022,2749979889
12,10000000,1650375996,1043438370,2693814366
12,10000000,1771845245,1039401007,2811246252
12,10000000,1850803636,1041065853,2891869489
12,10000000,1688458886,1038620929,2727079815
12,10000000,1909374436,1044673566,2954048002
12,10000000,1944457155,1038794181,2983251336
12,10000000,1766589272,1035786267,2802375539
12,10000000,1703502695,1041227187,2744729882
12,10000000,1772425189,1044394311,2816819500
12,10000000,1726763632,1037105054,2763868686
12,10000000,1666995815,1039925203,2706921018
12,10000000,1829142190,1040338382,2869480572
12,10000000,1682024360,1038031265,2720055625
12,10000000,1751991768,1037636914,2789628682
12,10000000,1571485964,1038138061,2609624025
12,10000000,1718532350,1035123659,2753656009
12,10000000,1667925240,1040813735,2708738975
12,10000000,1817347275,1036002736,2853350011
12,10000000,1858960960,1041190869,2900151829
12,10000000,1799268361,1037266632,2836534993
12,10000000,1698661435,1037697209,2736358644
12,10000000,1795994816,1042128354,2838123170
12,10000000,1632831678,1036550964,2669382642
12,10000000,1722597618,1043375581,2765973199
12,10000000,1906091851,1037256672,2943348523
12,10000000,1672449808,1035776980,2708226788
12,10000000,1746346893,1038918431,2785265324
12,10000000,1706158839,1037959353,2744118192
12,10000000,1729413675,1036440257,2765853932
12,10000000,1743587582,1038067474,2781655056
12,10000000,1801611986,1043817875,2845429861
12,10000000,1724012294,1039226819,2763239113
12,10000000,1721207458,1038918333,2760125791
12,10000000,1844332610,1040447839,2884780449
12,10000000,1585420895,1038879110,2624300005
12,10000000,1823175822,1038638131,2861813953
12,10000000,2101280743,1036990288,3138271031
12,10000000,1745097166,1039588149,2784685315
12,10000000,1761529433,1037853590,2799383023
12,10000000,1842031462,1038092115,2880123577
12,10000000,1746240016,1039047031,2785287047
12,10000000,1727341884,1035715658,2763057542
12,10000000,1718173725,1044034696,2762208421
12,10000000,1752996251,1035601355,2788597606
12,10000000,1665998216,1036511547,2702509763
12,10000000,1845914597,1038907834,2884822431
12,10000000,1660086963,1041563503,2701650466
12,10000000,1697447141,1035698857,2733145998
12,10000000,1778721654,1045969588,2824691242
12,10000000,1661133904,1040724775,2701858679
12,10000000,1700909254,1039981516,2740890770
12,10000000,1675698497,1038158365,2713856862
12,10000000,1565770781,1037358799,2603129580
12,10000000,1686767220,1036601744,2723368964
12,10000000,1700502445,1038991067,2739493512
12,10000000,1782497054,1040275139,2822772193
12,10000000,1771061703,1044167376,2815229079
12,10000000,1644407092,1036625416,2681032508
12,10000000,1804327754,1041956642,2846284396
12,10000000,1777680945,1042749978,2820430923
12,10000000,1671142021,1048889808,2720031829
12,10000000,1708340082,1037629200,2745969282
12,10000000,1764998236,1041727079,2806725315
12,10000000,1876414127,1036510558,2912924685
12,10000000,1974191510,1041640426,3015831936
12,10000000,1751413066,1038470592,2789883658
12,10000000,1822626196,1039763131,2862389327
12,10000000,1763552993,1042620021,2806173014
12,10000000,1651435889,1038253022,2689688911
12,10000000,1691707661,1039982216,2731689877
12,10000000,1768514048,1040792987,2809307035
12,10000000,1691574862,1036911968,2728486830
12,10000000,1542432045,1037796093,2580228138
12,10000000,1655184152,1044209659,2699393811
12,10000000,1667615941,1038140272,2705756213
12,10000000,2030871571,1040497766,3071369337
12,10000000,1807039611,1041489118,2848528729
12,10000000,1772557268,1038371350,2810928618
12,10000000,1648541795,1039981205,2688523000
12,10000000,1663731452,1039381970,2703113422
12,10000000,1819275538,1038267107,2857542645
12,10000000,1736623546,1037791749,2774415295
12,10000000,1556906340,1042284299,2599190639
12,10000000,1637990814,1036501586,2674492400
12,10000000,1618231511,1042094834,2660326345
12,10000000,1684691184,1039357792,2724048976
12,10000000,1771895303,1036180413,2808075716
12,10000000,1729131199,1035057848,2764189047
12,10000000,1937895311,1039629107,2977524418
12,10000000,1760898367,1045243685,2806142052
12,10000000,1689501503,1037594792,2727096295
12,10000000,1634239737,1036411401,2670651138
12,10000000,1598427456,1040434711,2638862167
12,10000000,1745065404,1039015123,2784080527
12,10000000,1783350954,1037824505,2821175459
12,10000000,1736517121,1039802217,2776319338
12,10000000,1694215686,1036191170,2730406856
12,10000000,1870313906,1037273620,2907587526
12,10000000,1706336416,1041550414,2747886830
12,10000000,1775633343,1039424935,2815058278
12,10000000,1554716678,1035943174,2590659852
12,10000000,1798660948,1036949971,2835610919
12,10000000,1841940165,1038958304,2880898469
12,10000000,1763529635,1041978517,2805508152
12,10000000,1716058934,1039609688,2755668622
12,10000000,1925634741,1037846574,2963481315
12,10000000,1836449285,1036456346,2872905631
12,10000000,1785103598,1037743395,2822846993
12,10000000,1666318197,1042751807,2709070004
12,10000000,1612583689,1041635934,2654219623
12,10000000,1738274957,1036868104,2775143061
12,10000000,1711601979,1037804701,2749406680
12,10000000,1759842977,1039207619,2799050596
12,10000000,1687465570,1038395214,2725860784
12,10000000,1790666639,1034356915,2825023554
12,10000000,1722639929,1035610430,2758250359
12,10000000,2041890332,1041294907,3083185239
12,10000000,1646806908,1033195981,2680002889
12,10000000,1899438955,1039640180,2939079135
12,10000000,1802026945,1045613139,2847640084
12,10000000,1656814586,1036942816,2693757402
12,10000000,1769484895,1037828263,2807313158
12,10000000,1872945493,1038647746,2911593239
12,10000000,1648101872,1036463485,2684565357
12,10000000,1876868394,1043654294,2920522688
12,10000000,1595829066,1039718017,2635547083
12,10000000,1785905826,1036830651,2822736477
12,10000000,1664310012,1038459656,2702769668
12,10000000,1734277142,1038313791,2772590933
12,10000000,1838233677,1035680249,2873913926
12,10000000,1698179158,1040132811,2738311969
12,10000000,1700199512,1038573538,2738773050
12,10000000,1655524168,1038764205,2694288373
12,10000000,1824290769,1038633184,2862923953
12,10000000,1658179849,1038847176,2697027025
12,10000000,1857137588,1036395021,2893532609
12,10000000,1842824554,1046674089,2889498643
12,10000000,1754552900,1036307718,2790860618
12,10000000,1734814214,1040742041,2775556255
12,10000000,1807527197,1043181232,2850708429
12,10000000,1754132113,1040495348,2794627461
12,10000000,1874497016,1036428236,2910925252
12,10000000,1696595980,1036010279,2732606259
12,10000000,1833686518,1041786278,2875472796
12,10000000,1758815119,1041611106,2800426225
12,10000000,1663622381,1037946036,2701568417
12,10000000,1762907933,1039622293,2802530226
12,10000000,1677391288,1037489916,2714881204
12,10000000,1809702483,1043282260,2852984743
12,10000000,1814529681,1039513944,2854043625
12,10000000,1631571783,1039614151,2671185934
12,10000000,1752075114,1040497165,2792572279
12,10000000,1699867551,1037404393,2737271944
12,10000000,1758846987,1035740664,2794587651
12,10000000,1694966863,1043545691,2738512554
12,10000000,1869900471,1038021567,2907922038
12,10000000,1882698424,1037846441,2920544865
12,10000000,1691506645,1037688016,2729194661
12,10000000,1599123856,1035237925,2634361781
12,10000000,1671093457,1037939521,2709032978
12,10000000,1650155702,1033205500,2683361202
12,10000000,2025871297,1037687877,3063559174
12,10000000,1787407605,1035145381,2822552986
12,10000000,1644771138,1036282006,2681053144
12,10000000,1798338307,1039805378,2838143685
12,10000000,1644479870,1038027086,2682506956
12,10000000,1636829146,1036101188,2672930334
12,10000000,1901208584,1037729791,2938938375
12,10000000,1845673051,1047747727,2893420778
12,10000000,1656310963,1042114069,2698425032
12,10000000,1741849163,1038184483,2780033646
12,10000000,1904761650,1034605727,2939367377
12,10000000,1686637250,1039692399,2726329649
12,10000000,1671496300,1039889972,2711386272
12,10000000,1718857819,1041096311,2759954130
12,10000000,1749140522,1041794244,2790934766
12,10000000,1793629053,1038773689,2832402742
12,10000000,1778617855,1036769070,2815386925
12,10000000,1870340590,1045673155,2916013745
12,10000000,1684646380,1035418889,2720065269
12,10000000,1717653781,1038811178,2756464959
12,10000000,1599104534,1040003008,2639107542
12,10000000,1692857376,1033492813,2726350189
12,10000000,1654321164,1038482585,2692803749
12,10000000,1631731972,1041742556,2673474528
12,20000000,3577853946,2068884930,5646738876
12,20000000,3359780543,2069075385,5428855928
12,20000000,3332819516,2069411986,5402231502
12,20000000,3365106628,2061855950,5426962578
12,20000000,3474934565,2063886314,5538820879
12,20000000,3261213948,2071928847,5333142795
12,20000000,3266529428,2082417845,5348947273
12,20000000,3481631924,2064683253,5546315177
12,20000000,3660433754,2072024662,5732458416
12,20000000,3426390567,2071585600,5497976167
12,20000000,3437432001,2076247791,5513679792
12,20000000,3361606659,2073725263,5435331922
12,20000000,3654173105,2071708453,5725881558
12,20000000,3282934586,2066927024,5349861610
12,20000000,3407156697,2071266665,5478423362
12,20000000,3563895167,2066737826,5630632993
12,20000000,3457007433,2075658181,5532665614
12,20000000,3216687672,2072960085,5289647757
12,20000000,3571399046,2082402288,5653801334
12,20000000,3655103632,2071484090,5726587722
12,20000000,3256208065,2062257092,5318465157
12,20000000,3450124283,2065910156,5516034439
12,20000000,3571373709,2074011445,5645385154
12,20000000,3365123153,2066135006,5431258159
12,20000000,3291983779,2069325097,5361308876
12,20000000,3519516417,2066441603,5585958020
12,20000000,3293185734,2067796619,5360982353
12,20000000,3492043573,2069875377,5561918950
12,20000000,3308109214,2068698653,5376807867
12,20000000,3430243777,2070451271,5500695048
12,20000000,3576019833,2083491307,5659511140
12,20000000,3474499900,2070280795,5544780695
12,20000000,3354496683,2068326732,5422823415
12,20000000,3453116758,2068676338,5521793096
12,20000000,3369308746,2079499665,5448808411
12,20000000,3142277473,2070183716,5212461189
12,20000000,3221742401,2072473180,5294215581
12,20000000,3349196197,2069147069,5418343266
12,20000000,3367055847,2071530855,5438586702
12,20000000,3216788419,2069864419,5286652838
12,20000000,3347100819,2074296666,5421397485
12,20000000,3481017041,2067944740,5548961781
12,20000000,3504702403,2074635564,5579337967
12,20000000,3518176039,2068228506,5586404545
12,20000000,3386486609,2073892545,5460379154
12,20000000,3519343808,2070048409,5589392217
12,20000000,3439119226,2064099611,5503218837
12,20000000,3270113837,2070212129,5340325966
12,20000000,3275453965,2092419447,5367873412
12,20000000,3385541547,2068277288,5453818835
12,20000000,3451504282,2072859035,5524363317
12,20000000,3381862099,2070496173,5452358272
12,20000000,3409722529,2068606272,5478328801
12,20000000,3513457654,2068720069,5582177723
12,20000000,3650997613,2071772110,5722769723
12,20000000,3418755244,2070967861,5489723105
12,20000000,3330016488,2080353684,5410370172
12,20000000,3405831901,2066597413,5472429314
12,20000000,3656029288,2070941574,5726970862
12,20000000,3457258228,2079392068,5536650296
12,20000000,3290822687,2084558269,5375380956
12,20000000,3197087122,2076644147,5273731269
12,20000000,3190176951,2083263045,5273439996
12,20000000,3317480097,2081723568,5399203665
12,20000000,3441075910,2068504398,5509580308
12,20000000,3441195603,2070963921,5512159524
12,20000000,3466731493,2062502238,5529233731
12,20000000,3373903001,2075197418,5449100419
12,20000000,3557898301,2074909498,5632807799
12,20000000,3291292021,2082176628,5373468649
12,20000000,3651043676,2071349394,5722393070
12,20000000,3258039682,2067771340,5325811022
12,20000000,3536370861,2079374094,5615744955
12,20000000,3419255571,2070856037,5490111608
12,20000000,3322303651,2069326149,5391629800
12,20000000,3278166866,2087304762,5365471628
12,20000000,3332409845,2080220134,5412629979
12,20000000,3346158661,2066796336,5412954997
12,20000000,3294122673,2068850733,5362973406
12,20000000,3375267726,2065748512,5441016238
12,20000000,3547162412,2074432280,5621594692
12,20000000,3521940872,2068233570,5590174442
12,20000000,3396893724,2068152027,5465045751
12,20000000,3515404403,2067334318,5582738721
12,20000000,3226467764,2069774071,5296241835
12,20000000,3502380677,2083782867,5586163544
12,20000000,3251952028,2063267239,5315219267
12,20000000,3288588609,2073140749,5361729358
12,20000000,3461093224,2069890368,5530983592
12,20000000,3394238501,2072094977,5466333478
12,20000000,3386281865,2077513867,5463795732
12,20000000,3510326258,2066670423,5576996681
12,20000000,3555081929,2067348286,5622430215
12,20000000,3326803284,2083082527,5409885811
12,20000000,3373156519,2070497367,5443653886
12,20000000,3159556835,2068666646,5228223481
12,20000000,3393568080,2074476677,5468044757
12,20000000,3248570088,2073969618,5322539706
12,20000000,3269118207,2070920640,5340038847
12,20000000,3432740768,2069598074,5502338842
12,20000000,3371583385,2067095196,5438678581
12,20000000,3319077139,2077639310,5396716449
12,20000000,3550992147,2068530930,5619523077
12,20000000,3312388438,2063554566,5375943004
12,20000000,3378908960,2073196950,5452105910
12,20000000,3162385069,2062910590,5225295659
12,20000000,3422042475,2069271654,5491314129
12,20000000,3353797240,2077281082,5431078322
12,20000000,3536520596,2066657726,5603178322
12,20000000,3403786982,2079317087,5483104069
12,20000000,3553860892,2068759392,5622620284
12,20000000,3381904439,2074540403,5456444842
12,20000000,3298830422,2064092268,5362922690
12,20000000,3371384642,2075477995,5446862637
12,20000000,3314475033,2078833590,5393308623
12,30000000,5178241991,3109176941,8287418932
12,30000000,4946255551,3121724380,8067979931
12,30000000,4933286070,3110804917,8044090987
12,30000000,4983829657,3093557283,8077386940
12,30000000,5215438329,3112063105,8327501434
12,30000000,5364862085,3114302228,8479164313
12,30000000,4832486928,3108185602,7940672530
12,30000000,5257851632,3105721775,8363573407
12,30000000,5297733760,3110881391,8408615151
12,30000000,5159505844,3093225957,8252731801
12,30000000,5337442824,3111096254,8448539078
12,30000000,5072224425,3096503029,8168727454
12,30000000,5025646399,3132803177,8158449576
12,30000000,5109082295,3099095902,8208178197
12,30000000,5280056496,3096160001,8376216497
12,30000000,5043972833,3098333515,8142306348
12,30000000,5192891604,3096907017,8289798621
12,30000000,4944431665,3101406900,8045838565
12,30000000,5228398062,3117221116,8345619178
12,30000000,5058319195,3098863789,8157182984
12,30000000,5199357701,3103425801,8302783502
12,30000000,5428564147,3092477120,8521041267
12,30000000,5241892029,3095316531,8337208560
12,30000000,4820601601,3100725319,7921326920
12,30000000,5334484191,3097219221,8431703412
12,30000000,5092215701,3099152502,8191368203
12,30000000,5013848193,3099255181,8113103374
12,30000000,5227424991,3091833425,8319258416
12,30000000,5030968820,3109661039,8140629859
12,30000000,4988521260,3096772902,8085294162
12,30000000,5082421575,3128818715,8211240290
12,30000000,5298025318,3097292982,8395318300
12,30000000,4930006219,3103351533,8033357752
12,30000000,4967789229,3094059510,8061848739
12,30000000,5356137903,3097356459,8453494362
12,30000000,5394913637,3125180026,8520093663
12,30000000,5182624031,3106464330,8289088361
12,30000000,4886008025,3097810633,7983818658
12,30000000,5616393911,3111176083,8727569994
12,30000000,4963616066,3094511924,8058127990
12,30000000,4791859615,3115507237,7907366852
12,30000000,5263539833,3097046699,8360586532
12,30000000,4942280904,3093261846,8035542750
12,30000000,5642409955,3092456740,8734866695
12,30000000,4937850864,3102012315,8039863179
12,30000000,5147060026,3101180254,8248240280
12,30000000,5186430774,3109795833,8296226607
12,30000000,4999750743,3098441425,8098192168
12,30000000,5379923419,3092994358,8472917777
12,30000000,4917066827,3088713711,8005780538
12,30000000,5293294749,3092866051,8386160800
12,30000000,5459485515,3099373430,8558858945
12,30000000,5095754363,3100686185,8196440548
12,30000000,4907136840,3092901744,8000038584
12,30000000,5035781839,3097514853,8133296692
12,30000000,5274899499,3096427351,8371326850
12,30000000,5080961336,3097400938,8178362274
12,30000000,5020862718,3100107822,8120970540
12,30000000,5350002410,3095783493,8445785903
12,30000000,5063676548,3119938256,8183614804
12,30000000,5318683310,3096626825,8415310135
12,30000000,5188620207,3090674975,8279295182
12,30000000,5285153574,3109104925,8394258499
12,30000000,5253711169,3117830546,8371541715
12,30000000,5113268377,3097621501,8210889878
12,30000000,5041769049,3103062502,8144831551
12,30000000,5388634615,3092500748,8481135363
12,30000000,5542120306,3096402831,8638523137
12,30000000,4750019589,3094527087,7844546676
12,30000000,5149416752,3101337690,8250754442
12,30000000,5450111502,3097568185,8547679687
12,30000000,4985158026,3101748145,8086906171
12,30000000,4957402681,3096821698,8054224379
12,30000000,5092213421,3107253652,8199467073
12,30000000,4972227739,3116466195,8088693934
12,30000000,4798468059,3102555620,7901023679
12,30000000,5192829764,3113890083,8306719847
12,30000000,5005826713,3096455484,8102282197
12,30000000,5000394287,3099007092,8099401379
12,30000000,5075220182,3108053991,8183274173
12,30000000,5463765301,3097024366,8560789667
12,30000000,5053088986,3120881317,8173970303
12,30000000,4854359763,3100500458,7954860221
12,30000000,5359235230,3122079203,8481314433
12,30000000,4955294994,3093365165,8048660159
12,30000000,5228236128,3091491639,8319727767
12,30000000,5091708868,3096063939,8187772807
12,30000000,5314701557,3111433193,8426134750
12,30000000,5028847341,3093613706,8122461047
12,30000000,4979660194,3094110955,8073771149
12,30000000,5018941749,3099839165,8118780914
12,30000000,5128292474,3114426945,8242719419
12,30000000,5398143214,3100360708,8498503922
12,30000000,5063383899,3099181077,8162564976
12,30000000,4793402472,3096808929,7890211401
12,30000000,5266759877,3097524094,8364283971
12,30000000,5175817311,3095420774,8271238085
12,30000000,4951299496,3102992085,8054291581
12,30000000,5137421069,3110549948,8247971017
12,30000000,5254194955,3116390440,8370585395
12,30000000,5029990822,3103584231,8133575053
12,30000000,5101283474,3096847675,8198131149
12,30000000,5030512613,3096697807,8127210420
12,30000000,5092534680,3092443319,8184977999
12,30000000,4972617968,3094319458,8066937426
12,30000000,5422063859,3102445845,8524509704
12,30000000,5167329684,3113048424,8280378108
12,30000000,4898666241,3099483901,7998150142
12,30000000,4990449725,3096304132,8086753857
12,30000000,5021432976,3092701949,8114134925
12,30000000,5387941772,3095898498,8483840270
12,30000000,4780482065,3091987944,7872470009
12,30000000,5502102285,3098839889,8600942174
12,30000000,5057473320,3098257172,8155730492
12,30000000,4927360330,3098243568,8025603898
12,40000000,7036782235,4119172228,11155954463
12,40000000,7149488173,4128209287,11277697460
12,40000000,6760902154,4129266130,10890168284
12,40000000,6701192536,4123085387,10824277923
12,40000000,6769987842,4124196188,10894184030
12,40000000,7128894215,4131497895,11260392110
12,40000000,7040612408,4160550233,11201162641
12,40000000,7275285521,4152054881,11427340402
12,40000000,7088913676,4118576834,11207490510
12,40000000,6972039105,4130774608,11102813713
12,40000000,6763807795,4124826149,10888633944
12,40000000,6943444140,4131389610,11074833750
12,40000000,6618146123,4123111880,10741258003
12,40000000,7116755662,4129736770,11246492432
12,40000000,7225513002,4129710841,11355223843
12,40000000,7037260185,4159749634,11197009819
12,40000000,6580229847,4129860492,10710090339
12,40000000,7388222493,4127564560,11515787053
12,40000000,6786349720,4133014477,10919364197
12,40000000,7035002636,4119032137,11154034773
12,40000000,7110420064,4126863720,11237283784
12,40000000,7015605946,4124542647,11140148593
12,40000000,6900955620,4131480246,11032435866
12,40000000,6799932801,4124813364,10924746165
12,40000000,6909550708,4118369292,11027920000
12,40000000,6913456770,4122519520,11035976290
12,40000000,6602000660,4139655519,10741656179
12,40000000,6850152276,4131496003,10981648279
12,40000000,6962075894,4130706321,11092782215
12,40000000,7168549366,4131652305,11300201671
12,40000000,7251306404,4118701503,11370007907
12,40000000,6911204343,4118694720,11029899063
12,40000000,7048946590,4133213179,11182159769
12,40000000,6812198407,4118975368,10931173775
12,40000000,6865484099,4158483328,11023967427
12,40000000,6620817939,4120920290,10741738229
12,40000000,6549308903,4120390448,10669699351
12,40000000,7214704416,4118946914,11333651330
12,40000000,6943098798,4124687143,11067785941
12,40000000,6847131581,4126995109,10974126690
12,40000000,6906122617,4124736097,11030858714
12,40000000,7080332750,4120159082,11200491832
12,40000000,6346734521,4159858180,10506592701
12,40000000,7299607211,4126502426,11426109637
12,40000000,6980078992,4125204245,11105283237
12,40000000,7188196672,4143743355,11331940027
12,40000000,6911435741,4126250268,11037686009
12,40000000,7084756931,4123678872,11208435803
12,40000000,6470080488,4161329211,10631409699
12,40000000,7109101463,4163053972,11272155435
12,40000000,7327213347,4117949005,11445162352
12,40000000,6857233138,4126228239,10983461377
12,40000000,6811387435,4129830953,10941218388
12,40000000,6709125302,4130381787,10839507089
12,40000000,7067316979,4137825717,11205142696
12,40000000,7017221682,4126856491,11144078173
12,40000000,6804387056,4160734799,10965121855
12,40000000,6948841051,4124581030,11073422081
12,40000000,7027918824,4119111880,11147030704
12,40000000,6659056995,4118354233,10777411228
12,40000000,6838716697,4116478393,10955195090
12,40000000,6985337801,4130831238,11116169039
12,40000000,7498868660,4116948968,11615817628
12,40000000,7042462900,4118740978,11161203878
12,40000000,6549023132,4118275322,10667298454
12,40000000,6750746520,4129284880,10880031400
12,40000000,7087656903,4134041752,11221698655
12,40000000,6988272663,4148968900,11137241563
12,40000000,7053579934,4135024053,11188603987
12,40000000,7224821803,4123593876,11348415679
12,40000000,7091378625,4118131625,11209510250
12,40000000,7217958393,4127496107,11345454500
12,40000000,7057875596,4124394685,11182270281
12,40000000,6706784209,4120271182,10827055391
12,40000000,6757759474,4117616288,10875375762
12,40000000,7130385084,4124788416,11255173500
12,40000000,6875017721,4125582269,11000599990
12,40000000,6996630585,4141786439,11138417024
12,40000000,6951165086,4127731081,11078896167
12,40000000,6953616539,4130163751,11083780290
12,40000000,7164190906,4132006528,11296197434
12,40000000,6897084151,4119267230,11016351381
12,40000000,7185321435,4124220845,11309542280
12,40000000,7057718871,4140962499,11198681370
12,40000000,6582483450,4160386773,10742870223
12,40000000,7265314453,4124993646,11390308099
12,40000000,6892327020,4119481982,11011809002
12,40000000,6931983134,4152533274,11084516408
12,40000000,6834959013,4152088955,10987047968
12,40000000,6928526311,4129999460,11058525771
12,40000000,7126971008,4128812184,11255783192
12,40000000,7079277509,4158596843,11237874352
12,40000000,6677212904,4122538120,10799751024
12,40000000,7315381821,4131446841,11446828662
12,40000000,7014812577,4125061120,11139873697
12,40000000,7096586033,4139232760,11235818793
12,40000000,6953157922,4156157693,11109315615
12,40000000,7210891834,4168726946,11379618780
12,40000000,6833913709,4154683542,10988597251
12,40000000,7259645581,4175963441,11435609022
12,40000000,6924076615,4129518322,11053594937
12,40000000,7161270952,5521971273,12683242225
12,40000000,6741423842,4163671205,10905095047
12,40000000,6783191990,4121562103,10904754093
12,40000000,6853399403,4124210156,10977609559
12,40000000,7038980523,4128180173,11167160696
12,40000000,7147709496,4157979863,11305689359
12,40000000,6962002353,4124184090,11086186443
12,40000000,7051044750,4121527421,11172572171
12,40000000,6738447496,4125879414,10864326910
12,40000000,6811435795,4135451218,10946887013
12,40000000,7257224215,4117602809,11374827024
12,40000000,6714789778,4118909059,10833698837
12,40000000,6672107565,4129219808,10801327373
12,40000000,7219070865,4133382718,11352453583
12,50000000,8118141530,5619653514,13737795044
12,50000000,8465775729,5630402641,14096178370
12,50000000,9428429284,5643930034,15072359318
12,50000000,8932930216,5650860839,14583791055
12,50000000,9225689412,5655594926,14881284338
12,50000000,9398324837,5621891298,15020216135
12,50000000,8197005305,5648267229,13845272534
12,50000000,8425128965,5696581830,14121710795
12,50000000,9109442887,5646531738,14755974625
12,50000000,8388702590,5628536704,14017239294
12,50000000,8679342377,5652896793,14332239170
12,50000000,8032949746,5650897811,13683847557
12,50000000,8290242391,5704563049,13994805440
12,50000000,8465320821,5697358270,14162679091
12,50000000,9363538654,5608471220,14972009874
12,50000000,8807120206,5615289872,14422410078
12,50000000,8411364677,5635697431,14047062108
12,50000000,8868839452,5651451178,14520290630
12,50000000,8404706434,5651726788,14056433222
12,50000000,8374794120,5668972782,14043766902
12,50000000,8364096998,5563041887,13927138885
12,50000000,8471008343,5610939189,14081947532
12,50000000,8780191504,5622477612,14402669116
12,50000000,9077856972,5576219273,14654076245
12,50000000,8126554531,5596165300,13722719831
12,50000000,8742238417,5627057072,14369295489
12,50000000,9184316675,5651069930,14835386605
12,50000000,8560341761,5635998057,14196339818
12,50000000,9079446886,5597365656,14676812542
12,50000000,9051184329,5648030814,14699215143
12,50000000,8201773574,5639597276,13841370850
12,50000000,9309172371,5652120907,14961293278
12,50000000,8582262115,5640531275,14222793390
12,50000000,8904691346,5610194202,14514885548
12,50000000,8247522465,5609197998,13856720463
12,50000000,8626444127,5644920426,14271364553
12,50000000,8454954573,5617698770,14072653343
12,50000000,8646582133,5635082996,14281665129
12,50000000,8499624232,5588005426,14087629658
12,50000000,8598306987,5646359188,14244666175
12,50000000,9372283328,5642482765,15014766093
12,50000000,8854289205,5660595580,14514884785
12,50000000,8470494948,5657001022,14127495970
12,50000000,8805688678,5568402882,14374091560
12,50000000,8430824334,5633646299,14064470633
12,50000000,9005251498,5676232718,14681484216
12,50000000,8292854288,5624090258,13916944546
12,50000000,8287934653,5625294762,13913229415
12,50000000,9237068589,5648196183,14885264772
12,50000000,8509191537,5653306934,14162498471
12,50000000,8685212152,5647263014,14332475166
12,50000000,9338364653,5645286008,14983650661
12,50000000,8804136039,5653965029,14458101068
12,50000000,8231840593,5614408551,13846249144
12,50000000,8329773068,5674230673,14004003741
12,50000000,8430034505,5642087837,14072122342
12,50000000,8567630354,5632242729,14199873083
12,50000000,8472910298,5677237632,14150147930
12,50000000,9039211646,5652279253,14691490899
12,50000000,8833473506,5638832605,14472306111
12,50000000,8256091191,5639912241,13896003432
12,50000000,8711905722,5665391325,14377297047
12,50000000,9116807306,5671351595,14788158901
12,50000000,7975192696,5647978840,13623171536
12,50000000,8487928205,5648619973,14136548178
12,50000000,8609089423,5629212494,14238301917
12,50000000,8387243756,5645577079,14032820835
12,50000000,8958216565,5657017005,14615233570
12,50000000,8385696257,5654672529,14040368786
12,50000000,8559474949,5563026394,14122501343
12,50000000,8824725847,5643899778,14468625625
12,50000000,8711019159,5533469559,14244488718
12,50000000,8513607777,5646169219,14159776996
12,50000000,8351562235,5636640192,13988202427
12,50000000,8570236229,5617815689,14188051918
12,50000000,8629598397,5636452450,14266050847
12,50000000,8373708293,5596924191,13970632484
12,50000000,8675995068,5627501809,14303496877
12,50000000,8507265699,5644286957,14151552656
12,50000000,9001909686,5604286584,14606196270
12,50000000,8404118027,5655136752,14059254779
12,50000000,8380296303,5606384200,13986680503
12,50000000,8426994272,5676557431,14103551703
12,50000000,8983679466,5644291823,14627971289
12,50000000,8465421716,5635761750,14101183466
12,50000000,8268791029,5710006317,13978797346
12,50000000,8577880578,5651007521,14228888099
12,50000000,9089991641,5646602341,14736593982
12,50000000,8292588347,5646751580,13939339927
12,50000000,8665379234,5621098947,14286478181
12,50000000,8439593283,5633774847,14073368130
12,50000000,8166578249,5604529182,13771107431
12,50000000,8897312892,5634005031,14531317923
12,50000000,8459008307,5535510527,13994518834
12,50000000,8868636792,5646912134,14515548926
12,50000000,8824532387,5644087126,14468619513
12,50000000,9154330842,5651121245,14805452087
12,50000000,8580723121,5583737679,14164460800
12,50000000,8799551258,5592685082,14392236340
12,50000000,9046603885,5548113775,14594717660
12,50000000,8371805923,5583482707,13955288630
12,50000000,8532042740,5633883895,14165926635
12,50000000,8666769114,5638017660,14304786774
12,50000000,8906978091,5646731857,14553709948
12,50000000,7995401315,5611455576,13606856891
12,50000000,9023237414,5646685431,14669922845
12,50000000,8630584286,5620733406,14251317692
12,50000000,8452465918,5637895900,14090361818
12,50000000,8379376989,5679492892,14058869881
12,50000000,8858408615,5645232482,14503641097
12,50000000,8635769288,5632727131,14268496419
12,50000000,8461449916,5641521356,14102971272
12,50000000,9075151666,5651617355,14726769021
12,50000000,9265115878,5570977318,14836093196
12,50000000,8308736013,5656874282,13965610295
12,60000000,10431063626,6180451350,16611514976
12,60000000,10363074477,6214789607,16577864084
12,60000000,10730463897,6176072168,16906536065
12,60000000,10181759577,6238131964,16419891541
12,60000000,10772389226,6176574327,16948963553
12,60000000,9879726729,6251127272,16130854001
12,60000000,10194182449,6178852816,16373035265
12,60000000,10951364014,6178003537,17129367551
12,60000000,10161091156,6205414895,16366506051
12,60000000,10076819881,6182100857,16258920738
12,60000000,10058423572,6250566006,16308989578
12,60000000,10717707022,6250942805,16968649827
12,60000000,11575148646,6186989301,17762137947
12,60000000,10188708042,6247419008,16436127050
12,60000000,10079389573,6244278427,16323668000
12,60000000,10548663432,6178984560,16727647992
12,60000000,10427942863,6176856666,16604799529
12,60000000,10333998184,6234676235,16568674419
12,60000000,10649755672,6177039524,16826795196
12,60000000,10364497977,6176790383,16541288360
12,60000000,10981009989,6195267546,17176277535
12,60000000,10281065440,6244922220,16525987660
12,60000000,10868825432,6176124765,17044950197
12,60000000,10280401817,6186398538,16466800355
12,60000000,10992367641,6178282326,17170649967
12,60000000,10782592402,6238362990,17020955392
12,60000000,10436662782,6190307290,16626970072
12,60000000,10687992999,6255127183,16943120182
12,60000000,10956066471,6185052854,17141119325
12,60000000,10117562600,6177897707,16295460307
12,60000000,9965904299,6213185508,16179089807
12,60000000,10466711674,6246212566,16712924240
12,60000000,10482792670,6186786771,16669579441
12,60000000,10828524957,6177028419,17005553376
12,60000000,10110484849,6179999126,16290483975
12,60000000,10639756470,6186689167,16826445637
12,60000000,10016060023,6176550522,16192610545
12,60000000,9985459549,6192732942,16178192491
12,60000000,10460657225,6178838193,16639495418
12,60000000,10622254830,6239196144,16861450974
12,60000000,10630722464,6230174802,16860897266
12,60000000,10091730516,6184856188,16276586704
12,60000000,11206626232,6242248704,17448874936
12,60000000,10701899856,6236801862,16938701718
12,60000000,10893144255,6238378311,17131522566
12,60000000,10350570570,6178623608,16529194178
12,60000000,10318439615,6176084017,16494523632
12,60000000,10873121804,6193839374,17066961178
12,60000000,10907135500,6177313977,17084449477
12,60000000,10482742599,6180085255,16662827854
12,60000000,10447321958,6192074036,16639395994
12,60000000,10798787591,6258365908,17057153499
12,60000000,11059140833,6177027627,17236168460
12,60000000,10666970618,6202056813,16869027431
12,60000000,10175696791,6177885877,16353582668
12,60000000,10313466423,6200728214,16514194637
12,60000000,10824934318,6179260823,17004195141
12,60000000,10522839961,6178838276,16701678237
12,60000000,10551117545,6185443968,16736561513
12,60000000,10224800059,6178203802,16403003861
12,60000000,10521034113,6202839263,16723873376
12,60000000,9960980903,6185961213,16146942116
12,60000000,10113627756,6195380999,16309008755
12,60000000,10928869278,6244300116,17173169394
12,60000000,10705400924,6177808043,16883208967
12,60000000,10155910561,6179294166,16335204727
12,60000000,10245089298,6236871910,16481961208
12,60000000,10556571065,6239126866,16795697931
12,60000000,10399770730,6196507404,16596278134
12,60000000,10319364016,6192069897,16511433913
12,60000000,10497643218,6245790262,16743433480
12,60000000,10396259995,6243343968,16639603963
12,60000000,11299081267,6240975811,17540057078
12,60000000,10608813800,6211254602,16820068402
12,60000000,10930319779,6180138061,17110457840
12,60000000,10116704842,6260576320,16377281162
12,60000000,10452965794,6178736673,16631702467
12,60000000,10487123766,6202271512,16689395278
12,60000000,10612996439,6254699303,16867695742
12,60000000,10387800993,6197471778,16585272771
12,60000000,11259609493,6230324297,17489933790
12,60000000,11207944142,6195100260,17403044402
12,60000000,10227026311,6244616168,16471642479
12,60000000,10906802729,6178946762,17085749491
12,60000000,10595660233,6177422281,16773082514
12,60000000,10023612082,6178133339,16201745421
12,60000000,10876380144,6186893681,17063273825
12,60000000,11067848986,6205186679,17273035665
12,60000000,10081380197,6193455563,16274835760
12,60000000,10374124054,6226692565,16600816619
12,60000000,10463742048,6180450284,16644192332
12,60000000,10259258763,6206338097,16465596860
12,60000000,10342431150,6185338391,16527769541
12,60000000,10198924065,6213323321,16412247386
12,60000000,10151663170,6287075833,16438739003
12,60000000,10624332799,6177466222,16801799021
12,60000000,11040185543,6176720452,17216905995
12,60000000,10755116688,6178209368,16933326056
12,60000000,10808490829,6185122948,16993613777
12,60000000,9987126182,6237511704,16224637886
12,60000000,10028650207,6179667770,16208317977
12,60000000,10181122128,6193939496,16375061624
12,60000000,10461868673,6261875153,16723743826
12,60000000,11218923395,6274538780,17493462175
12,60000000,10865351848,6177339722,17042691570
12,60000000,10069273959,6188831701,16258105660
12,60000000,10233946899,6177312799,16411259698
12,60000000,10288448651,6180819119,16469267770
12,60000000,10331381400,6214982361,16546363761
12,60000000,11160642760,6213181708,17373824468
12,60000000,11082191930,6250549441,17332741371
12,60000000,11005940808,6178940975,17184881783
12,60000000,10085596699,6209471590,16295068289
12,60000000,10787856319,6177068949,16964925268
12,60000000,9943553713,6188118507,16131672220
12,70000000,12814303384,7207680653,20021984037
12,70000000,13189921712,7206215468,20396137180
12,70000000,12577770032,7209029820,19786799852
12,70000000,13210239866,7207001722,20417241588
12,70000000,13124561238,7207273962,20331835200
12,70000000,13026057895,7207668876,20233726771
12,70000000,12524274266,7204872181,19729146447
12,70000000,12874160180,7206572920,20080733100
12,70000000,12746334937,7269309968,20015644905
12,70000000,12842040008,7207361447,20049401455
12,70000000,12808763151,7208144964,20016908115
12,70000000,12901339788,7266933480,20168273268
12,70000000,12597714964,7213741102,19811456066
12,70000000,12579694807,7224118613,19803813420
12,70000000,12819326393,7230509780,20049836173
12,70000000,13175821864,7209652009,20385473873
12,70000000,12877769057,7405710896,20283479953
12,70000000,12304856174,7687151707,19992007881
12,70000000,12278254203,7205432826,19483687029
12,70000000,12193027636,7205302058,19398329694
12,70000000,12664638968,7205260427,19869899395
12,70000000,13107202739,7205485899,20312688638
12,70000000,12239401103,7206638192,19446039295
12,70000000,12330178638,7215690655,19545869293
12,70000000,12707030099,7268579121,19975609220
12,70000000,12164846788,7209093165,19373939953
12,70000000,12028329689,7243584170,19271913859
12,70000000,13117489534,7208975986,20326465520
12,70000000,12442009179,7266369824,19708379003
12,70000000,12729372004,7270085928,19999457932
12,70000000,12048887314,7205654445,19254541759
12,70000000,12613782308,7227105394,19840887702
12,70000000,12046599880,7281177909,19327777789
12,70000000,12388726065,7205039098,19593765163
12,70000000,12678015283,7256323002,19934338285
12,70000000,12869551142,7250440605,20119991747
12,70000000,12172395652,7207329038,19379724690
12,70000000,12672811657,7258640901,19931452558
12,70000000,12231397850,7288087139,19519484989
12,70000000,12299638705,7227008659,19526647364
12,70000000,12712092064,7224002637,19936094701
12,70000000,12688209587,7261713525,19949923112
12,70000000,12738193371,7264872372,20003065743
12,70000000,11822491604,7271066530,19093558134
12,70000000,12972544297,7204793989,20177338286
12,70000000,12411049650,7204944565,19615994215
12,70000000,12145118146,7207651690,19352769836
12,70000000,11966200801,7209702647,19175903448
12,70000000,12596501611,7206138465,19802640076
12,70000000,12587263201,7205113486,19792376687
12,70000000,12868732036,7265098208,20133830244
12,70000000,12553301190,7210143458,19763444648
12,70000000,12262188309,7209413079,19471601388
12,70000000,12805932741,7208485285,20014418026
12,70000000,12534410465,7206918459,19741328924
12,70000000,12084340904,7208271837,19292612741
12,70000000,12917877611,7206794967,20124672578
12,70000000,13308186991,7269323417,20577510408
12,70000000,12656588005,7266541494,19923129499
12,70000000,12812973553,7261352859,20074326412
12,70000000,13174445088,7205261232,20379706320
12,70000000,12729585343,7209135724,19938721067
12,70000000,12883384124,7209704026,20093088150
12,70000000,12142407495,7208508077,19350915572
12,70000000,12581981519,7310322724,19892304243
12,70000000,11715572087,7257363735,18972935822
12,70000000,13464346939,7207016191,20671363130
12,70000000,12335094484,7210452623,19545547107
12,70000000,12700499901,7262732335,19963232236
12,70000000,12999816498,7206517587,20206334085
12,70000000,11754687874,7267003842,19021691716
12,70000000,12705885459,7205934890,19911820349
12,70000000,12079103879,7207620567,19286724446
12,70000000,12838103037,7264559774,20102662811
12,70000000,12840227006,7223424172,20063651178
12,70000000,13087719548,7204443925,20292163473
12,70000000,12166564026,7211092778,19377656804
12,70000000,13147792276,7205102315,20352894591
12,70000000,12375696710,7268014046,19643710756
12,70000000,12872114548,7208093041,20080207589
12,70000000,11815615049,7257905650,19073520699
12,70000000,12707116803,7253634473,19960751276
12,70000000,12940346332,7208690398,20149036730
12,70000000,12286080052,7265923858,19552003910
12,70000000,13082951770,7271861704,20354813474
12,70000000,12604875634,7211584398,19816460032
12,70000000,12914271866,7205597082,20119868948
12,70000000,13015094420,7274752528,20289846948
12,70000000,12871516907,7258849473,20130366380
12,70000000,12508366045,7274653898,19783019943
12,70000000,12740924682,7207532424,19948457106
12,70000000,12921290582,7207103025,20128393607
12,70000000,12881803033,7208915513,20090718546
12,70000000,12566561813,7209052761,19775614574
12,70000000,12934755631,7206022490,20140778121
12,70000000,12271681620,7224536423,19496218043
12,70000000,12077787178,7262685587,19340472765
12,70000000,12197993397,7261665491,19459658888
12,70000000,12694580330,7263566838,19958147168
12,70000000,12254459174,7208248612,19462707786
12,70000000,12625790302,7218275658,19844065960
12,70000000,12158573499,7208694540,19367268039
12,70000000,11863652942,7300779361,19164432303
12,70000000,12802035629,7258281896,20060317525
12,70000000,12940294163,7262814033,20203108196
12,70000000,12569433352,7208375963,19777809315
12,70000000,12493451452,7258094839,19751546291
12,70000000,12973776837,7207002670,20180779507
12,70000000,12184064300,7323238530,19507302830
12,70000000,12400687416,7223735048,19624422464
12,70000000,12601580255,7225965266,19827545521
12,70000000,12828779897,7209321472,20038101369
12,70000000,12362426368,7209139396,19571565764
12,70000000,12383353084,7207061244,19590414328
12,70000000,13025866228,7205630575,20231496803
12,80000000,14239621649,8239083501,22478705150
12,80000000,14738889030,8238680733,22977569763
12,80000000,14546175785,8238103260,22784279045
12,80000000,14484073611,8235401035,22719474646
12,80000000,13780655134,8284766939,22065422073
12,80000000,14037866752,8238111387,22275978139
12,80000000,15414425104,8287345662,23701770766
12,80000000,14626520556,8332683221,22959203777
12,80000000,14373652070,8237565499,22611217569
12,80000000,14425880690,8263689778,22689570468
12,80000000,14112932013,8292155260,22405087273
12,80000000,14172460110,8237513147,22409973257
12,80000000,13967105908,8236520051,22203625959
12,80000000,14453033641,9272609267,23725642908
12,80000000,14864319684,8238534239,23102853923
12,80000000,14503454940,8236910662,22740365602
12,80000000,13841372355,8238971623,22080343978
12,80000000,14024352795,8306780345,22331133140
12,80000000,13909993668,8236093148,22146086816
12,80000000,14501424184,8238728071,22740152255
12,80000000,13898578752,8240135974,22138714726
12,80000000,14500394022,8237523396,22737917418
12,80000000,14378793733,8329705721,22708499454
12,80000000,14448109027,8267449022,22715558049
12,80000000,13894123694,8265980878,22160104572
12,80000000,15117546332,8238264082,23355810414
12,80000000,14836919544,8270148564,23107068108
12,80000000,14661759111,8262079666,22923838777
12,80000000,14549717746,8262138909,22811856655
12,80000000,15084403026,8259644576,23344047602
12,80000000,13643705185,8237466472,21881171657
12,80000000,14886841627,8241553413,23128395040
12,80000000,14588191047,8237789523,22825980570
12,80000000,14579121882,8324029357,22903151239
12,80000000,14072954145,8237834392,22310788537
12,80000000,14124735082,8266328438,22391063520
12,80000000,15123448844,8259811330,23383260174
12,80000000,14329584428,8237924582,22567509010
12,80000000,14543974372,8340865752,22884840124
12,80000000,14403038491,8238359916,22641398407
12,80000000,13806989070,8267770492,22074759562
12,80000000,14774910119,8235243540,23010153659
12,80000000,15217368013,8236641630,23454009643
12,80000000,15120668533,8237700989,23358369522
12,80000000,14168796201,8240584136,22409380337
12,80000000,13963126843,8262635785,22225762628
12,80000000,14004297295,8239434375,22243731670
12,80000000,14115671502,8269611894,22385283396
12,80000000,14327656677,8243833604,22571490281
12,80000000,14400949690,8345718052,22746667742
12,80000000,14376283169,8268888041,22645171210
12,80000000,14172125213,8306482150,22478607363
12,80000000,14647793182,8255494312,22903287494
12,80000000,14029742812,8302095379,22331838191
12,80000000,14658209359,8275741681,22933951040
12,80000000,13546941099,8238602097,21785543196
12,80000000,14432222905,8238565359,22670788264
12,80000000,14253837248,8237563973,22491401221
12,80000000,14423391036,8311258024,22734649060
12,80000000,14309248525,8239464327,22548712852
12,80000000,14538108712,8235606013,22773714725
12,80000000,14137128721,8237851078,22374979799
12,80000000,14709919594,8257675900,22967595494
12,80000000,14728962477,8262350984,22991313461
12,80000000,14607569971,8237978038,22845548009
12,80000000,13841707036,8238112992,22079820028
12,80000000,13838832560,8261046784,22099879344
12,80000000,13877932006,8259647540,22137579546
12,80000000,14090888648,8251242717,22342131365
12,80000000,14253191256,8239314538,22492505794
12,80000000,13596877610,8240062888,21836940498
12,80000000,14444178229,8238649547,22682827776
12,80000000,14172288580,8264935589,22437224169
12,80000000,14075692511,8236266763,22311959274
12,80000000,14181569615,8240055979,22421625594
12,80000000,15154128858,8237938150,23392067008
12,80000000,14535260881,8259910959,22795171840
12,80000000,14171575947,8260871704,22432447651
12,80000000,14527680290,8337408877,22865089167
12,80000000,14548727697,8240260904,22788988601
12,80000000,14802277009,8237519227,23039796236
12,80000000,14629052816,8265337783,22894390599
12,80000000,13731124004,8308542233,22039666237
12,80000000,14752770696,8240190894,22992961590
12,80000000,14187253948,8237584471,22424838419
12,80000000,14235253410,8240921944,22476175354
12,80000000,14022207837,8291641789,22313849626
12,80000000,15252731592,8265906668,23518638260
12,80000000,14129792916,8237104124,22366897040
12,80000000,14359863573,8237611864,22597475437
12,80000000,13941218612,11522646287,25463864899
12,80000000,14521570221,8262441391,22784011612
12,80000000,14080949747,8240486938,22321436685
12,80000000,15094183725,8237455810,23331639535
12,80000000,14640581975,8272036659,22912618634
12,80000000,14132481269,8238369145,22370850414
12,80000000,14120825747,8236626588,22357452335
12,80000000,13906132730,8243291784,22149424514
12,80000000,14827318443,8238511337,23065829780
12,80000000,14280720504,9051874474,23332594978
12,80000000,14379333952,8236814160,22616148112
12,80000000,14451514172,8236263753,22687777925
12,80000000,13812572976,8258606260,22071179236
12,80000000,14434630547,8237376727,22672007274
12,80000000,14924955292,8236161234,23161116526
12,80000000,14432753463,8262003083,22694756546
12,80000000,15016580193,8237132413,23253712606
12,80000000,14298047155,8300688369,22598735524
12,80000000,14036498374,8238058890,22274557264
12,80000000,14001884824,8236393955,22238278779
12,80000000,14843363641,8255808584,23099172225
12,80000000,14599914541,8263113550,22863028091
12,80000000,14871712370,8267262273,23138974643
12,80000000,15231733180,8262521453,23494254633
12,80000000,14423962110,8266215289,22690177399
12,90000000,16244453870,9279736428,25524190298
12,90000000,16540186035,9289841223,25830027258
12,90000000,15899919134,9330803628,25230722762
12,90000000,16349820198,9285935637,25635755835
12,90000000,16792336603,9313109486,26105446089
12,90000000,16627832680,9272118564,25899951244
12,90000000,16252149250,9313741344,25565890594
12,90000000,16660826842,9297056618,25957883460
12,90000000,15755624088,9343664721,25099288809
12,90000000,16113632925,9299598501,25413231426
12,90000000,16644361801,9267817895,25912179696
12,90000000,16491241676,9311442325,25802684001
12,90000000,16289348516,9330482128,25619830644
12,90000000,17080550187,9352094510,26432644697
12,90000000,16116558731,9317032001,25433590732
12,90000000,16442563723,9268612790,25711176513
12,90000000,16877692048,9269443301,26147135349
12,90000000,17039345102,9269717871,26309062973
12,90000000,15377770546,9286919908,24664690454
12,90000000,16339023943,9360179292,25699203235
12,90000000,16861102549,9270572741,26131675290
12,90000000,16065429630,9333157398,25398587028
12,90000000,15841955464,9363613821,25205569285
12,90000000,16175480193,9283916701,25459396894
12,90000000,16132477289,9344145188,25476622477
12,90000000,16225516268,9304888283,25530404551
12,90000000,16104375227,9279751179,25384126406
12,90000000,16527867811,9270488994,25798356805
12,90000000,16008217022,9272061065,25280278087
12,90000000,16563783752,9272061107,25835844859
12,90000000,16092895087,9345755092,25438650179
12,90000000,16579239607,9351112126,25930351733
12,90000000,16228144863,9344338343,25572483206
12,90000000,16052764129,9309056052,25361820181
12,90000000,16052078232,9361454710,25413532942
12,90000000,16404039820,9322582070,25726621890
12,90000000,16199959390,9376324451,25576283841
12,90000000,16587454523,9267401667,25854856190
12,90000000,16477620795,9315638249,25793259044
12,90000000,16249913216,9290291768,25540204984
12,90000000,16203599373,9328675529,25532274902
12,90000000,16994016830,9269032664,26263049494
12,90000000,16028993718,9267431636,25296425354
12,90000000,16768197135,9289545659,26057742794
12,90000000,16492538946,9267547459,25760086405
12,90000000,15771151258,9339169859,25110321117
12,90000000,15029623281,9435962109,24465585390
12,90000000,16372135180,9287424446,25659559626
12,90000000,15160949175,9357185979,24518135154
12,90000000,16671512078,9353860765,26025372843
12,90000000,16545573675,9319862227,25865435902
12,90000000,16746291081,9266548453,26012839534
12,90000000,16458128025,9268970807,25727098832
12,90000000,16654855594,9269790738,25924646332
12,90000000,16579130965,9272956451,25852087416
12,90000000,16619240043,9272309634,25891549677
12,90000000,15966097597,9358718834,25324816431
12,90000000,15504100488,9268212853,24772313341
12,90000000,16476511338,9380844038,25857355376
12,90000000,16250594195,9268898255,25519492450
12,90000000,15952940339,9371473800,25324414139
12,90000000,16298533669,9269612287,25568145956
12,90000000,16500372254,9327389074,25827761328
12,90000000,16594419108,9268930842,25863349950
12,90000000,16504430293,9315017184,25819447477
12,90000000,16919433528,9273583303,26193016831
12,90000000,16530455286,9268503004,25798958290
12,90000000,16724112754,9307182692,26031295446
12,90000000,16577361170,9309814635,25887175805
12,90000000,16752257696,9269099174,26021356870
12,90000000,16638489640,9269291651,25907781291
12,90000000,16385495831,9268250956,25653746787
12,90000000,16375717629,9397525880,25773243509
12,90000000,16248826227,9366101314,25614927541
12,90000000,16559639635,9379485478,25939125113
12,90000000,16411499342,9266267959,25677767301
12,90000000,16627705557,9268313132,25896018689
12,90000000,16427904454,9283138709,25711043163
12,90000000,16806298541,9284127681,26090426222
12,90000000,17047437583,9270772020,26318209603
12,90000000,15691185931,9319825073,25011011004
12,90000000,16132475072,9269142950,25401618022
12,90000000,16861335306,9270770899,26132106205
12,90000000,16846455996,9315591897,26162047893
12,90000000,16016922088,9332735799,25349657887
12,90000000,16016072997,9305952308,25322025305
12,90000000,16717811701,9286863001,26004674702
12,90000000,16807626053,9267808461,26075434514
12,90000000,16552352308,9286408920,25838761228
12,90000000,16544403939,9267373571,25811777510
12,90000000,16773724416,9267317196,26041041612
12,90000000,15989976989,9286106590,25276083579
12,90000000,16804649330,9265957725,26070607055
12,90000000,16390491073,9335201080,25725692153
12,90000000,16225065665,9267610823,25492676488
12,90000000,16247441856,9399829527,25647271383
12,90000000,16288404481,9318565838,25606970319
12,90000000,17125856101,9265754007,26391610108
12,90000000,16281930685,9340667994,25622598679
12,90000000,15865049318,9344731627,25209780945
12,90000000,16448223652,9315940725,25764164377
12,90000000,16116893305,9315126430,25432019735
12,90000000,16530611583,9347866210,25878477793
12,90000000,16548531544,9362572791,25911104335
12,90000000,16632889439,9266643001,25899532440
12,90000000,16458017306,9355152567,25813169873
12,90000000,16573421749,9273379064,25846800813
12,90000000,16648347419,9268594926,25916942345
12,90000000,15983747508,9312039112,25295786620
12,90000000,15920412055,11617107378,27537519433
12,90000000,16840675344,9269224633,26109899977
12,90000000,16178248443,9272748146,25450996589
12,90000000,16465166499,9269295327,25734461826
12,90000000,16409588622,9317368495,25726957117
12,90000000,17020923836,9354837330,26375761166
12,100000000,17769955695,11279164649,29049120344
12,100000000,17537755417,11112489890,28650245307
12,100000000,18076487386,11090948627,29167436013
12,100000000,18144507895,11073799462,29218307357
12,100000000,17386017664,11116684056,28502701720
12,100000000,19443589466,11103273449,30546862915
12,100000000,17234561681,11167220459,28401782140
12,100000000,18605147018,11062461347,29667608365
12,100000000,17729125843,11136006515,28865132358
12,100000000,18246711792,11060312673,29307024465
12,100000000,18712724661,11153828585,29866553246
12,100000000,18874353643,10793097716,29667451359
12,100000000,17890716739,10887451409,28778168148
12,100000000,17407742088,10946993320,28354735408
12,100000000,17677967435,11244928824,28922896259
12,100000000,18269987024,10845261066,29115248090
12,100000000,17589535846,10949448366,28538984212
12,100000000,17813958755,11487809967,29301768722
12,100000000,16948683727,11206492087,28155175814
12,100000000,17150392472,10815917797,27966310269
12,100000000,18218185922,11137676571,29355862493
12,100000000,17737517308,10897881666,28635398974
12,100000000,17683143685,10897409663,28580553348
12,100000000,17131143144,11351418229,28482561373
12,100000000,18071133690,10880311814,28951445504
12,100000000,17634113916,11045465446,28679579362
12,100000000,18802929739,10926864213,29729793952
12,100000000,18578709139,10960945634,29539654773
12,100000000,17341145184,10884869960,28226015144
12,100000000,18346550497,11084460699,29431011196
12,100000000,18387381181,10882014679,29269395860
12,100000000,17790920243,11095639704,28886559947
12,100000000,17545853477,11142850964,28688704441
12,100000000,17593039479,10848631000,28441670479
12,100000000,17407201861,11065535177,28472737038
12,100000000,18043560695,11203743112,29247303807
12,100000000,17854055163,11061042311,28915097474
12,100000000,17574613390,10994720832,28569334222
12,100000000,18164464911,11131508298,29295973209
12,100000000,18062468395,11034640543,29097108938
12,100000000,18292869830,11030534475,29323404305
12,100000000,18450692931,11537957760,29988650691
12,100000000,19190376358,11251375921,30441752279
12,100000000,18812873482,10996200761,29809074243
12,100000000,17357455699,11026421262,28383876961
12,100000000,17551923666,10946302153,28498225819
12,100000000,18566273394,11028229556,29594502950
12,100000000,17861707157,11049247457,28910954614
12,100000000,17618800994,11087089362,28705890356
12,100000000,18632177919,11078620716,29710798635
12,100000000,18222139611,10996455988,29218595599
12,100000000,17784089685,10941285321,28725375006
12,100000000,17145528185,11197896607,28343424792
12,100000000,17957077071,11000957018,28958034089
12,100000000,17258733736,11203022407,28461756143
12,100000000,18361405803,11070871274,29432277077
12,100000000,18432880425,11041010162,29473890587
12,100000000,17077309395,10887082043,27964391438
12,100000000,17817511979,10841407607,28658919586
12,100000000,18642487732,11012352598,29654840330
12,100000000,17828009321,11076862480,28904871801
12,100000000,18250498530,11141955069,29392453599
12,100000000,17880304329,11410565829,29290870158
12,100000000,18429652760,11066188687,29495841447
12,100000000,18547264862,10927749000,29475013862
12,100000000,18153798265,10738615959,28892414224
12,100000000,17476891189,11047726641,28524617830
12,100000000,17710165230,11163085878,28873251108
12,100000000,17562488660,11007275057,28569763717
12,100000000,17193194553,11191300013,28384494566
12,100000000,17168109841,10873095979,28041205820
12,100000000,17351376883,10783762340,28135139223
12,100000000,17535913763,11018887018,28554800781
12,100000000,17738957541,11059606285,28798563826
12,100000000,17559875361,11144290948,28704166309
12,100000000,17499289951,10919384137,28418674088
12,100000000,18315788151,11008064338,29323852489
12,100000000,17746941890,11016183456,28763125346
12,100000000,17895677577,10894319990,28789997567
12,100000000,17954553710,11077179062,29031732772
12,100000000,18692649716,11139998060,29832647776
12,100000000,17488234680,10947219801,28435454481
12,100000000,18385896962,10947233535,29333130497
12,100000000,18617852496,11038860828,29656713324
12,100000000,17839039313,11005357519,28844396832
12,100000000,19450247249,11140201184,30590448433
12,100000000,17877737966,11115715554,28993453520
12,100000000,17390976771,11042549506,28433526277
12,100000000,18058233137,10927450462,28985683599
12,100000000,18192889573,10994578261,29187467834
12,100000000,17998660302,10806663791,28805324093
12,100000000,17574971119,11046474049,28621445168
12,100000000,18079816160,11067048106,29146864266
12,100000000,17253242756,10909449470,28162692226
12,100000000,18335096636,11144056500,29479153136
12,100000000,18687108438,11070305474,29757413912
12,100000000,17965082927,10993852974,28958935901
12,100000000,17608854389,11135416917,28744271306
12,100000000,17635866101,10884232241,28520098342
12,100000000,17925549667,10997681451,28923231118
12,100000000,18130858582,11054191443,29185050025
12,100000000,17548515191,10998125211,28546640402
12,100000000,17507825697,11539723607,29047549304
12,100000000,17738695369,11127918210,28866613579
12,100000000,17471390165,11004392866,28475783031
12,100000000,18298235395,11078425979,29376661374
12,100000000,18176852450,11071683047,29248535497
12,100000000,17888141406,11128613459,29016754865
12,100000000,17755245889,10928482278,28683728167
12,100000000,17737942043,11048402860,28786344903
12,100000000,18222360441,10982417941,29204778382
12,100000000,17244404670,11004847358,28249252028
12,100000000,18038399739,11014921809,29053321548
12,100000000,18701846793,10991219999,29693066792
12,100000000,18057280457,11229038525,29286318982
1,1000,3170123,31869,3201992
1,1000,3044109,31786,3075895
1,1000,2766180,33409,2799589
1,1000,3554738,35031,3589769
1,1000,3415827,32266,3448093
1,1000,2826886,40038,2866924
1,1000,3845672,32222,3877894
1,1000,2672540,33880,2706420
1,1000,2707204,39333,2746537
1,1000,3331310,32019,3363329
1,1000,3016151,37458,3053609
1,1000,3235913,32455,3268368
1,1000,3135414,33544,3168958
1,1000,2805356,43224,2848580
1,1000,2996884,35508,3032392
1,1000,3542150,32398,3574548
1,1000,3240259,32367,3272626
1,1000,2678291,38211,2716502
1,1000,2949624,32533,2982157
1,1000,2646172,27748,2673920
1,1000,2968676,32020,3000696
1,1000,2944284,31968,2976252
1,1000,3019541,37204,3056745
1,1000,2663944,32632,2696576
1,1000,2860520,38046,2898566
1,1000,3472601,32214,3504815
1,1000,3461402,31758,3493160
1,1000,2975749,32934,3008683
1,1000,3081541,32698,3114239
1,1000,2696946,33145,2730091
1,1000,2880753,35812,2916565
1,1000,2879059,31648,2910707
1,1000,2795834,33867,2829701
1,1000,2675900,32989,2708889
1,1000,2748162,33066,2781228
1,1000,3047971,35302,3083273
1,1000,2937520,31975,2969495
1,1000,3768766,32097,3800863
1,1000,2750317,33711,2784028
1,1000,2684735,33534,2718269
1,1000,2868843,33109,2901952
1,1000,2622072,33966,2656038
1,1000,2921558,50339,2971897
1,1000,2851295,30835,2882130
1,1000,2932692,39534,2972226
1,1000,3058883,32146,3091029
1,1000,2959312,34965,2994277
1,1000,2641986,34548,2676534
1,1000,3192279,33580,3225859
1,1000,3011812,35211,3047023
1,1000,2679061,33366,2712427
1,1000,3228350,32572,3260922
1,1000,2938407,32355,2970762
1,1000,2918396,32092,2950488
1,1000,2988526,28015,3016541
1,1000,3155848,33454,3189302
1,1000,3018006,36513,3054519
1,1000,2871156,37858,2909014
1,1000,2973036,31999,3005035
1,1000,3173180,33594,3206774
1,1000,2635925,24460,2660385
1,1000,2691914,37759,2729673
1,1000,2921377,31663,2953040
1,1000,2984247,31657,3015904
1,1000,3072548,23086,3095634
1,1000,2820385,32578,2852963
1,1000,2962887,31660,2994547
1,1000,2861642,37458,2899100
1,1000,2987661,32278,3019939
1,1000,2745897,32899,2778796
1,1000,3450749,27613,3478362
1,1000,2951526,34087,2985613
1,1000,3291240,24521,3315761
1,1000,2684437,33712,2718149
1,1000,2950814,23189,2974003
1,1000,2906037,31708,2937745
1,1000,2877099,36636,2913735
1,1000,2892320,33373,2925693
1,1000,2969741,32584,3002325
1,1000,2881838,34306,2916144
1,1000,2745760,33607,2779367
1,1000,2660599,33739,2694338
1,1000,3491767,31908,3523675
1,1000,3041004,34086,3075090
1,1000,2620144,33241,2653385
1,1000,3322327,32221,3354548
1,1000,3199000,35877,3234877
1,1000,2924218,38298,2962516
1,1000,2607861,24398,2632259
1,1000,2967909,22978,2990887
1,1000,2922648,31560,2954208
1,1000,2936911,32804,2969715
1,1000,3020903,33379,3054282
1,1000,2697400,22415,2719815
1,1000,3419017,32113,3451130
1,1000,3197960,32140,3230100
1,1000,2775982,25525,2801507
1,1000,2986315,33691,3020006
1,1000,3284301,31387,3315688
1,1000,2990783,33223,3024006
1,1000,2946699,31951,2978650
1,1000,2947579,53675,3001254
1,1000,3038908,32065,3070973
1,1000,2965784,49080,3014864
1,1000,2950996,32160,2983156
1,1000,3451128,33744,3484872
1,1000,2615840,32875,2648715
1,1000,2914777,36618,2951395
1,1000,2671611,22864,2694475
1,1000,2949462,31822,2981284
1,1000,2686337,33043,2719380
1,1000,2654454,33408,2687862
1,1000,2993580,32095,3025675
1,1000,2657501,32767,2690268
1,1000,3257151,32464,3289615
1,1000,3062007,33619,3095626
1,1000,3226412,35109,3261521
1,1000,2890515,31825,2922340
1,2000,3663529,49023,3712552
1,2000,3619907,55757,3675664
1,2000,3953678,35985,3989663
1,2000,3953866,47015,4000881
1,2000,3660111,65332,3725443
1,2000,4391756,47738,4439494
1,2000,4392144,49382,4441526
1,2000,3683484,49101,3732585
1,2000,3669265,48045,3717310
1,2000,3950564,48540,3999104
1,2000,3481135,33879,3515014
1,2000,3961846,47504,4009350
1,2000,4327245,47489,4374734
1,2000,4301946,50505,4352451
1,2000,4110214,34674,4144888
1,2000,3891429,52989,3944418
1,2000,4461217,47271,4508488
1,2000,3614014,53705,3667719
1,2000,3527717,34207,3561924
1,2000,3990092,47778,4037870
1,2000,4270031,48419,4318450
1,2000,3924742,47001,3971743
1,2000,3681187,48083,3729270
1,2000,3939059,51159,3990218
1,2000,3984813,49791,4034604
1,2000,3712807,57671,3770478
1,2000,3957951,75624,4033575
1,2000,4570411,47646,4618057
1,2000,4012606,50805,4063411
1,2000,4015192,47520,4062712
1,2000,3950399,47202,3997601
1,2000,3917582,47208,3964790
1,2000,3601376,54374,3655750
1,2000,3571633,64729,3636362
1,2000,4180575,49263,4229838
1,2000,3580927,49622,3630549
1,2000,3555592,55694,3611286
1,2000,3686453,54686,3741139
1,2000,3620192,50706,3670898
1,2000,4091185,41169,4132354
1,2000,3530678,38286,3568964
1,2000,3712436,48848,3761284
1,2000,4566061,48096,4614157
1,2000,4041375,53069,4094444
1,2000,3904079,36669,3940748
1,2000,3972240,60416,4032656
1,2000,3670555,48606,3719161
1,2000,3948569,56975,4005544
1,2000,3720288,78403,3798691
1,2000,3512044,65971,3578015
1,2000,4491064,48818,4539882
1,2000,3601935,49623,3651558
1,2000,3958159,42129,4000288
1,2000,4370839,49415,4420254
1,2000,3577372,48093,3625465
1,2000,3624240,50507,3674747
1,2000,3634801,51848,3686649
1,2000,3950126,49607,3999733
1,2000,3611460,50672,3662132
1,2000,3854282,46470,3900752
1,2000,3525479,34818,3560297
1,2000,3864899,56543,3921442
1,2000,3561423,34375,3595798
1,2000,3559672,50487,3610159
1,2000,4308712,49674,4358386
1,2000,3668314,50291,3718605
1,2000,4458854,37177,4496031
1,2000,4085318,47181,4132499
1,2000,4085494,48821,4134315
1,2000,4328127,47936,4376063
1,2000,3550146,47900,3598046
1,2000,4025550,55772,4081322
1,2000,3999199,57173,4056372
1,2000,4043324,34248,4077572
1,2000,3899639,53264,3952903
1,2000,4042158,47951,4090109
1,2000,3539582,34042,3573624
1,2000,4052706,38550,4091256
1,2000,3988956,47271,4036227
1,2000,4054655,47406,4102061
1,2000,4125184,47223,4172407
1,2000,3990499,50622,4041121
1,2000,4020120,47693,4067813
1,2000,3595360,33751,3629111
1,2000,3556059,47420,3603479
1,2000,4303503,47913,4351416
1,2000,3997929,43779,4041708
1,2000,3406350,37917,3444267
1,2000,4961452,47550,5009002
1,2000,4128830,54623,4183453
1,2000,3870242,74377,3944619
1,2000,3545478,36174,3581652
1,2000,3890980,39660,3930640
1,2000,3588043,50036,3638079
1,2000,4008690,51401,4060091
1,2000,3989182,53789,4042971
1,2000,3588646,34057,3622703
1,2000,4500362,48378,4548740
1,2000,4319215,48237,4367452
1,2000,3885085,56615,3941700
1,2000,4296692,53522,4350214
1,2000,3888482,39624,3928106
1,2000,3978096,53360,4031456
1,2000,4272342,54197,4326539
1,2000,4398372,48393,4446765
1,2000,3953804,47370,4001174
1,2000,3874473,53522,3927995
1,2000,3955211,48492,4003703
1,2000,3924297,34243,3958540
1,2000,3554643,49340,3603983
1,2000,3936384,47331,3983715
1,2000,3643365,40859,3684224
1,2000,3873789,48854,3922643
1,2000,3970214,48113,4018327
1,2000,4157907,58559,4216466
1,3000,4560825,66640,4627465
1,3000,4589213,66268,4655481
1,3000,4991861,67120,5058981
1,3000,5160172,67291,5227463
1,3000,5518787,72667,5591454
1,3000,4556880,72615,4629495
1,3000,5110260,70474,5180734
1,3000,5085424,53693,5139117
1,3000,5009058,72658,5081716
1,3000,4818761,96266,4915027
1,3000,5093596,71980,5165576
1,3000,4559490,57281,4616771
1,3000,5436286,72558,5508844
1,3000,4691384,73008,4764392
1,3000,4564421,70852,4635273
1,3000,5091718,66992,5158710
1,3000,5560126,75491,5635617
1,3000,5047491,71212,5118703
1,3000,5082724,73003,5155727
1,3000,5078371,72376,5150747
1,3000,4547884,72963,4620847
1,3000,5018819,70810,5089629
1,3000,4622551,65662,4688213
1,3000,5202508,73209,5275717
1,3000,4578270,67180,4645450
1,3000,5462876,74604,5537480
1,3000,4996072,49191,5045263
1,3000,5030785,73081,5103866
1,3000,5191649,69298,5260947
1,3000,5419852,73692,5493544
1,3000,4571678,66547,4638225
1,3000,5091697,76084,5167781
1,3000,5143607,72199,5215806
1,3000,5086513,72970,5159483
1,3000,4513125,70396,4583521
1,3000,5377268,75346,5452614
1,3000,4700971,71428,4772399
1,3000,5009033,76435,5085468
1,3000,4611353,78846,4690199
1,3000,5306743,81486,5388229
1,3000,4939912,72094,5012006
1,3000,4670982,73807,4744789
1,3000,5061756,96387,5158143
1,3000,4580716,69121,4649837
1,3000,5749061,71233,5820294
1,3000,4563647,71920,4635567
1,3000,5308338,68437,5376775
1,3000,5083272,72504,5155776
1,3000,4574508,102911,4677419
1,3000,4669234,71596,4740830
1,3000,4599475,72361,4671836
1,3000,4430708,46278,4476986
1,3000,4484679,71500,4556179
1,3000,4732338,103663,4836001
1,3000,4652179,51638,4703817
1,3000,5391269,73578,5464847
1,3000,5308547,72651,5381198
1,3000,4606977,66756,4673733
1,3000,5425378,72372,5497750
1,3000,5055633,80445,5136078
1,3000,5147391,72181,5219572
1,3000,5013740,72526,5086266
1,3000,4519817,72454,4592271
1,3000,4497763,71863,4569626
1,3000,4986588,67391,5053979
1,3000,5047349,72013,5119362
1,3000,5402132,67975,5470107
1,3000,4814790,80818,4895608
1,3000,5040915,65933,5106848
1,3000,4781000,70087,4851087
1,3000,5456094,71377,5527471
1,3000,4600886,74358,4675244
1,3000,4999604,62072,5061676
1,3000,5208970,72730,5281700
1,3000,4550294,73620,4623914
1,3000,5054780,53027,5107807
1,3000,4955179,80283,5035462
1,3000,5133885,91736,5225621
1,3000,4677532,67639,4745171
1,3000,5527496,82092,5609588
1,3000,5622944,65683,5688627
1,3000,4509287,67489,4576776
1,3000,4628397,74523,4702920
1,3000,4687447,74407,4761854
1,3000,5453226,76944,5530170
1,3000,4921625,71545,4993170
1,3000,4589787,74034,4663821
1,3000,5654324,71645,5725969
1,3000,4561147,66181,4627328
1,3000,4616048,72213,4688261
1,3000,4494552,48354,4542906
1,3000,4495665,68128,4563793
1,3000,4618531,68237,4686768
1,3000,4570947,69428,4640375
1,3000,5824857,71467,5896324
1,3000,5325958,70926,5396884
1,3000,5105041,82812,5187853
1,3000,4606813,69251,4676064
1,3000,4367466,70177,4437643
1,3000,5409970,53216,5463186
1,3000,4947183,66359,5013542
1,3000,4935370,71385,5006755
1,3000,4786940,67789,4854729
1,3000,5370228,76528,5446756
1,3000,5038761,77766,5116527
1,3000,4548150,65266,4613416
1,3000,4899751,65944,4965695
1,3000,5128618,70015,5198633
1,3000,4619160,70183,4689343
1,3000,5526645,77900,5604545
1,3000,4617177,79429,4696606
1,3000,5034733,63826,5098559
1,3000,5313210,66991,5380201
1,3000,4773190,70918,4844108
1,3000,5241636,75760,5317396
1,4000,5672964,85446,5758410
1,4000,5492528,70192,5562720
1,4000,6580700,85062,6665762
1,4000,6719768,80697,6800465
1,4000,5764855,87624,5852479
1,4000,6288705,90758,6379463
1,4000,6179772,110771,6290543
1,4000,5605811,86862,5692673
1,4000,5778452,76732,5855184
1,4000,6717793,87165,6804958
1,4000,6353162,81945,6435107
1,4000,6188474,86750,6275224
1,4000,6141604,87396,6229000
1,4000,5998598,77376,6075974
1,4000,5992304,77941,6070245
1,4000,6083296,87279,6170575
1,4000,5580364,84416,5664780
1,4000,5713863,88149,5802012
1,4000,6085772,87666,6173438
1,4000,6583892,87558,6671450
1,4000,5967272,84804,6052076
1,4000,6286550,86049,6372599
1,4000,6121923,97379,6219302
1,4000,6454728,92295,6547023
1,4000,5956505,89775,6046280
1,4000,6118784,88337,6207121
1,4000,6163404,87588,6250992
1,4000,6505187,86943,6592130
1,4000,6202957,92564,6295521
1,4000,5951462,81390,6032852
1,4000,6580597,105214,6685811
1,4000,5895864,106673,6002537
1,4000,5885373,86289,5971662
1,4000,6324639,114792,6439431
1,4000,5963245,79558,6042803
1,4000,6447671,91454,6539125
1,4000,6249620,82851,6332471
1,4000,6101101,83136,6184237
1,4000,6072089,81582,6153671
1,4000,6278784,90201,6368985
1,4000,6077234,89732,6166966
1,4000,5584251,91148,5675399
1,4000,7103609,96635,7200244
1,4000,5657760,88179,5745939
1,4000,5928105,85803,6013908
1,4000,5606102,62974,5669076
1,4000,5867856,82941,5950797
1,4000,6151443,87618,6239061
1,4000,6087997,87036,6175033
1,4000,6545990,88670,6634660
1,4000,5698733,89109,5787842
1,4000,6703325,74406,6777731
1,4000,5738711,86751,5825462
1,4000,6030462,82831,6113293
1,4000,6205511,105808,6311319
1,4000,6149836,92879,6242715
1,4000,6171589,89202,6260791
1,4000,6515089,78582,6593671
1,4000,5976490,87525,6064015
1,4000,6177453,87627,6265080
1,4000,6097104,80248,6177352
1,4000,6214500,88901,6303401
1,4000,6009901,87189,6097090
1,4000,6881512,90518,6972030
1,4000,6536020,87267,6623287
1,4000,5910020,86190,5996210
1,4000,6182305,87330,6269635
1,4000,5499420,85841,5585261
1,4000,6445626,100826,6546452
1,4000,6030967,85580,6116547
1,4000,5718286,82362,5800648
1,4000,5650019,81789,5731808
1,4000,6117829,102236,6220065
1,4000,5658071,87309,5745380
1,4000,6195120,59462,6254582
1,4000,6484167,81270,6565437
1,4000,6755195,86285,6841480
1,4000,6208568,90741,6299309
1,4000,6007078,83640,6090718
1,4000,6669926,101885,6771811
1,4000,6150498,86463,6236961
1,4000,6471144,87984,6559128
1,4000,5670406,87357,5757763
1,4000,6402251,87485,6489736
1,4000,5804332,82887,5887219
1,4000,6716792,87639,6804431
1,4000,5636437,84801,5721238
1,4000,6522238,80239,6602477
1,4000,6171341,87150,6258491
1,4000,5746900,82834,5829734
1,4000,6176158,80379,6256537
1,4000,6604696,102482,6707178
1,4000,5734666,86934,5821600
1,4000,6135577,89394,6224971
1,4000,5877832,93006,5970838
1,4000,5341222,82743,5423965
1,4000,6730524,93185,6823709
1,4000,6116078,83910,6199988
1,4000,5908598,88146,5996744
1,4000,5931959,89666,6021625
1,4000,5906076,57551,5963627
1,4000,6640183,91838,6732021
1,4000,6185686,82453,6268139
1,4000,6124541,113968,6238509
1,4000,6618428,82536,6700964
1,4000,6801169,86972,6888141
1,4000,6130336,89208,6219544
1,4000,6540890,87093,6627983
1,4000,6081877,84207,6166084
1,4000,6048211,108844,6157055
1,4000,6047179,81894,6129073
1,4000,5596541,88424,5684965
1,4000,6141885,91674,6233559
1,4000,6166838,106585,6273423
1,4000,5788253,115384,5903637
1,5000,7176807,109394,7286201
1,5000,6601348,112489,6713837
1,5000,7063010,98237,7161247
1,5000,7686526,108524,7795050
1,5000,7240335,127683,7368018
1,5000,7131096,109825,7240921
1,5000,7091497,105062,7196559
1,5000,7192342,108814,7301156
1,5000,7263707,98801,7362508
1,5000,6777241,93443,6870684
1,5000,6508346,97697,6606043
1,5000,7207744,95450,7303194
1,5000,7167587,124797,7292384
1,5000,7567354,88233,7655587
1,5000,6802930,93767,6896697
1,5000,7664803,107869,7772672
1,5000,7157568,97496,7255064
1,5000,7314457,103337,7417794
1,5000,6754260,155977,6910237
1,5000,7229585,80208,7309793
1,5000,7235729,92867,7328596
1,5000,6737263,96218,6833481
1,5000,6751579,95273,6846852
1,5000,6715933,105763,6821696
1,5000,6966577,106594,7073171
1,5000,7201055,100541,7301596
1,5000,6577681,101023,6678704
1,5000,7472680,94620,7567300
1,5000,7150669,111070,7261739
1,5000,7224368,108286,7332654
1,5000,7183447,89304,7272751
1,5000,7032671,91757,7124428
1,5000,6648432,101507,6749939
1,5000,6638421,92109,6730530
1,5000,6594115,94449,6688564
1,5000,6981177,103340,7084517
1,5000,6205344,97739,6303083
1,5000,7242476,102104,7344580
1,5000,6915257,79530,6994787
1,5000,6366596,106069,6472665
1,5000,7686633,105379,7792012
1,5000,7624700,101465,7726165
1,5000,7662384,96368,7758752
1,5000,6608428,125826,6734254
1,5000,7313267,98285,7411552
1,5000,7379281,93374,7472655
1,5000,6688945,102545,6791490
1,5000,6778399,93977,6872376
1,5000,6775278,116271,6891549
1,5000,6409436,109495,6518931
1,5000,7913191,91899,8005090
1,5000,7446768,84886,7531654
1,5000,7524874,104447,7629321
1,5000,7519515,98975,7618490
1,5000,7213026,105062,7318088
1,5000,7175276,103046,7278322
1,5000,7080503,98468,7178971
1,5000,7101413,125868,7227281
1,5000,7437493,97637,7535130
1,5000,7162800,114967,7277767
1,5000,7144283,98255,7242538
1,5000,6556757,105586,6662343
1,5000,6952950,92678,7045628
1,5000,7208711,73227,7281938
1,5000,7141485,93374,7234859
1,5000,7877877,92858,7970735
1,5000,7538696,110230,7648926
1,5000,6938379,100823,7039202
1,5000,7156737,97796,7254533
1,5000,7831049,104434,7935483
1,5000,7580708,103421,7684129
1,5000,7119214,110794,7230008
1,5000,7212257,99587,7311844
1,5000,7327074,99013,7426087
1,5000,7083533,104243,7187776
1,5000,7265174,142993,7408167
1,5000,6800354,95801,6896155
1,5000,6494851,94703,6589554
1,5000,6868449,104003,6972452
1,5000,7239336,93200,7332536
1,5000,7329513,104363,7433876
1,5000,7241529,93167,7334696
1,5000,6814699,106196,6920895
1,5000,7097398,103097,7200495
1,5000,6840584,99173,6939757
1,5000,7853726,109432,7963158
1,5000,7178038,104788,7282826
1,5000,7192696,130085,7322781
1,5000,6817222,117777,6934999
1,5000,6839657,100928,6940585
1,5000,6878549,93435,6971984
1,5000,7231059,96921,7327980
1,5000,6527454,88485,6615939
1,5000,6211352,90545,6301897
1,5000,6681864,93566,6775430
1,5000,7716674,100580,7817254
1,5000,7220323,117699,7338022
1,5000,6982366,96942,7079308
1,5000,6784603,103531,6888134
1,5000,7196021,98645,7294666
1,5000,7604635,91982,7696617
1,5000,6933499,94943,7028442
1,5000,7068115,100406,7168521
1,5000,6993411,97538,7090949
1,5000,7309290,93717,7403007
1,5000,6968129,73816,7041945
1,5000,6757185,93254,6850439
1,5000,7141597,95283,7236880
1,5000,7538388,108790,7647178
1,5000,7127791,136839,7264630
1,5000,7526382,103427,7629809
1,5000,7128797,96797,7225594
1,5000,7338895,93593,7432488
1,5000,7538320,76837,7615157
1,5000,7646428,110044,7756472
1,6000,7883693,116083,7999776
1,6000,8658802,123232,8782034
1,6000,7437072,111034,7548106
1,6000,8629900,91881,8721781
1,6000,9047016,117778,9164794
1,6000,8212341,121567,8333908
1,6000,8124275,112408,8236683
1,6000,8492331,108098,8600429
1,6000,8686040,116621,8802661
1,6000,7654100,147139,7801239
1,6000,7338129,111799,7449928
1,6000,7419046,118077,7537123
1,6000,8303366,121527,8424893
1,6000,8330210,115906,8446116
1,6000,7479012,113328,7592340
1,6000,8224722,118089,8342811
1,6000,7596564,123060,7719624
1,6000,7972322,112244,8084566
1,6000,7073643,115903,7189546
1,6000,8591486,126765,8718251
1,6000,8628042,116638,8744680
1,6000,8780379,116757,8897136
1,6000,7754724,114885,7869609
1,6000,7547061,119217,7666278
1,6000,8167459,482345,8649804
1,6000,8137196,132894,8270090
1,6000,8710446,124113,8834559
1,6000,8512769,103373,8616142
1,6000,8265092,131123,8396215
1,6000,8246539,105886,8352425
1,6000,8727751,120485,8848236
1,6000,8196599,484750,8681349
1,6000,8054609,606597,8661206
1,6000,7456123,116110,7572233
1,6000,7861921,704689,8566610
1,6000,7732850,110596,7843446
1,6000,8545971,128169,8674140
1,6000,8181125,89144,8270269
1,6000,7072862,114483,7187345
1,6000,8129360,114496,8243856
1,6000,8194677,118485,8313162
1,6000,7739386,116185,7855571
1,6000,8252167,86466,8338633
1,6000,8046238,111271,8157509
1,6000,7837238,398011,8235249
1,6000,7504763,118630,7623393
1,6000,7881879,118302,8000181
1,6000,8264560,113509,8378069
1,6000,7754283,557984,8312267
1,6000,7737423,592121,8329544
1,6000,7477388,146926,7624314
1,6000,8220603,414276,8634879
1,6000,7832223,122755,7954978
1,6000,8564275,124071,8688346
1,6000,8277425,100294,8377719
1,6000,8299002,106492,8405494
1,6000,7843950,121638,7965588
1,6000,8196163,105572,8301735
1,6000,7871937,107285,7979222
1,6000,7382441,113944,7496385
1,6000,8272687,106201,8378888
1,6000,7857497,101882,7959379
1,6000,7484892,140672,7625564
1,6000,7474397,641891,8116288
1,6000,7708896,111922,7820818
1,6000,8193328,120874,8314202
1,6000,8124391,113063,8237454
1,6000,7937671,111076,8048747
1,6000,8799594,121512,8921106
1,6000,8195836,115145,8310981
1,6000,8977102,115840,9092942
1,6000,8182926,114394,8297320
1,6000,7820193,117133,7937326
1,6000,8755480,117481,8872961
1,6000,7785121,118956,7904077
1,6000,7112463,129894,7242357
1,6000,7856428,81981,7938409
1,6000,7784457,116667,7901124
1,6000,8376666,117853,8494519
1,6000,7382258,115969,7498227
1,6000,8714535,121473,8836008
1,6000,7756653,113023,7869676
1,6000,8912682,142778,9055460
1,6000,8194219,115992,8310211
1,6000,7771297,118201,7889498
1,6000,7412346,114916,7527262
1,6000,8159700,114613,8274313
1,6000,7632599,109609,7742208
1,6000,7826962,118515,7945477
1,6000,8589750,109807,8699557
1,6000,8219885,98030,8317915
1,6000,9065891,118903,9184794
1,6000,8195814,109021,8304835
1,6000,8483234,120309,8603543
1,6000,8133644,118222,8251866
1,6000,8564626,117057,8681683
1,6000,7885162,111340,7996502
1,6000,8900974,95786,8996760
1,6000,8135031,120459,8255490
1,6000,8245188,117499,8362687
1,6000,8103445,90750,8194195
1,6000,8698092,144669,8842761
1,6000,7540855,113944,7654799
1,6000,7871014,118264,7989278
1,6000,7817560,116998,7934558
1,6000,8420352,112339,8532691
1,6000,8424891,129144,8554035
1,6000,8238175,111355,8349530
1,6000,8422555,119533,8542088
1,6000,7406579,81513,7488092
1,6000,8263296,99732,8363028
1,6000,7988074,117186,8105260
1,6000,7891561,116154,8007715
1,6000,7188785,976523,8165308
1,6000,9043081,98405,9141486
1,7000,8969722,628666,9598388
1,7000,9316106,992993,10309099
1,7000,9902515,611893,10514408
1,7000,9049575,998878,10048453
1,7000,9690890,629796,10320686
1,7000,9179114,613174,9792288
1,7000,9692226,960930,10653156
1,7000,9138884,538854,9677738
1,7000,8717774,895247,9613021
1,7000,8817952,720938,9538890
1,7000,9340254,562472,9902726
1,7000,8496765,892566,9389331
1,7000,9303738,410130,9713868
1,7000,9700189,443948,10144137
1,7000,9571766,935346,10507112
1,7000,9898034,608668,10506702
1,7000,8584860,662847,9247707
1,7000,10247738,620599,10868337
1,7000,8441816,661746,9103562
1,7000,7935407,584046,8519453
1,7000,9304525,631312,9935837
1,7000,9635561,591252,10226813
1,7000,9272681,865073,10137754
1,7000,9297544,1066279,10363823
1,7000,10210172,458550,10668722
1,7000,8875701,632289,9507990
1,7000,9376456,497151,9873607
1,7000,9208945,854277,10063222
1,7000,9897216,1076930,10974146
1,7000,9222771,657544,9880315
1,7000,8489643,1060896,9550539
1,7000,9285362,570397,9855759
1,7000,7944800,629910,8574710
1,7000,9320637,425553,9746190
1,7000,8853469,655747,9509216
1,7000,9687272,911873,10599145
1,7000,7955137,1019791,8974928
1,7000,8769258,711483,9480741
1,7000,9312291,590346,9902637
1,7000,9316852,772517,10089369
1,7000,8395003,593517,8988520
1,7000,8758853,616147,9375000
1,7000,10138441,899180,11037621
1,7000,8440175,633336,9073511
1,7000,7951849,630657,8582506
1,7000,8657100,638216,9295316
1,7000,9452698,640847,10093545
1,7000,9255723,447514,9703237
1,7000,8848140,949987,9798127
1,7000,9749380,859621,10609001
1,7000,9352231,577373,9929604
1,7000,9029574,661917,9691491
1,7000,8745537,992501,9738038
1,7000,9872345,420600,10292945
1,7000,9279417,791941,10071358
1,7000,8707381,531060,9238441
1,7000,8696849,652601,9349450
1,7000,8646053,959565,9605618
1,7000,7929603,534859,8464462
1,7000,8337883,609608,8947491
1,7000,9046821,440014,9486835
1,7000,9014459,629302,9643761
1,7000,9409149,439546,9848695
1,7000,8922465,675912,9598377
1,7000,8773085,1004178,9777263
1,7000,7967394,968003,8935397
1,7000,10145932,677861,10823793
1,7000,9174677,533683,9708360
1,7000,8466493,827527,9294020
1,7000,9373415,566758,9940173
1,7000,9097629,597225,9694854
1,7000,8397218,979568,9376786
1,7000,8399588,904376,9303964
1,7000,9241010,613174,9854184
1,7000,10027721,573409,10601130
1,7000,8425888,657013,9082901
1,7000,9756920,930104,10687024
1,7000,8758875,628506,9387381
1,7000,9334204,642684,9976888
1,7000,9298566,650018,9948584
1,7000,8793694,667653,9461347
1,7000,9255156,627144,9882300
1,7000,7901128,599348,8500476
1,7000,8808464,636033,9444497
1,7000,9382496,602064,9984560
1,7000,9347124,620887,9968011
1,7000,8031188,602406,8633594
1,7000,9304141,659851,9963992
1,7000,9881294,521462,10402756
1,7000,8799264,603503,9402767
1,7000,8894711,435056,9329767
1,7000,9287725,1231665,10519390
1,7000,9765004,647568,10412572
1,7000,9291085,616737,9907822
1,7000,8457481,670800,9128281
1,7000,9717633,670016,10387649
1,7000,9823710,897709,10721419
1,7000,9672124,1012288,10684412
1,7000,10155413,627712,10783125
1,7000,9843329,406774,10250103
1,7000,9417289,633693,10050982
1,7000,8831247,901583,9732830
1,7000,9164938,628866,9793804
1,7000,9569877,582237,10152114
1,7000,8767376,413958,9181334
1,7000,9341785,740062,10081847
1,7000,9483618,826387,10310005
1,7000,9208462,639330,9847792
1,7000,9302821,426227,9729048
1,7000,9812495,518494,10330989
1,7000,9878914,589311,10468225
1,7000,8785975,484463,9270438
1,7000,9304272,935813,10240085
1,7000,9322515,638250,9960765
1,7000,9362935,624861,9987796
1,8000,10540370,153679,10694049
1,8000,10417847,158314,10576161
1,8000,11343138,148289,11491427
1,8000,10274238,173574,10447812
1,8000,11427398,169842,11597240
1,8000,11238995,137117,11376112
1,8000,11517555,147614,11665169
1,8000,10104299,148354,10252653
1,8000,9259661,154639,9414300
1,8000,10249007,148718,10397725
1,8000,10303283,149851,10453134
1,8000,11950339,155590,12105929
1,8000,9803931,127038,9930969
1,8000,11101330,144476,11245806
1,8000,10040404,164457,10204861
1,8000,10616309,159132,10775441
1,8000,11032180,139499,11171679
1,8000,10418930,156549,10575479
1,8000,10841764,169983,11011747
1,8000,11113715,141767,11255482
1,8000,9588064,142262,9730326
1,8000,9515676,151810,9667486
1,8000,10633670,145498,10779168
1,8000,11336960,158994,11495954
1,8000,11163858,172337,11336195
1,8000,10549916,145888,10695804
1,8000,10532919,152842,10685761
1,8000,10031632,126621,10158253
1,8000,10155385,152272,10307657
1,8000,9944416,133310,10077726
1,8000,11024307,143029,11167336
1,8000,10266213,152470,10418683
1,8000,10101516,163863,10265379
1,8000,10788314,163864,10952178
1,8000,9481295,147901,9629196
1,8000,10122157,157096,10279253
1,8000,10977394,147170,11124564
1,8000,11127266,154288,11281554
1,8000,11107644,149015,11256659
1,8000,10511609,152863,10664472
1,8000,10252672,159118,10411790
1,8000,10685821,147868,10833689
1,8000,10025426,147259,10172685
1,8000,11804220,151741,11955961
1,8000,10343246,134057,10477303
1,8000,9418969,151126,9570095
1,8000,11319543,144263,11463806
1,8000,9670967,150328,9821295
1,8000,10104670,143399,10248069
1,8000,10182729,140570,10323299
1,8000,10525103,150388,10675491
1,8000,9741158,156340,9897498
1,8000,10275663,142931,10418594
1,8000,10559713,147856,10707569
1,8000,10773715,160519,10934234
1,8000,10430149,158662,10588811
1,8000,11300760,129354,11430114
1,8000,9765979,162379,9928358
1,8000,10865603,163351,11028954
1,8000,10887260,155661,11042921
1,8000,11641046,147643,11788689
1,8000,11835108,158659,11993767
1,8000,9585211,143084,9728295
1,8000,10688851,154325,10843176
1,8000,10899859,144287,11044146
1,8000,10229578,151012,10380590
1,8000,11133447,141998,11275445
1,8000,10495457,135848,10631305
1,8000,10569765,170888,10740653
1,8000,9545264,114943,9660207
1,8000,9572915,148109,9721024
1,8000,11097084,167631,11264715
1,8000,10802033,121075,10923108
1,8000,11784911,143123,11928034
1,8000,11600732,125475,11726207
1,8000,10006156,147061,10153217
1,8000,10239491,203506,10442997
1,8000,10290710,159246,10449956
1,8000,9677159,158664,9835823
1,8000,11086919,148798,11235717
1,8000,10251742,140432,10392174
1,8000,10407251,145040,10552291
1,8000,10081568,158371,10239939
1,8000,10404273,129096,10533369
1,8000,9988003,141158,10129161
1,8000,11030066,137501,11167567
1,8000,11465439,143917,11609356
1,8000,11078595,142621,11221216
1,8000,9741143,153439,9894582
1,8000,11875718,147761,12023479
1,8000,9835967,143978,9979945
1,8000,10841683,167169,11008852
1,8000,10837613,160245,10997858
1,8000,10010777,152587,10163364
1,8000,11183359,109924,11293283
1,8000,10545110,145708,10690818
1,8000,9298904,148733,9447637
1,8000,11079923,153190,11233113
1,8000,11312638,124860,11437498
1,8000,10716602,161809,10878411
1,8000,10283243,153988,10437231
1,8000,11241117,148478,11389595
1,8000,10091607,152156,10243763
1,8000,10125867,146197,10272064
1,8000,10200116,200013,10400129
1,8000,11200130,143992,11344122
1,8000,10802843,148453,10951296
1,8000,10160349,143471,10303820
1,8000,10846125,169059,11015184
1,8000,10259281,151744,10411025
1,8000,11309276,164356,11473632
1,8000,10501375,144809,10646184
1,8000,10881149,151400,11032549
1,8000,11342292,166677,11508969
1,8000,11324758,151582,11476340
1,9000,11070656,170106,11240762
1,9000,11813603,191783,12005386
1,9000,10584670,122280,10706950
1,9000,11621564,167067,11788631
1,9000,10964522,160945,11125467
1,9000,12141738,166698,12308436
1,9000,11694777,185948,11880725
1,9000,12057283,185599,12242882
1,9000,10512499,157036,10669535
1,9000,12972051,181745,13153796
1,9000,12383043,171897,12554940
1,9000,11820931,157285,11978216
1,9000,11439192,167554,11606746
1,9000,11817133,165454,11982587
1,9000,12789238,169611,12958849
1,9000,11464101,165609,11629710
1,9000,11627162,164476,11791638
1,9000,11455611,182954,11638565
1,9000,10407686,164058,10571744
1,9000,12238452,169065,12407517
1,9000,12193813,172749,12366562
1,9000,12088051,168708,12256759
1,9000,11433766,190349,11624115
1,9000,11860647,163038,12023685
1,9000,12253002,160717,12413719
1,9000,11725844,165430,11891274
1,9000,10896963,161229,11058192
1,9000,12179696,186127,12365823
1,9000,11325038,185212,11510250
1,9000,12092455,160075,12252530
1,9000,12640032,162426,12802458
1,9000,11657954,174137,11832091
1,9000,12076409,163879,12240288
1,9000,12588966,169014,12757980
1,9000,12999665,161371,13161036
1,9000,11653330,170357,11823687
1,9000,11264971,164892,11429863
1,9000,12547100,120168,12667268
1,9000,10278098,118693,10396791
1,9000,11729049,167222,11896271
1,9000,13271479,171164,13442643
1,9000,11989041,168140,12157181
1,9000,11774022,169761,11943783
1,9000,12154579,166590,12321169
1,9000,12282468,172916,12455384
1,9000,11278155,176687,11454842
1,9000,11845070,167775,12012845
1,9000,11816200,160725,11976925
1,9000,11826142,187762,12013904
1,9000,11820167,188609,12008776
1,9000,10315290,123033,10438323
1,9000,10540813,164619,10705432
1,9000,12000009,167184,12167193
1,9000,10738720,168299,10907019
1,9000,10437072,163273,10600345
1,9000,10489038,180294,10669332
1,9000,12023164,120642,12143806
1,9000,11607402,155092,11762494
1,9000,10971452,164718,11136170
1,9000,10747145,155899,10903044
1,9000,11648919,167501,11816420
1,9000,11990404,174492,12164896
1,9000,12035566,162468,12198034
1,9000,11145193,173868,11319061
1,9000,11783195,162999,11946194
1,9000,12056059,141734,12197793
1,9000,11417223,184565,11601788
1,9000,12139927,168369,12308296
1,9000,11523134,165168,11688302
1,9000,10087798,177635,10265433
1,9000,11016966,161758,11178724
1,9000,12252656,119094,12371750
1,9000,11215109,170904,11386013
1,9000,11329380,162171,11491551
1,9000,11369759,159811,11529570
1,9000,12106449,167760,12274209
1,9000,10422550,162777,10585327
1,9000,10685897,168855,10854752
1,9000,11038940,166608,11205548
1,9000,11427843,173838,11601681
1,9000,11696867,168069,11864936
1,9000,12021529,119169,12140698
1,9000,11470087,168075,11638162
1,9000,11795589,162502,11958091
1,9000,11041234,180227,11221461
1,9000,11417586,165645,11583231
1,9000,9909483,168279,10077762
1,9000,11008986,198684,11207670
1,9000,11664743,184049,11848792
1,9000,10435624,163039,10598663
1,9000,11026874,177680,11204554
1,9000,12381455,169950,12551405
1,9000,10989183,190876,11180059
1,9000,10773396,162738,10936134
1,9000,10473218,129245,10602463
1,9000,11885454,184316,12069770
1,9000,11756386,181691,11938077
1,9000,11630936,132975,11763911
1,9000,11713333,167965,11881298
1,9000,11201583,158673,11360256
1,9000,11876567,165987,12042554
1,9000,12104349,142000,12246349
1,9000,11032746,164635,11197381
1,9000,12913902,194890,13108792
1,9000,12418564,167256,12585820
1,9000,11266420,165120,11431540
1,9000,11728856,191899,11920755
1,9000,10422099,160810,10582909
1,9000,10253825,173825,10427650
1,9000,11009284,162221,11171505
1,9000,11371527,135164,11506691
1,9000,11235709,166774,11402483
1,9000,11541570,166059,11707629
1,9000,11967886,204337,12172223
1,9000,11977003,167520,12144523
1,10000,11047174,182012,11229186
1,10000,11818013,131744,11949757
1,10000,12011276,185687,12196963
1,10000,11780413,190925,11971338
1,10000,12713342,183209,12896551
1,10000,11886806,184310,12071116
1,10000,12381783,189962,12571745
1,10000,10992539,136673,11129212
1,10000,11198810,194407,11393217
1,10000,10631237,182534,10813771
1,10000,12800186,180947,12981133
1,10000,12224332,184052,12408384
1,10000,12020052,182825,12202877
1,10000,12623324,135959,12759283
1,10000,12939537,174333,13113870
1,10000,12869973,179756,13049729
1,10000,11515766,176621,11692387
1,10000,12257364,133734,12391098
1,10000,12690830,184241,12875071
1,10000,11576255,211009,11787264
1,10000,11548046,182462,11730508
1,10000,12536717,179711,12716428
1,10000,13096370,180519,13276889
1,10000,13684614,183980,13868594
1,10000,11816611,159730,11976341
1,10000,12724682,187897,12912579
1,10000,12225533,173503,12399036
1,10000,11324637,153028,11477665
1,10000,11793821,184428,11978249
1,10000,11263657,180947,11444604
1,10000,12202648,186629,12389277
1,10000,11952609,216312,12168921
1,10000,11494106,221306,11715412
1,10000,12483536,209244,12692780
1,10000,12327070,181847,12508917
1,10000,10615819,148202,10764021
1,10000,10983381,184838,11168219
1,10000,12725367,197174,12922541
1,10000,11662440,184424,11846864
1,10000,12039387,184058,12223445
1,10000,12449898,203863,12653761
1,10000,12654732,185765,12840497
1,10000,12847418,181354,13028772
1,10000,11840370,179762,12020132
1,10000,12045634,181949,12227583
1,10000,13238692,161799,13400491
1,10000,12048870,178358,12227228
1,10000,12744246,184694,12928940
1,10000,11725864,177290,11903154
1,10000,12614927,179015,12793942
1,10000,12457817,200472,12658289
1,10000,12389239,180623,12569862
1,10000,12656093,198153,12854246
1,10000,12924107,231658,13155765
1,10000,10712467,136520,10848987
1,10000,11006780,142877,11149657
1,10000,11290929,199628,11490557
1,10000,12909553,187691,13097244
1,10000,14245722,190114,14435836
1,10000,10587553,135434,10722987
1,10000,11747223,182306,11929529
1,10000,12623458,180299,12803757
1,10000,11976618,194192,12170810
1,10000,12047912,181517,12229429
1,10000,11620857,182360,11803217
1,10000,10838764,130401,10969165
1,10000,11454215,189421,11643636
1,10000,11195058,179588,11374646
1,10000,12776251,201508,12977759
1,10000,12206091,178994,12385085
1,10000,12123963,185089,12309052
1,10000,11387387,176766,11564153
1,10000,12071600,181207,12252807
1,10000,11311237,139319,11450556
1,10000,10514269,142847,10657116
1,10000,13675330,184910,13860240
1,10000,13175507,180695,13356202
1,10000,12666260,176190,12842450
1,10000,13408429,192271,13600700
1,10000,12173271,157084,12330355
1,10000,12964485,173840,13138325
1,10000,12789028,183818,12972846
1,10000,11434033,204891,11638924
1,10000,14013362,190171,14203533
1,10000,12473468,185780,12659248
1,10000,11506355,157823,11664178
1,10000,13231158,191908,13423066
1,10000,13666073,199651,13865724
1,10000,12820766,190994,13011760
1,10000,12053099,182406,12235505
1,10000,10561315,135758,10697073
1,10000,13012367,187345,13199712
1,10000,11872746,179306,12052052
1,10000,12271751,201070,12472821
1,10000,13556018,188531,13744549
1,10000,12088238,182022,12270260
1,10000,12822946,181418,13004364
1,10000,11723681,155803,11879484
1,10000,12724823,177926,12902749
1,10000,11312290,186262,11498552
1,10000,13186553,187115,13373668
1,10000,12262642,186755,12449397
1,10000,13163623,179360,13342983
1,10000,12987960,179508,13167468
1,10000,13998684,185603,14184287
1,10000,11917896,202425,12120321
1,10000,13293844,187528,13481372
1,10000,13287851,181241,13469092
1,10000,12002964,183896,12186860
1,10000,11577482,177222,11754704
1,10000,12173996,179822,12353818
1,10000,13279835,176814,13456649
1,10000,12947597,176327,13123924
1,10000,11813695,170468,11984163
1,10000,12076068,181202,12257270
1,10000,12507947,202542,12710489
1,10000,12633998,179351,12813349
1,10000,12960568,178385,13138953
1,10000,12844472,181653,13026125
1,10000,12380241,183047,12563288
1,10000,12916077,183287,13099364
1,10000,13257076,203013,13460089
1,10000,12553803,183772,12737575
1,10000,12911890,140162,13052052
1,10000,12756602,179027,12935629
1,10000,12450214,178593,12628807
1,10000,12421193,180698,12601891
1,10000,12888182,175488,13063670
1,10000,13263693,181964,13445657
1,10000,11454467,180439,11634906
1,10000,12068920,182933,12251853
1,10000,12452974,183182,12636156
1,10000,12516868,137987,12654855
1,10000,12233507,237367,12470874
1,10000,13456564,223818,13680382
1,10000,11922432,134145,12056577
1,10000,12457073,173570,12630643
1,10000,12207558,182717,12390275
1,10000,13268572,195880,13464452
1,10000,13253896,195511,13449407
1,10000,12301367,186307,12487674
1,10000,13129822,136346,13266168
1,10000,12053918,178371,12232289
1,10000,13274927,181085,13456012
1,10000,12844761,179876,13024637
1,10000,12084564,216495,12301059
1,10000,13928736,174815,14103551
1,10000,13989567,180638,14170205
1,10000,11896117,184967,12081084
1,10000,11287469,177686,11465155
1,10000,12635886,189575,12825461
1,10000,11795400,139133,11934533
1,10000,11675706,197326,11873032
1,10000,12556163,186586,12742749
1,10000,12065052,178148,12243200
1,10000,12583461,184364,12767825
1,10000,12573934,190085,12764019
1,10000,10986423,181625,11168048
1,10000,11954099,181349,12135448
1,10000,12045469,176094,12221563
1,10000,11999751,177515,12177266
1,10000,12666801,195316,12862117
1,10000,12316831,183263,12500094
1,10000,12018422,187066,12205488
1,10000,13200663,180428,13381091
1,10000,12105066,181664,12286730
1,10000,12380067,182752,12562819
1,10000,11312086,187246,11499332
1,10000,12693906,178889,12872795
1,10000,12274492,185309,12459801
1,10000,11318110,142922,11461032
1,10000,12926192,181724,13107916
1,10000,12582022,187136,12769158
1,10000,11882554,175607,12058161
1,10000,12100487,183827,12284314
1,10000,12001479,178808,12180287
1,10000,13224531,182057,13406588
1,10000,12133067,182570,12315637
1,10000,12712234,186260,12898494
1,10000,12889343,178715,13068058
1,10000,13156726,189872,13346598
1,10000,11724916,215064,11939980
1,10000,12456502,184730,12641232
1,10000,13345782,197344,13543126
1,10000,13005021,202486,13207507
1,10000,12186979,197110,12384089
1,10000,12309640,187505,12497145
1,10000,12578988,179597,12758585
1,10000,12144727,195670,12340397
1,10000,12088945,198150,12287095
1,10000,11513294,178106,11691400
1,10000,10617897,133088,10750985
1,10000,12030552,175574,12206126
1,10000,11986972,137483,12124455
1,10000,12633762,178635,12812397
1,10000,13645660,180866,13826526
1,10000,13354687,178191,13532878
1,10000,12891859,176159,13068018
1,10000,12610562,203113,12813675
1,10000,12555380,178334,12733714
1,10000,12401059,219339,12620398
1,10000,11808631,174445,11983076
1,10000,11754735,183374,11938109
1,10000,12409696,180920,12590616
1,10000,12148595,179717,12328312
1,10000,11701404,179693,11881097
1,10000,12236606,206342,12442948
1,10000,12233952,181172,12415124
1,10000,11946246,175028,12121274
1,10000,11794234,181685,11975919
1,10000,12937194,178071,13115265
1,10000,12897620,195122,13092742
1,10000,11663435,173834,11837269
1,10000,12759366,137342,12896708
1,10000,12344648,183269,12527917
1,10000,12717819,160372,12878191
1,10000,11751856,186877,11938733
1,10000,11684685,182831,11867516
1,10000,12569224,182846,12752070
1,10000,11410235,182469,11592704
1,10000,11835984,176796,12012780
1,10000,13026668,199144,13225812
1,10000,13593520,176178,13769698
1,10000,12493834,185513,12679347
1,10000,12519212,184895,12704107
1,10000,12696658,183835,12880493
1,10000,12009660,197539,12207199
1,10000,12497322,185691,12683013
1,10000,12450594,197533,12648127
1,10000,12071488,178707,12250195
1,20000,21519441,379302,21898743
1,20000,21571940,358091,21930031
1,20000,22421529,363382,22784911
1,20000,22360529,375664,22736193
1,20000,21864830,372369,22237199
1,20000,20540018,347702,20887720
1,20000,21911185,371679,22282864
1,20000,23837636,347990,24185626
1,20000,20036497,341735,20378232
1,20000,20267265,342953,20610218
1,20000,22392599,360400,22752999
1,20000,24649490,349894,24999384
1,20000,22456361,341252,22797613
1,20000,22387541,367099,22754640
1,20000,20783450,375537,21158987
1,20000,22765169,253334,23018503
1,20000,21616685,347036,21963721
1,20000,22030598,352604,22383202
1,20000,21338004,349205,21687209
1,20000,19921859,377985,20299844
1,20000,21112812,328713,21441525
1,20000,21563049,355523,21918572
1,20000,21179119,358034,21537153
1,20000,22032680,353722,22386402
1,20000,22288052,250815,22538867
1,20000,21407882,365296,21773178
1,20000,23871272,345518,24216790
1,20000,19267385,343589,19610974
1,20000,21471231,276773,21748004
1,20000,20923954,351998,21275952
1,20000,21284260,346745,21631005
1,20000,20767529,349275,21116804
1,20000,22866057,342186,23208243
1,20000,23985400,346352,24331752
1,20000,19576130,345791,19921921
1,20000,21379991,330580,21710571
1,20000,22788462,356795,23145257
1,20000,22251637,343682,22595319
1,20000,19479517,338534,19818051
1,20000,21781691,354383,22136074
1,20000,23752363,360597,24112960
1,20000,23067793,359369,23427162
1,20000,21267692,356971,21624663
1,20000,21208387,339390,21547777
1,20000,20996151,345722,21341873
1,20000,22671824,343355,23015179
1,20000,20999172,352301,21351473
1,20000,21454393,311899,21766292
1,20000,23491395,344843,23836238
1,20000,22136433,381384,22517817
1,20000,23567337,369369,23936706
1,20000,20903299,354683,21257982
1,20000,20359851,378327,20738178
1,20000,20177553,335148,20512701
1,20000,25491362,343359,25834721
1,20000,20738002,253181,20991183
1,20000,20932937,386634,21319571
1,20000,22107119,350159,22457278
1,20000,22366242,347183,22713425
1,20000,20161590,356543,20518133
1,20000,21401692,348392,21750084
1,20000,21033614,377332,21410946
1,20000,23335076,350225,23685301
1,20000,23151319,354430,23505749
1,20000,22528992,353570,22882562
1,20000,22525468,372516,22897984
1,20000,22190695,345849,22536544
1,20000,22447289,364795,22812084
1,20000,22888595,365756,23254351
1,20000,24096965,304259,24401224
1,20000,20752489,338478,21090967
1,20000,25262182,344474,25606656
1,20000,20922479,354971,21277450
1,20000,22570159,359450,22929609
1,20000,21227882,333530,21561412
1,20000,21482717,358255,21840972
1,20000,23509436,365071,23874507
1,20000,20925663,349343,21275006
1,20000,23146790,348875,23495665
1,20000,20341131,360382,20701513
1,20000,23996058,246345,24242403
1,20000,19478321,346634,19824955
1,20000,22453038,361540,22814578
1,20000,22365845,372601,22738446
1,20000,23109761,339962,23449723
1,20000,23019633,346419,23366052
1,20000,24481448,346607,24828055
1,20000,22062741,354799,22417540
1,20000,22128577,337917,22466494
1,20000,19813825,369819,20183644
1,20000,21948462,267977,22216439
1,20000,21350580,344199,21694779
1,20000,21656702,353369,22010071
1,20000,21604869,340262,21945131
1,20000,22292595,339851,22632446
1,20000,22105903,361085,22466988
1,20000,21962675,356749,22319424
1,20000,23512101,339756,23851857
1,20000,19436950,341130,19778080
1,20000,24166385,353501,24519886
1,20000,22830543,358816,23189359
1,20000,24030664,356300,24386964
1,20000,21927026,365059,22292085
1,20000,24219564,355643,24575207
1,20000,21990144,366625,22356769
1,20000,24050396,373408,24423804
1,20000,22304878,365149,22670027
1,20000,22331878,340461,22672339
1,20000,20927973,354325,21282298
1,20000,21227868,345216,21573084
1,20000,20973424,351018,21324442
1,20000,23723665,308654,24032319
1,20000,24181423,341505,24522928
1,20000,23850886,358390,24209276
1,20000,21863275,358528,22221803
1,30000,30081037,997815,31078852
1,30000,30833474,1016346,31849820
1,30000,26628670,973206,27601876
1,30000,31028459,1015401,32043860
1,30000,34224018,934406,35158424
1,30000,32321124,919894,33241018
1,30000,28365108,996586,29361694
1,30000,30133199,950096,31083295
1,30000,30508954,996556,31505510
1,30000,28617533,802222,29419755
1,30000,32163633,896087,33059720
1,30000,31692040,687197,32379237
1,30000,31368077,942833,32310910
1,30000,32841755,990692,33832447
1,30000,32120417,888711,33009128
1,30000,32272325,892136,33164461
1,30000,33684801,1158130,34842931
1,30000,31102443,1193395,32295838
1,30000,29740002,937526,30677528
1,30000,29308827,1034194,30343021
1,30000,30838888,854530,31693418
1,30000,30980482,975342,31955824
1,30000,29096112,982883,30078995
1,30000,32289134,888550,33177684
1,30000,30281559,823986,31105545
1,30000,30420067,898095,31318162
1,30000,26568138,1286534,27854672
1,30000,26379158,978776,27357934
1,30000,28199502,1304286,29503788
1,30000,29364263,1175905,30540168
1,30000,31856400,938502,32794902
1,30000,28528728,689953,29218681
1,30000,30444260,1202663,31646923
1,30000,33093602,944116,34037718
1,30000,34697377,827506,35524883
1,30000,29817753,1298988,31116741
1,30000,28994165,1331082,30325247
1,30000,29626727,877557,30504284
1,30000,31160849,1308492,32469341
1,30000,29737090,851900,30588990
1,30000,30303079,1245293,31548372
1,30000,31422776,974693,32397469
1,30000,30797784,956527,31754311
1,30000,32629965,1274028,33903993
1,30000,32235600,1409864,33645464
1,30000,30066390,967059,31033449
1,30000,32295382,685748,32981130
1,30000,29049536,994611,30044147
1,30000,27265363,1003386,28268749
1,30000,31256054,1200588,32456642
1,30000,29073697,1384809,30458506
1,30000,32695556,1028530,33724086
1,30000,32139437,980613,33120050
1,30000,31897762,1013781,32911543
1,30000,31994250,895700,32889950
1,30000,31596582,866825,32463407
1,30000,28241208,855379,29096587
1,30000,29830211,878586,30708797
1,30000,30029738,1008187,31037925
1,30000,29819089,1241050,31060139
1,30000,31039694,1000352,32040046
1,30000,32481883,935438,33417321
1,30000,30172822,1283881,31456703
1,30000,30850383,1059970,31910353
1,30000,30799027,976961,31775988
1,30000,31955597,956830,32912427
1,30000,30772501,1299250,32071751
1,30000,33361804,928028,34289832
1,30000,29381132,1153055,30534187
1,30000,30623458,1001806,31625264
1,30000,30964256,1194448,32158704
1,30000,31219952,1009374,32229326
1,30000,31017790,1042822,32060612
1,30000,32362589,844839,33207428
1,30000,29745168,1313001,31058169
1,30000,29468151,1320343,30788494
1,30000,31118123,1287446,32405569
1,30000,27410767,1344497,28755264
1,30000,30154318,937709,31092027
1,30000,31892354,926644,32818998
1,30000,33814132,988436,34802568
1,30000,30925762,882105,31807867
1,30000,29673569,980061,30653630
1,30000,30029674,931254,30960928
1,30000,32508482,983195,33491677
1,30000,32199286,1334334,33533620
1,30000,28802809,1302803,30105612
1,30000,27014673,951972,27966645
1,30000,31460303,1213881,32674184
1,30000,30911218,876333,31787551
1,30000,31137091,949562,32086653
1,30000,31856560,1398866,33255426
1,30000,31577270,1303177,32880447
1,30000,29406370,889161,30295531
1,30000,32072530,1107364,33179894
1,30000,33029757,982393,34012150
1,30000,32490929,846315,33337244
1,30000,30520476,1339705,31860181
1,30000,31430214,1176654,32606868
1,30000,30254516,1312523,31567039
1,30000,28767922,1276043,30043965
1,30000,31218257,963232,32181489
1,30000,33603781,816533,34420314
1,30000,31406676,905318,32311994
1,30000,31095094,980459,32075553
1,30000,28232930,949549,29182479
1,30000,33164211,957619,34121830
1,30000,32952211,1004229,33956440
1,30000,29308412,1298526,30606938
1,30000,31217290,1183536,32400826
1,30000,32018806,991331,33010137
1,30000,30061392,1334841,31396233
1,30000,27550275,977924,28528199
1,30000,29459487,1324028,30783515
1,30000,31659260,1028032,32687292
1,40000,42509442,1398139,43907581
1,40000,43869681,1433268,45302949
1,40000,40232530,1067063,41299593
1,40000,39823718,1490390,41314108
1,40000,36757325,1198846,37956171
1,40000,43483007,1016404,44499411
1,40000,42092912,1409162,43502074
1,40000,43048008,1054528,44102536
1,40000,40006718,1142844,41149562
1,40000,37564236,1107223,38671459
1,40000,39616596,1106361,40722957
1,40000,41441704,1167493,42609197
1,40000,42879928,977228,43857156
1,40000,39111753,1021919,40133672
1,40000,40412419,1129568,41541987
1,40000,40523131,1359774,41882905
1,40000,40428542,1174011,41602553
1,40000,38289065,1125849,39414914
1,40000,38169789,1380623,39550412
1,40000,39081106,1120052,40201158
1,40000,39425695,1477231,40902926
1,40000,39326448,1550383,40876831
1,40000,36299724,1137423,37437147
1,40000,34724732,1176663,35901395
1,40000,38050746,1494787,39545533
1,40000,39321069,961773,40282842
1,40000,37236971,1095024,38331995
1,40000,36618499,1173923,37792422
1,40000,44593281,1422021,46015302
1,40000,39211680,1552529,40764209
1,40000,42004494,1452954,43457448
1,40000,40528822,1270943,41799765
1,40000,40004317,1003063,41007380
1,40000,42584950,1184460,43769410
1,40000,42166876,1429584,43596460
1,40000,41956308,1043222,42999530
1,40000,37466415,1187316,38653731
1,40000,39084324,1420706,40505030
1,40000,41658082,1037982,42696064
1,40000,36700351,1454456,38154807
1,40000,34201388,1108300,35309688
1,40000,36731041,1007653,37738694
1,40000,38590151,1162775,39752926
1,40000,39486714,1407168,40893882
1,40000,38248316,1024637,39272953
1,40000,39741113,1361948,41103061
1,40000,41922543,1470515,43393058
1,40000,42065169,1031677,43096846
1,40000,34905088,1152589,36057677
1,40000,39235782,1147246,40383028
1,40000,35940136,1021442,36961578
1,40000,39201653,1471304,40672957
1,40000,41392731,1177283,42570014
1,40000,34781608,1187502,35969110
1,40000,37846127,1170153,39016280
1,40000,38703237,1517371,40220608
1,40000,40404808,1043008,41447816
1,40000,40994434,1517695,42512129
1,40000,36546293,1156679,37702972
1,40000,41928120,1412603,43340723
1,40000,38503946,1528537,40032483
1,40000,36928698,969595,37898293
1,40000,43483209,1098491,44581700
1,40000,40041495,995620,41037115
1,40000,37024543,1147557,38172100
1,40000,41891137,1120604,43011741
1,40000,38053545,1128273,39181818
1,40000,35299660,1039888,36339548
1,40000,37096266,1183137,38279403
1,40000,37516011,1033273,38549284
1,40000,40017055,1394091,41411146
1,40000,41205168,1155959,42361127
1,40000,37315037,1420098,38735135
1,40000,40395511,1459075,41854586
1,40000,39845073,1091983,40937056
1,40000,36156811,1122715,37279526
1,40000,40287264,774896,41062160
1,40000,43645255,1392722,45037977
1,40000,39740088,1040719,40780807
1,40000,36816600,1152902,37969502
1,40000,35103245,978026,36081271
1,40000,39905809,1580283,41486092
1,40000,36166932,1064760,37231692
1,40000,38733615,1510239,40243854
1,40000,39089086,1065646,40154732
1,40000,41806405,1185963,42992368
1,40000,43488870,1177768,44666638
1,40000,39054063,1033990,40088053
1,40000,37972623,1162379,39135002
1,40000,37508424,1022201,38530625
1,40000,41504978,1496155,43001133
1,40000,40424179,1470638,41894817
1,40000,38791889,1116766,39908655
1,40000,41719817,1374463,43094280
1,40000,35680167,1132723,36812890
1,40000,41211230,1197325,42408555
1,40000,38503732,1168204,39671936
1,40000,36054244,1162978,37217222
1,40000,37277956,1032008,38309964
1,40000,41385470,1018314,42403784
1,40000,40230152,1022407,41252559
1,40000,41838060,1098163,42936223
1,40000,38642812,1177617,39820429
1,40000,34217024,1045830,35262854
1,40000,38657249,1151909,39809158
1,40000,41821028,1125295,42946323
1,40000,36925960,1011655,37937615
1,40000,39446629,1289162,40735791
1,40000,40819113,1017227,41836340
1,40000,42524406,1509686,44034092
1,40000,38387604,1072220,39459824
1,40000,43919170,1312559,45231729
1,40000,37521229,1262512,38783741
1,40000,34255480,1513039,35768519
1,40000,36411213,703211,37114424
1,50000,47639114,837946,48477060
1,50000,51556588,817275,52373863
1,50000,46684644,614716,47299360
1,50000,51578819,823679,52402498
1,50000,49308534,804650,50113184
1,50000,50051668,826537,50878205
1,50000,49791497,812937,50604434
1,50000,48354320,836451,49190771
1,50000,50484270,877515,51361785
1,50000,47548145,827038,48375183
1,50000,47991240,738775,48730015
1,50000,50362191,811972,51174163
1,50000,45102250,804768,45907018
1,50000,44503804,827027,45330831
1,50000,45182929,833360,46016289
1,50000,49259809,814943,50074752
1,50000,50412832,809522,51222354
1,50000,45019301,842911,45862212
1,50000,51285452,710658,51996110
1,50000,47506531,824716,48331247
1,50000,50562867,815983,51378850
1,50000,48605473,823222,49428695
1,50000,49089014,841209,49930223
1,50000,51003980,716685,51720665
1,50000,45390105,809541,46199646
1,50000,50465019,818936,51283955
1,50000,53514833,834373,54349206
1,50000,57090948,717093,57808041
1,50000,48399625,801962,49201587
1,50000,47264684,452875,47717559
1,50000,44710097,817883,45527980
1,50000,49575394,831479,50406873
1,50000,46851960,717970,47569930
1,50000,48145777,826969,48972746
1,50000,48592032,806096,49398128
1,50000,45724516,853451,46577967
1,50000,42176789,834910,43011699
1,50000,46664560,601598,47266158
1,50000,49324548,837877,50162425
1,50000,50237821,806631,51044452
1,50000,46431891,605529,47037420
1,50000,44026284,447877,44474161
1,50000,46068701,825061,46893762
1,50000,46679233,812559,47491792
1,50000,51934023,833233,52767256
1,50000,48879649,623248,49502897
1,50000,48037418,791125,48828543
1,50000,44686661,818865,45505526
1,50000,49095165,849800,49944965
1,50000,43242205,447391,43689596
1,50000,50832176,610807,51442983
1,50000,45888423,621691,46510114
1,50000,49826962,836907,50663869
1,50000,50660937,598046,51258983
1,50000,46072742,601175,46673917
1,50000,48769642,455577,49225219
1,50000,46877707,853805,47731512
1,50000,44045515,850344,44895859
1,50000,46026398,833598,46859996
1,50000,42662974,813411,43476385
1,50000,50647667,605162,51252829
1,50000,53234018,817241,54051259
1,50000,44967776,835435,45803211
1,50000,46109426,803495,46912921
1,50000,46197745,802037,46999782
1,50000,46958734,584001,47542735
1,50000,47544101,838593,48382694
1,50000,52543092,824068,53367160
1,50000,49747153,605398,50352551
1,50000,49951474,850235,50801709
1,50000,47135604,699721,47835325
1,50000,48073837,817588,48891425
1,50000,46584573,818687,47403260
1,50000,47614852,843694,48458546
1,50000,46036853,814002,46850855
1,50000,43609065,818299,44427364
1,50000,47627923,846801,48474724
1,50000,51120511,823733,51944244
1,50000,46182497,817240,46999737
1,50000,47641006,814454,48455460
1,50000,47841079,583617,48424696
1,50000,45698546,798630,46497176
1,50000,47279385,708156,47987541
1,50000,43371178,846000,44217178
1,50000,47856291,846171,48702462
1,50000,49372006,815920,50187926
1,50000,43582757,813837,44396594
1,50000,48179575,820159,48999734
1,50000,48691999,804021,49496020
1,50000,43945074,819971,44765045
1,50000,42743822,827947,43571769
1,50000,42553612,807380,43360992
1,50000,43069984,623557,43693541
1,50000,50260206,727160,50987366
1,50000,47556764,602132,48158896
1,50000,48693482,713181,49406663
1,50000,53267900,825196,54093096
1,50000,48752427,713015,49465442
1,50000,45220250,830821,46051071
1,50000,44754744,794391,45549135
1,50000,48834045,858241,49692286
1,50000,50148210,826567,50974777
1,50000,45304883,845559,46150442
1,50000,46716793,825462,47542255
1,50000,45651244,830937,46482181
1,50000,44488776,811804,45300580
1,50000,45797738,833363,46631101
1,50000,47497707,610546,48108253
1,50000,44487141,824990,45312131
1,50000,48630950,811125,49442075
1,50000,47950672,824579,48775251
1,50000,47250025,816156,48066181
1,50000,48997695,834066,49831761
1,50000,52801681,708142,53509823
1,50000,48749404,831579,49580983
1,60000,55678597,959448,56638045
1,60000,56197221,728202,56925423
1,60000,55166720,982699,56149419
1,60000,54509805,981200,55491005
1,60000,57841972,708414,58550386
1,60000,57072603,975786,58048389
1,60000,56057833,998857,57056690
1,60000,52391056,1015784,53406840
1,60000,53026681,734332,53761013
1,60000,59348302,1012961,60361263
1,60000,57319975,739517,58059492
1,60000,53793720,959781,54753501
1,60000,51699443,973375,52672818
1,60000,51799717,981920,52781637
1,60000,52691959,990944,53682903
1,60000,57196756,966387,58163143
1,60000,56072882,1005877,57078759
1,60000,54811767,969485,55781252
1,60000,50626978,980513,51607491
1,60000,56802862,992863,57795725
1,60000,51537495,898919,52436414
1,60000,60241386,719346,60960732
1,60000,58198711,1002960,59201671
1,60000,56810686,1004879,57815565
1,60000,53894988,743595,54638583
1,60000,52074350,995277,53069627
1,60000,52539465,982328,53521793
1,60000,58509167,997987,59507154
1,60000,56378034,975589,57353623
1,60000,50229735,968690,51198425
1,60000,54584681,988715,55573396
1,60000,58235321,988745,59224066
1,60000,55358093,993010,56351103
1,60000,54724915,986341,55711256
1,60000,52974444,744708,53719152
1,60000,52306676,995323,53301999
1,60000,53436628,759552,54196180
1,60000,57873672,726907,58600579
1,60000,54610862,963723,55574585
1,60000,54931402,967943,55899345
1,60000,49672266,990626,50662892
1,60000,59004165,979291,59983456
1,60000,58111773,1004800,59116573
1,60000,53013364,984536,53997900
1,60000,52588658,1007997,53596655
1,60000,55371750,970521,56342271
1,60000,61022527,997456,62019983
1,60000,52415188,987269,53402457
1,60000,51151347,1002123,52153470
1,60000,48195542,986729,49182271
1,60000,57984650,966176,58950826
1,60000,59281547,1029542,60311089
1,60000,51203796,967800,52171596
1,60000,60833288,997813,61831101
1,60000,54906008,991159,55897167
1,60000,53275867,1004494,54280361
1,60000,63972913,1000621,64973534
1,60000,60670778,997426,61668204
1,60000,49438666,978069,50416735
1,60000,60966624,997386,61964010
1,60000,57181829,976863,58158692
1,60000,56516584,998769,57515353
1,60000,53109201,1008227,54117428
1,60000,52267481,1000494,53267975
1,60000,56337479,916015,57253494
1,60000,56369191,967581,57336772
1,60000,48007322,994316,49001638
1,60000,49581997,992299,50574296
1,60000,51938902,980652,52919554
1,60000,57724287,971919,58696206
1,60000,51859818,1005102,52864920
1,60000,55762142,994552,56756694
1,60000,49032199,980401,50012600
1,60000,53377165,982445,54359610
1,60000,56460428,988535,57448963
1,60000,51459473,975695,52435168
1,60000,57372867,980841,58353708
1,60000,52668194,1000473,53668667
1,60000,52946276,996765,53943041
1,60000,56966468,717518,57683986
1,60000,58252654,971142,59223796
1,60000,56288339,996814,57285153
1,60000,50901382,981974,51883356
1,60000,55945028,976652,56921680
1,60000,55657164,1002426,56659590
1,60000,51283383,970068,52253451
1,60000,60851161,971795,61822956
1,60000,52284973,990616,53275589
1,60000,52855705,973471,53829176
1,60000,54463351,731410,55194761
1,60000,51893041,980732,52873773
1,60000,52697786,976812,53674598
1,60000,53346138,984074,54330212
1,60000,53978556,993963,54972519
1,60000,59719571,998616,60718187
1,60000,52719643,988127,53707770
1,60000,54471568,1000800,55472368
1,60000,55217689,1004424,56222113
1,60000,52285793,979875,53265668
1,60000,51581474,999676,52581150
1,60000,50914145,986430,51900575
1,60000,58587595,849104,59436699
1,60000,60628860,1005457,61634317
1,60000,54478121,987745,55465866
1,60000,55584524,996190,56580714
1,60000,56930847,985241,57916088
1,60000,52337438,993792,53331230
1,60000,55408718,981437,56390155
1,60000,50830246,967812,51798058
1,60000,52204350,982409,53186759
1,60000,56908389,977736,57886125
1,60000,58777183,963184,59740367
1,60000,51898065,981944,52880009
1,60000,53800908,985274,54786182
1,60000,57372810,991088,58363898
1,70000,59066930,1175475,60242405
1,70000,60457276,1140872,61598148
1,70000,61918963,1170543,63089506
1,70000,60830403,1151656,61982059
1,70000,64047556,869857,64917413
1,70000,62913061,1137444,64050505
1,70000,65124820,876097,66000917
1,70000,60196002,979235,61175237
1,70000,64414976,1155845,65570821
1,70000,67739543,1151672,68891215
1,70000,63383866,1149956,64533822
1,70000,66256030,1161088,67417118
1,70000,66866936,1161196,68028132
1,70000,60473922,1137762,61611684
1,70000,59809878,857648,60667526
1,70000,68257185,844806,69101991
1,70000,69546615,1168145,70714760
1,70000,58252474,1173609,59426083
1,70000,68188621,1152100,69340721
1,70000,68196605,1175473,69372078
1,70000,63820013,1176477,64996490
1,70000,63195576,866680,64062256
1,70000,64587097,1002259,65589356
1,70000,59142841,1154593,60297434
1,70000,62061323,874950,62936273
1,70000,67453738,1178108,68631846
1,70000,64532133,1000424,65532557
1,70000,63771706,1135952,64907658
1,70000,68176645,845099,69021744
1,70000,64738478,1155926,65894404
1,70000,60385508,1170992,61556500
1,70000,60008946,1159097,61168043
1,70000,63786777,1153555,64940332
1,70000,65480054,1163183,66643237
1,70000,62654971,854859,63509830
1,70000,60030978,1001712,61032690
1,70000,63743578,1165787,64909365
1,70000,65162200,1085485,66247685
1,70000,61416783,1140660,62557443
1,70000,65877225,1152669,67029894
1,70000,62337405,992251,63329656
1,70000,63351061,1159195,64510256
1,70000,58358081,1169954,59528035
1,70000,62316357,1188900,63505257
1,70000,58705057,1147838,59852895
1,70000,63388387,1136067,64524454
1,70000,67315338,1166018,68481356
1,70000,60158906,1170085,61328991
1,70000,60317673,1153244,61470917
1,70000,66737834,1155646,67893480
1,70000,66816815,1142010,67958825
1,70000,59366826,1154012,60520838
1,70000,70765861,1135073,71900934
1,70000,65354619,863626,66218245
1,70000,58790207,1147508,59937715
1,70000,61240437,1143236,62383673
1,70000,59966618,1155304,61121922
1,70000,59843494,845618,60689112
1,70000,60841603,1170165,62011768
1,70000,65267290,1150950,66418240
1,70000,58455883,1175134,59631017
1,70000,60322926,1127839,61450765
1,70000,60352874,1166457,61519331
1,70000,63272414,1159774,64432188
1,70000,58412140,1146155,59558295
1,70000,63343293,1158298,64501591
1,70000,59861071,1149542,61010613
1,70000,60891610,1150943,62042553
1,70000,59848212,1168326,61016538
1,70000,58505277,1138684,59643961
1,70000,61037341,857027,61894368
1,70000,70385304,1137421,71522725
1,70000,67584551,857045,68441596
1,70000,64348821,1148862,65497683
1,70000,63391263,1156847,64548110
1,70000,64250662,1157705,65408367
1,70000,62060523,1170936,63231459
1,70000,62753723,1141383,63895106
1,70000,60067522,1161747,61229269
1,70000,65754177,1146011,66900188
1,70000,67739323,1120752,68860075
1,70000,58775715,1153304,59929019
1,70000,60881386,1155941,62037327
1,70000,66781478,1182245,67963723
1,70000,67606010,857903,68463913
1,70000,62456632,1153100,63609732
1,70000,59791576,1148175,60939751
1,70000,62674264,1138761,63813025
1,70000,63812637,859088,64671725
1,70000,60817768,1163641,61981409
1,70000,64884347,1174695,66059042
1,70000,62611565,1143120,63754685
1,70000,61611283,1160217,62771500
1,70000,59755315,1175997,60931312
1,70000,64339063,1154288,65493351
1,70000,61860004,1181780,63041784
1,70000,62513649,1134081,63647730
1,70000,61147428,874716,62022144
1,70000,64367255,1134933,65502188
1,70000,66028164,1154062,67182226
1,70000,66521582,1182314,67703896
1,70000,61329524,1165050,62494574
1,70000,62095300,1161937,63257237
1,70000,62459039,1163726,63622765
1,70000,63310554,1152553,64463107
1,70000,60712880,1164162,61877042
1,70000,62630357,1164525,63794882
1,70000,65110079,1163448,66273527
1,70000,60266907,1166563,61433470
1,70000,59031404,1179663,60211067
1,70000,62072359,1146807,63219166
1,70000,65151677,1153868,66305545
1,70000,61365939,879397,62245336
1,70000,57764282,1165421,58929703
1,70000,64967666,1160917,66128583
1,80000,68399310,1310637,69709947
1,80000,75474494,1310106,76784600
1,80000,70639473,965433,71604906
1,80000,70321180,979403,71300583
1,80000,67975912,1320995,69296907
1,80000,76327250,967576,77294826
1,80000,76451934,972623,77424557
1,80000,63283855,1317608,64601463
1,80000,73544399,1334215,74878614
1,80000,73225258,1316741,74541999
1,80000,71440488,1313778,72754266
1,80000,71307338,945859,72253197
1,80000,71191555,1316988,72508543
1,80000,67082302,1308993,68391295
1,80000,65704603,1334551,67039154
1,80000,73463725,964077,74427802
1,80000,73573976,967881,74541857
1,80000,70540553,1334693,71875246
1,80000,67906485,1321337,69227822
1,80000,68630715,965730,69596445
1,80000,70132779,1302914,71435693
1,80000,69730348,1309490,71039838
1,80000,67795933,1306875,69102808
1,80000,73167793,996823,74164616
1,80000,70795785,980032,71775817
1,80000,71510040,995282,72505322
1,80000,65677827,1308893,66986720
1,80000,66787713,1297331,68085044
1,80000,70535415,1319138,71854553
1,80000,65851846,1305554,67157400
1,80000,65379728,1322494,66702222
1,80000,63870557,1297719,65168276
1,80000,71493623,1349439,72843062
1,80000,72541718,1318667,73860385
1,80000,68931036,1311909,70242945
1,80000,67493945,1316805,68810750
1,80000,72374650,1317009,73691659
1,80000,64918543,1336689,66255232
1,80000,65980882,1293587,67274469
1,80000,67749805,1329533,69079338
1,80000,69173627,1335597,70509224
1,80000,72486365,1334353,73820718
1,80000,68046083,1317986,69364069
1,80000,75424898,1323593,76748491
1,80000,75909945,1336082,77246027
1,80000,69292159,1037502,70329661
1,80000,65768288,1306430,67074718
1,80000,73625975,1312896,74938871
1,80000,73196325,1323370,74519695
1,80000,68301437,1321985,69623422
1,80000,69135585,1310587,70446172
1,80000,74093485,1312350,75405835
1,80000,77654169,1314086,78968255
1,80000,71679769,958893,72638662
1,80000,65045798,1292027,66337825
1,80000,66860768,1339221,68199989
1,80000,76831694,982858,77814552
1,80000,73083471,1337100,74420571
1,80000,74905807,1302348,76208155
1,80000,67518917,1329108,68848025
1,80000,72811009,1311272,74122281
1,80000,69784669,1321863,71106532
1,80000,67900976,1331805,69232781
1,80000,70097637,1330772,71428409
1,80000,67528151,1294039,68822190
1,80000,72864109,1317920,74182029
1,80000,65878122,1352780,67230902
1,80000,66791350,1304388,68095738
1,80000,69717837,1306240,71024077
1,80000,70372668,1314972,71687640
1,80000,69029578,1331712,70361290
1,80000,69615241,1315783,70931024
1,80000,66489754,1297569,67787323
1,80000,65531108,978440,66509548
1,80000,72178531,1309096,73487627
1,80000,64255871,1305050,65560921
1,80000,67750529,1311648,69062177
1,80000,71430576,1314441,72745017
1,80000,71241346,1308566,72549912
1,80000,71910940,1327691,73238631
1,80000,72242726,1324661,73567387
1,80000,72078153,1321010,73399163
1,80000,67320574,1311723,68632297
1,80000,66990413,1312199,68302612
1,80000,65006713,1311784,66318497
1,80000,71093181,970767,72063948
1,80000,68199182,1318808,69517990
1,80000,71468513,967157,72435670
1,80000,66838659,1299408,68138067
1,80000,65752932,1345130,67098062
1,80000,71037805,1295389,72333194
1,80000,68256837,1314335,69571172
1,80000,70391434,1301352,71692786
1,80000,73256363,1335397,74591760
1,80000,73231177,1327280,74558457
1,80000,65577843,1286938,66864781
1,80000,74450798,1305954,75756752
1,80000,73295358,1303368,74598726
1,80000,76087200,1324937,77412137
1,80000,64585585,1300654,65886239
1,80000,73648907,1326133,74975040
1,80000,69766594,948524,70715118
1,80000,70698723,1333432,72032155
1,80000,68658428,1304884,69963312
1,80000,65764192,1314707,67078899
1,80000,73706522,1334553,75041075
1,80000,75991349,979496,76970845
1,80000,74634862,1316705,75951567
1,80000,69229292,1326259,70555551
1,80000,70775744,986450,71762194
1,80000,68675759,1034206,69709965
1,80000,73992885,980145,74973030
1,80000,66552356,1225185,67777541
1,80000,67174363,1317440,68491803
1,80000,67512684,1310096,68822780
1,90000,80462992,1475336,81938328
1,90000,74363870,1267680,75631550
1,90000,77792738,1494822,79287560
1,90000,80465643,1082641,81548284
1,90000,76610265,1471642,78081907
1,90000,82290756,1432876,83723632
1,90000,79567772,1458472,81026244
1,90000,83404973,1469469,84874442
1,90000,72303670,1485638,73789308
1,90000,78602961,1467713,80070674
1,90000,75459225,1487616,76946841
1,90000,77245714,1448164,78693878
1,90000,76468804,1463848,77932652
1,90000,84342849,1474471,85817320
1,90000,80301078,1466046,81767124
1,90000,84332841,1468315,85801156
1,90000,82704743,1454383,84159126
1,90000,82881282,1479890,84361172
1,90000,76747232,1509471,78256703
1,90000,76325700,1489379,77815079
1,90000,80132734,1101455,81234189
1,90000,71218312,1464606,72682918
1,90000,74108225,1498923,75607148
1,90000,75616881,1473565,77090446
1,90000,86815905,1471534,88287439
1,90000,85509494,1487363,86996857
1,90000,82813767,1081433,83895200
1,90000,82359304,1486099,83845403
1,90000,79953606,1429257,81382863
1,90000,78087084,1491245,79578329
1,90000,76050223,1458471,77508694
1,90000,77689222,1086988,78776210
1,90000,83401208,1515859,84917067
1,90000,82592475,1271941,83864416
1,90000,80577448,1472002,82049450
1,90000,77826726,1485358,79312084
1,90000,78852933,1115963,79968896
1,90000,75497972,1080864,76578836
1,90000,82124965,1107132,83232097
1,90000,85646131,1070696,86716827
1,90000,77892532,1487204,79379736
1,90000,82096658,1462258,83558916
1,90000,78511322,1483872,79995194
1,90000,75443632,1102979,76546611
1,90000,75551469,1462929,77014398
1,90000,84817191,1466730,86283921
1,90000,83279572,1451096,84730668
1,90000,76637905,1468909,78106814
1,90000,69736483,1340314,71076797
1,90000,80305742,1107791,81413533
1,90000,83936695,1485007,85421702
1,90000,82829696,1478031,84307727
1,90000,81876411,1088973,82965384
1,90000,80458796,1076158,81534954
1,90000,79778360,1464693,81243053
1,90000,83002222,1376489,84378711
1,90000,79761942,1090152,80852094
1,90000,83890503,1531381,85421884
1,90000,85288810,1453079,86741889
1,90000,79380836,1462487,80843323
1,90000,89368621,1453261,90821882
1,90000,76635864,1464625,78100489
1,90000,74889032,1108229,75997261
1,90000,75404395,1503631,76908026
1,90000,78355246,1456412,79811658
1,90000,74567078,1494933,76062011
1,90000,71507895,1470015,72977910
1,90000,83766962,1073507,84840469
1,90000,89079705,1099884,90179589
1,90000,81025476,1474016,82499492
1,90000,75298296,1448675,76746971
1,90000,74323506,1490153,75813659
1,90000,82770053,1474883,84244936
1,90000,81772188,1452794,83224982
1,90000,82961133,1496005,84457138
1,90000,77709758,1111656,78821414
1,90000,78761886,1467523,80229409
1,90000,79235073,1471460,80706533
1,90000,77740629,1474169,79214798
1,90000,74836151,1468201,76304352
1,90000,82205310,1075086,83280396
1,90000,85658154,1085232,86743386
1,90000,73468159,1464510,74932669
1,90000,71499272,1485695,72984967
1,90000,78870620,1460646,80331266
1,90000,77419316,1074404,78493720
1,90000,81366366,1074835,82441201
1,90000,76080708,1129867,77210575
1,90000,81998730,1483229,83481959
1,90000,82553912,1088359,83642271
1,90000,78970287,1505229,80475516
1,90000,80343912,1090737,81434649
1,90000,84904586,1462158,86366744
1,90000,73706792,1479359,75186151
1,90000,82434369,1491383,83925752
1,90000,77762431,1084771,78847202
1,90000,78116486,1482706,79599192
1,90000,82038907,1472348,83511255
1,90000,77339833,1257769,78597602
1,90000,74941991,1097132,76039123
1,90000,81610848,1496724,83107572
1,90000,81854224,1096826,82951050
1,90000,74757952,1507576,76265528
1,90000,76781676,1500643,78282319
1,90000,77290331,1488946,78779277
1,90000,85387608,1468257,86855865
1,90000,77922260,1489962,79412222
1,90000,81349162,1500493,82849655
1,90000,88041847,1467945,89509792
1,90000,75529267,1500069,77029336
1,90000,81652896,1072109,82725005
1,90000,78046106,1442006,79488112
1,90000,78399097,1097556,79496653
1,90000,89666284,1495411,91161695
1,90000,82080845,1492062,83572907
1,100000,85179656,1198048,86377704
1,100000,87980966,1511299,89492265
1,100000,91671980,1647851,93319831
1,100000,82986460,1667540,84654000
1,100000,87315473,1380172,88695645
1,100000,81455055,1277807,82732862
1,100000,93317026,1638726,94955752
1,100000,84518085,1204240,85722325
1,100000,89337021,1609435,90946456
1,100000,92970630,1218036,94188666
1,100000,82015774,1624506,83640280
1,100000,79399049,1615252,81014301
1,100000,88168552,1215373,89383925
1,100000,87638035,1646763,89284798
1,100000,91497112,1619089,93116201
1,100000,85628783,1635717,87264500
1,100000,95586225,1655535,97241760
1,100000,85326579,1617925,86944504
1,100000,86158596,1211601,87370197
1,100000,81763540,1648196,83411736
1,100000,84572906,1655952,86228858
1,100000,86483363,1425652,87909015
1,100000,91602310,1646526,93248836
1,100000,86050501,1532943,87583444
1,100000,84971749,1641228,86612977
1,100000,83145785,1211177,84356962
1,100000,91578069,1625798,93203867
1,100000,93743706,1226112,94969818
1,100000,80299091,1633579,81932670
1,100000,84739636,1693145,86432781
1,100000,85029792,1646258,86676050
1,100000,90424015,1612495,92036510
1,100000,79750877,1630243,81381120
1,100000,91484797,1596561,93081358
1,100000,83610606,1637604,85248210
1,100000,86455981,1614237,88070218
1,100000,84298265,1617314,85915579
1,100000,79728080,1663006,81391086
1,100000,90896324,1634875,92531199
1,100000,83112691,1638209,84750900
1,100000,91084371,1645020,92729391
1,100000,89500525,1651929,91152454
1,100000,84303295,1633968,85937263
1,100000,85595156,1651847,87247003
1,100000,87673203,1668592,89341795
1,100000,83196808,1648506,84845314
1,100000,86617533,1615949,88233482
1,100000,86460063,1628569,88088632
1,100000,89767739,1645037,91412776
1,100000,82422177,1216257,83638434
1,100000,84418472,1235885,85654357
1,100000,88796607,1616737,90413344
1,100000,93001715,1632620,94634335
1,100000,88658833,1648651,90307484
1,100000,84349473,1185905,85535378
1,100000,82428937,1634874,84063811
1,100000,92350627,1473374,93824001
1,100000,83301549,1210087,84511636
1,100000,82364724,1350479,83715203
1,100000,78042148,1225274,79267422
1,100000,85717720,1331498,87049218
1,100000,82387384,1650297,84037681
1,100000,87253376,1620559,88873935
1,100000,82099192,1639821,83739013
1,100000,88724162,1612003,90336165
1,100000,87249714,1227224,88476938
1,100000,89512080,1232522,90744602
1,100000,95088494,1221327,96309821
1,100000,91774072,1655320,93429392
1,100000,86690801,1645386,88336187
1,100000,87163641,1599630,88763271
1,100000,92557201,1633915,94191116
1,100000,86098801,1176264,87275065
1,100000,92273077,1679954,93953031
1,100000,83510012,1627650,85137662
1,100000,88601179,1196698,89797877
1,100000,90535348,1643054,92178402
1,100000,85815355,1623005,87438360
1,100000,87256436,1669344,88925780
1,100000,87601924,1661950,89263874
1,100000,79614349,1685328,81299677
1,100000,86868718,1611583,88480301
1,100000,81524663,1217901,82742564
1,100000,87268564,1631603,88900167
1,100000,79493868,1648718,81142586
1,100000,78866711,1638036,80504747
1,100000,91543652,1590455,93134107
1,100000,89054152,1216143,90270295
1,100000,84354916,1608018,85962934
1,100000,82809065,1629545,84438610
1,100000,86769409,1625512,88394921
1,100000,83183036,1635108,84818144
1,100000,85996064,1660844,87656908
1,100000,82454347,1622607,84076954
1,100000,88237352,1187201,89424553
1,100000,86022401,1684215,87706616
1,100000,78565464,1208467,79773931
1,100000,94094020,1255521,95349541
1,100000,86750399,1166290,87916689
1,100000,87271151,1231031,88502182
1,100000,82896882,1222393,84119275
1,100000,85990556,1654332,87644888
1,100000,84118605,1642298,85760903
1,100000,87222938,1618312,88841250
1,100000,90630215,1225706,91855921
1,100000,86388898,1599050,87987948
1,100000,88624450,1216788,89841238
1,100000,88044550,1649012,89693562
1,100000,90513724,1616860,92130584
1,100000,85120921,1627274,86748195
1,100000,85444075,1407527,86851602
1,100000,92071961,1654649,93726610
1,100000,83233921,1172347,84406268
1,100000,82800111,1238440,84038551
1,100000,81460304,1640110,83100414
1,100000,91025191,1624216,92649407
1,100000,95306140,1186437,96492577
1,100000,91768820,1633645,93402465
1,100000,85796690,1199188,86995878
1,100000,83280029,1639040,84919069
1,100000,84111618,1617301,85728919
1,100000,79767191,1609733,81376924
1,100000,83573070,1228709,84801779
1,100000,86234712,1632106,87866818
1,100000,89507993,1212367,90720360
1,100000,87354366,1595595,88949961
1,100000,89502886,1372529,90875415
1,100000,83065119,1651389,84716508
1,100000,87949144,1628689,89577833
1,100000,95123369,1637748,96761117
1,100000,88832453,1200760,90033213
1,100000,88430301,1637110,90067411
1,100000,86304818,1641303,87946121
1,100000,84246241,1203451,85449692
1,100000,87862337,1666342,89528679
1,100000,89351714,1224399,90576113
1,100000,83091188,1647621,84738809
1,100000,88094820,1658780,89753600
1,100000,79844985,1636368,81481353
1,100000,80180062,1626310,81806372
1,100000,88659547,1624833,90284380
1,100000,88918885,1636903,90555788
1,100000,93014272,1623121,94637393
1,100000,81968647,1627513,83596160
1,100000,85159551,1625462,86785013
1,100000,88167688,1635885,89803573
1,100000,83146758,1227773,84374531
1,100000,85406147,1624726,87030873
1,100000,85641096,1642613,87283709
1,100000,85479656,1269211,86748867
1,100000,91653067,1655156,93308223
1,100000,85175118,1524404,86699522
1,100000,85370850,1437394,86808244
1,100000,93070911,1206454,94277365
1,100000,82275601,1591113,83866714
1,100000,91984926,1649491,93634417
1,100000,86397804,1625065,88022869
1,100000,83536257,1651337,85187594
1,100000,92800726,1695076,94495802
1,100000,86787624,1657894,88445518
1,100000,87416182,1627101,89043283
1,100000,85593656,1239332,86832988
1,100000,82025047,1531850,83556897
1,100000,88365137,1225870,89591007
1,100000,79138748,1618460,80757208
1,100000,88252533,1645554,89898087
1,100000,83213799,1657028,84870827
1,100000,87595799,1637439,89233238
1,100000,85491628,1652586,87144214
1,100000,85423795,1225725,86649520
1,100000,88745543,1669078,90414621
1,100000,85900072,1613171,87513243
1,100000,81522140,1250216,82772356
1,100000,89214026,1633545,90847571
1,100000,90478831,1197626,91676457
1,100000,88151048,1674712,89825760
1,100000,86742558,1628206,88370764
1,100000,89370656,1641711,91012367
1,100000,83146012,1616215,84762227
1,100000,90645445,1218624,91864069
1,100000,88937831,1218097,90155928
1,100000,88489745,1190269,89680014
1,100000,90063062,1601769,91664831
1,100000,81235159,1472326,82707485
1,100000,87232600,1418530,88651130
1,100000,95282853,1194350,96477203
1,100000,88677501,1656189,90333690
1,100000,79121724,1644662,80766386
1,100000,94231277,1618336,95849613
1,100000,94678750,1613795,96292545
1,100000,86982246,1649342,88631588
1,100000,84385745,1645638,86031383
1,100000,88784666,1197982,89982648
1,100000,86544824,1649165,88193989
1,100000,91201575,1638577,92840152
1,100000,90032020,1223405,91255425
1,100000,83539740,1659505,85199245
1,100000,93588281,1362367,94950648
1,100000,84716728,1631917,86348645
1,100000,79642531,1634654,81277185
1,100000,89095988,1640808,90736796
1,100000,95034015,1181705,96215720
1,100000,87725067,1227169,88952236
1,100000,90861483,1227507,92088990
1,100000,85423317,1399971,86823288
1,100000,91943884,1287958,93231842
1,100000,89323274,1220367,90543641
1,100000,87967620,1211280,89178900
1,100000,96656123,1631918,98288041
1,100000,88310284,1649378,89959662
1,100000,80865600,1273640,82139240
1,100000,93417245,1596896,95014141
1,100000,81782618,1223179,83005797
1,100000,92293688,1652548,93946236
1,100000,87693395,1669622,89363017
1,100000,92066333,1610202,93676535
1,100000,82805545,1641743,84447288
1,100000,84496954,1620804,86117758
1,100000,81208166,1622201,82830367
1,100000,89276419,1639312,90915731
1,100000,81978666,1589291,83567957
1,100000,92708764,1616084,94324848
1,100000,88907998,1204814,90112812
1,100000,83494314,1213494,84707808
1,100000,86148326,1205071,87353397
1,100000,90070703,1626332,91697035
1,100000,91449285,1650010,93099295
1,100000,86475058,1223557,87698615
1,100000,87209715,1635703,88845418
1,100000,87951069,1235244,89186313
1,200000,153049290,2002553,155051843
1,200000,171054170,2028117,173082287
1,200000,169884433,1997698,171882131
1,200000,156752249,2388765,159141014
1,200000,173676122,1995068,175671190
1,200000,157462789,2012212,159475001
1,200000,173499556,2004240,175503796
1,200000,171812937,2081855,173894792
1,200000,168194056,2010909,170204965
1,200000,153263916,2003661,155267577
1,200000,160665391,2161453,162826844
1,200000,158668421,2060266,160728687
1,200000,162096955,2450674,164547629
1,200000,161807665,2016608,163824273
1,200000,161444611,2020171,163464782
1,200000,162521472,2036796,164558268
1,200000,174522886,2033277,176556163
1,200000,156886451,2429801,159316252
1,200000,156029950,2432571,158462521
1,200000,165965021,2038737,168003758
1,200000,174941918,2008868,176950786
1,200000,159533669,2504812,162038481
1,200000,159471980,2732315,162204295
1,200000,156569112,2436662,159005774
1,200000,172486045,2485018,174971063
1,200000,160350095,2053356,162403451
1,200000,158205362,2015572,160220934
1,200000,162070160,2010515,164080675
1,200000,159897559,2805318,162702877
1,200000,158779601,2007725,160787326
1,200000,171869885,2455515,174325400
1,200000,159097637,2010260,161107897
1,200000,174191916,2014673,176206589
1,200000,155346309,1989987,157336296
1,200000,155024347,2018032,157042379
1,200000,162744824,2052499,164797323
1,200000,160616938,2001562,162618500
1,200000,159591415,2091876,161683291
1,200000,158749775,2435854,161185629
1,200000,170873046,2466463,173339509
1,200000,166049423,2153281,168202704
1,200000,154626124,2433106,157059230
1,200000,173129631,2044964,175174595
1,200000,160069140,2088662,162157802
1,200000,166149684,2040802,168190486
1,200000,163066401,2136440,165202841
1,200000,168170256,2039259,170209515
1,200000,161017405,2009222,163026627
1,200000,169847969,2022622,171870591
1,200000,156300463,2453649,158754112
1,200000,172547519,2064229,174611748
1,200000,162329835,2020762,164350597
1,200000,157321626,2090820,159412446
1,200000,157066909,2760810,159827719
1,200000,158158786,2029338,160188124
1,200000,161866525,2041389,163907914
1,200000,176953014,2051399,179004413
1,200000,172012159,2012437,174024596
1,200000,160830498,2000654,162831152
1,200000,156422296,2000672,158422968
1,200000,162103105,2017933,164121038
1,200000,160386350,2102492,162488842
1,200000,156358227,2452896,158811123
1,200000,173453850,2747233,176201083
1,200000,158792780,2007717,160800497
1,200000,157670207,2007238,159677445
1,200000,158292068,2731424,161023492
1,200000,164112115,2425133,166537248
1,200000,170795787,2029123,172824910
1,200000,158414466,1999592,160414058
1,200000,156850804,2002158,158852962
1,200000,162216013,2100100,164316113
1,200000,160093788,2182244,162276032
1,200000,173745220,2039225,175784445
1,200000,158040308,2436180,160476488
1,200000,158539151,2486709,161025860
1,200000,158866182,2043324,160909506
1,200000,166203995,1988665,168192660
1,200000,158301892,2004173,160306065
1,200000,163616649,2010590,165627239
1,200000,156693463,2465861,159159324
1,200000,159033460,2445992,161479452
1,200000,171161673,2002124,173163797
1,200000,162003749,2719270,164723019
1,200000,163330474,2457408,165787882
1,200000,167548033,2040348,169588381
1,200000,156763191,1997610,158760801
1,200000,159026636,2193298,161219934
1,200000,158049975,1998417,160048392
1,200000,158242477,2451680,160694157
1,200000,161742125,2087776,163829901
1,200000,154676064,2005946,156682010
1,200000,169709100,2049008,171758108
1,200000,156502624,2481013,158983637
1,200000,156621439,2048900,158670339
1,200000,165255948,2433005,167688953
1,200000,155766308,2060350,157826658
1,200000,159641620,2760151,162401771
1,200000,158302688,1998648,160301336
1,200000,174396591,2259496,176656087
1,200000,160345001,2117193,162462194
1,200000,156192685,1994204,158186889
1,200000,174941029,2008961,176949990
1,200000,155419999,2053115,157473114
1,200000,161172634,2016004,163188638
1,200000,155823564,2420286,158243850
1,200000,169070920,2040519,171111439
1,200000,160167667,2461290,162628957
1,200000,162498845,2060786,164559631
1,200000,160489447,2000622,162490069
1,200000,159817950,2378070,162196020
1,200000,165378674,2059307,167437981
1,200000,154377546,2468820,156846366
1,200000,166825016,2694511,169519527
1,200000,178626922,2188627,180815549
1,300000,235969248,4859356,240828604
1,300000,230431321,4642061,235073382
1,300000,235578390,4847658,240426048
1,300000,233365822,3657735,237023557
1,300000,231328200,3632869,234961069
1,300000,231081876,3639094,234720970
1,300000,231509817,4832548,236342365
1,300000,236728908,3597723,240326631
1,300000,232333791,3632026,235965817
1,300000,232226299,3631705,235858004
1,300000,235931621,4127858,240059479
1,300000,228803071,3662522,232465593
1,300000,232407761,3682222,236089983
1,300000,230346473,3622313,233968786
1,300000,236798405,4850621,241649026
1,300000,232467448,3586336,236053784
1,300000,254020851,3669236,257690087
1,300000,236692094,4046681,240738775
1,300000,237659622,4868839,242528461
1,300000,230726476,3664667,234391143
1,300000,253954321,4086023,258040344
1,300000,235975919,4365423,240341342
1,300000,236722992,4839905,241562897
1,300000,230176474,4616653,234793127
1,300000,231223055,4820206,236043261
1,300000,232029724,3652902,235682626
1,300000,260055682,4837332,264893014
1,300000,232796911,4151860,236948771
1,300000,232453102,4311472,236764574
1,300000,258212166,4164885,262377051
1,300000,232853187,3638401,236491588
1,300000,230413693,4273411,234687104
1,300000,254771294,4258398,259029692
1,300000,235186821,3593455,238780276
1,300000,229451454,3640849,233092303
1,300000,236167086,3651786,239818872
1,300000,255764483,3650988,259415471
1,300000,231938717,3675711,235614428
1,300000,235527780,3139407,238667187
1,300000,239993410,3644570,243637980
1,300000,257180767,3024509,260205276
1,300000,233076830,3640651,236717481
1,300000,237294141,4615920,241910061
1,300000,249222371,3656829,252879200
1,300000,233331399,3660221,236991620
1,300000,235160668,4282453,239443121
1,300000,262683157,4077837,266760994
1,300000,229209927,4464845,233674772
1,300000,241666348,3595804,245262152
1,300000,243393917,3591904,246985821
1,300000,233565351,3636871,237202222
1,300000,235465333,4341371,239806704
1,300000,230752537,3636177,234388714
1,300000,232575595,3622201,236197796
1,300000,228244627,4748466,232993093
1,300000,230831171,3644964,234476135
1,300000,231599833,3666251,235266084
1,300000,234952836,4869679,239822515
1,300000,232970279,4187446,237157725
1,300000,247162099,4880157,252042256
1,300000,234161205,3614012,237775217
1,300000,232243614,4076841,236320455
1,300000,236780041,3018809,239798850
1,300000,235864910,3088690,238953600
1,300000,227645284,3636451,231281735
1,300000,226125385,3660564,229785949
1,300000,232739438,3640840,236380278
1,300000,252264662,3635401,255900063
1,300000,233504407,3673765,237178172
1,300000,233146641,4166648,237313289
1,300000,231040618,4911760,235952378
1,300000,256060881,4874874,260935755
1,300000,230890077,3654380,234544457
1,300000,231297085,3671296,234968381
1,300000,236314821,3664605,239979426
1,300000,255600339,3593358,259193697
1,300000,232297653,3650763,235948416
1,300000,237435157,4095419,241530576
1,300000,233219319,3639631,236858950
1,300000,264350564,4725092,269075656
1,300000,226809700,3638506,230448206
1,300000,235221677,3135958,238357635
1,300000,228774913,3630781,232405694
1,300000,251877919,3667927,255545846
1,300000,252922217,3662261,256584478
1,300000,232887461,3602688,236490149
1,300000,236287769,3129105,239416874
1,300000,236967057,3649755,240616812
1,300000,230803757,4645277,235449034
1,300000,229438353,3587359,233025712
1,300000,232401294,3626920,236028214
1,300000,231012288,3643020,234655308
1,300000,235551309,4830795,240382104
1,300000,233441033,4100017,237541050
1,300000,235850278,4244353,240094631
1,300000,232563522,4263893,236827415
1,300000,237050683,4183562,241234245
1,300000,231718876,3671171,235390047
1,300000,233001168,4737557,237738725
1,300000,226894431,4063329,230957760
1,300000,240769237,3589273,244358510
1,300000,255222997,3747294,258970291
1,300000,231125338,3731804,234857142
1,300000,261110661,4675967,265786628
1,300000,252486837,3936844,256423681
1,300000,236226824,3639613,239866437
1,300000,231910049,3592804,235502853
1,300000,232656939,3669845,236326784
1,300000,233219774,3668033,236887807
1,300000,236682085,3641751,240323836
1,300000,255955813,4244223,260200036
1,300000,232603195,3590689,236193884
1,300000,255058438,3628261,258686699
1,300000,232558001,3575336,236133337
1,300000,232267177,3098715,235365892
1,400000,314347199,5006658,319353857
1,400000,342144100,5456683,347600783
1,400000,308244852,4073631,312318483
1,400000,303218833,4097054,307315887
1,400000,308913774,4136110,313049884
1,400000,335550437,4083953,339634390
1,400000,341303925,4892879,346196804
1,400000,307563851,4139317,311703168
1,400000,335516347,4142611,339658958
1,400000,309190018,4133174,313323192
1,400000,304486401,4873457,309359858
1,400000,306710486,4264057,310974543
1,400000,311648951,5589291,317238242
1,400000,310157437,4070582,314228019
1,400000,308757274,4097557,312854831
1,400000,335919524,5360267,341279791
1,400000,347637028,4079763,351716791
1,400000,307082759,4108624,311191383
1,400000,338073054,4197537,342270591
1,400000,334042107,4123094,338165201
1,400000,311495906,4132627,315628533
1,400000,347832675,4079793,351912468
1,400000,304709631,5557307,310266938
1,400000,311758241,4105362,315863603
1,400000,306082281,4136696,310218977
1,400000,345964517,4286745,350251262
1,400000,337904443,4131137,342035580
1,400000,310420575,4592468,315013043
1,400000,311994321,4138354,316132675
1,400000,308561235,5486504,314047739
1,400000,336270713,5133541,341404254
1,400000,303915384,4136509,308051893
1,400000,342248801,4526738,346775539
1,400000,306029197,4141454,310170651
1,400000,307051523,4144843,311196366
1,400000,339632270,4101705,343733975
1,400000,305899207,4130082,310029289
1,400000,339238888,5576686,344815574
1,400000,307687899,4057666,311745565
1,400000,304660306,5107190,309767496
1,400000,344456613,4132549,348589162
1,400000,309115750,5512355,314628105
1,400000,304355558,4141426,308496984
1,400000,317906325,4132451,322038776
1,400000,336569651,4113591,340683242
1,400000,337670618,4130567,341801185
1,400000,306156843,4103870,310260713
1,400000,302089157,5571196,307660353
1,400000,346220415,4188481,350408896
1,400000,338226339,4124180,342350519
1,400000,305828242,4122351,309950593
1,400000,336393079,4142281,340535360
1,400000,308784940,5579633,314364573
1,400000,306375082,4076558,310451640
1,400000,304622290,4139545,308761835
1,400000,340475285,4131923,344607208
1,400000,304641950,4137554,308779504
1,400000,302325781,4125606,306451387
1,400000,312439185,4098110,316537295
1,400000,303989910,4188852,308178762
1,400000,337301479,4767899,342069378
1,400000,342080859,4074459,346155318
1,400000,307701589,4125758,311827347
1,400000,304715262,4109581,308824843
1,400000,305768938,5158612,310927550
1,400000,335695877,4163670,339859547
1,400000,306298687,4828219,311126906
1,400000,338099878,4117044,342216922
1,400000,302885928,4169804,307055732
1,400000,303482373,4167787,307650160
1,400000,309356963,4115039,313472002
1,400000,304655494,4072365,308727859
1,400000,304852596,4082331,308934927
1,400000,340247034,5604011,345851045
1,400000,340150599,4669585,344820184
1,400000,308692731,5547094,314239825
1,400000,307382127,5607471,312989598
1,400000,307148804,4874125,312022929
1,400000,336625578,4662585,341288163
1,400000,333870842,4106371,337977213
1,400000,306367931,4121332,310489263
1,400000,342006484,5622537,347629021
1,400000,312267959,4110456,316378415
1,400000,313191357,5291070,318482427
1,400000,307954054,4078614,312032668
1,400000,321188315,4900058,326088373
1,400000,309424439,4862665,314287104
1,400000,306804766,4151536,310956302
1,400000,338465071,4206983,342672054
1,400000,305472140,4115696,309587836
1,400000,311543629,4901092,316444721
1,400000,311125297,4137922,315263219
1,400000,341956554,4196041,346152595
1,400000,342890728,4354117,347244845
1,400000,306265677,4126757,310392434
1,400000,338463704,4143535,342607239
1,400000,307275253,4232433,311507686
1,400000,308508427,4147089,312655516
1,400000,337423342,4131398,341554740
1,400000,309430159,4682732,314112891
1,400000,306597558,4137086,310734644
1,400000,306096258,4067137,310163395
1,400000,335638186,4118000,339756186
1,400000,308408856,4185817,312594673
1,400000,307070332,4058923,311129255
1,400000,308762036,4079193,312841229
1,400000,337184756,4080341,341265097
1,400000,331602200,4166009,335768209
1,400000,335442708,4147222,339589930
1,400000,308676386,4222076,312898462
1,400000,305550827,4124213,309675040
1,400000,342588632,5304987,347893619
1,400000,309307827,4203849,313511676
1,400000,308757158,4148233,312905391
1,400000,305910157,4132477,310042634
1,500000,379345002,6869888,386214890
1,500000,386388363,5265076,391653439
1,500000,384837441,5068169,389905610
1,500000,381723796,5181090,386904886
1,500000,387489171,5894955,393384126
1,500000,382306362,5143474,387449836
1,500000,385445843,5591032,391036875
1,500000,382771940,5109563,387881503
1,500000,386857087,5109484,391966571
1,500000,381398702,5149079,386547781
1,500000,378852585,5092923,383945508
1,500000,383019885,5109872,388129757
1,500000,391025113,5091117,396116230
1,500000,382836437,5072399,387908836
1,500000,384020118,6274137,390294255
1,500000,379052170,5113335,384165505
1,500000,377880481,5669766,383550247
1,500000,387794421,5077858,392872279
1,500000,384749596,5092545,389842141
1,500000,386234031,5081080,391315111
1,500000,380057425,5106121,385163546
1,500000,384625898,5147746,389773644
1,500000,380828093,6867099,387695192
1,500000,386877347,5221838,392099185
1,500000,420566159,5173480,425739639
1,500000,382092467,5103784,387196251
1,500000,381722135,6204854,387926989
1,500000,383461688,5150822,388612510
1,500000,390536044,5065573,395601617
1,500000,383928998,5094095,389023093
1,500000,386462999,5083295,391546294
1,500000,381983599,5083719,387067318
1,500000,383549093,5923819,389472912
1,500000,384906548,5153932,390060480
1,500000,385011162,6826018,391837180
1,500000,383945796,6174007,390119803
1,500000,380615003,5148383,385763386
1,500000,384519354,5066878,389586232
1,500000,383292332,6861851,390154183
1,500000,384384641,5149761,389534402
1,500000,421699963,5655864,427355827
1,500000,385862244,5104256,390966500
1,500000,382894014,6030340,388924354
1,500000,383926201,5139696,389065897
1,500000,386441709,5265827,391707536
1,500000,378907815,5131866,384039681
1,500000,383877372,5115379,388992751
1,500000,416556306,5149829,421706135
1,500000,383903943,5155487,389059430
1,500000,386392654,5097723,391490377
1,500000,391826583,5534470,397361053
1,500000,391431808,5063783,396495591
1,500000,388963888,5158247,394122135
1,500000,421572020,5119830,426691850
1,500000,380136108,5167653,385303761
1,500000,383609170,5157968,388767138
1,500000,380935537,5171403,386106940
1,500000,383560312,5162404,388722716
1,500000,381465870,5163046,386628916
1,500000,387256518,5095770,392352288
1,500000,385031420,5141520,390172940
1,500000,388311174,5103938,393415112
1,500000,387381178,5096354,392477532
1,500000,386336362,5393364,391729726
1,500000,380071170,5163372,385234542
1,500000,386401845,5104460,391506305
1,500000,387021755,5087746,392109501
1,500000,381346592,6586232,387932824
1,500000,417558870,5134071,422692941
1,500000,379373257,5083940,384457197
1,500000,383456719,6864393,390321112
1,500000,384567389,6331675,390899064
1,500000,391755836,5097342,396853178
1,500000,385326844,5147312,390474156
1,500000,385722383,5129862,390852245
1,500000,380451431,5097092,385548523
1,500000,392368767,5238231,397606998
1,500000,377090364,5103041,382193405
1,500000,419288518,5093945,424382463
1,500000,385252439,5672554,390924993
1,500000,382656098,5163056,387819154
1,500000,384844818,5327187,390172005
1,500000,385948018,5145044,391093062
1,500000,385505522,5118118,390623640
1,500000,381703750,5079358,386783108
1,500000,386828440,5106345,391934785
1,500000,384224979,5106137,389331116
1,500000,391057564,5141003,396198567
1,500000,381260947,5045547,386306494
1,500000,392277001,5174622,397451623
1,500000,377861443,5165389,383026832
1,500000,387879506,5145251,393024757
1,500000,414612436,5072827,419685263
1,500000,386606883,5282905,391889788
1,500000,387821873,5170755,392992628
1,500000,386568100,5157230,391725330
1,500000,379894790,5091914,384986704
1,500000,379903754,5133540,385037294
1,500000,389684720,5684650,395369370
1,500000,383199485,5160617,388360102
1,500000,420752895,5112115,425865010
1,500000,379486466,6545158,386031624
1,500000,389988128,5160733,395148861
1,500000,385804291,5085000,390889291
1,500000,386183621,5071813,391255434
1,500000,387540382,5154792,392695174
1,500000,380496244,6258118,386754362
1,500000,387636018,5076486,392712504
1,500000,389148178,5086405,394234583
1,500000,382763622,5152616,387916238
1,500000,382733986,5080974,387814960
1,500000,384467095,5157628,389624723
1,500000,379194902,5091126,384286028
1,500000,382276975,5146745,387423720
1,500000,385513226,5878888,391392114
1,600000,453309761,5935488,459245249
1,600000,454066524,5969506,460036030
1,600000,457341906,8046361,465388267
1,600000,454582487,6568861,461151348
1,600000,464239370,5906652,470146022
1,600000,460651552,5956471,466608023
1,600000,452239319,6001752,458241071
1,600000,456214722,5932714,462147436
1,600000,455427192,6889699,462316891
1,600000,451668705,6261079,457929784
1,600000,454535512,6006868,460542380
1,600000,453267191,7141556,460408747
1,600000,452060205,6018714,458078919
1,600000,454813118,6058312,460871430
1,600000,453003979,6011358,459015337
1,600000,501097850,5937567,507035417
1,600000,458709381,5946877,464656258
1,600000,458254976,6148665,464403641
1,600000,459496402,5989505,465485907
1,600000,502488919,5984511,508473430
1,600000,454925634,5968134,460893768
1,600000,453836016,5943675,459779691
1,600000,460508420,5961433,466469853
1,600000,454126376,6005077,460131453
1,600000,451334315,6020535,457354850
1,600000,450748712,5934684,456683396
1,600000,455425396,6004064,461429460
1,600000,454800132,5943204,460743336
1,600000,457205089,5931264,463136353
1,600000,459085740,5954099,465039839
1,600000,454584843,5971999,460556842
1,600000,453831703,6517485,460349188
1,600000,450673987,6019780,456693767
1,600000,456084210,6527650,462611860
1,600000,452300657,6005104,458305761
1,600000,462366154,5970480,468336634
1,600000,457981840,5919988,463901828
1,600000,455441813,6017079,461458892
1,600000,455430239,5931918,461362157
1,600000,498460565,5958985,504419550
1,600000,453649030,6007351,459656381
1,600000,450577690,5955286,456532976
1,600000,454124278,5991049,460115327
1,600000,454530488,5958888,460489376
1,600000,456803353,6199508,463002861
1,600000,450899815,5951924,456851739
1,600000,454257199,5952929,460210128
1,600000,452461916,6021996,458483912
1,600000,453098939,5958358,459057297
1,600000,505368511,5997257,511365768
1,600000,456482495,5960746,462443241
1,600000,454614630,5973510,460588140
1,600000,454237449,6050807,460288256
1,600000,453127386,5952533,459079919
1,600000,459312266,6003213,465315479
1,600000,451040396,5961638,457002034
1,600000,454683000,6020527,460703527
1,600000,462770076,5964649,468734725
1,600000,457508290,6557335,464065625
1,600000,454406769,5962537,460369306
1,600000,455654203,6018324,461672527
1,600000,455699826,5986811,461686637
1,600000,461116807,5992951,467109758
1,600000,453018244,6011605,459029849
1,600000,497737638,5956865,503694503
1,600000,454356922,5971040,460327962
1,600000,454245829,5983275,460229104
1,600000,502674105,5991235,508665340
1,600000,454976816,5959717,460936533
1,600000,503972725,6029732,510002457
1,600000,455242426,5983081,461225507
1,600000,460036858,6003267,466040125
1,600000,497125256,6028635,503153891
1,600000,500159772,6020007,506179779
1,600000,454415145,5955725,460370870
1,600000,464838570,5933277,470771847
1,600000,457974920,5942296,463917216
1,600000,456065021,5998788,462063809
1,600000,451775541,5967934,457743475
1,600000,498394051,6035184,504429235
1,600000,455173692,5961313,461135005
1,600000,451316339,5931580,457247919
1,600000,502836533,8065929,510902462
1,600000,455975550,6034889,462010439
1,600000,453751789,6035894,459787683
1,600000,460319704,7143190,467462894
1,600000,453896040,5960053,459856093
1,600000,454705591,5948433,460654024
1,600000,455093518,5960904,461054422
1,600000,499310170,6452056,505762226
1,600000,455140898,5948475,461089373
1,600000,454497578,5968890,460466468
1,600000,455538529,5950235,461488764
1,600000,455295201,5965309,461260510
1,600000,456855465,5947854,462803319
1,600000,454974292,6013516,460987808
1,600000,452419826,6014701,458434527
1,600000,454816627,6277214,461093841
1,600000,455730568,5935557,461666125
1,600000,456145398,5945528,462090926
1,600000,450036467,5926462,455962929
1,600000,455054880,5968618,461023498
1,600000,456396010,6017268,462413278
1,600000,457425254,6009817,463435071
1,600000,459492281,5980083,465472364
1,600000,453410109,6006822,459416931
1,600000,459933030,6012749,465945779
1,600000,495669999,5973735,501643734
1,600000,462417535,6125735,468543270
1,600000,453597056,5959157,459556213
1,600000,456048395,6014667,462063062
1,600000,457653235,5939421,463592656
1,600000,457298977,6674522,463973499
1,600000,459043136,6030285,465073421
1,600000,458777921,5994341,464772262
1,700000,581561387,7480468,589041855
1,700000,530861363,7563128,538424491
1,700000,527206433,7496666,534703099
1,700000,531861449,7531989,539393438
1,700000,530958666,7559825,538518491
1,700000,528443905,7517880,535961785
1,700000,528545571,7507034,536052605
1,700000,529539276,7521089,537060365
1,700000,529394582,7486888,536881470
1,700000,525141477,7537250,532678727
1,700000,529435068,7537183,536972251
1,700000,532912045,7492136,540404181
1,700000,529077833,7481339,536559172
1,700000,530991945,7519189,538511134
1,700000,529308996,7524535,536833531
1,700000,534549720,7553583,542103303
1,700000,532013968,7530604,539544572
1,700000,528692107,7482215,536174322
1,700000,524698126,7580311,532278437
1,700000,530694906,7540229,538235135
1,700000,526166889,7527527,533694416
1,700000,532196446,8334762,540531208
1,700000,529210483,7570280,536780763
1,700000,582663401,7550958,590214359
1,700000,526297451,7523063,533820514
1,700000,530677554,8110720,538788274
1,700000,532323757,7509560,539833317
1,700000,534111330,7465770,541577100
1,700000,525621417,7493341,533114758
1,700000,584584300,7544385,592128685
1,700000,525685403,7534899,533220302
1,700000,529118604,7505256,536623860
1,700000,524416909,7518731,531935640
1,700000,527818178,7548177,535366355
1,700000,527507304,7498076,535005380
1,700000,524181912,7473890,531655802
1,700000,526352982,7554390,533907372
1,700000,526818888,7499385,534318273
1,700000,529775998,8044237,537820235
1,700000,528834386,7542564,536376950
1,700000,527726026,7471787,535197813
1,700000,527380518,7507293,534887811
1,700000,528780281,8449489,537229770
1,700000,527072501,7487650,534560151
1,700000,533177168,7510030,540687198
1,700000,532072970,7549086,539622056
1,700000,522760346,7512702,530273048
1,700000,529728234,7559562,537287796
1,700000,527319697,7551720,534871417
1,700000,527296242,7537593,534833835
1,700000,528448766,7578152,536026918
1,700000,529994250,7542384,537536634
1,700000,529648874,7507018,537155892
1,700000,533761425,7531657,541293082
1,700000,535173431,7508297,542681728
1,700000,532297855,7525082,539822937
1,700000,528943303,7539118,536482421
1,700000,535053895,8057052,543110947
1,700000,524940599,7462650,532403249
1,700000,526997047,7465817,534462864
1,700000,528241704,7453033,535694737
1,700000,532882760,7557284,540440044
1,700000,526948421,7560164,534508585
1,700000,523678769,7483423,531162192
1,700000,532243159,7518108,539761267
1,700000,532645701,7493080,540138781
1,700000,529184479,7550394,536734873
1,700000,528008122,7584741,535592863
1,700000,531765980,7509906,539275886
1,700000,525548725,7555392,533104117
1,700000,531106073,7555851,538661924
1,700000,533542076,7528034,541070110
1,700000,530477978,7516278,537994256
1,700000,527703900,10260120,537964020
1,700000,532428093,7594409,540022502
1,700000,525841197,7557572,533398769
1,700000,526897187,7539191,534436378
1,700000,527597696,7520774,535118470
1,700000,531672002,7512896,539184898
1,700000,530255637,7487440,537743077
1,700000,537570455,7543137,545113592
1,700000,532248997,7521377,539770374
1,700000,577975587,7502305,585477892
1,700000,527409272,7611573,535020845
1,700000,527523301,7523809,535047110
1,700000,530628279,8089162,538717441
1,700000,528477254,7567448,536044702
1,700000,531960094,7545705,539505799
1,700000,524550673,7493212,532043885
1,700000,529241693,7565789,536807482
1,700000,528212899,7493014,535705913
1,700000,533678859,7529719,541208578
1,700000,528773639,7526654,536300293
1,700000,527415922,7524757,534940679
1,700000,528769561,7491864,536261425
1,700000,528379151,7558214,535937365
1,700000,529557537,7521104,537078641
1,700000,529281967,7504045,536786012
1,700000,526500514,7560303,534060817
1,700000,524527300,7515509,532042809
1,700000,529543587,7577104,537120691
1,700000,526838709,7505577,534344286
1,700000,532030675,7452032,539482707
1,700000,537484098,7512158,544996256
1,700000,531845340,7518236,539363576
1,700000,578766396,7498938,586265334
1,700000,525995219,7496916,533492135
1,700000,528763453,7834617,536598070
1,700000,530118379,7591053,537709432
1,700000,531959341,7537669,539497010
1,700000,529352887,7508380,536861267
1,700000,525125120,7548894,532674014
1,700000,526330317,7563977,533894294
1,700000,528114587,7550816,535665403
1,700000,530509072,7512731,538021803
1,800000,597041591,8545909,605587500
1,800000,600435486,8531428,608966914
1,800000,601496185,8538047,610034232
1,800000,602088521,8515146,610603667
1,800000,607021943,10589340,617611283
1,800000,599937043,8051415,607988458
1,800000,603283466,8538210,611821676
1,800000,604761572,8578961,613340533
1,800000,597362418,8533451,605895869
1,800000,608670439,8506280,617176719
1,800000,602300939,8566851,610867790
1,800000,599055580,8526827,607582407
1,800000,664507366,8575679,673083045
1,800000,597481854,8532884,606014738
1,800000,600929215,8570893,609500108
1,800000,599302465,8541434,607843899
1,800000,604201661,8552572,612754233
1,800000,600571014,8563953,609134967
1,800000,602137738,8544169,610681907
1,800000,601103624,8511272,609614896
1,800000,610034454,8535287,618569741
1,800000,604772220,7897958,612670178
1,800000,600421181,8559028,608980209
1,800000,604154014,7939745,612093759
1,800000,663324362,9022827,672347189
1,800000,597830461,8527260,606357721
1,800000,602702761,8544141,611246902
1,800000,601596814,8521633,610118447
1,800000,606672132,8567907,615240039
1,800000,610369911,8531801,618901712
1,800000,602821364,8565655,611387019
1,800000,603442767,8539415,611982182
1,800000,603243983,7951688,611195671
1,800000,601704669,8570040,610274709
1,800000,601020040,8560795,609580835
1,800000,603106142,8588677,611694819
1,800000,598802175,8535948,607338123
1,800000,600924661,7956259,608880920
1,800000,609215696,8550875,617766571
1,800000,601043557,8578253,609621810
1,800000,597810958,8564687,606375645
1,800000,604611200,8545976,613157176
1,800000,597577993,8553502,606131495
1,800000,597536783,8537299,606074082
1,800000,601438977,7927215,609366192
1,800000,598919547,8562492,607482039
1,800000,601603584,8531849,610135433
1,800000,603150520,8529165,611679685
1,800000,597702545,8539477,606242022
1,800000,608423007,8525128,616948135
1,800000,610566089,8009331,618575420
1,800000,600885809,7958573,608844382
1,800000,603637808,8521428,612159236
1,800000,605405637,7888704,613294341
1,800000,604080583,7950431,612031014
1,800000,599337070,8025941,607363011
1,800000,594057443,8508241,602565684
1,800000,596409714,8528843,604938557
1,800000,602485613,7909010,610394623
1,800000,601645544,8544586,610190130
1,800000,601699540,8534129,610233669
1,800000,602210424,8526860,610737284
1,800000,596297569,7960669,604258238
1,800000,598866117,8549917,607416034
1,800000,603600808,8534085,612134893
1,800000,604893559,7968961,612862520
1,800000,605449231,8523892,613973123
1,800000,600836708,8537164,609373872
1,800000,602975316,8040700,611016016
1,800000,604285476,7983723,612269199
1,800000,600314653,8515892,608830545
1,800000,597183715,8513872,605697587
1,800000,602815564,8538085,611353649
1,800000,602336691,8554441,610891132
1,800000,596999677,8532656,605532333
1,800000,601040183,7950988,608991171
1,800000,602660704,8587589,611248293
1,800000,605272982,8772444,614045426
1,800000,610190405,8543117,618733522
1,800000,605040752,8024198,613064950
1,800000,606229718,8558425,614788143
1,800000,603213498,8541425,611754923
1,800000,597833687,8528256,606361943
1,800000,602652187,8582066,611234253
1,800000,602294719,8554039,610848758
1,800000,603044849,7904286,610949135
1,800000,603609101,7978554,611587655
1,800000,605359873,7896884,613256757
1,800000,599337390,8542326,607879716
1,800000,598064569,8542790,606607359
1,800000,606492864,8525199,615018063
1,800000,597222978,8581829,605804807
1,800000,596899703,8586371,605486074
1,800000,665786419,8566221,674352640
1,800000,600321986,8564630,608886616
1,800000,662513008,8648001,671161009
1,800000,602122501,7939898,610062399
1,800000,599568293,8558869,608127162
1,800000,611142165,8491946,619634111
1,800000,598346792,8549100,606895892
1,800000,598507174,8511993,607019167
1,800000,609296583,8557329,617853912
1,800000,596226474,8574233,604800707
1,800000,611646242,8088094,619734336
1,800000,605700167,7940112,613640279
1,800000,601176028,7998175,609174203
1,800000,602357461,7964613,610322074
1,800000,603323896,8604759,611928655
1,800000,606002185,9136733,615138918
1,800000,602477652,7930297,610407949
1,800000,606595655,8617442,615213097
1,800000,601631144,8594326,610225470
1,800000,601095942,7975005,609070947
1,800000,598349954,8541502,606891456
1,800000,599551166,8533667,608084833
1,900000,675129620,8905421,684035041
1,900000,680677556,8903741,689581297
1,900000,681842072,8958262,690800334
1,900000,680111904,9019634,689131538
1,900000,678004240,9019670,687023910
1,900000,673045104,9044975,682090079
1,900000,683326134,9007540,692333674
1,900000,685595891,8989733,694585624
1,900000,753314017,9182015,762496032
1,900000,680451336,9041067,689492403
1,900000,680208148,9042641,689250789
1,900000,681625569,8991274,690616843
1,900000,677772093,8981441,686753534
1,900000,675179505,8947923,684127428
1,900000,677059240,9025121,686084361
1,900000,686603750,9002074,695605824
1,900000,680045703,8968354,689014057
1,900000,754893293,8970626,763863919
1,900000,682310583,8975788,691286371
1,900000,680863918,8970230,689834148
1,900000,680898596,8977617,689876213
1,900000,680251687,8969450,689221137
1,900000,684429563,9009246,693438809
1,900000,684353094,8972486,693325580
1,900000,684686686,8923235,693609921
1,900000,679771623,9044653,688816276
1,900000,677460031,9012996,686473027
1,900000,758062013,8985143,767047156
1,900000,678340685,8987412,687328097
1,900000,685001228,9040724,694041952
1,900000,749309453,8890382,758199835
1,900000,680946255,8975588,689921843
1,900000,683558419,9046822,692605241
1,900000,752509512,9012376,761521888
1,900000,681102740,9012695,690115435
1,900000,675606610,9112172,684718782
1,900000,684668164,8957185,693625349
1,900000,678673912,8970065,687643977
1,900000,756066990,8945091,765012081
1,900000,683014779,8942529,691957308
1,900000,681212874,8958023,690170897
1,900000,680782109,9014867,689796976
1,900000,676783247,8936190,685719437
1,900000,675543901,8994678,684538579
1,900000,682842999,9071410,691914409
1,900000,683004787,9065536,692070323
1,900000,755085373,8922793,764008166
1,900000,677972325,9048806,687021131
1,900000,681922375,9047475,690969850
1,900000,680387825,9004875,689392700
1,900000,683476049,8990749,692466798
1,900000,680757998,9012459,689770457
1,900000,677169514,8999322,686168836
1,900000,751765394,8912103,760677497
1,900000,679385749,8991411,688377160
1,900000,681155278,8998547,690153825
1,900000,750946766,8997988,759944754
1,900000,676915923,9043145,685959068
1,900000,679191112,9049957,688241069
1,900000,683785146,10316557,694101703
1,900000,676785753,8969017,685754770
1,900000,674552030,9028839,683580869
1,900000,679096481,8987068,688083549
1,900000,759018308,8904236,767922544
1,900000,684280533,9026278,693306811
1,900000,681532748,8921640,690454388
1,900000,679106561,8924829,688031390
1,900000,679702560,8954007,688656567
1,900000,687117319,8945544,696062863
1,900000,681784949,8956991,690741940
1,900000,678512568,8980187,687492755
1,900000,678990832,8922166,687912998
1,900000,681762607,9052865,690815472
1,900000,751620550,8954526,760575076
1,900000,681439760,8999029,690438789
1,900000,679532439,8997435,688529874
1,900000,678592268,8962952,687555220
1,900000,677617668,8974273,686591941
1,900000,759018792,8962100,767980892
1,900000,682589830,8975076,691564906
1,900000,677612258,8931864,686544122
1,900000,680684812,8984300,689669112
1,900000,680227946,8933655,689161601
1,900000,757953077,8962815,766915892
1,900000,677528889,8951251,686480140
1,900000,677460927,9047872,686508799
1,900000,756813661,8991850,765805511
1,900000,677970350,9016815,686987165
1,900000,677369079,9028909,686397988
1,900000,678172846,8952731,687125577
1,900000,678655317,9027835,687683152
1,900000,681980626,8987924,690968550
1,900000,681861154,8957834,690818988
1,900000,754039052,9032670,763071722
1,900000,682576210,8976513,691552723
1,900000,678648472,9049796,687698268
1,900000,747869778,8996572,756866350
1,900000,678084588,8912412,686997000
1,900000,679918560,8988685,688907245
1,900000,755524551,8975047,764499598
1,900000,681128796,8962827,690091623
1,900000,676730751,8997531,685728282
1,900000,752673873,9036687,761710560
1,900000,680258558,8980230,689238788
1,900000,675410091,8925536,684335627
1,900000,681170101,8992245,690162346
1,900000,676293919,8975456,685269375
1,900000,684388646,8995999,693384645
1,900000,688973541,8994957,697968498
1,900000,759524888,8961999,768486887
1,900000,684596465,8964995,693561460
1,900000,679853132,8916931,688770063
1,900000,678887005,8925870,687812875
1,900000,680965000,8961756,689926756
1,900000,750712217,9023315,759735532
1,1000000,755193139,10143094,765336233
1,1000000,755609618,10123477,765733095
1,1000000,755792798,10106640,765899438
1,1000000,758364488,10107438,768471926
1,1000000,757436195,10148317,767584512
1,1000000,752021726,10183847,762205573
1,1000000,754995706,10160487,765156193
1,1000000,755734243,10106398,765840641
1,1000000,755811069,10151836,765962905
1,1000000,756684595,10175967,766860562
1,1000000,757399262,10136655,767535917
1,1000000,750925696,10085639,761011335
1,1000000,755910006,10128217,766038223
1,1000000,761606651,10080023,771686674
1,1000000,756559011,10113903,766672914
1,1000000,837972785,10094049,848066834
1,1000000,756476050,10109639,766585689
1,1000000,840685166,10126481,850811647
1,1000000,752655131,10194082,762849213
1,1000000,839700842,10082861,849783703
1,1000000,752154769,10440974,762595743
1,1000000,838615273,10129310,848744583
1,1000000,755982570,10109083,766091653
1,1000000,847998088,10060635,858058723
1,1000000,753875484,10162281,764037765
1,1000000,839604700,10158410,849763110
1,1000000,757250264,10098831,767349095
1,1000000,844166619,10141053,854307672
1,1000000,751114022,10115948,761229970
1,1000000,838075581,10167747,848243328
1,1000000,757109567,10214256,767323823
1,1000000,838103703,10120224,848223927
1,1000000,754656451,10032979,764689430
1,1000000,835089839,10082492,845172331
1,1000000,762088420,10112056,772200476
1,1000000,837495997,10142861,847638858
1,1000000,757959983,10213389,768173372
1,1000000,846650778,10118165,856768943
1,1000000,758773038,10178831,768951869
1,1000000,841239974,10174054,851414028
1,1000000,754603428,10168251,764771679
1,1000000,837334210,10075032,847409242
1,1000000,758776790,10174637,768951427
1,1000000,837658442,10167182,847825624
1,1000000,755666131,10697471,766363602
1,1000000,840754682,10075605,850830287
1,1000000,766894738,10110665,777005403
1,1000000,840964100,10101589,851065689
1,1000000,755311336,10128144,765439480
1,1000000,837498977,10099090,847598067
1,1000000,760598980,10102787,770701767
1,1000000,841348031,10166241,851514272
1,1000000,761979150,10176160,772155310
1,1000000,844149298,10183876,854333174
1,1000000,760146033,10076997,770223030
1,1000000,840021079,10170137,850191216
1,1000000,755383681,10168461,765552142
1,1000000,840403121,10181313,850584434
1,1000000,753413770,10614961,764028731
1,1000000,838568378,10158845,848727223
1,1000000,755430147,10147033,765577180
1,1000000,842443024,10202478,852645502
1,1000000,757547592,10090687,767638279
1,1000000,841363007,10179713,851542720
1,1000000,757369550,10112504,767482054
1,1000000,844946002,10122909,855068911
1,1000000,751423577,10207819,761631396
1,1000000,841495698,10176494,851672192
1,1000000,752394749,10113195,762507944
1,1000000,840252171,10123143,850375314
1,1000000,762211526,10150710,772362236
1,1000000,839327802,10110340,849438142
1,1000000,757706933,10161994,767868927
1,1000000,834767243,10153143,844920386
1,1000000,751976869,10179274,762156143
1,1000000,845996491,10128704,856125195
1,1000000,757730817,10139293,767870110
1,1000000,837733297,10112688,847845985
1,1000000,754737868,10080677,764818545
1,1000000,840530830,10650842,851181672
1,1000000,843863237,10066539,853929776
1,1000000,755124974,10152693,765277667
1,1000000,839300678,10147838,849448516
1,1000000,755220858,10135003,765355861
1,1000000,840722983,10060501,850783484
1,1000000,754211179,10154094,764365273
1,1000000,836165397,10092214,846257611
1,1000000,761949296,10125481,772074777
1,1000000,840268059,10112529,850380588
1,1000000,759331015,10121567,769452582
1,1000000,837775877,10180700,847956577
1,1000000,756610963,10205487,766816450
1,1000000,842970072,10083900,853053972
1,1000000,757649377,10126681,767776058
1,1000000,837635037,10095436,847730473
1,1000000,751869423,10163738,762033161
1,1000000,836948485,10200225,847148710
1,1000000,763199405,10103663,773303068
1,1000000,838085079,10169950,848255029
1,1000000,761967330,10181932,772149262
1,1000000,839038672,10137406,849176078
1,1000000,754592895,10096537,764689432
1,1000000,833788645,10139750,843928395
1,1000000,752548304,10090402,762638706
1,1000000,840026726,10249138,850275864
1,1000000,757100477,10229718,767330195
1,1000000,843119920,10211984,853331904
1,1000000,763943149,10108520,774051669
1,1000000,836542130,10134223,846676353
1,1000000,756111970,10112472,766224442
1,1000000,840101356,10205224,850306580
1,1000000,753604009,10157055,763761064
1,1000000,834417489,10089303,844506792
1,1000000,761132586,10174957,771307543
1,1000000,844628962,10152362,854781324
1,1000000,757574237,10109380,767683617
1,1000000,843870731,10085817,853956548
1,1000000,840069460,10140625,850210085
1,1000000,840321835,10098668,850420503
1,1000000,849069548,10112052,859181600
1,1000000,839701358,10153099,849854457
1,1000000,842755233,10127968,852883201
1,1000000,844717467,10158647,854876114
1,1000000,836751293,10154309,846905602
1,1000000,835658007,10159027,845817034
1,1000000,840739676,10077915,850817591
1,1000000,843130891,10167824,853298715
1,1000000,840209631,10170157,850379788
1,1000000,836965712,10167955,847133667
1,1000000,835904521,10104595,846009116
1,1000000,843005407,10108846,853114253
1,1000000,837695640,10093077,847788717
1,1000000,844544406,10160765,854705171
1,1000000,845954079,10163471,856117550
1,1000000,837792233,10155782,847948015
1,1000000,839053396,10072389,849125785
1,1000000,845826146,10127506,855953652
1,1000000,844869646,10081939,854951585
1,1000000,837078110,10176298,847254408
1,1000000,848141395,10161158,858302553
1,1000000,839349585,10106970,849456555
1,1000000,841916581,10115824,852032405
1,1000000,838478672,10163105,848641777
1,1000000,840732645,10115325,850847970
1,1000000,750782356,10186986,760969342
1,1000000,755970947,10066732,766037679
1,1000000,754365819,10148337,764514156
1,1000000,840236271,10111613,850347884
1,1000000,843220627,10084488,853305115
1,1000000,836487549,10145962,846633511
1,1000000,838269153,10198697,848467850
1,1000000,834037128,10087981,844125109
1,1000000,838489806,10090008,848579814
1,1000000,844300579,10193173,854493752
1,1000000,839278428,10096436,849374864
1,1000000,842552842,10091089,852643931
1,1000000,843238099,10203751,853441850
1,1000000,842614870,10172225,852787095
1,1000000,836872418,10103694,846976112
1,1000000,839983118,10118468,850101586
1,1000000,836418567,10119292,846537859
1,1000000,836541460,10144768,846686228
1,1000000,841628483,10168849,851797332
1,1000000,753478075,10161862,763639937
1,1000000,755031741,10110851,765142592
1,1000000,760261466,10100751,770362217
1,1000000,838721049,10134973,848856022
1,1000000,838715148,10223280,848938428
1,1000000,835340890,10081740,845422630
1,1000000,839109781,10140039,849249820
1,1000000,835789534,10194311,845983845
1,1000000,835042216,10171130,845213346
1,1000000,840764137,10171824,850935961
1,1000000,843925842,10145823,854071665
1,1000000,845100290,10167329,855267619
1,1000000,843237440,10114953,853352393
1,1000000,840313590,11219361,851532951
1,1000000,844069513,10124705,854194218
1,1000000,844201581,10170023,854371604
1,1000000,840723401,10158089,850881490
1,1000000,839701971,10161805,849863776
1,1000000,843470823,10123772,853594595
1,1000000,838990220,10142098,849132318
1,1000000,838190540,10111640,848302180
1,1000000,841758817,12434855,854193672
1,1000000,838734911,10140294,848875205
1,1000000,842356773,10088712,852445485
1,1000000,846732507,10141161,856873668
1,1000000,845528632,10115158,855643790
1,1000000,836295973,10119024,846414997
1,1000000,842942808,10332300,853275108
1,1000000,840870410,10230920,851101330
1,1000000,846092460,10386605,856479065
1,1000000,841034381,10084246,851118627
1,1000000,847278406,10179837,857458243
1,1000000,841223629,10110290,851333919
1,1000000,836411975,10105092,846517067
1,1000000,839346646,10131495,849478141
1,1000000,837459065,10115952,847575017
1,1000000,844796412,10174214,854970626
1,1000000,840866772,10178400,851045172
1,1000000,842096779,10145555,852242334
1,1000000,840187667,10140131,850327798
1,1000000,838738903,10126021,848864924
1,1000000,842489712,10217199,852706911
1,1000000,846224199,10075210,856299409
1,1000000,840532557,10193807,850726364
1,1000000,834777421,10161654,844939075
1,1000000,848286952,10122637,858409589
1,1000000,844021774,10164969,854186743
1,1000000,844643130,10092426,854735556
1,1000000,847569843,10106963,857676806
1,1000000,763077035,10179993,773257028
1,1000000,838406956,10059021,848465977
1,1000000,762583906,10115358,772699264
1,1000000,839585931,10100996,849686927
1,1000000,753657639,10190343,763847982
1,1000000,840453043,10149620,850602663
1,1000000,755555073,10239353,765794426
1,1000000,840930786,10131979,851062765
1,1000000,754463746,10131716,764595462
1,1000000,842507957,10094818,852602775
1,1000000,759296545,10188779,769485324
1,1000000,841637048,10156741,851793789
1,1000000,758815379,10152153,768967532
1,1000000,840936878,10166497,851103375
1,1000000,753799491,10124303,763923794
1,1000000,757469211,10099375,767568586
1,1000000,763224365,10109171,773333536
1,1000000,754486844,10225470,764712314
1,2000000,1507853987,20421668,1528275655
1,2000000,1507270368,20392536,1527662904
1,2000000,1680924430,20405680,1701330110
1,2000000,1504117901,20380026,1524497927
1,2000000,1678856517,20394375,1699250892
1,2000000,1502071280,20426682,1522497962
1,2000000,1678517356,20417934,1698935290
1,2000000,1500995204,20370783,1521365987
1,2000000,1677074418,20403439,1697477857
1,2000000,1509658740,20380896,1530039636
1,2000000,1499716637,20362116,1520078753
1,2000000,1681691434,20375764,1702067198
1,2000000,1510477223,20435993,1530913216
1,2000000,1674365371,20382003,1694747374
1,2000000,1507936573,20576552,1528513125
1,2000000,1676719058,20427226,1697146284
1,2000000,1500568852,20504981,1521073833
1,2000000,1682859112,20359194,1703218306
1,2000000,1502081622,20466107,1522547729
1,2000000,1674705857,20386967,1695092824
1,2000000,1511729622,20365702,1532095324
1,2000000,1506839318,20380585,1527219903
1,2000000,1505554668,20360019,1525914687
1,2000000,1677469276,20413242,1697882518
1,2000000,1503433983,20353112,1523787095
1,2000000,1678077495,20370792,1698448287
1,2000000,1500565933,20514121,1521080054
1,2000000,1686538520,20340868,1706879388
1,2000000,1497952059,20329233,1518281292
1,2000000,1501496437,20475068,1521971505
1,2000000,1679720568,20352534,1700073102
1,2000000,1506285084,20449970,1526735054
1,2000000,1684279801,20401611,1704681412
1,2000000,1505042748,20485383,1525528131
1,2000000,1690487996,20438541,1710926537
1,2000000,1501729538,20376669,1522106207
1,2000000,1503516939,20424331,1523941270
1,2000000,1500493521,20483487,1520977008
1,2000000,1680982676,20414283,1701396959
1,2000000,1502529737,20411829,1522941566
1,2000000,1676589618,20663334,1697252952
1,2000000,1505755579,20479676,1526235255
1,2000000,1677289184,20399784,1697688968
1,2000000,1498133674,20477117,1518610791
1,2000000,1681433098,20634459,1702067557
1,2000000,1506827352,20408292,1527235644
1,2000000,1674384633,20427904,1694812537
1,2000000,1505728261,20467828,1526196089
1,2000000,1679130264,20376222,1699506486
1,2000000,1506592674,20367984,1526960658
1,2000000,1673923640,20363018,1694286658
1,2000000,1504312223,20469976,1524782199
1,2000000,1678439814,20416384,1698856198
1,2000000,1503454299,20359194,1523813493
1,2000000,1502125429,20452850,1522578279
1,2000000,1507712690,20336562,1528049252
1,2000000,1502082898,20439492,1522522390
1,2000000,1678157807,20415700,1698573507
1,2000000,1503228113,20478804,1523706917
1,2000000,1682953927,20410875,1703364802
1,2000000,1497159232,20451233,1517610465
1,2000000,1676141699,20380079,1696521778
1,2000000,1506578199,20413536,1526991735
1,2000000,1682686665,20515199,1703201864
1,2000000,1500395728,20367816,1520763544
1,2000000,1680124211,20425522,1700549733
1,2000000,1500702780,20483982,1521186762
1,2000000,1680809835,20408212,1701218047
1,2000000,1501630269,20435535,1522065804
1,2000000,1500433964,20348804,1520782768
1,2000000,1678503978,20402770,1698906748
1,2000000,1503241762,20377572,1523619334
1,2000000,1683263475,20361606,1703625081
1,2000000,1509911804,20408964,1530320768
1,2000000,1503079956,20405407,1523485363
1,2000000,1676181539,20435512,1696617051
1,2000000,1506525891,20358287,1526884178
1,2000000,1502914279,20453959,1523368238
1,2000000,1510091914,20380295,1530472209
1,2000000,1681947099,20391161,1702338260
1,2000000,1505157988,20379300,1525537288
1,2000000,1688366282,20459404,1708825686
1,2000000,1503957728,20411155,1524368883
1,2000000,1681708454,20361690,1702070144
1,2000000,1504816868,20449366,1525266234
1,2000000,1686837878,20438361,1707276239
1,2000000,1510520174,20376978,1530897152
1,2000000,1507705075,20438950,1528144025
1,2000000,1503720736,20376122,1524096858
1,2000000,1498552763,20397117,1518949880
1,2000000,1678824903,20881680,1699706583
1,2000000,1506179015,20364062,1526543077
1,2000000,1692099832,20423265,1712523097
1,2000000,1500800539,20400917,1521201456
1,2000000,1679432669,20376231,1699808900
1,2000000,1679754441,20346301,1700100742
1,2000000,1503024007,20428436,1523452443
1,2000000,1497340840,20431783,1517772623
1,2000000,1684537208,20414134,1704951342
1,2000000,1506064631,20537657,1526602288
1,2000000,1683623328,20361901,1703985229
1,2000000,1502292029,20453027,1522745056
1,2000000,1677971736,20392222,1698363958
1,2000000,1504398877,20440695,1524839572
1,2000000,1517805656,20366144,1538171800
1,2000000,1502763753,20364101,1523127854
1,2000000,1684554372,20332800,1704887172
1,2000000,1502564052,20449159,1523013211
1,2000000,1682123355,20428300,1702551655
1,2000000,1498676690,20473158,1519149848
1,2000000,1678362392,21033843,1699396235
1,2000000,1502268413,20407905,1522676318
1,2000000,1501255362,20520002,1521775364
1,2000000,1504062391,20426143,1524488534
1,2000000,1676669313,20407998,1697077311
1,3000000,2249770115,30481448,2280251563
1,3000000,2263046047,30047301,2293093348
1,3000000,2246044708,29999859,2276044567
1,3000000,2250661773,30081216,2280742989
1,3000000,2254484153,29981015,2284465168
1,3000000,2525133153,30024584,2555157737
1,3000000,2252942036,29996497,2282938533
1,3000000,2243435857,29999193,2273435050
1,3000000,2521416831,30019593,2551436424
1,3000000,2251011281,30129984,2281141265
1,3000000,2244866262,30028361,2274894623
1,3000000,2250153693,29967047,2280120740
1,3000000,2247430296,30037452,2277467748
1,3000000,2252134660,30088768,2282223428
1,3000000,2248664218,29995506,2278659724
1,3000000,2254667655,29925526,2284593181
1,3000000,2246350976,30165929,2276516905
1,3000000,2250733786,30176129,2280909915
1,3000000,2252524160,29992824,2282516984
1,3000000,2259654679,30013193,2289667872
1,3000000,2247951963,30066367,2278018330
1,3000000,2250310152,30059762,2280369914
1,3000000,2250836966,30023294,2280860260
1,3000000,2250851925,30065901,2280917826
1,3000000,2251242583,30048194,2281290777
1,3000000,2251855073,30037777,2281892850
1,3000000,2248384138,30094419,2278478557
1,3000000,2254512087,29983956,2284496043
1,3000000,2254237838,30071507,2284309345
1,3000000,2253133754,29993176,2283126930
1,3000000,2251988005,30057887,2282045892
1,3000000,2247611143,30011103,2277622246
1,3000000,2248129886,30037707,2278167593
1,3000000,2256105513,30042359,2286147872
1,3000000,2260747372,29987427,2290734799
1,3000000,2248084052,30048322,2278132374
1,3000000,2251517817,30097843,2281615660
1,3000000,2253783646,30076239,2283859885
1,3000000,2247516654,30101964,2277618618
1,3000000,2257089630,29955165,2287044795
1,3000000,2247196533,30007263,2277203796
1,3000000,2254353796,30070245,2284424041
1,3000000,2256442784,30217300,2286660084
1,3000000,2245050652,30235581,2275286233
1,3000000,2246516581,30093608,2276610189
1,3000000,2243317330,30215122,2273532452
1,3000000,2247739037,29957633,2277696670
1,3000000,2255971147,30044060,2286015207
1,3000000,2250855412,30009970,2280865382
1,3000000,2241339228,30221792,2271561020
1,3000000,2253133545,30056426,2283189971
1,3000000,2254040571,30051014,2284091585
1,3000000,2242892097,29999218,2272891315
1,3000000,2253199122,30007267,2283206389
1,3000000,2249346769,30059321,2279406090
1,3000000,2267304074,30108765,2297412839
1,3000000,2244683897,30000599,2274684496
1,3000000,2518911848,30098955,2549010803
1,3000000,2247179537,30063849,2277243386
1,3000000,2241143622,29981808,2271125430
1,3000000,2521190125,29992991,2551183116
1,3000000,2515715391,30027794,2545743185
1,3000000,2524453274,30072173,2554525447
1,3000000,2521987441,29995247,2551982688
1,3000000,2514161088,30124187,2544285275
1,3000000,2521490671,30103674,2551594345
1,3000000,2519458314,30072684,2549530998
1,3000000,2517946016,30118497,2548064513
1,3000000,2520277291,30001445,2550278736
1,3000000,2537361501,29970759,2567332260
1,3000000,2523521335,30063457,2553584792
1,3000000,2513312919,30103693,2543416612
1,3000000,2524458943,30125783,2554584726
1,3000000,2524250149,30001900,2554252049
1,3000000,2515306194,30082531,2545388725
1,3000000,2519111652,30035656,2549147308
1,3000000,2516741978,30146806,2546888784
1,3000000,2513452766,29989515,2543442281
1,3000000,2511260338,30046309,2541306647
1,3000000,2523460359,29984507,2553444866
1,3000000,2525065089,30050011,2555115100
1,3000000,2516319966,30011018,2546330984
1,3000000,2509904370,29993695,2539898065
1,3000000,2521760930,29953663,2551714593
1,3000000,2519008432,30069701,2549078133
1,3000000,2518195965,29944298,2548140263
1,3000000,2520829369,30087553,2550916922
1,3000000,2517625208,30017799,2547643007
1,3000000,2517381873,30038165,2547420038
1,3000000,2524003604,29921795,2553925399
1,3000000,2518659966,30112550,2548772516
1,3000000,2520051564,30108770,2550160334
1,3000000,2247987616,30034682,2278022298
1,3000000,2518799642,30020340,2548819982
1,3000000,2519636927,29990384,2549627311
1,3000000,2522486184,30069306,2552555490
1,3000000,2519952946,29994035,2549946981
1,3000000,2521556473,29977557,2551534030
1,3000000,2527925766,30050383,2557976149
1,3000000,2528015801,30043471,2558059272
1,3000000,2523219198,29997687,2553216885
1,3000000,2520084284,29984291,2550068575
1,3000000,2519090101,30081658,2549171759
1,3000000,2522511379,30018846,2552530225
1,3000000,2520253822,30065865,2550319687
1,3000000,2522663581,30025316,2552688897
1,3000000,2518388898,30326702,2548715600
1,3000000,2525089877,30018126,2555108003
1,3000000,2522056031,30033140,2552089171
1,3000000,2520896397,29949140,2550845537
1,3000000,2518091069,30035048,2548126117
1,3000000,2515475487,30062961,2545538448
1,3000000,2526948352,30523959,2557472311
1,3000000,2511583930,30041488,2541625418
1,3000000,2520031904,30023787,2550055691
1,4000000,3011457694,39821805,3051279499
1,4000000,3395339028,39842062,3435181090
1,4000000,3383859428,39927960,3423787388
1,4000000,3395772976,41025238,3436798214
1,4000000,3382724429,39865047,3422589476
1,4000000,3387661345,39895973,3427557318
1,4000000,3382650063,39886128,3422536191
1,4000000,3392863649,39960799,3432824448
1,4000000,3408278996,39878722,3448157718
1,4000000,3379757672,39993443,3419751115
1,4000000,3391212205,39799239,3431011444
1,4000000,3386939759,40100655,3427040414
1,4000000,3391913142,39802899,3431716041
1,4000000,3385670864,39857115,3425527979
1,4000000,3380966041,39884038,3420850079
1,4000000,3377321142,39867989,3417189131
1,4000000,3394465958,39953506,3434419464
1,4000000,3389364279,40115846,3429480125
1,4000000,3391123610,39946709,3431070319
1,4000000,3388269487,39921420,3428190907
1,4000000,3394873791,39870679,3434744470
1,4000000,3383000283,40043164,3423043447
1,4000000,3378014294,39826631,3417840925
1,4000000,3384873986,39948119,3424822105
1,4000000,3383776816,39878893,3423655709
1,4000000,3385591327,40008292,3425599619
1,4000000,3391353380,39814820,3431168200
1,4000000,3393927147,39872053,3433799200
1,4000000,3393085335,39833255,3432918590
1,4000000,3384740828,40070964,3424811792
1,4000000,3395987996,39759427,3435747423
1,4000000,3384258338,39884316,3424142654
1,4000000,3388495046,39861887,3428356933
1,4000000,3409375048,39842076,3449217124
1,4000000,3385723888,39854439,3425578327
1,4000000,3379455051,39857946,3419312997
1,4000000,3384945483,39861765,3424807248
1,4000000,3386903340,39785819,3426689159
1,4000000,3390533565,39827267,3430360832
1,4000000,3375810411,39881710,3415692121
1,4000000,3395952199,39877210,3435829409
1,4000000,3385316598,39857887,3425174485
1,4000000,3384645361,39904023,3424549384
1,4000000,3384730934,39825380,3424556314
1,4000000,3394260742,39813354,3434074096
1,4000000,3386035819,39872375,3425908194
1,4000000,3392472398,39817016,3432289414
1,4000000,3380586386,39871774,3420458160
1,4000000,3398923389,39815338,3438738727
1,4000000,3023013859,40124036,3063137895
1,4000000,3385154891,40342610,3425497501
1,4000000,3016180819,39927196,3056108015
1,4000000,3019994694,39899324,3059894018
1,4000000,3019933085,39876042,3059809127
1,4000000,3025778416,39902668,3065681084
1,4000000,3018335550,39852251,3058187801
1,4000000,3027376392,39858401,3067234793
1,4000000,3019903065,39830181,3059733246
1,4000000,3023409593,39858294,3063267887
1,4000000,3019695593,39813690,3059509283
1,4000000,3021511247,39834880,3061346127
1,4000000,3385800046,39759124,3425559170
1,4000000,3034219322,39852861,3074072183
1,4000000,3017946500,39892476,3057838976
1,4000000,3393377968,39802829,3433180797
1,4000000,3031656628,39853148,3071509776
1,4000000,3021557222,39827878,3061385100
1,4000000,3015887713,39881987,3055769700
1,4000000,3026352394,39872475,3066224869
1,4000000,3020234507,39838424,3060072931
1,4000000,3017987103,39854524,3057841627
1,4000000,3383927233,39879263,3423806496
1,4000000,3022506826,39899622,3062406448
1,4000000,3015441448,39888134,3055329582
1,4000000,3036446271,39900575,3076346846
1,4000000,3030907367,39791700,3070699067
1,4000000,3019016766,39870526,3058887292
1,4000000,3020056043,39850564,3059906607
1,4000000,3016986980,40568564,3057555544
1,4000000,3014318005,39826331,3054144336
1,4000000,3018300417,39796222,3058096639
1,4000000,3018052979,39815357,3057868336
1,4000000,3395854900,39835303,3435690203
1,4000000,3019377642,39854538,3059232180
1,4000000,3024415348,39875269,3064290617
1,4000000,3021458252,39908059,3061366311
1,4000000,3022100251,39951595,3062051846
1,4000000,3022003012,40088233,3062091245
1,4000000,3032858984,39893530,3072752514
1,4000000,3015304840,39899839,3055204679
1,4000000,3388300004,39866109,3428166113
1,4000000,3022488837,40014526,3062503363
1,4000000,3022965816,39880060,3062845876
1,4000000,3017305458,40468591,3057774049
1,4000000,3389323627,39777797,3429101424
1,4000000,3021600205,39831850,3061432055
1,4000000,3016176536,39906280,3056082816
1,4000000,3020414615,39871392,3060286007
1,4000000,3025609187,39897671,3065506858
1,4000000,3014538312,39986249,3054524561
1,4000000,3009890365,40467785,3050358150
1,4000000,3016577643,39940316,3056517959
1,4000000,3016585434,39911363,3056496797
1,4000000,3021913595,39930416,3061844011
1,4000000,3028383324,39846213,3068229537
1,4000000,3057604028,39923759,3097527787
1,4000000,3020234238,39935734,3060169972
1,4000000,3022000553,39958196,3061958749
1,4000000,3017641999,39869411,3057511410
1,4000000,3039265474,39937648,3079203122
1,4000000,3020439349,39822849,3060262198
1,4000000,3020139343,39801352,3059940695
1,4000000,3024534261,40026104,3064560365
1,4000000,3024535529,40003859,3064539388
1,4000000,3023048680,40025263,3063073943
1,5000000,3773000718,50230675,3823231393
1,5000000,3765773868,50332423,3816106291
1,5000000,3763407094,50201455,3813608549
1,5000000,4232170973,50121333,4282292306
1,5000000,3767488698,50098101,3817586799
1,5000000,3776617569,50199223,3826816792
1,5000000,4248704231,50190739,4298894970
1,5000000,3768716793,50181554,3818898347
1,5000000,4243717911,50144859,4293862770
1,5000000,3776167320,50150641,3826317961
1,5000000,4243536408,50181425,4293717833
1,5000000,3758593074,50210319,3808803393
1,5000000,4228162220,50320645,4278482865
1,5000000,3773401850,50232458,3823634308
1,5000000,4250418778,50715148,4301133926
1,5000000,3764408124,50171596,3814579720
1,5000000,4228013976,50090729,4278104705
1,5000000,3769271558,50732447,3820004005
1,5000000,4233286874,50150933,4283437807
1,5000000,3765321651,50236696,3815558347
1,5000000,4238237642,50077284,4288314926
1,5000000,3765329965,50200231,3815530196
1,5000000,4238717644,50225936,4288943580
1,5000000,3765661149,50188957,3815850106
1,5000000,4223170539,50093000,4273263539
1,5000000,3761817593,50160762,3811978355
1,5000000,4229146510,50343209,4279489719
1,5000000,3768344860,50123388,3818468248
1,5000000,4239932641,50315978,4290248619
1,5000000,3766015527,50209608,3816225135
1,5000000,4229045436,50136125,4279181561
1,5000000,3768189991,50084864,3818274855
1,5000000,4240443984,50253588,4290697572
1,5000000,3776643968,50149037,3826793005
1,5000000,3766564280,50150845,3816715125
1,5000000,3764716324,50107249,3814823573
1,5000000,4229410729,50168670,4279579399
1,5000000,3771905111,50185993,3822091104
1,5000000,3771972562,50112946,3822085508
1,5000000,3759261696,50213987,3809475683
1,5000000,4228221370,50089026,4278310396
1,5000000,3769656857,50167123,3819823980
1,5000000,4235305835,50100830,4285406665
1,5000000,3771256129,50417033,3821673162
1,5000000,4228263206,50248059,4278511265
1,5000000,3768273553,50145277,3818418830
1,5000000,4229866252,50166195,4280032447
1,5000000,3774653160,50156331,3824809491
1,5000000,4242154280,50579566,4292733846
1,5000000,3777051067,50062072,3827113139
1,5000000,4193989492,50206640,4244196132
1,5000000,4233582452,50173011,4283755463
1,5000000,4227017486,50228164,4277245650
1,5000000,3766171920,50222020,3816393940
1,5000000,3772266325,50099699,3822366024
1,5000000,3762984263,50117107,3813101370
1,5000000,3763634365,50118735,3813753100
1,5000000,3764052909,50068793,3814121702
1,5000000,4222225022,50068258,4272293280
1,5000000,4243854738,50342873,4294197611
1,5000000,4230542830,50109648,4280652478
1,5000000,4234018221,50100752,4284118973
1,5000000,4242358017,50183464,4292541481
1,5000000,4223639171,50106487,4273745658
1,5000000,4231810963,50681692,4282492655
1,5000000,4236274879,50087406,4286362285
1,5000000,4231152756,50131517,4281284273
1,5000000,4244988160,50175959,4295164119
1,5000000,4224251392,50497304,4274748696
1,5000000,4223542432,50145748,4273688180
1,5000000,4226238062,50118358,4276356420
1,5000000,4228299844,50328153,4278627997
1,5000000,4228166829,50178886,4278345715
1,5000000,4225167599,50698317,4275865916
1,5000000,4228999826,50182387,4279182213
1,5000000,4251151258,50101343,4301252601
1,5000000,4234361484,50096758,4284458242
1,5000000,4248963480,50201215,4299164695
1,5000000,4225846109,50287676,4276133785
1,5000000,4233099916,50145479,4283245395
1,5000000,3761737823,50283807,3812021630
1,5000000,4241715267,50107734,4291823001
1,5000000,4234278850,50103166,4284382016
1,5000000,4238176763,50125253,4288302016
1,5000000,4229439457,50148970,4279588427
1,5000000,4238528055,50095568,4288623623
1,5000000,4238071869,50410633,4288482502
1,5000000,4230298125,50164103,4280462228
1,5000000,4238523835,50198844,4288722679
1,5000000,4226376067,50131028,4276507095
1,5000000,4225431556,50173955,4275605511
1,5000000,4242859666,50133663,4292993329
1,5000000,4236286898,50102273,4286389171
1,5000000,4224430571,50116811,4274547382
1,5000000,4225957722,50169183,4276126905
1,5000000,4215091451,50125593,4265217044
1,5000000,4227266256,50077071,4277343327
1,5000000,3758454424,50025821,3808480245
1,5000000,3766728510,50245502,3816974012
1,5000000,3765957967,50132909,3816090876
1,5000000,3760128922,50093658,3810222580
1,5000000,3756548775,50147867,3806696642
1,5000000,3761840020,50132423,3811972443
1,5000000,4223479699,50137554,4273617253
1,5000000,3763834443,50157125,3813991568
1,5000000,4230318854,50142415,4280461269
1,5000000,4231318776,50119851,4281438627
1,5000000,4227780546,50111386,4277891932
1,5000000,4244628188,50104137,4294732325
1,5000000,4238317567,50228681,4288546248
1,5000000,4234383329,50126309,4284509638
1,5000000,4221072720,50136905,4271209625
1,5000000,4273525271,50160210,4323685481
1,5000000,4249732922,50227973,4299960895
1,5000000,4228460311,50661901,4279122212
1,5000000,4227914726,50034473,4277949199
1,5000000,4236403850,50147773,4286551623
1,5000000,4226601591,50174421,4276776012
1,5000000,3766894814,50091611,3816986425
1,5000000,4238725245,50214600,4288939845
1,5000000,4237174340,50131143,4287305483
1,5000000,4233967877,50067765,4284035642
1,5000000,4233015051,50101051,4283116102
1,5000000,4229659005,50140861,4279799866
1,5000000,4222029176,50155875,4272185051
1,5000000,4226620866,50135742,4276756608
1,5000000,4227253981,50280027,4277534008
1,5000000,4225142072,50101857,4275243929
1,5000000,3762675529,50140988,3812816517
1,5000000,3761930225,50321100,3812251325
1,5000000,3761280156,50906632,3812186788
1,5000000,4237652588,50092539,4287745127
1,5000000,3760481619,50224822,3810706441
1,5000000,4238304840,50334577,4288639417
1,5000000,4235975327,50427105,4286402432
1,5000000,4221608555,50118496,4271727051
1,5000000,4243903201,50406040,4294309241
1,5000000,4234300393,50110651,4284411044
1,5000000,4227706595,50069071,4277775666
1,5000000,4243924336,50183057,4294107393
1,6000000,5075566656,59644306,5135210962
1,6000000,5076980725,59683856,5136664581
1,6000000,5080331231,59600945,5139932176
1,6000000,5083135772,59678129,5142813901
1,6000000,5082457434,59574106,5142031540
1,6000000,5069390128,59666955,5129057083
1,6000000,5085788776,59701815,5145490591
1,6000000,5072981302,59678693,5132659995
1,6000000,5075946941,59614581,5135561522
1,6000000,5078295107,59674865,5137969972
1,6000000,5094016749,59889272,5153906021
1,6000000,5077564675,59693556,5137258231
1,6000000,5087590895,60086805,5147677700
1,6000000,5077038780,59874332,5136913112
1,6000000,5103796523,59561843,5163358366
1,6000000,5086193473,59672160,5145865633
1,6000000,5075516498,59854882,5135371380
1,6000000,5089034772,59633060,5148667832
1,6000000,5071449750,59597267,5131047017
1,6000000,5072739463,59639195,5132378658
1,6000000,5088359647,59857738,5148217385
1,6000000,5081073166,59756301,5140829467
1,6000000,5095855002,59637808,5155492810
1,6000000,5090461792,59544179,5150005971
1,6000000,5078236444,59644463,5137880907
1,6000000,5093421112,59595374,5153016486
1,6000000,5091287455,59496272,5150783727
1,6000000,5107419516,60087183,5167506699
1,6000000,5092084254,59581043,5151665297
1,6000000,5067472453,59607607,5127080060
1,6000000,5076517196,59650957,5136168153
1,6000000,5089307584,59612044,5148919628
1,6000000,5081708934,59908558,5141617492
1,6000000,4517605612,60257703,4577863315
1,6000000,5068040019,59724545,5127764564
1,6000000,5089645818,59901229,5149547047
1,6000000,5076728032,59654995,5136383027
1,5000000,4199326367,50111383,4249437750
1,5000000,4225386722,50151923,4275538645
1,5000000,4222462647,50303134,4272765781
1,5000000,4235355258,50230349,4285585607
1,5000000,3767660417,50142117,3817802534
1,5000000,3755397293,50133602,3805530895
1,5000000,3760746477,50168181,3810914658
1,5000000,3763863884,50142220,3814006104
1,5000000,3761598542,50136204,3811734746
1,5000000,3766124767,50151327,3816276094
1,5000000,4255580817,50191297,4305772114
1,5000000,3757717393,50214136,3807931529
1,5000000,3766325736,50172505,3816498241
1,5000000,4228317332,50386507,4278703839
1,5000000,4225485770,50277964,4275763734
1,5000000,4226094193,50325163,4276419356
1,5000000,4230725262,50206891,4280932153
1,5000000,4229305920,50190406,4279496326
1,5000000,4225346137,50139282,4275485419
1,5000000,4225654738,50219985,4275874723
1,5000000,4229643357,50168683,4279812040
1,5000000,4230935388,50111699,4281047087
1,5000000,4230199458,50131818,4280331276
1,5000000,4229366566,50342269,4279708835
1,5000000,4227774613,50225495,4278000108
1,5000000,4246927898,50226704,4297154602
1,5000000,3761585090,50214529,3811799619
1,5000000,3761987584,50346258,3812333842
1,5000000,3768864277,50448323,3819312600
1,5000000,3759956839,50193266,3810150105
1,5000000,3756160818,50131134,3806291952
1,5000000,3762242704,50305203,3812547907
1,5000000,3762704401,50107406,3812811807
1,5000000,4232976840,50052459,4283029299
1,5000000,3760414746,50576732,3810991478
1,5000000,4237954250,50121537,4288075787
1,5000000,4234031362,50259767,4284291129
1,5000000,3768101084,50147219,3818248303
1,5000000,3763611822,50193282,3813805104
1,5000000,3777823271,50163184,3827986455
1,5000000,3764981075,50136791,3815117866
1,5000000,3762938217,50170269,3813108486
1,5000000,3762088750,50111107,3812199857
1,5000000,3761089320,50214351,3811303671
1,5000000,3759373184,50074627,3809447811
1,5000000,4226833890,50148404,4276982294
1,5000000,3763621256,50356991,3813978247
1,5000000,3759531413,50206250,3809737663
1,5000000,3773130467,50110996,3823241463
1,5000000,4225826597,50064072,4275890669
1,5000000,3755581252,50161462,3805742714
1,5000000,4238075135,49806945,4287882080
1,5000000,3760383343,50088523,3810471866
1,5000000,3763721721,50720576,3814442297
1,5000000,3760769145,50088969,3810858114
1,5000000,3764907323,50235753,3815143076
1,5000000,4228566766,50139695,4278706461
1,5000000,3768743572,50169876,3818913448
1,5000000,3768112209,50081859,3818194068
1,5000000,3762512641,50282968,3812795609
1,5000000,4239436872,50326812,4289763684
1,5000000,3755607825,50103820,3805711645
1,5000000,4233600269,50157557,4283757826
1,5000000,4228434160,50209758,4278643918
1,5000000,4225705124,50193451,4275898575
1,5000000,4240545752,50077388,4290623140
1,5000000,4224051749,50149764,4274201513
1,5000000,4231241770,50332315,4281574085
1,5000000,4224667542,50545527,4275213069
1,5000000,4232827867,50147666,4282975533
1,5000000,4227746829,50079621,4277826450
1,5000000,4228055873,50206780,4278262653
1,5000000,4224529175,50171367,4274700542
1,5000000,4226079362,50113522,4276192884
1,5000000,4230043318,50202407,4280245725
1,5000000,3771635474,50365016,3822000490
1,5000000,3766366444,50096667,3816463111
1,5000000,4230417391,50083517,4280500908
1,5000000,4241109793,50332642,4291442435
1,5000000,4228267562,50145426,4278412988
1,5000000,4238653121,50124185,4288777306
1,5000000,4226262765,50131380,4276394145
1,5000000,4225300921,50093785,4275394706
1,5000000,3758378480,50234531,3808613011
1,5000000,3766543297,50195678,3816738975
1,5000000,3766947671,50068934,3817016605
1,5000000,4232857904,50154158,4283012062
1,5000000,4236245921,50270564,4286516485
1,5000000,4230871258,50679540,4281550798
1,5000000,4228801827,50120247,4278922074
1,6000000,5075596773,59631728,5135228501
1,6000000,5074608482,59568036,5134176518
1,6000000,4508113262,59598846,4567712108
1,6000000,4504679534,59582497,4564262031
1,6000000,5074162331,59636018,5133798349
1,6000000,5076038003,59574599,5135612602
1,6000000,5075077804,60231345,5135309149
1,6000000,5084910787,59674181,5144584968
1,6000000,5092381883,59698361,5152080244
1,6000000,5087179025,59474467,5146653492
1,6000000,5090805732,60108755,5150914487
1,6000000,5076055552,59662218,5135717770
1,6000000,5081597115,60069354,5141666469
1,6000000,5093627856,59651536,5153279392
1,6000000,5085366736,59646206,5145012942
1,6000000,5083255405,59534324,5142789729
1,6000000,5079382303,59771418,5139153721
1,6000000,5074290096,59619826,5133909922
1,6000000,5085668421,59641022,5145309443
1,6000000,5077668296,59739728,5137408024
1,6000000,5073150141,59683037,5132833178
1,6000000,5091941111,59603938,5151545049
1,6000000,5071816412,59621781,5131438193
1,6000000,5092296354,59687476,5151983830
1,6000000,5071890010,59711490,5131601500
1,6000000,5066952367,60797776,5127750143
1,6000000,5091307233,59695878,5151003111
1,6000000,5081094332,59773156,5140867488
1,6000000,5075915720,59637060,5135552780
1,6000000,5075044627,59632396,5134677023
1,6000000,5070559210,59544685,5130103895
1,6000000,5088592517,59632615,5148225132
1,6000000,5087653174,59653419,5147306593
1,6000000,5068009675,59660435,5127670110
1,6000000,5082549716,59877278,5142426994
1,6000000,5082656142,59663080,5142319222
1,6000000,5076298807,59660289,5135959096
1,6000000,5092908637,59680309,5152588946
1,6000000,5079968014,59668745,5139636759
1,6000000,5079239029,59689111,5138928140
1,6000000,5088462444,59706424,5148168868
1,6000000,5080330721,59640780,5139971501
1,6000000,5076972431,59718675,5136691106
1,6000000,5076260920,59576069,5135836989
1,6000000,5083095457,59642661,5142738118
1,6000000,4519902323,59619125,4579521448
1,6000000,5080575394,59552529,5140127923
1,6000000,5091191365,59735154,5150926519
1,6000000,5086486244,59579096,5146065340
1,6000000,5082218523,59636484,5141855007
1,6000000,5090190460,59682324,5149872784
1,6000000,5101163528,59661246,5160824774
1,6000000,5070927446,59762766,5130690212
1,6000000,5068857310,59720789,5128578099
1,6000000,5071690284,59672100,5131362384
1,6000000,5075808785,59717014,5135525799
1,6000000,5073128298,59628592,5132756890
1,6000000,5083074868,59565366,5142640234
1,6000000,5076678618,60138820,5136817438
1,6000000,5083985149,60212039,5144197188
1,6000000,5080946933,59630123,5140577056
1,6000000,5077483602,59622980,5137106582
1,6000000,5072200141,59817892,5132018033
1,6000000,5072754354,59651440,5132405794
1,6000000,5080476609,59543422,5140020031
1,6000000,5071211560,59683639,5130895199
1,6000000,5071420884,59686024,5131106908
1,6000000,5079122064,59790745,5138912809
1,6000000,5076668576,59812818,5136481394
1,6000000,5074317581,59678589,5133996170
1,6000000,5072982459,59608542,5132591001
1,6000000,5066454061,59669752,5126123813
1,6000000,5082005206,59565827,5141571033
1,6000000,5075667031,59735115,5135402146
1,6000000,5070786785,59589050,5130375835
1,6000000,5074498920,59641244,5134140164
1,6000000,5070818110,59632499,5130450609
1,6000000,5079067083,59494126,5138561209
1,6000000,5086879840,59630568,5146510408
1,6000000,5085813584,59638711,5145452295
1,6000000,5074800065,59645560,5134445625
1,6000000,5090776598,59522812,5150299410
1,6000000,5088838791,59668995,5148507786
1,6000000,5073652956,59527420,5133180376
1,6000000,5090229427,60043935,5150273362
1,6000000,5070558640,59560337,5130118977
1,6000000,5085981861,59583072,5145564933
1,6000000,5068288849,59651705,5127940554
1,6000000,5072722255,59680291,5132402546
1,6000000,5082909944,59571128,5142481072
1,6000000,5069441244,60142588,5129583832
1,6000000,5102555049,59676900,5162231949
1,6000000,5087040571,59679871,5146720442
1,6000000,5074978164,59593564,5134571728
1,6000000,5090620601,59738647,5150359248
1,6000000,5081700459,59588543,5141289002
1,6000000,5075057025,59493083,5134550108
1,6000000,5077799263,59684167,5137483430
1,6000000,5088090644,59623216,5147713860
1,6000000,5083117398,59564930,5142682328
1,6000000,5079213632,59623190,5138836822
1,6000000,5083670365,60143767,5143814132
1,6000000,5084926288,59594028,5144520316
1,6000000,5077652139,59536362,5137188501
1,6000000,5090186128,59753551,5149939679
1,6000000,5081104350,59646887,5140751237
1,6000000,5070684927,59638479,5130323406
1,6000000,5096554614,60390300,5156944914
1,6000000,5075475836,59604656,5135080492
1,6000000,5071796208,59745745,5131541953
1,6000000,5097613113,59642463,5157255576
1,6000000,5087398593,59577904,5146976497
1,6000000,5094220449,59662073,5153882522
1,6000000,5085650543,59524652,5145175195
1,6000000,5073291111,59721384,5133012495
1,7000000,5978126061,69193381,6047319442
1,7000000,5311671803,69186373,5380858176
1,7000000,5293391014,69161614,5362552628
1,7000000,5315256746,69116564,5384373310
1,7000000,5284771859,69186853,5353958712
1,7000000,5295992245,69263439,5365255684
1,7000000,5291087216,69041317,5360128533
1,7000000,5299579287,69161661,5368740948
1,7000000,5969230243,69457251,6038687494
1,7000000,5298545113,69053498,5367598611
1,7000000,5291905914,69184050,5361089964
1,7000000,5968870665,69107654,6037978319
1,7000000,5295052837,68953190,5364006027
1,7000000,5294436204,69282491,5363718695
1,7000000,5292425018,69168674,5361593692
1,7000000,5288411600,69325377,5357736977
1,7000000,5291351404,69161558,5360512962
1,7000000,5290840005,69757181,5360597186
1,7000000,5294600507,69411309,5364011816
1,7000000,5295090656,69234594,5364325250
1,7000000,5291976110,68957437,5360933547
1,7000000,5308732429,69197271,5377929700
1,7000000,5288903492,69312045,5358215537
1,7000000,5298185938,69163184,5367349122
1,7000000,5291726515,69434919,5361161434
1,7000000,5291635210,68974538,5360609748
1,7000000,5303854473,68942959,5372797432
1,7000000,5292800541,69107408,5361907949
1,7000000,5291389868,68721848,5360111716
1,7000000,5286887419,69131193,5356018612
1,7000000,5955831361,69087439,6024918800
1,7000000,5291046546,69046038,5360092584
1,7000000,5292753656,69190246,5361943902
1,7000000,5293255943,69556078,5362812021
1,7000000,5296619534,69216992,5365836526
1,7000000,5300147020,68960209,5369107229
1,7000000,5303306091,68923549,5372229640
1,7000000,5291191528,69151799,5360343327
1,7000000,5990993530,69247643,6060241173
1,7000000,5959523018,69461896,6028984914
1,7000000,5320964956,69715124,5390680080
1,7000000,5292881761,69260496,5362142257
1,7000000,5287885706,69314418,5357200124
1,7000000,5291676598,69241631,5360918229
1,7000000,5306221433,68938679,5375160112
1,7000000,5305894303,69251413,5375145716
1,7000000,5286772557,68999660,5355772217
1,7000000,5319085733,69148092,5388233825
1,7000000,5957449135,69136498,6026585633
1,7000000,5285207752,69033623,5354241375
1,7000000,5309232412,69229200,5378461612
1,7000000,5295130557,69208686,5364339243
1,7000000,5296510285,69199008,5365709293
1,7000000,5963421703,69126437,6032548140
1,7000000,5956696416,69147954,6025844370
1,7000000,5292041351,69260985,5361302336
1,7000000,5295497542,69213956,5364711498
1,7000000,5299279905,69176684,5368456589
1,7000000,5287710318,69169696,5356880014
1,7000000,5286572491,69241400,5355813891
1,7000000,5291177227,68908283,5360085510
1,7000000,5286671693,69105075,5355776768
1,7000000,5290712969,69171804,5359884773
1,7000000,5289446210,69441085,5358887295
1,7000000,5947270780,69041947,6016312727
1,7000000,5294083563,69402242,5363485805
1,7000000,5280933069,69024819,5349957888
1,7000000,5285998241,69205394,5355203635
1,7000000,5296023683,68890724,5364914407
1,7000000,5291935723,69305669,5361241392
1,7000000,5295373894,68863336,5364237230
1,7000000,5319642725,69133518,5388776243
1,7000000,5970963593,69348397,6040311990
1,7000000,5283948077,69297220,5353245297
1,7000000,5299816769,69173146,5368989915
1,7000000,5963590919,69654667,6033245586
1,7000000,5293783132,69250166,5363033298
1,7000000,5292523264,69663007,5362186271
1,7000000,5292348636,69222809,5361571445
1,7000000,5289792309,69251302,5359043611
1,7000000,5964525067,68815108,6033340175
1,7000000,5285796790,69242211,5355039001
1,7000000,5291757567,69437758,5361195325
1,7000000,5289438417,69130194,5358568611
1,7000000,5283066622,69338117,5352404739
1,7000000,5966333426,69372175,6035705601
1,7000000,5296809791,69195029,5366004820
1,7000000,5291526603,68954148,5360480751
1,7000000,5291387858,69180143,5360568001
1,7000000,5979699127,68979036,6048678163
1,7000000,5291367347,69387953,5360755300
1,7000000,5288858151,68786846,5357644997
1,7000000,5289002639,69252628,5358255267
1,7000000,5964016144,69176576,6033192720
1,7000000,5959858947,69198614,6029057561
1,7000000,5290985611,69154046,5360139657
1,7000000,5285506934,69024990,5354531924
1,7000000,5303355946,69297430,5372653376
1,7000000,5284601851,69138652,5353740503
1,7000000,5296186514,69278250,5365464764
1,7000000,5283514758,69232654,5352747412
1,7000000,5956986290,69128806,6026115096
1,7000000,5284929297,69178455,5354107752
1,7000000,5291861733,68995746,5360857479
1,7000000,5304234402,69305102,5373539504
1,7000000,5290092508,68953179,5359045687
1,7000000,5289142393,71101197,5360243590
1,7000000,5961459055,69143736,6030602791
1,7000000,5292581811,69330042,5361911853
1,7000000,5303435315,69233505,5372668820
1,7000000,5292937550,69220585,5362158135
1,7000000,5286088581,69182671,5355271252
1,7000000,5291674239,68987712,5360661951
1,7000000,5972475753,69348058,6041823811
1,7000000,5296730267,69241149,5365971416
1,8000000,6062641453,79572937,6142214390
1,8000000,6056638621,79723739,6136362360
1,8000000,6053263182,79689503,6132952685
1,8000000,6053623341,79151143,6132774484
1,8000000,6055410992,79245720,6134656712
1,8000000,6837311762,79320348,6916632110
1,8000000,6055553735,79182854,6134736589
1,8000000,6056193955,79161065,6135355020
1,8000000,6832742986,79510952,6912253938
1,8000000,6821381825,79160637,6900542462
1,8000000,6049243824,79089534,6128333358
1,8000000,6060198000,79535897,6139733897
1,8000000,6842541907,79741554,6922283461
1,8000000,6052068094,78905342,6130973436
1,8000000,6050901701,79071043,6129972744
1,8000000,6099393255,79124634,6178517889
1,8000000,6053404487,79034540,6132439027
1,8000000,6836169731,79113010,6915282741
1,8000000,6053468527,79143156,6132611683
1,8000000,6058487115,79110335,6137597450
1,8000000,6054159175,79221868,6133381043
1,8000000,6088431469,79108814,6167540283
1,8000000,6067766036,78916375,6146682411
1,8000000,6070963349,79077197,6150040546
1,8000000,6057550785,79120035,6136670820
1,8000000,6821856858,79291543,6901148401
1,8000000,6056525495,79165304,6135690799
1,8000000,6066115700,79623594,6145739294
1,8000000,6066574556,79280365,6145854921
1,8000000,6815663424,79108054,6894771478
1,8000000,6050619015,79051181,6129670196
1,8000000,6063465375,79058673,6142524048
1,8000000,6057396600,78945310,6136341910
1,8000000,6045749454,79042295,6124791749
1,8000000,6071343901,79136888,6150480789
1,8000000,6057208423,78958986,6136167409
1,8000000,6066995519,79011996,6146007515
1,8000000,6056465888,83635108,6140100996
1,8000000,6044063553,79196670,6123260223
1,8000000,6080348982,78886208,6159235190
1,8000000,6055092560,79178612,6134271172
1,8000000,6053901516,78991897,6132893413
1,8000000,6056539921,79157278,6135697199
1,8000000,6068562431,79074810,6147637241
1,8000000,6055355077,79396886,6134751963
1,8000000,6059699045,79187665,6138886710
1,8000000,6853972906,79221049,6933193955
1,8000000,6073777719,79157124,6152934843
1,8000000,6055370641,79734688,6135105329
1,8000000,6066605661,79379097,6145984758
1,8000000,6057183868,79186714,6136370582
1,8000000,6061024270,79043774,6140068044
1,8000000,6824095173,79130804,6903225977
1,8000000,6062222038,79066701,6141288739
1,8000000,6070754653,79062256,6149816909
1,8000000,6819072842,79099145,6898171987
1,8000000,6064517050,79041501,6143558551
1,8000000,6050938696,79109967,6130048663
1,8000000,6061343661,79158145,6140501806
1,8000000,6830107143,79125328,6909232471
1,8000000,6064959109,79798088,6144757197
1,8000000,6071647827,79618184,6151266011
1,8000000,6054111076,79930152,6134041228
1,8000000,6054061949,79648562,6133710511
1,8000000,6052389806,79043632,6131433438
1,8000000,6043878370,79145418,6123023788
1,8000000,6832757482,79109427,6911866909
1,8000000,6060636680,79092126,6139728806
1,8000000,6052611085,79079897,6131690982
1,8000000,6858341174,79033221,6937374395
1,8000000,6076354822,79154883,6155509705
1,8000000,6050558336,79109845,6129668181
1,8000000,6823160022,79258490,6902418512
1,8000000,6064877215,78997360,6143874575
1,8000000,6059020587,79486396,6138506983
1,8000000,6053060164,79057924,6132118088
1,8000000,6060691726,79107012,6139798738
1,8000000,6050859389,79184133,6130043522
1,8000000,6056066440,79121768,6135188208
1,8000000,6826616293,79046300,6905662593
1,8000000,6815920926,79205655,6895126581
1,8000000,6067831082,79509989,6147341071
1,8000000,6054784448,79072153,6133856601
1,8000000,6836442039,79702599,6916144638
1,8000000,6055478642,79013361,6134492003
1,8000000,6051251284,79322405,6130573689
1,8000000,6062257436,79103574,6141361010
1,8000000,6823539372,79147523,6902686895
1,8000000,6058528265,79433916,6137962181
1,8000000,6057113785,79174780,6136288565
1,8000000,6050890446,79053399,6129943845
1,8000000,6822181213,79406984,6901588197
1,8000000,6069585577,79150822,6148736399
1,8000000,6056144591,79163927,6135308518
1,8000000,6059395800,79183081,6138578881
1,8000000,6046251811,79203746,6125455557
1,8000000,6067944762,79049456,6146994218
1,8000000,6069636141,79128886,6148765027
1,8000000,6056309190,79112291,6135421481
1,8000000,6827439037,79054219,6906493256
1,8000000,6063172529,79295304,6142467833
1,8000000,6068932480,79112442,6148044922
1,8000000,6060721929,79312568,6140034497
1,8000000,6062187097,79104292,6141291389
1,8000000,6057478677,79541960,6137020637
1,8000000,6054717387,79240252,6133957639
1,8000000,6063994870,79710214,6143705084
1,8000000,6844854316,79193853,6924048169
1,8000000,6058449499,79167467,6137616966
1,8000000,6063355065,79030577,6142385642
1,8000000,6053850088,79179562,6133029650
1,8000000,6869159130,79244148,6948403278
1,8000000,6057901175,79229013,6137130188
1,8000000,6818979138,79264633,6898243771
1,8000000,6058597186,79209303,6137806489
1,9000000,6801925807,89433372,6891359179
1,9000000,7678631023,89719628,7768350651
1,9000000,7685499906,89504953,7775004859
1,9000000,7688492913,89498778,7777991691
1,9000000,7672748743,89962691,7762711434
1,9000000,7680545769,89433455,7769979224
1,9000000,7687164924,89344162,7776509086
1,9000000,7678522244,89595779,7768118023
1,9000000,7694388951,89461716,7783850667
1,9000000,7680109083,89580880,7769689963
1,9000000,6811990632,89941887,6901932519
1,9000000,6818699036,89417207,6908116243
1,9000000,6801118200,89402242,6890520442
1,9000000,6796527167,89498062,6886025229
1,9000000,6800900232,89520957,6890421189
1,9000000,6806102333,89391772,6895494105
1,9000000,6803111385,89889260,6893000645
1,9000000,6801665413,89353796,6891019209
1,9000000,6804777662,89399885,6894177547
1,9000000,7671855166,89507495,7761362661
1,9000000,7676753981,89345854,7766099835
1,9000000,7674458081,90047914,7764505995
1,9000000,7676556804,89433303,7765990107
1,9000000,7722093611,89612563,7811706174
1,9000000,7678535888,89481899,7768017787
1,9000000,7667847702,89337664,7757185366
1,9000000,7672422199,89372701,7761794900
1,9000000,7676557174,89741738,7766298912
1,9000000,7685246809,89445084,7774691893
1,9000000,7668978473,89551712,7758530185
1,9000000,7693677657,89399380,7783077037
1,9000000,7685123287,89310500,7774433787
1,9000000,7699151812,89515574,7788667386
1,9000000,7684691448,90104954,7774796402
1,9000000,7674996803,89477339,7764474142
1,9000000,7672000412,89730248,7761730660
1,9000000,7685078067,89388441,7774466508
1,9000000,6809142284,89613770,6898756054
1,9000000,6807317001,89509795,6896826796
1,9000000,7676572087,89830776,7766402863
1,9000000,7690046878,89621422,7779668300
1,9000000,7690523839,89414365,7779938204
1,9000000,7700922694,89326981,7790249675
1,9000000,7684004281,89537012,7773541293
1,9000000,7683921249,89407180,7773328429
1,9000000,7673456159,89485858,7762942017
1,9000000,7674428707,89425784,7763854491
1,9000000,6808615661,89309894,6897925555
1,9000000,7680290742,89510032,7769800774
1,9000000,7675552359,89342193,7764894552
1,9000000,7673151942,89480969,7762632911
1,9000000,7679807126,89467425,7769274551
1,9000000,7685188183,89388945,7774577128
1,9000000,7716357906,89809640,7806167546
1,9000000,7686556916,89722901,7776279817
1,9000000,7682706278,89434588,7772140866
1,9000000,7688995718,89373319,7778369037
1,9000000,7679929414,89446129,7769375543
1,9000000,7694441550,89363268,7783804818
1,9000000,7681633853,90040469,7771674322
1,9000000,7681974528,89443025,7771417553
1,9000000,7679756489,89341256,7769097745
1,9000000,7724316851,89462086,7813778937
1,9000000,7687062454,89826130,7776888584
1,9000000,7827868157,197805388,8025673545
1,9000000,7694548585,89371071,7783919656
1,9000000,7675574252,89416020,7764990272
1,9000000,7683215068,89578555,7772793623
1,9000000,7670576127,90173964,7760750091
1,9000000,7677178291,89477650,7766655941
1,9000000,7674964143,89580717,7764544860
1,9000000,7681789346,89439466,7771228812
1,9000000,7683320741,89459379,7772780120
1,9000000,7680106906,89478594,7769585500
1,9000000,7685928952,89424109,7775353061
1,9000000,7689644154,89402301,7779046455
1,9000000,7679804200,89323449,7769127649
1,9000000,7688464257,89399742,7777863999
1,9000000,7674510878,89596087,7764106965
1,9000000,7674934224,89863126,7764797350
1,9000000,7689229673,89960009,7779189682
1,9000000,7684852959,89338174,7774191133
1,9000000,7674820255,89356494,7764176749
1,9000000,7695124216,89545069,7784669285
1,9000000,7673131205,89998381,7763129586
1,9000000,7719897903,89390017,7809287920
1,9000000,7668074502,89399264,7757473766
1,9000000,7688189035,89347366,7777536401
1,9000000,7684861813,90092354,7774954167
1,9000000,7673976397,89735634,7763712031
1,9000000,7685269086,89297394,7774566480
1,9000000,7683576049,89287447,7772863496
1,9000000,7682982753,89443631,7772426384
1,9000000,7668120568,89373780,7757494348
1,9000000,7678800346,89429415,7768229761
1,9000000,7690712291,89329850,7780042141
1,9000000,7679689488,89858472,7769547960
1,9000000,7688225747,89359001,7777584748
1,9000000,7681593255,89749626,7771342881
1,9000000,7681818376,89397646,7771216022
1,9000000,7679223862,89480054,7768703916
1,9000000,7681732359,89372590,7771104949
1,9000000,7685754969,89544666,7775299635
1,9000000,6801771627,89384266,6891155893
1,9000000,6811947181,89555569,6901502750
1,9000000,6802711152,89290672,6892001824
1,9000000,6814189405,89394084,6903583489
1,9000000,6805574338,89443401,6895017739
1,9000000,6825864507,89471578,6915336085
1,9000000,6805398873,89425071,6894823944
1,9000000,6815133689,91006146,6906139835
1,9000000,6805138997,89487008,6894626005
1,9000000,6849496758,89371412,6938868170
1,9000000,6809830942,89363592,6899194534
1,9000000,6814289024,89463626,6903752650
1,10000000,7557804155,98769180,7656573335
1,10000000,8538922152,98732739,8637654891
1,10000000,7551594281,98784061,7650378342
1,10000000,8531058171,99410623,8630468794
1,10000000,8533427345,98584375,8632011720
1,10000000,8536370437,99128106,8635498543
1,10000000,7566752139,98734569,7665486708
1,10000000,7569767903,98989102,7668757005
1,10000000,7621444095,125026669,7746470764
1,10000000,7565533039,98973022,7664506061
1,10000000,7559338627,98636774,7657975401
1,10000000,7545706492,98610406,7644316898
1,10000000,7560558778,98918850,7659477628
1,10000000,7555048092,98821573,7653869665
1,10000000,7557432586,98779286,7656211872
1,10000000,7559431181,98678953,7658110134
1,10000000,7593619420,98733760,7692353180
1,10000000,7560562224,99179415,7659741639
1,10000000,7549265192,98688152,7647953344
1,10000000,7561630731,98710642,7660341373
1,10000000,7567466668,98746132,7666212800
1,10000000,7563277443,99286520,7662563963
1,10000000,7557193342,98791484,7655984826
1,10000000,7554445608,98708305,7653153913
1,10000000,7565439683,98712567,7664152250
1,10000000,7572171272,99070969,7671242241
1,10000000,7556088832,98794468,7654883300
1,10000000,7597979737,99267437,7697247174
1,10000000,7557388250,98680188,7656068438
1,10000000,7551632761,98733516,7650366277
1,10000000,7548503460,98761567,7647265027
1,10000000,8545994748,98764658,8644759406
1,10000000,7563732110,98642115,7662374225
1,10000000,7583795214,98800145,7682595359
1,10000000,8547091670,99162193,8646253863
1,10000000,7556818860,98633593,7655452453
1,10000000,7556825395,98647407,7655472802
1,10000000,7555792491,98620023,7654412514
1,10000000,7547043645,98682271,7645725916
1,10000000,7560157066,98852245,7659009311
1,10000000,7554004036,99160622,7653164658
1,10000000,7573069759,100648715,7673718474
1,10000000,7588391656,98658325,7687049981
1,10000000,8538914105,98789356,8637703461
1,10000000,7569087129,98929946,7668017075
1,10000000,7562595808,98715711,7661311519
1,10000000,7587323092,98730508,7686053600
1,10000000,7583987437,98792235,7682779672
1,10000000,7568638951,98659243,7667298194
1,10000000,7560694754,99130222,7659824976
1,10000000,7560658649,99329988,7659988637
1,10000000,7582722568,98666776,7681389344
1,10000000,7555188260,98708066,7653896326
1,10000000,7562085422,98611375,7660696797
1,10000000,7575707210,99263136,7674970346
1,10000000,7556990799,98743863,7655734662
1,10000000,7586001358,98639919,7684641277
1,10000000,7614914725,98650757,7713565482
1,10000000,7570139100,99264023,7669403123
1,10000000,7546835291,98766318,7645601609
1,10000000,7564445457,98704116,7663149573
1,10000000,7557061417,98680166,7655741583
1,10000000,7559969598,98955482,7658925080
1,10000000,7556161999,98606281,7654768280
1,10000000,7557918385,98781923,7656700308
1,10000000,7564766913,98852356,7663619269
1,10000000,7560322014,98774936,7659096950
1,10000000,7575535819,98879307,7674415126
1,10000000,7556232254,98846659,7655078913
1,10000000,7562280608,98640548,7660921156
1,10000000,7563095822,99189355,7662285177
1,10000000,7546742391,98877848,7645620239
1,10000000,7553569797,98736967,7652306764
1,10000000,7579315032,98760143,7678075175
1,10000000,7587755909,99238452,7686994361
1,10000000,7593803526,98677034,7692480560
1,10000000,7564441884,98786130,7663228014
1,10000000,7547687764,98720521,7646408285
1,10000000,7557293115,98599342,7655892457
1,10000000,7560348404,98869077,7659217481
1,10000000,7584832762,98800069,7683632831
1,10000000,7566728353,98764562,7665492915
1,10000000,7562252786,98835925,7661088711
1,10000000,7547378643,98901240,7646279883
1,10000000,7559726330,99395766,7659122096
1,10000000,7557767848,98848716,7656616564
1,10000000,7577762252,98725413,7676487665
1,10000000,7551384371,98812557,7650196928
1,10000000,7553750582,98680006,7652430588
1,10000000,7554808122,98656689,7653464811
1,10000000,7568481340,98763504,7667244844
1,10000000,8525717129,99162334,8624879463
1,10000000,7554604169,98860987,7653465156
1,10000000,7573749581,98845362,7672594943
1,10000000,8541910362,98746721,8640657083
1,10000000,7585206090,98687813,7683893903
1,10000000,7549755865,98831433,7648587298
1,10000000,7560318130,99270918,7659589048
1,10000000,7567767160,98584954,7666352114
1,10000000,7582811646,99257846,7682069492
1,10000000,7564798180,98818484,7663616664
1,10000000,7556245802,98839214,7655085016
1,10000000,7562100976,98752045,7660853021
1,10000000,7567229904,98735966,7665965870
1,10000000,7552265108,98661694,7650926802
1,10000000,7553020493,98908194,7651928687
1,10000000,7555484203,98658495,7654142698
1,10000000,7555577129,98779579,7654356708
1,10000000,7562191539,98892062,7661083601
1,10000000,7557926505,98855024,7656781529
1,10000000,7565153396,98863791,7664017187
1,10000000,7560734864,98673944,7659408808
1,10000000,7551967482,99268336,7651235818
1,10000000,7558441538,99305299,7657746837
1,10000000,7557059890,98830225,7655890115
1,10000000,7563646887,98760092,7662406979
1,10000000,7560992884,98876621,7659869505
1,10000000,7566593766,98737619,7665331385
1,10000000,7553819115,98779401,7652598516
1,10000000,7569452997,98665112,7668118109
1,10000000,7554152342,98895486,7653047828
1,10000000,7549370609,98714171,7648084780
1,10000000,7588897121,98713502,7687610623
1,10000000,7545893925,98646402,7644540327
1,10000000,7555731483,98649122,7654380605
1,10000000,7552577594,98787644,7651365238
1,10000000,7558284402,98782413,7657066815
1,10000000,7612765542,98746823,7711512365
1,10000000,7591093703,98940594,7690034297
1,10000000,7565616261,98806828,7664423089
1,10000000,7558091772,98623012,7656714784
1,10000000,7566086516,98617485,7664704001
1,10000000,8535635565,98745193,8634380758
1,10000000,8528027746,98782918,8626810664
1,10000000,7561140571,98577440,7659718011
1,10000000,7560928835,98786654,7659715489
1,10000000,7552579638,98763393,7651343031
1,10000000,7568543283,98600021,7667143304
1,10000000,8531885858,99112181,8630998039
1,10000000,7557270813,98649117,7655919930
1,10000000,7548079814,99215127,7647294941
1,10000000,7588922367,98690885,7687613252
1,10000000,7553586109,98662831,7652248940
1,10000000,7550274980,98847918,7649122898
1,10000000,7571092771,99280595,7670373366
1,10000000,7567801427,98646560,7666447987
1,10000000,7613538263,99210610,7712748873
1,10000000,7576554855,98799240,7675354095
1,10000000,7557282124,98647696,7655929820
1,10000000,7548305255,99014829,7647320084
1,10000000,7557778939,98770735,7656549674
1,10000000,7554890919,99263479,7654154398
1,10000000,8543959546,99213413,8643172959
1,10000000,7558227668,98826860,7657054528
1,10000000,7551066237,98640431,7649706668
1,10000000,7595084498,98750146,7693834644
1,10000000,7559182699,98869431,7658052130
1,10000000,7564946517,98878032,7663824549
1,10000000,7595253039,98805537,7694058576
1,10000000,7562436688,99182726,7661619414
1,10000000,7554372109,99269626,7653641735
1,10000000,8528081097,98763446,8626844543
1,10000000,7561488079,98702283,7660190362
1,10000000,7566062968,98569809,7664632777
1,10000000,7561550160,98770861,7660321021
1,10000000,7563812290,98688482,7662500772
1,10000000,7557575582,98712772,7656288354
1,10000000,7556783733,98854724,7655638457
1,10000000,7570829985,98733178,7669563163
1,10000000,7565303027,98705840,7664008867
1,10000000,8546272621,98757666,8645030287
1,10000000,7555309754,98881741,7654191495
1,10000000,7559610787,99223303,7658834090
1,10000000,7558504733,98837035,7657341768
1,10000000,7561993968,98689882,7660683850
1,10000000,7557088065,98833081,7655921146
1,10000000,7557944743,98712076,7656656819
1,10000000,7548855352,98692765,7647548117
1,10000000,7567877744,98687797,7666565541
1,10000000,7552434660,98714820,7651149480
1,10000000,7564328633,99045799,7663374432
1,10000000,7547327439,99268411,7646595850
1,10000000,7566798142,98746796,7665544938
1,10000000,7551917387,99690404,7651607791
1,10000000,7562434515,98788166,7661222681
1,10000000,7558607148,99151891,7657759039
1,10000000,7565884150,98801544,7664685694
1,10000000,7552722818,99259436,7651982254
1,10000000,7559852669,98683679,7658536348
1,10000000,7558041558,98666901,7656708459
1,10000000,7565372537,98692389,7664064926
1,10000000,7551977666,99135032,7651112698
1,10000000,7550041866,98860192,7648902058
1,10000000,7552432161,98611303,7651043464
1,10000000,7572830254,98812499,7671642753
1,10000000,7556336564,98845535,7655182099
1,10000000,7558493940,99175413,7657669353
1,10000000,7545822752,98826980,7644649732
1,10000000,7590133451,98775894,7688909345
1,10000000,7547823482,99276889,7647100371
1,10000000,7549855964,98897106,7648753070
1,10000000,7563539725,98864541,7662404266
1,10000000,7603439660,98719261,7702158921
1,10000000,7554624973,98661169,7653286142
1,10000000,7559275409,98690212,7657965621
1,10000000,7564269182,99214883,7663484065
1,10000000,7587278338,98665353,7685943691
1,10000000,7551928185,98573945,7650502130
1,10000000,7552125187,98902418,7651027605
1,10000000,7561697804,98708237,7660406041
1,10000000,8521632022,98968308,8620600330
1,10000000,7559494081,99294124,7658788205
1,10000000,7551615594,98743395,7650358989
1,10000000,7571081656,98695887,7669777543
1,10000000,7572554142,98914042,7671468184
1,10000000,7557989881,98946698,7656936579
1,10000000,7568050127,98625932,7666676059
1,10000000,7563517435,98784463,7662301898
1,10000000,7550589067,98728282,7649317349
1,10000000,7568663191,99221145,7667884336
1,10000000,7558461842,98728675,7657190517
1,10000000,7559290916,98769409,7658060325
1,10000000,7569597370,98591906,7668189276
1,10000000,7589262136,98609510,7687871646
1,10000000,7554839221,98710784,7653550005
1,10000000,7560203621,98761507,7658965128
1,10000000,7550484045,98766067,7649250112
1,10000000,7568165591,99044168,7667209759
1,10000000,7551610578,98647923,7650258501
1,10000000,7581312040,98905466,7680217506
1,20000000,15209305194,198059923,15407365117
1,20000000,15300901637,198097047,15498998684
1,20000000,17299729662,197344080,17497073742
1,20000000,15193041696,202239036,15395280732
1,20000000,17246454099,197315203,17443769302
1,20000000,15195633665,198466785,15394100450
1,20000000,15175378662,198201370,15373580032
1,20000000,17265568817,197270711,17462839528
1,20000000,15201799121,197225512,15399024633
1,20000000,17244914681,197757584,17442672265
1,20000000,15209412370,197156723,15406569093
1,20000000,17290043192,197342822,17487386014
1,20000000,15200010991,197259853,15397270844
1,20000000,17243745597,197545084,17441290681
1,20000000,15194767317,197104892,15391872209
1,20000000,17245731407,197294685,17443026092
1,20000000,15192036752,197373857,15389410609
1,20000000,17261154233,197155951,17458310184
1,20000000,15242533857,197514626,15440048483
1,20000000,17237697439,197676020,17435373459
1,20000000,15202384919,197103740,15399488659
1,20000000,17254672387,197165058,17451837445
1,20000000,15202684021,197644039,15400328060
1,20000000,17231780074,197373644,17429153718
1,20000000,15189169957,197323512,15386493469
1,20000000,17239837086,197292520,17437129606
1,20000000,15231931715,197189798,15429121513
1,20000000,17216296680,197098367,17413395047
1,20000000,15188012337,202037167,15390049504
1,20000000,17240305809,197775063,17438080872
1,20000000,15230275298,197351318,15427626616
1,20000000,17321229915,198097101,17519327016
1,20000000,15221396567,196830154,15418226721
1,20000000,17255514354,197555333,17453069687
1,20000000,15181651267,197253455,15378904722
1,20000000,17235209388,197728719,17432938107
1,20000000,15180394041,197028284,15377422325
1,20000000,17252882319,197319494,17450201813
1,20000000,15238213884,198187712,15436401596
1,20000000,17251588869,198556083,17450144952
1,20000000,15211734014,197235624,15408969638
1,20000000,17235360667,197429973,17432790640
1,20000000,15184457685,197831136,15382288821
1,20000000,17229316643,198352801,17427669444
1,20000000,15207423802,198178158,15405601960
1,20000000,17214722853,197281046,17412003899
1,20000000,15228433343,197197980,15425631323
1,20000000,17308946056,197889524,17506835580
1,20000000,15190467766,197168552,15387636318
1,20000000,17227063135,197794073,17424857208
1,20000000,15205822556,197230742,15403053298
1,20000000,17315459483,197218693,17512678176
1,20000000,15272420501,198221732,15470642233
1,20000000,17230127991,197602787,17427730778
1,20000000,15209872700,196767655,15406640355
1,20000000,17234378179,197259361,17431637540
1,20000000,15206106452,198030091,15404136543
1,20000000,17234241329,197571268,17431812597
1,20000000,15198046290,198039023,15396085313
1,20000000,17228025490,197627696,17425653186
1,20000000,15226477469,197017997,15423495466
1,20000000,17233614702,197258579,17430873281
1,20000000,15188966531,197291536,15386258067
1,20000000,17223709232,197285460,17420994692
1,20000000,15200755307,197733769,15398489076
1,20000000,17255510390,197798266,17453308656
1,20000000,15236135262,198057343,15434192605
1,20000000,17229006352,197074141,17426080493
1,20000000,15174115334,197752666,15371868000
1,20000000,15179470023,197379518,15376849541
1,20000000,15181254090,197346317,15378600407
1,20000000,15182984527,197738221,15380722748
1,20000000,17230713104,198194584,17428907688
1,20000000,15222333752,197460623,15419794375
1,20000000,17271422400,198193720,17469616120
1,20000000,15176699992,197612607,15374312599
1,20000000,17263152815,197324260,17460477075
1,20000000,15210808725,197326578,15408135303
1,20000000,17262118227,197385539,17459503766
1,20000000,15162259142,197477838,15359736980
1,20000000,17258821147,197212575,17456033722
1,20000000,15188750153,197269658,15386019811
1,20000000,15182214044,197183181,15379397225
1,20000000,17219648156,197404998,17417053154
1,20000000,15205127860,197161445,15402289305
1,20000000,17243930604,197369171,17441299775
1,20000000,15202516618,197499070,15400015688
1,20000000,17234983141,197404254,17432387395
1,20000000,15203672011,198395666,15402067677
1,20000000,17221379728,198540526,17419920254
1,20000000,15197692792,197945979,15395638771
1,20000000,17271654045,197104308,17468758353
1,20000000,15224847756,197570615,15422418371
1,20000000,17217216336,197379601,17414595937
1,20000000,15203000773,197212014,15400212787
1,20000000,17235617257,198066975,17433684232
1,20000000,15192798903,197230157,15390029060
1,20000000,17268076536,197305799,17465382335
1,20000000,15196081654,197157171,15393238825
1,20000000,17245997214,197305301,17443302515
1,20000000,15238277363,197086857,15435364220
1,20000000,17304516119,197615312,17502131431
1,20000000,15218998244,197186870,15416185114
1,20000000,17269712108,197202832,17466914940
1,20000000,15249448560,197262493,15446711053
1,20000000,17297545263,197560293,17495105556
1,20000000,15204192098,197211986,15401404084
1,20000000,17322275533,197183521,17519459054
1,20000000,15248685876,197259211,15445945087
1,20000000,17228020447,196866581,17424887028
1,20000000,15203990787,197283199,15401273986
1,20000000,17239241346,197209990,17436451336
1,20000000,15262968329,198037705,15461006034
1,20000000,15211364956,197428714,15408793670
1,20000000,17254357664,197083033,17451440697
1,30000000,22981301829,295973238,23277275067
1,30000000,23091554385,294473171,23386027556
1,30000000,22953788552,294862770,23248651322
1,30000000,22961347111,301546094,23262893205
1,30000000,22972758784,295191718,23267950502
1,30000000,23076645407,294312793,23370958200
1,30000000,22972444168,294517194,23266961362
1,30000000,23096617490,295254481,23391871971
1,30000000,22989569774,295104118,23284673892
1,30000000,22978609970,294888309,23273498279
1,30000000,22949673995,295965526,23245639521
1,30000000,22992904573,295141562,23288046135
1,30000000,22918078242,294912772,23212991014
1,30000000,23010350930,294627469,23304978399
1,30000000,22984955259,294569475,23279524734
1,30000000,22983704932,294186503,23277891435
1,30000000,22988935181,294724619,23283659800
1,30000000,22972010216,294823730,23266833946
1,30000000,22951285740,295940159,23247225899
1,30000000,22977923320,294633198,23272556518
1,30000000,22947604073,294887941,23242492014
1,30000000,23001487597,296189532,23297677129
1,30000000,22948522997,294690199,23243213196
1,30000000,23001160606,294481253,23295641859
1,30000000,26102924830,294504432,26397429262
1,30000000,22999635219,295142565,23294777784
1,30000000,26075256386,296340459,26371596845
1,30000000,23015172799,295431798,23310604597
1,30000000,22959773406,294560738,23254334144
1,30000000,23000577263,294277717,23294854980
1,30000000,22967015864,295208393,23262224257
1,30000000,22983519925,294428072,23277947997
1,30000000,22984938486,296157527,23281096013
1,30000000,22980120444,295139603,23275260047
1,30000000,22946474002,294384746,23240858748
1,30000000,22968661571,294709790,23263371361
1,30000000,23029672060,295891159,23325563219
1,30000000,22982117555,294516967,23276634522
1,30000000,22942641534,296488929,23239130463
1,30000000,22979773902,294398075,23274171977
1,30000000,22953508845,294520664,23248029509
1,30000000,22952222671,296066352,23248289023
1,30000000,22967298536,294776905,23262075441
1,30000000,22963033563,296220557,23259254120
1,30000000,23081645316,294849760,23376495076
1,30000000,22987329988,294353804,23281683792
1,30000000,22964221133,294538825,23258759958
1,30000000,22958158641,295288460,23253447101
1,30000000,22949093881,295034608,23244128489
1,30000000,22977289440,295029626,23272319066
1,30000000,22934862802,294643163,23229505965
1,30000000,22962547545,299415894,23261963439
1,30000000,22976994599,294523936,23271518535
1,30000000,23012465819,294368691,23306834510
1,30000000,22983597461,294371979,23277969440
1,30000000,22945745443,294394571,23240140014
1,30000000,22924487019,295226173,23219713192
1,30000000,22929932843,294746916,23224679759
1,30000000,22994895205,294930320,23289825525
1,30000000,22989815590,295348804,23285164394
1,30000000,22993305417,295415243,23288720660
1,30000000,22944020401,295192109,23239212510
1,30000000,22935593868,294852751,23230446619
1,30000000,22954649205,294440755,23249089960
1,30000000,22994499539,294505982,23289005521
1,30000000,23019742953,294852096,23314595049
1,30000000,22987628543,294960312,23282588855
1,30000000,22957706444,294627220,23252333664
1,30000000,22982949302,294261424,23277210726
1,30000000,22956576551,296059753,23252636304
1,30000000,22994852622,294310933,23289163555
1,30000000,23030833023,294943380,23325776403
1,30000000,22983114384,294441000,23277555384
1,30000000,22962764987,294490976,23257255963
1,30000000,22934451689,294331550,23228783239
1,30000000,22965366974,294668473,23260035447
1,30000000,23003826251,294577953,23298404204
1,30000000,22995022257,295127181,23290149438
1,30000000,22968727814,294641476,23263369290
1,30000000,22939534344,294414719,23233949063
1,30000000,22944347221,294439237,23238786458
1,30000000,22932553438,294657508,23227210946
1,30000000,22964570926,294461687,23259032613
1,30000000,23005502626,296799664,23302302290
1,30000000,22949015375,295442285,23244457660
1,30000000,22973732102,294578508,23268310610
1,30000000,22975355855,294838596,23270194451
1,30000000,22977907716,296181525,23274089241
1,30000000,22945075303,294898505,23239973808
1,30000000,22932199882,294981531,23227181413
1,30000000,22945146477,294629115,23239775592
1,30000000,22992608517,294270617,23286879134
1,30000000,22967775150,294162639,23261937789
1,30000000,22976421308,294604003,23271025311
1,30000000,22950171609,294628522,23244800131
1,30000000,23035186951,294722318,23329909269
1,30000000,22989157999,296144076,23285302075
1,30000000,22960492979,294604343,23255097322
1,30000000,22990499151,294466831,23284965982
1,30000000,22958187336,294315297,23252502633
1,30000000,22953454988,295203404,23248658392
1,30000000,22978114724,295181403,23273296127
1,30000000,23008242141,294552109,23302794250
1,30000000,23068275720,294711321,23362987041
1,30000000,23090133598,294792375,23384925973
1,30000000,22971271945,294819584,23266091529
1,30000000,22986245041,294712136,23280957177
1,30000000,22994862779,294825462,23289688241
1,30000000,22987240164,294775800,23282015964
1,30000000,22987068707,294595661,23281664368
1,30000000,22985351996,296034314,23281386310
1,30000000,22976540408,294523592,23271064000
1,30000000,22970330627,294525745,23264856372
1,30000000,23047952685,294716492,23342669177
1,30000000,23001815299,294737443,23296552742
1,40000000,30556420340,395920838,30952341178
1,40000000,30589103312,393232712,30982336024
1,40000000,34921057344,394660818,35315718162
1,40000000,34855898049,392963589,35248861638
1,40000000,34794522537,392964740,35187487277
1,40000000,34841764735,394738394,35236503129
1,40000000,34807075495,392873298,35199948793
1,40000000,34826940160,395409576,35222349736
1,40000000,34970411764,395000649,35365412413
1,40000000,34808292819,393256737,35201549556
1,40000000,34861648991,395070740,35256719731
1,40000000,34803892581,392970488,35196863069
1,40000000,35007290488,395653213,35402943701
1,40000000,34867046375,392956608,35260002983
1,40000000,34895736967,393497365,35289234332
1,40000000,34795932913,393712769,35189645682
1,40000000,35013792571,393676912,35407469483
1,40000000,34938874883,393197941,35332072824
1,40000000,34923138666,393341966,35316480632
1,40000000,35100077968,393429515,35493507483
1,40000000,34794029419,393327132,35187356551
1,40000000,34945096136,393872016,35338968152
1,40000000,34885510690,393679515,35279190205
1,40000000,34847009607,393784412,35240794019
1,40000000,34844553216,393029611,35237582827
1,40000000,34863973645,393451149,35257424794
1,40000000,34997572701,393182401,35390755102
1,40000000,34833719126,393627358,35227346484
1,40000000,34900493397,393429434,35293922831
1,40000000,34844643855,393709762,35238353617
1,40000000,35030420171,395220079,35425640250
1,40000000,34893989321,395546382,35289535703
1,40000000,34803722236,394956678,35198678914
1,40000000,34821736364,393417762,35215154126
1,40000000,34930902241,393680839,35324583080
1,40000000,34846433804,393298441,35239732245
1,40000000,34876962413,395987849,35272950262
1,40000000,34831358939,393408827,35224767766
1,40000000,34865640999,393676390,35259317389
1,40000000,34889011746,393518595,35282530341
1,40000000,34898822457,394954825,35293777282
1,40000000,34861984805,393807804,35255792609
1,40000000,34784391828,392980887,35177372715
1,40000000,34823049024,393461642,35216510666
1,40000000,34889970531,393120233,35283090764
1,40000000,34840746140,395209979,35235956119
1,40000000,30536119377,393712447,30929831824
1,40000000,34987171180,395481067,35382652247
1,40000000,34825998172,393114321,35219112493
1,40000000,34853238545,395846940,35249085485
1,40000000,34865626378,393454380,35259080758
1,40000000,34874150478,393312036,35267462514
1,40000000,34877435863,394988471,35272424334
1,40000000,34852194102,393178838,35245372940
1,40000000,34793744215,393256789,35187001004
1,40000000,35068097895,392956704,35461054599
1,40000000,34836187617,392966968,35229154585
1,40000000,34940296057,393515055,35333811112
1,40000000,34923666840,393343204,35317010044
1,40000000,34952848933,395082859,35347931792
1,40000000,34846674945,393253843,35239928788
1,40000000,30603385396,393800513,30997185909
1,40000000,34875067206,393836555,35268903761
1,40000000,34894092194,395466013,35289558207
1,40000000,34899557051,393116418,35292673469
1,40000000,35005191945,393590593,35398782538
1,40000000,34991346116,393198503,35384544619
1,40000000,34843341615,393219343,35236560958
1,40000000,34858941029,394523275,35253464304
1,40000000,34844118303,393257533,35237375836
1,40000000,34805774719,393161907,35198936626
1,40000000,34859534488,393199009,35252733497
1,40000000,34829706654,393661640,35223368294
1,40000000,34918188382,393312730,35311501112
1,40000000,34835375657,393754427,35229130084
1,40000000,34830546881,392969819,35223516700
1,40000000,34861800540,393575736,35255376276
1,40000000,35022193139,392987006,35415180145
1,40000000,34793270583,393549001,35186819584
1,40000000,34837375508,393341019,35230716527
1,40000000,34845744063,395699970,35241444033
1,40000000,34776783302,393016553,35169799855
1,40000000,34867962221,395530474,35263492695
1,40000000,34802639884,393363934,35196003818
1,40000000,34891414418,395619301,35287033719
1,40000000,34958456969,393694325,35352151294
1,40000000,34825234377,395122306,35220356683
1,40000000,34846227272,393674341,35239901613
1,40000000,34817833071,394835846,35212668917
1,40000000,34855917973,393233191,35249151164
1,40000000,34979847965,394949813,35374797778
1,40000000,34931014650,393436512,35324451162
1,40000000,34846282326,393163337,35239445663
1,40000000,34960565573,393258430,35353824003
1,40000000,34866413848,393077947,35259491795
1,40000000,34906596570,393054609,35299651179
1,40000000,34864940025,393294249,35258234274
1,40000000,34823019332,392973872,35215993204
1,40000000,34819950350,392573920,35212524270
1,40000000,34820803943,394864130,35215668073
1,40000000,34830315966,392870437,35223186403
1,40000000,34803696587,393847025,35197543612
1,40000000,34843847156,395125328,35238972484
1,40000000,34856380207,393493851,35249874058
1,40000000,34808576168,393007226,35201583394
1,40000000,34873803058,395927586,35269730644
1,40000000,34815204130,393618590,35208822720
1,40000000,34874919134,393616084,35268535218
1,40000000,34826012926,393892263,35219905189
1,40000000,34853043422,395714939,35248758361
1,40000000,34900371085,393192950,35293564035
1,40000000,34953599951,394917826,35348517777
1,40000000,34840429318,393497969,35233927287
1,40000000,34879881282,393127557,35273008839
1,40000000,34920693739,393418253,35314111992
1,50000000,43769246008,493778885,44263024893
1,50000000,43538551205,492861555,44031412760
1,50000000,43704867182,491144919,44196012101
1,50000000,43578728247,493486693,44072214940
1,50000000,43677883491,490781259,44168664750
1,50000000,43609979644,493310099,44103289743
1,50000000,43599096727,490413276,44089510003
1,50000000,43696345228,490776587,44187121815
1,50000000,43546034456,493012015,44039046471
1,50000000,43599344447,491167392,44090511839
1,50000000,43598816516,492061425,44090877941
1,50000000,43633120426,785132859,44418253285
1,50000000,43615626153,493278167,44108904320
1,50000000,43527294225,490705973,44018000198
1,50000000,43574985129,490756333,44065741462
1,50000000,43633114001,490605178,44123719179
1,50000000,43684455238,490447674,44174902912
1,50000000,38148912024,490548008,38639460032
1,50000000,43685241761,491247138,44176488899
1,50000000,38160825971,490675779,38651501750
1,50000000,43717994636,490950983,44208945619
1,50000000,43741453608,490666473,44232120081
1,50000000,43709861334,490865898,44200727232
1,50000000,38182902418,493028038,38675930456
1,50000000,43666904612,490624109,44157528721
1,50000000,38274664136,490444249,38765108385
1,50000000,38178875957,491101738,38669977695
1,50000000,43752151586,493144908,44245296494
1,50000000,38203488226,493452458,38696940684
1,50000000,43715632188,490741754,44206373942
1,50000000,38113269137,490545862,38603814999
1,50000000,43668412624,492784788,44161197412
1,50000000,38120018494,490310103,38610328597
1,50000000,43826592985,492892970,44319485955
1,50000000,38141578525,491435709,38633014234
1,50000000,43600546209,492742621,44093288830
1,50000000,38171456139,490530386,38661986525
1,50000000,43620848548,490729383,44111577931
1,50000000,38269903940,493105104,38763009044
1,50000000,43567278335,493460600,44060738935
1,50000000,38226091616,490631486,38716723102
1,50000000,43590681319,490531222,44081212541
1,50000000,38196829477,491051794,38687881271
1,50000000,43602004184,490301131,44092305315
1,50000000,38219303266,490957101,38710260367
1,50000000,43605247306,492024513,44097271819
1,50000000,38131056577,490453653,38621510230
1,50000000,43567407584,492859700,44060267284
1,50000000,38195293354,490665786,38685959140
1,50000000,43637227180,492640861,44129868041
1,50000000,38279625120,493172219,38772797339
1,50000000,43676289801,492806390,44169096191
1,50000000,38192970394,493062618,38686033012
1,50000000,43585958236,490679760,44076637996
1,50000000,38547645082,493373890,39041018972
1,50000000,38240859798,490628137,38731487935
1,50000000,38363808920,490390856,38854199776
1,50000000,38321492163,491135522,38812627685
1,50000000,38123707129,491293310,38615000439
1,50000000,43667364763,490568661,44157933424
1,50000000,38291851259,491161960,38783013219
1,50000000,38183433985,490504636,38673938621
1,50000000,43765259197,491842526,44257101723
1,50000000,38219633824,490442822,38710076646
1,50000000,43647322470,491276565,44138599035
1,50000000,43597645476,491127578,44088773054
1,50000000,38222896540,492980191,38715876731
1,50000000,43587505299,494378212,44081883511
1,50000000,43640652867,490980708,44131633575
1,50000000,38164196622,493675879,38657872501
1,50000000,38194938412,490323096,38685261508
1,50000000,43723106765,492816702,44215923467
1,50000000,38136754319,493231661,38629985980
1,50000000,43627666067,490980320,44118646387
1,50000000,43565064513,491184789,44056249302
1,50000000,43606463763,493324227,44099787990
1,50000000,38174569089,492955159,38667524248
1,50000000,43557301848,491066410,44048368258
1,50000000,43662330503,490778667,44153109170
1,50000000,43706862476,490507667,44197370143
1,50000000,38203842606,493092976,38696935582
1,50000000,43765547169,494099134,44259646303
1,50000000,43716887260,490563045,44207450305
1,50000000,43644547372,491106053,44135653425
1,50000000,38197422853,491648579,38689071432
1,50000000,43595697057,492809762,44088506819
1,50000000,43586493426,491109396,44077602822
1,50000000,43587524112,492093906,44079618018
1,50000000,38229589880,490360552,38719950432
1,50000000,43596490585,493146873,44089637458
1,50000000,43588958457,490730309,44079688766
1,50000000,43697879023,491170828,44189049851
1,50000000,38222982521,490817924,38713800445
1,50000000,43657299780,490395541,44147695321
1,50000000,43628485295,490884988,44119370283
1,50000000,43588134925,490294606,44078429531
1,50000000,38174520449,491024019,38665544468
1,50000000,43591345764,491132306,44082478070
1,50000000,43675306445,493045947,44168352392
1,50000000,43590012354,490775476,44080787830
1,50000000,38215314851,490929332,38706244183
1,50000000,43712369801,491449013,44203818814
1,50000000,43656853428,490868209,44147721637
1,50000000,43610589168,492804602,44103393770
1,50000000,38209481692,490911260,38700392952
1,50000000,43653847824,490793776,44144641600
1,50000000,38126109291,492857155,38618966446
1,50000000,38218015399,491030877,38709046276
1,50000000,38168161636,492687374,38660849010
1,50000000,38158520201,490388967,38648909168
1,50000000,43539373773,491180518,44030554291
1,50000000,43624419820,490633775,44115053595
1,50000000,43626203814,490639141,44116842955
1,50000000,43613184800,490663593,44103848393
1,50000000,43546910903,490470902,44037381805
1,60000000,52842792365,589148085,53431940450
1,60000000,52826398749,588611897,53415010646
1,60000000,46301404662,592645778,46894050440
1,60000000,46352007521,592367702,46944375223
1,60000000,46164318216,589520152,46753838368
1,60000000,52813450291,590142242,53403592533
1,60000000,46233802776,589107786,46822910562
1,60000000,46335487395,589929672,46925417067
1,60000000,46136289817,590427219,46726717036
1,60000000,46249216010,592777624,46841993634
1,60000000,46182772223,592433677,46775205900
1,60000000,46120787151,589309047,46710096198
1,60000000,52784922651,589459434,53374382085
1,60000000,46387606171,589989732,46977595903
1,60000000,46227617358,592645978,46820263336
1,60000000,46129917938,589411421,46719329359
1,60000000,46337949139,590003931,46927953070
1,60000000,46149451296,589818757,46739270053
1,60000000,53206450234,592710430,53799160664
1,60000000,46254922218,590887796,46845810014
1,60000000,46251006797,593051862,46844058659
1,60000000,46387218762,592798973,46980017735
1,60000000,46199647641,589862421,46789510062
1,60000000,46122299490,589681153,46711980643
1,60000000,46274131826,590593382,46864725208
1,60000000,46188081257,589926726,46778007983
1,60000000,46121163538,589513012,46710676550
1,60000000,46332114332,592422938,46924537270
1,60000000,52807577874,588506057,53396083931
1,60000000,46159183945,592324069,46751508014
1,60000000,46315208920,594539060,46909747980
1,60000000,46160118774,589289589,46749408363
1,60000000,46259800139,593220679,46853020818
1,60000000,52774360250,590314642,53364674892
1,60000000,46200190866,590228709,46790419575
1,60000000,52757658822,589431513,53347090335
1,60000000,46161162369,589446714,46750609083
1,60000000,46409163151,589752535,46998915686
1,60000000,52847711301,589841649,53437552950
1,60000000,46195617140,589242702,46784859842
1,60000000,52780397822,589191062,53369588884
1,60000000,46189379711,592442474,46781822185
1,60000000,46170612924,589477311,46760090235
1,60000000,46139119421,593043579,46732163000
1,60000000,46217408620,592549051,46809957671
1,60000000,46203188618,589609156,46792797774
1,60000000,46208018672,590384524,46798403196
1,60000000,46119861887,589419081,46709280968
1,60000000,46372613287,592427350,46965040637
1,60000000,46391366174,589518446,46980884620
1,60000000,53085736870,590242786,53675979656
1,60000000,46146388677,592487291,46738875968
1,60000000,46393613606,590098874,46983712480
1,60000000,46173255479,592503467,46765758946
1,60000000,46329666016,589833175,46919499191
1,60000000,52791396708,592385748,53383782456
1,60000000,53018654118,590040472,53608694590
1,60000000,46228784055,589374014,46818158069
1,60000000,46205000319,590546399,46795546718
1,60000000,46284302325,588298575,46872600900
1,60000000,46135271973,589100684,46724372657
1,60000000,46259736725,588617886,46848354611
1,60000000,46182360360,590213673,46772574033
1,60000000,46265472595,589344459,46854817054
1,60000000,52807525569,589592561,53397118130
1,60000000,46245205755,589403048,46834608803
1,60000000,46180483278,592321790,46772805068
1,60000000,46270467682,589433915,46859901597
1,60000000,52863161195,589369713,53452530908
1,60000000,46207006295,589884434,46796890729
1,60000000,46407949554,592622689,47000572243
1,60000000,46244830726,589254580,46834085306
1,60000000,46197881617,590254030,46788135647
1,60000000,46170974693,589553036,46760527729
1,60000000,46198814189,589593651,46788407840
1,60000000,46276342536,592818844,46869161380
1,60000000,52829232821,589422495,53418655316
1,60000000,46320748509,589279781,46910028290
1,60000000,46283838793,588995683,46872834476
1,60000000,46285922480,589790825,46875713305
1,60000000,46208286808,593122120,46801408928
1,60000000,46180947839,589572632,46770520471
1,60000000,46185304662,590158864,46775463526
1,60000000,46211261729,589348849,46800610578
1,60000000,52764125340,589412602,53353537942
1,60000000,46128956523,590260977,46719217500
1,60000000,46292878524,589758196,46882636720
1,60000000,46159995807,592657092,46752652899
1,60000000,52795617310,589912970,53385530280
1,60000000,46232348535,589494030,46821842565
1,60000000,46143988448,589254050,46733242498
1,60000000,46190700515,589156658,46779857173
1,60000000,46276038553,589582590,46865621143
1,60000000,46211410487,591012389,46802422876
1,60000000,46186139737,589266395,46775406132
1,60000000,46353084979,589119734,46942204713
1,60000000,52840543520,589561757,53430105277
1,60000000,46152641070,589400714,46742041784
1,60000000,52825515987,592881148,53418397135
1,60000000,46289620747,589535984,46879156731
1,60000000,46131193738,589795952,46720989690
1,60000000,46280858938,590023824,46870882762
1,60000000,46226913139,589976746,46816889885
1,60000000,46291361450,589487491,46880848941
1,60000000,46134648620,592285775,46726934395
1,60000000,46212067973,590122850,46802190823
1,60000000,46160523332,589630096,46750153428
1,60000000,46246109939,589539248,46835649187
1,60000000,46163208823,592469129,46755677952
1,60000000,46366675298,592629738,46959305036
1,60000000,46224737271,590007253,46814744524
1,60000000,46232416240,588972521,46821388761
1,60000000,46259025067,592479834,46851504901
1,60000000,52804242084,589406519,53393648603
1,60000000,46250855362,589592528,46840447890
1,70000000,53869983392,687837244,54557820636
1,70000000,53959688918,688033271,54647722189
1,70000000,53846647624,687881475,54534529099
1,70000000,53871431474,689650177,54561081651
1,70000000,53748988152,691134720,54440122872
1,70000000,53856515534,687881001,54544396535
1,70000000,53997118455,687822581,54684941036
1,70000000,61854000216,690418255,62544418471
1,70000000,53924168289,688461256,54612629545
1,70000000,53939611914,688103438,54627715352
1,70000000,53956482169,688508504,54644990673
1,70000000,53855779221,687739452,54543518673
1,70000000,61661390293,691601517,62352991810
1,70000000,61492785154,691465005,62184250159
1,70000000,61732319805,689067627,62421387432
1,70000000,61531866522,687951548,62219818070
1,70000000,61596691813,687382100,62284073913
1,70000000,61567225669,687728112,62254953781
1,70000000,61610107182,687361437,62297468619
1,70000000,61599929636,691572256,62291501892
1,70000000,61537929938,687268688,62225198626
1,70000000,61517689477,687771585,62205461062
1,70000000,62013182584,687768732,62700951316
1,70000000,61688123721,687721967,62375845688
1,70000000,61830340099,690863163,62521203262
1,70000000,61655126131,687989676,62343115807
1,70000000,61663639993,688352904,62351992897
1,70000000,61622249310,687612378,62309861688
1,70000000,61566144081,688083218,62254227299
1,70000000,61482905865,687919869,62170825734
1,70000000,61512796923,688161567,62200958490
1,70000000,61777958231,687438822,62465397053
1,70000000,61536889479,689890758,62226780237
1,70000000,61698251983,691464901,62389716884
1,70000000,61793191933,687848245,62481040178
1,70000000,61745315433,687773843,62433089276
1,70000000,61572808488,687268395,62260076883
1,70000000,61798495185,687594290,62486089475
1,70000000,61619296341,688370416,62307666757
1,70000000,61574815603,687426394,62262241997
1,70000000,61615529424,687968061,62303497485
1,70000000,61503109486,688246180,62191355666
1,70000000,61606909850,688430050,62295339900
1,70000000,61613633245,687176089,62300809334
1,70000000,61835209369,691180587,62526389956
1,70000000,61547157203,687580258,62234737461
1,70000000,61611829451,691177498,62303006949
1,70000000,61777618814,691647328,62469266142
1,70000000,61755686120,690995145,62446681265
1,70000000,61526680152,691296562,62217976714
1,70000000,61665114080,688069629,62353183709
1,70000000,61644592773,688567330,62333160103
1,70000000,61594340876,691509283,62285850159
1,70000000,61636148081,688930283,62325078364
1,70000000,61709107359,688069952,62397177311
1,70000000,61582735665,688654337,62271390002
1,70000000,61616597078,687575641,62304172719
1,70000000,61556493760,691219930,62247713690
1,70000000,61565263271,688063026,62253326297
1,70000000,61781953195,687840308,62469793503
1,70000000,62002889793,688357439,62691247232
1,70000000,61608817941,687369612,62296187553
1,70000000,61644921657,687867055,62332788712
1,70000000,61530347303,691483576,62221830879
1,70000000,61578747473,693042683,62271790156
1,70000000,53938949318,688262527,54627211845
1,70000000,53793475651,688135384,54481611035
1,70000000,53856244918,688290831,54544535749
1,70000000,53769564068,691271431,54460835499
1,70000000,61533091459,688745408,62221836867
1,70000000,61511814242,687506131,62199320373
1,70000000,61688430333,691242115,62379672448
1,70000000,61655444000,687785206,62343229206
1,70000000,53934466901,687706234,54622173135
1,70000000,53874552458,687474949,54562027407
1,70000000,53810664467,688231819,54498896286
1,70000000,53828310087,689548242,54517858329
1,70000000,53895112972,687773172,54582886144
1,70000000,53871533768,687256401,54558790169
1,70000000,61869320024,691541839,62560861863
1,70000000,61580608743,688215082,62268823825
1,70000000,53802062393,688649511,54490711904
1,70000000,53917904487,692707776,54610612263
1,70000000,53777357525,687759184,54465116709
1,70000000,56445997979,687293178,57133291157
1,70000000,56784349842,687738911,57472088753
1,70000000,54325044292,688151365,55013195657
1,70000000,54050695875,691662539,54742358414
1,70000000,61542008030,687694475,62229702505
1,70000000,61545116756,691118127,62236234883
1,70000000,53770616694,691072753,54461689447
1,70000000,53747475622,688000749,54435476371
1,70000000,54097877327,691420326,54789297653
1,70000000,53954216523,687331997,54641548520
1,70000000,53828399896,687960938,54516360834
1,70000000,53910580429,687651087,54598231516
1,70000000,53833423719,688514772,54521938491
1,70000000,53845188581,688935503,54534124084
1,70000000,53830343173,687765115,54518108288
1,70000000,53774252567,687692601,54461945168
1,70000000,53861036073,687381687,54548417760
1,70000000,53849180779,687204086,54536384865
1,70000000,53916174292,691024133,54607198425
1,70000000,53907942723,691407420,54599350143
1,70000000,61589582761,692344901,62281927662
1,70000000,53816968520,688195494,54505164014
1,70000000,54106223208,688014704,54794237912
1,70000000,53846604559,688398697,54535003256
1,70000000,53782222705,687208656,54469431361
1,70000000,53873963747,695745166,54569708913
1,70000000,53858784390,687314569,54546098959
1,70000000,53864243743,691347878,54555591621
1,70000000,53771586196,688282544,54459868740
1,70000000,53899304579,687587895,54586892474
1,70000000,54059307696,688002487,54747310183
1,80000000,70524252275,788718145,71312970420
1,80000000,61660728945,784570853,62445299798
1,80000000,70661481967,784830116,71446312083
1,80000000,61625659409,784662952,62410322361
1,80000000,70399361530,788895846,71188257376
1,80000000,61598254462,785783757,62384038219
1,80000000,70498619096,784622593,71283241689
1,80000000,61479943374,784918236,62264861610
1,80000000,70432021464,784974862,71216996326
1,80000000,61502091727,785126448,62287218175
1,80000000,70500512755,784657095,71285169850
1,80000000,61529869220,784586752,62314455972
1,80000000,70505004287,788549298,71293553585
1,80000000,61754947870,785662122,62540609992
1,80000000,70310066460,785135235,71095201695
1,80000000,61716281897,784855658,62501137555
1,80000000,70456998379,785587216,71242585595
1,80000000,61383258923,784558574,62167817497
1,80000000,70405843677,785660624,71191504301
1,80000000,61551424037,784859268,62336283305
1,80000000,70434859419,784528044,71219387463
1,80000000,61508626992,784833834,62293460826
1,80000000,70429693013,784665494,71214358507
1,80000000,61410992932,785871481,62196864413
1,80000000,70329726055,784906267,71114632322
1,80000000,61577250608,784647317,62361897925
1,80000000,70477002966,785024202,71262027168
1,80000000,61540712165,785086277,62325798442
1,80000000,70523220642,785457084,71308677726
1,80000000,61413256568,784484115,62197740683
1,80000000,70512275902,788834867,71301110769
1,80000000,61561289530,784411894,62345701424
1,80000000,70332736587,785270346,71118006933
1,80000000,61717730864,787214912,62504945776
1,80000000,70630019765,784993174,71415012939
1,80000000,61501942623,784634949,62286577572
1,80000000,67699686427,788393772,68488080199
1,80000000,93772227045,784964383,94557191428
1,80000000,91395008844,785533459,92180542303
1,80000000,62883979522,784467258,63668446780
1,80000000,83076287774,784483747,83860771521
1,80000000,69253259338,784845324,70038104662
1,80000000,70680121098,785125590,71465246688
1,80000000,62719420500,785762383,63505182883
1,80000000,61754963792,785401981,62540365773
1,80000000,75835094506,784805600,76619900106
1,80000000,71581027392,788444313,72369471705
1,80000000,72386817880,785104121,73171922001
1,80000000,1.12E+11,789452800,1.13E+11
1,80000000,66154348314,785867955,66940216269
1,80000000,67378076002,785688139,68163764141
1,80000000,62130765548,785701659,62916467207
1,80000000,62023201441,785437919,62808639360
1,80000000,74618495712,785289073,75403784785
1,80000000,82055977851,784929384,82840907235
1,80000000,79054768385,788397009,79843165394
1,80000000,64202985670,785539850,64988525520
1,80000000,70891831334,784914160,71676745494
1,80000000,74921621121,783275509,75704896630
1,80000000,74897442271,785225111,75682667382
1,80000000,1.13E+11,784864515,1.14E+11
1,80000000,97108824845,785220057,97894044902
1,80000000,71368270716,795952555,72164223271
1,80000000,80493224219,786657062,81279881281
1,80000000,75659630176,784715261,76444345437
1,80000000,91168249714,784578761,91952828475
1,80000000,76091570507,789210627,76880781134
1,80000000,66928445961,794980122,67723426083
1,80000000,83233250735,785373841,84018624576
1,80000000,68756651464,788563517,69545214981
1,80000000,98942132232,785187456,99727319688
1,80000000,76725155162,785292511,77510447673
1,80000000,71410501953,788405307,72198907260
1,80000000,71101763210,789163029,71890926239
1,80000000,82559479606,784637856,83344117462
1,80000000,73463443062,784981695,74248424757
1,80000000,85958031730,784698813,86742730543
1,80000000,65407503381,785886501,66193389882
1,80000000,75646632437,788910552,76435542989
1,80000000,66106804347,785908960,66892713307
1,80000000,74744281507,788690403,75532971910
1,80000000,73615544152,785739131,74401283283
1,80000000,75849737023,788438393,76638175416
1,80000000,71381052171,785510882,72166563053
1,80000000,83853396881,784980834,84638377715
1,80000000,68476948836,785462901,69262411737
1,80000000,1.04E+11,784957449,1.05E+11
1,80000000,71396678335,785056396,72181734731
1,80000000,85470146094,786752532,86256898626
1,80000000,73152851421,785831092,73938682513
1,80000000,81516270888,785652019,82301922907
1,80000000,79946202503,784810048,80731012551
1,80000000,74600883261,785773615,75386656876
1,80000000,67928092714,785392054,68713484768
1,80000000,74378005998,784772681,75162778679
1,80000000,61744101312,788971533,62533072845
1,80000000,87605241667,785552312,88390793979
1,80000000,85109159415,785376304,85894535719
1,80000000,71513107042,785687893,72298794935
1,80000000,61698662209,784851145,62483513354
1,80000000,73444540601,785779651,74230320252
1,80000000,84308820296,785266914,85094087210
1,80000000,76233937443,785018285,77018955728
1,80000000,62399976323,785071766,63185048089
1,80000000,73198840972,784499440,73983340412
1,80000000,61835964634,784834860,62620799494
1,80000000,71556737793,788719313,72345457106
1,80000000,61724208667,784989853,62509198520
1,80000000,71118750400,785557330,71904307730
1,80000000,62146005906,788493656,62934499562
1,80000000,72367299135,788455738,73155754873
1,80000000,61795835210,784861791,62580697001
1,80000000,69728529221,785022565,70513551786
1,80000000,61388117529,788502453,62176619982
1,80000000,61505316857,784856928,62290173785
1,80000000,61650287108,784644637,62434931745
1,80000000,70789989331,785810465,71575799796
1,80000000,61852825541,785026358,62637851899
1,80000000,61526792329,791880726,62318673055
1,80000000,70518504593,788800278,71307304871
1,80000000,61518821203,784928894,62303750097
1,80000000,61454188379,784531995,62238720374
1,80000000,61447828962,788383617,62236212579
1,80000000,61423229983,789890957,62213120940
1,80000000,61447104935,788336566,62235441501
1,80000000,70607549091,786189488,71393738579
1,80000000,70364278484,788593168,71152871652
1,80000000,70453076181,786296162,71239372343
1,80000000,70366190311,784525777,71150716088
1,80000000,70497029800,784781070,71281810870
1,80000000,70393871829,789162170,71183033999
1,80000000,70480608241,784646742,71265254983
1,80000000,70526922785,784865770,71311788555
1,80000000,70376782860,784788314,71161571174
1,80000000,70468311994,785366231,71253678225
1,80000000,70366129434,785980066,71152109500
1,80000000,70378616720,784637388,71163254108
1,80000000,70382046199,785946576,71167992775
1,80000000,70334319641,788331948,71122651589
1,80000000,70360762216,788767797,71149530013
1,80000000,70246693198,788565097,71035258295
1,80000000,61467671618,784836858,62252508476
1,80000000,70536580742,784661747,71321242489
1,80000000,70475170375,784531024,71259701399
1,80000000,70340707285,784408709,71125115994
1,80000000,70413075127,785954303,71199029430
1,80000000,61412137731,785232800,62197370531
1,80000000,61468014595,786344349,62254358944
1,80000000,61502716238,785298663,62288014901
1,80000000,70493118868,785149970,71278268838
1,80000000,70361265030,785421651,71146686681
1,80000000,70357738972,786799868,71144538840
1,80000000,70440211586,785595483,71225807069
1,90000000,69412060848,952591667,70364652515
1,90000000,69290070994,883902896,70173973890
1,90000000,80187519276,883600904,81071120180
1,90000000,81499674924,884105473,82383780397
1,90000000,80904727084,882839018,81787566102
1,90000000,86856024123,883903111,87739927234
1,90000000,80099484508,883626205,80983110713
1,90000000,79390440349,882332418,80272772767
1,90000000,79199952245,887804827,80087757072
1,90000000,79353496439,887965603,80241462042
1,80000000,69736110082,784809054,70520919136
1,80000000,70247536896,784747303,71032284199
1,80000000,61276487023,785740709,62062227732
1,80000000,61542724519,785016712,62327741231
1,80000000,61532686012,784716037,62317402049
1,80000000,61444670312,785902244,62230572556
1,80000000,61465697307,784407556,62250104863
1,80000000,61442618033,784690200,62227308233
1,80000000,70459572174,784489222,71244061396
1,80000000,70387277891,790179646,71177457537
1,80000000,70359127060,785007318,71144134378
1,80000000,70484233592,784793221,71269026813
1,80000000,61442776440,784937361,62227713801
1,80000000,61426418355,786005545,62212423900
1,80000000,70780406424,784705413,71565111837
1,80000000,69822559683,788303294,70610862977
1,80000000,70329101814,784962124,71114063938
1,80000000,61507029047,788836412,62295865459
1,80000000,61519532142,788267904,62307800046
1,80000000,70506108500,785667974,71291776474
1,80000000,70331684625,784769781,71116454406
1,80000000,70297728193,784998629,71082726822
1,80000000,70347754314,788339923,71136094237
1,80000000,70427281290,784267980,71211549270
1,80000000,61454591115,784396528,62238987643
1,80000000,61418532624,784453560,62202986184
1,80000000,70430730490,785149825,71215880315
1,80000000,61408789782,784099410,62192889192
1,80000000,70369146474,785259480,71154405954
1,80000000,61439273402,785283964,62224557366
1,80000000,70415874830,786105877,71201980707
1,80000000,61469784649,784395754,62254180403
1,80000000,70319532848,784670221,71104203069
1,80000000,61439819125,785356583,62225175708
1,80000000,70410232132,784874413,71195106545
1,80000000,70367456515,785501319,71152957834
1,80000000,70458122386,788619785,71246742171
1,80000000,61439359482,785008752,62224368234
1,80000000,61424740853,784808165,62209549018
1,80000000,70349546642,786533187,71136079829
1,80000000,61480882323,788545283,62269427606
1,80000000,70317419725,785857976,71103277701
1,80000000,61441964877,788640552,62230605429
1,80000000,61462638029,785840749,62248478778
1,80000000,61409075989,784904951,62193980940
1,80000000,61513122900,789012080,62302134980
1,80000000,61575948877,786152406,62362101283
1,80000000,61465012517,786078420,62251090937
1,80000000,70407822767,787711588,71195534355
1,90000000,78629963959,883509838,79513473797
1,90000000,68950142781,884397164,69834539945
1,90000000,69288821854,884239105,70173060959
1,90000000,69189323654,883232158,70072555812
1,90000000,79259002482,883974619,80142977101
1,90000000,79193754179,887068228,80080822407
1,90000000,69212024432,883541446,70095565878
1,90000000,69046697406,884448761,69931146167
1,90000000,79319146421,882712160,80201858581
1,90000000,79238106354,889951935,80128058289
1,90000000,69053073037,887366293,69940439330
1,90000000,69570755648,883470740,70454226388
1,90000000,78514409209,883398263,79397807472
1,90000000,68935906359,883542311,69819448670
1,90000000,68917458163,887264384,69804722547
1,90000000,79279445256,883064087,80162509343
1,90000000,69169550003,887551551,70057101554
1,90000000,69327665532,888092767,70215758299
1,90000000,69427382705,883084860,70310467565
1,90000000,69484362404,882076956,70366439360
1,90000000,79152322749,883720250,80036042999
1,90000000,79209051192,884103500,80093154692
1,90000000,69020106661,882725303,69902831964
1,90000000,69266395975,882820300,70149216275
1,90000000,69122201640,887689874,70009891514
2,1000,3093902,34128,3128030
2,1000,2785816,34422,2820238
2,1000,2718464,34135,2752599
2,1000,3242931,35961,3278892
2,1000,2661418,47438,2708856
2,1000,2781349,48767,2830116
2,1000,2697199,67460,2764659
2,1000,2646638,48200,2694838
2,1000,2685924,75265,2761189
2,1000,2770124,111514,2881638
2,1000,2770105,65228,2835333
2,1000,2620816,47181,2667997
2,1000,2758656,69892,2828548
2,1000,2407225,34764,2441989
2,1000,2639972,47616,2687588
2,1000,2678528,48786,2727314
2,1000,2608484,48179,2656663
2,1000,3163474,51033,3214507
2,1000,3117687,46688,3164375
2,1000,2509858,45600,2555458
2,1000,2654027,48494,2702521
2,1000,2683463,48800,2732263
2,1000,2569306,49154,2618460
2,1000,3162144,91983,3254127
2,1000,2318845,35517,2354362
2,1000,2812382,60944,2873326
2,1000,2593240,47511,2640751
2,1000,2925522,50354,2975876
2,1000,2802867,50531,2853398
2,1000,2722686,49203,2771889
2,1000,2857099,48848,2905947
2,1000,2674174,34684,2708858
2,1000,3430027,51464,3481491
2,1000,2523443,56516,2579959
2,1000,2561043,49541,2610584
2,1000,2495543,47999,2543542
2,1000,2926336,48194,2974530
2,1000,2781233,44654,2825887
2,1000,2573254,34221,2607475
2,1000,2559827,66803,2626630
2,1000,2535647,47756,2583403
2,1000,2606069,52097,2658166
2,1000,2579347,48654,2628001
2,1000,2683795,70771,2754566
2,1000,2544681,66016,2610697
2,1000,2707334,73906,2781240
2,1000,2624852,47787,2672639
2,1000,2708558,48918,2757476
2,1000,2641454,34704,2676158
2,1000,2729877,52709,2782586
2,1000,2639816,47691,2687507
2,1000,2451802,47553,2499355
2,1000,2694068,34918,2728986
2,1000,2680378,52607,2732985
2,1000,2783524,50436,2833960
2,1000,2508164,33964,2542128
2,1000,2327152,33334,2360486
2,1000,2713673,68485,2782158
2,1000,3044425,47696,3092121
2,1000,2782067,36421,2818488
2,1000,2529944,49194,2579138
2,1000,2665922,51533,2717455
2,1000,3227086,34083,3261169
2,1000,2751777,72618,2824395
2,1000,2736608,54092,2790700
2,1000,2646434,48131,2694565
2,1000,2538581,34806,2573387
2,1000,2634987,84861,2719848
2,1000,2561743,48720,2610463
2,1000,2599558,53639,2653197
2,1000,2536211,60737,2596948
2,1000,2410933,34462,2445395
2,1000,2527107,60350,2587457
2,1000,2838159,37111,2875270
2,1000,2676721,49989,2726710
2,1000,2547099,68687,2615786
2,1000,2727936,34249,2762185
2,1000,2780814,47967,2828781
2,1000,3335110,34800,3369910
2,1000,2663005,53222,2716227
2,1000,3109491,57650,3167141
2,1000,2426753,49245,2475998
2,1000,2543607,40989,2584596
2,1000,2710638,39349,2749987
2,1000,2749621,50207,2799828
2,1000,2691200,51222,2742422
2,1000,2629276,48345,2677621
2,1000,2476526,48335,2524861
2,1000,2420917,34971,2455888
2,1000,2512996,72946,2585942
2,1000,2619857,47838,2667695
2,1000,2685072,35383,2720455
2,1000,2419762,34339,2454101
2,1000,3007282,35955,3043237
2,1000,2983007,50709,3033716
2,1000,2531590,63808,2595398
2,1000,2791242,47343,2838585
2,1000,2459658,51389,2511047
2,1000,2583183,51419,2634602
2,1000,2466771,54209,2520980
2,1000,2716369,47046,2763415
2,1000,3127234,48300,3175534
2,1000,2670525,34953,2705478
2,1000,2390347,33574,2423921
2,1000,2769623,48114,2817737
2,1000,2690921,51188,2742109
2,2000,3641490,103865,3745355
2,2000,3252421,84162,3336583
2,2000,3580385,102467,3682852
2,2000,3274102,100487,3374589
2,2000,3184219,61667,3245886
2,2000,3176091,81672,3257763
2,2000,3140553,81819,3222372
2,2000,3101082,82617,3183699
2,2000,3018007,86922,3104929
2,2000,3122420,58175,3180595
2,2000,2847762,63043,2910805
2,2000,3300670,100667,3401337
2,2000,3217671,67312,3284983
2,2000,3392092,107677,3499769
2,2000,3820637,81831,3902468
2,2000,2791879,57269,2849148
2,2000,3323152,102899,3426051
2,2000,3222699,79012,3301711
2,2000,3298803,82770,3381573
2,2000,3098618,85089,3183707
2,2000,3210446,80700,3291146
2,2000,2989272,55460,3044732
2,2000,2879185,58523,2937708
2,2000,3656601,80052,3736653
2,2000,3252265,100697,3352962
2,2000,3360228,56252,3416480
2,2000,3256270,84900,3341170
2,2000,3132541,78688,3211229
2,2000,3240534,72019,3312553
2,2000,3104443,57338,3161781
2,2000,3282511,90443,3372954
2,2000,2920380,77461,2997841
2,2000,3567261,81352,3648613
2,2000,3300494,87696,3388190
2,2000,2973325,80652,3053977
2,2000,2861986,71563,2933549
2,2000,3093085,61306,3154391
2,2000,3507019,78579,3585598
2,2000,3434211,79372,3513583
2,2000,3083209,82740,3165949
2,2000,2954483,61318,3015801
2,2000,3241648,79588,3321236
2,2000,3092284,56930,3149214
2,2000,3241832,59048,3300880
2,2000,3399813,79065,3478878
2,2000,3240017,98587,3338604
2,2000,3068644,102215,3170859
2,2000,3415026,99014,3514040
2,2000,2931450,81501,3012951
2,2000,3992879,99518,4092397
2,2000,3099720,85757,3185477
2,2000,2861747,58214,2919961
2,2000,3077349,81486,3158835
2,2000,2868661,57203,2925864
2,2000,2892709,55752,2948461
2,2000,3198440,100487,3298927
2,2000,3210475,86037,3296512
2,2000,3662662,119812,3782474
2,2000,3176786,116604,3293390
2,2000,3553619,103184,3656803
2,2000,3777553,99281,3876834
2,2000,3408199,122869,3531068
2,2000,3462903,87963,3550866
2,2000,3210198,84039,3294237
2,2000,3166856,114142,3280998
2,2000,3084004,79797,3163801
2,2000,2975447,62557,3038004
2,2000,2956348,82449,3038797
2,2000,3433969,101444,3535413
2,2000,3297223,91866,3389089
2,2000,3246135,101180,3347315
2,2000,3380746,89658,3470404
2,2000,3632092,60593,3692685
2,2000,3003721,59171,3062892
2,2000,3101785,81912,3183697
2,2000,3299787,57865,3357652
2,2000,3588790,86700,3675490
2,2000,3201900,86198,3288098
2,2000,3155288,64165,3219453
2,2000,3552058,91491,3643549
2,2000,3191622,128139,3319761
2,2000,3698781,92262,3791043
2,2000,3422169,103484,3525653
2,2000,3612057,79656,3691713
2,2000,3427314,85839,3513153
2,2000,2883054,79467,2962521
2,2000,3146970,79503,3226473
2,2000,2763387,59354,2822741
2,2000,3102117,78655,3180772
2,2000,3021278,79260,3100538
2,2000,3261397,86576,3347973
2,2000,2943275,83574,3026849
2,2000,3274644,70249,3344893
2,2000,3348970,103994,3452964
2,2000,3045510,113812,3159322
2,2000,3809973,84360,3894333
2,2000,3059079,79380,3138459
2,2000,3578337,57815,3636152
2,2000,3260067,110311,3370378
2,2000,3179520,79315,3258835
2,2000,3287093,59075,3346168
2,2000,2995156,74038,3069194
2,2000,3233644,116356,3350000
2,2000,2990560,80734,3071294
2,2000,2977308,57872,3035180
2,2000,2992147,58964,3051111
2,2000,3277583,83562,3361145
2,2000,3523374,107443,3630817
2,2000,3110592,69280,3179872
2,2000,3021866,57452,3079318
2,2000,3498251,57731,3555982
2,2000,3183818,84615,3268433
2,2000,3182568,77283,3259851
2,2000,3157527,98597,3256124
2,2000,3141076,61007,3202083
2,3000,3886860,135026,4021886
2,3000,3380882,80082,3460964
2,3000,3636857,128151,3765008
2,3000,3784845,114808,3899653
2,3000,3484620,113818,3598438
2,3000,4360030,149102,4509132
2,3000,3507560,111704,3619264
2,3000,3353527,112504,3466031
2,3000,3581028,147752,3728780
2,3000,3554668,111247,3665915
2,3000,3374299,99188,3473487
2,3000,3804510,112069,3916579
2,3000,4187084,85554,4272638
2,3000,3854703,112258,3966961
2,3000,3555771,148733,3704504
2,3000,3746429,132887,3879316
2,3000,3635745,96026,3731771
2,3000,3413993,109774,3523767
2,3000,3386928,80980,3467908
2,3000,3907554,112105,4019659
2,3000,3890719,155869,4046588
2,3000,5526736,136412,5663148
2,3000,3372330,95823,3468153
2,3000,3751623,115084,3866707
2,3000,3693199,152809,3846008
2,3000,3468328,80340,3548668
2,3000,3588523,92829,3681352
2,3000,3875211,121942,3997153
2,3000,3597316,111188,3708504
2,3000,3269920,77865,3347785
2,3000,3621721,114628,3736349
2,3000,3944686,134187,4078873
2,3000,4357615,117202,4474817
2,3000,3673481,148252,3821733
2,3000,3555785,132591,3688376
2,3000,3268012,83730,3351742
2,3000,3891779,134594,4026373
2,3000,3797226,116914,3914140
2,3000,3772171,147745,3919916
2,3000,3734466,113689,3848155
2,3000,3546233,116435,3662668
2,3000,3413721,84312,3498033
2,3000,3850758,118324,3969082
2,3000,3856906,113647,3970553
2,3000,3814310,118333,3932643
2,3000,4075658,86970,4162628
2,3000,4028759,116911,4145670
2,3000,3677899,119514,3797413
2,3000,3573983,88196,3662179
2,3000,3693942,123175,3817117
2,3000,3674234,114235,3788469
2,3000,4275070,141229,4416299
2,3000,3283006,95046,3378052
2,3000,3580607,113554,3694161
2,3000,3741816,110486,3852302
2,3000,3645587,111223,3756810
2,3000,4188769,113734,4302503
2,3000,3292496,85980,3378476
2,3000,3811813,134709,3946522
2,3000,3555677,98318,3653995
2,3000,3650807,177864,3828671
2,3000,3994216,115401,4109617
2,3000,4036157,119988,4156145
2,3000,3477344,110773,3588117
2,3000,3895417,110320,4005737
2,3000,3699603,113785,3813388
2,3000,3527410,112153,3639563
2,3000,4080168,111760,4191928
2,3000,4013242,95507,4108749
2,3000,3658359,89516,3747875
2,3000,3698356,116014,3814370
2,3000,3852443,132924,3985367
2,3000,3680316,133152,3813468
2,3000,3856906,80710,3937616
2,3000,3688661,165994,3854655
2,3000,3566493,98399,3664892
2,3000,3516026,140885,3656911
2,3000,4049737,137064,4186801
2,3000,3644561,86175,3730736
2,3000,3974368,108322,4082690
2,3000,3487297,117712,3605009
2,3000,4322353,111001,4433354
2,3000,3816955,86522,3903477
2,3000,3845541,138968,3984509
2,3000,3674727,121975,3796702
2,3000,4037334,124968,4162302
2,3000,3633523,138762,3772285
2,3000,3375484,81037,3456521
2,3000,4124712,117805,4242517
2,3000,3574305,113995,3688300
2,3000,3384409,94895,3479304
2,3000,3445702,93986,3539688
2,3000,3838162,93245,3931407
2,3000,3773124,121719,3894843
2,3000,3657101,82482,3739583
2,3000,3400320,112040,3512360
2,3000,3737679,114826,3852505
2,3000,3774664,115999,3890663
2,3000,3299496,81174,3380670
2,3000,4242228,125268,4367496
2,3000,3690114,128838,3818952
2,3000,3401088,137142,3538230
2,3000,3616808,97673,3714481
2,3000,3970455,134042,4104497
2,3000,3587449,100472,3687921
2,3000,3725848,118333,3844181
2,3000,3338918,121606,3460524
2,3000,3621361,141161,3762522
2,3000,3432760,84939,3517699
2,3000,4027873,116263,4144136
2,3000,3768055,111406,3879461
2,3000,3656030,133352,3789382
2,3000,3611503,82932,3694435
2,3000,3679020,122910,3801930
2,3000,3563176,138551,3701727
2,4000,4187621,144184,4331805
2,4000,4138797,143921,4282718
2,4000,4369053,165805,4534858
2,4000,4427735,126291,4554026
2,4000,4897685,151465,5049150
2,4000,4729439,105073,4834512
2,4000,4269751,144245,4413996
2,4000,4166793,163786,4330579
2,4000,4656219,149086,4805305
2,4000,3942325,132399,4074724
2,4000,4140099,143731,4283830
2,4000,4502963,154114,4657077
2,4000,4268288,107173,4375461
2,4000,4014961,145995,4160956
2,4000,4174706,153950,4328656
2,4000,3765540,161252,3926792
2,4000,3805717,153958,3959675
2,4000,3698582,105339,3803921
2,4000,4563962,109456,4673418
2,4000,4137619,109957,4247576
2,4000,4920708,146780,5067488
2,4000,4668614,141158,4809772
2,4000,4277194,166539,4443733
2,4000,4732535,141584,4874119
2,4000,4705027,156868,4861895
2,4000,4299231,150886,4450117
2,4000,4381887,144826,4526713
2,4000,4730939,143258,4874197
2,4000,3844057,104078,3948135
2,4000,5288366,173364,5461730
2,4000,3800177,133575,3933752
2,4000,3919852,122976,4042828
2,4000,3930784,160729,4091513
2,4000,4221758,149339,4371097
2,4000,4664325,151372,4815697
2,4000,4292684,154375,4447059
2,4000,3849895,129297,3979192
2,4000,4375614,105259,4480873
2,4000,3732080,143852,3875932
2,4000,4106238,108895,4215133
2,4000,3722567,133803,3856370
2,4000,4120370,107560,4227930
2,4000,3824841,124458,3949299
2,4000,3804028,143093,3947121
2,4000,4214089,148582,4362671
2,4000,4045515,123223,4168738
2,4000,4201851,142136,4343987
2,4000,4264623,151819,4416442
2,4000,3785790,104173,3889963
2,4000,4003670,108937,4112607
2,4000,4129374,141282,4270656
2,4000,4171263,171732,4342995
2,4000,4150218,148720,4298938
2,4000,4288653,172578,4461231
2,4000,4542669,143399,4686068
2,4000,4057163,119280,4176443
2,4000,4324902,102257,4427159
2,4000,4109159,147236,4256395
2,4000,4349180,158803,4507983
2,4000,4212216,150203,4362419
2,4000,4189822,171048,4360870
2,4000,4532588,132927,4665515
2,4000,4420796,106438,4527234
2,4000,3720055,108318,3828373
2,4000,3739674,119641,3859315
2,4000,3878946,106858,3985804
2,4000,4036539,129597,4166136
2,4000,4010918,141236,4152154
2,4000,4386005,144224,4530229
2,4000,4120207,102908,4223115
2,4000,4376771,107002,4483773
2,4000,4401686,146333,4548019
2,4000,3907881,131892,4039773
2,4000,4090751,102817,4193568
2,4000,3900473,132290,4032763
2,4000,4319584,150739,4470323
2,4000,4136822,123810,4260632
2,4000,4067639,145657,4213296
2,4000,3802190,163984,3966174
2,4000,4296739,122913,4419652
2,4000,4613860,149149,4763009
2,4000,4176654,122901,4299555
2,4000,4256702,155233,4411935
2,4000,3976953,121771,4098724
2,4000,3932247,146098,4078345
2,4000,3949436,123112,4072548
2,4000,4594174,128409,4722583
2,4000,4871360,177912,5049272
2,4000,4559447,100328,4659775
2,4000,4162409,142301,4304710
2,4000,4217624,573556,4791180
2,4000,4107672,170264,4277936
2,4000,4195175,149152,4344327
2,4000,3991585,148012,4139597
2,4000,4105300,152039,4257339
2,4000,4774352,149972,4924324
2,4000,4908977,143396,5052373
2,4000,4450498,168408,4618906
2,4000,4052744,144898,4197642
2,4000,4518799,125145,4643944
2,4000,3775505,106936,3882441
2,4000,4647711,105629,4753340
2,4000,4664785,176283,4841068
2,4000,4347913,149242,4497155
2,4000,4581033,144938,4725971
2,4000,3745372,124267,3869639
2,4000,4132490,104887,4237377
2,4000,3953941,106858,4060799
2,4000,4443406,174671,4618077
2,4000,4142038,128876,4270914
2,4000,4068274,122530,4190804
2,4000,4420746,156010,4576756
2,4000,4570978,104551,4675529
2,4000,4305058,197830,4502888
2,4000,4301187,145313,4446500
2,5000,4410606,1012345,5422951
2,5000,4618498,796435,5414933
2,5000,4696255,580300,5276555
2,5000,4708650,742997,5451647
2,5000,5404874,767975,6172849
2,5000,4841056,217881,5058937
2,5000,4230331,710495,4940826
2,5000,4761185,1045252,5806437
2,5000,4760093,710268,5470361
2,5000,4771042,636963,5408005
2,5000,4501264,631918,5133182
2,5000,4905246,633670,5538916
2,5000,4883532,696887,5580419
2,5000,4968576,727391,5695967
2,5000,4241382,659935,4901317
2,5000,4790920,694877,5485797
2,5000,4544333,710373,5254706
2,5000,5113477,673488,5786965
2,5000,4714914,584274,5299188
2,5000,5168659,1048625,6217284
2,5000,4788052,572539,5360591
2,5000,4185595,133473,4319068
2,5000,4861375,186038,5047413
2,5000,4376669,709892,5086561
2,5000,4362795,982032,5344827
2,5000,5329370,735653,6065023
2,5000,4684337,578122,5262459
2,5000,5414026,592729,6006755
2,5000,4800796,581536,5382332
2,5000,4509643,701113,5210756
2,5000,4571452,1006824,5578276
2,5000,4919768,737489,5657257
2,5000,4407072,608645,5015717
2,5000,4290574,599688,4890262
2,5000,4899248,745657,5644905
2,5000,4972922,600143,5573065
2,5000,4930929,695970,5626899
2,5000,4779882,207366,4987248
2,5000,4197337,682197,4879534
2,5000,4234009,123936,4357945
2,5000,4592536,613631,5206167
2,5000,4611180,203593,4814773
2,5000,4846629,890974,5737603
2,5000,5102134,186469,5288603
2,5000,5072995,698090,5771085
2,5000,5033138,450256,5483394
2,5000,4717270,207439,4924709
2,5000,5912666,757839,6670505
2,5000,4540385,589120,5129505
2,5000,4607662,633559,5241221
2,5000,4392171,583984,4976155
2,5000,4407459,597549,5005008
2,5000,4622207,744758,5366965
2,5000,4874639,663166,5537805
2,5000,4645919,583639,5229558
2,5000,4635038,1042975,5678013
2,5000,4644873,115815,4760688
2,5000,4699693,1117694,5817387
2,5000,4846126,126858,4972984
2,5000,5316807,208848,5525655
2,5000,4279334,452698,4732032
2,5000,4795769,1062978,5858747
2,5000,4780554,583087,5363641
2,5000,4733584,657806,5391390
2,5000,4653738,664237,5317975
2,5000,4885614,721971,5607585
2,5000,4751765,181811,4933576
2,5000,4333119,1033796,5366915
2,5000,4618749,1001438,5620187
2,5000,4492441,643173,5135614
2,5000,5015730,959878,5975608
2,5000,4955113,216513,5171626
2,5000,5179788,733739,5913527
2,5000,4241903,609627,4851530
2,5000,4795648,155989,4951637
2,5000,4506839,878143,5384982
2,5000,5105878,174801,5280679
2,5000,4765832,633285,5399117
2,5000,4944556,964123,5908679
2,5000,4338999,991354,5330353
2,5000,5264544,185396,5449940
2,5000,4656973,629973,5286946
2,5000,4391498,658208,5049706
2,5000,4132833,164250,4297083
2,5000,4448955,632568,5081523
2,5000,4366737,839686,5206423
2,5000,5119124,564524,5683648
2,5000,4688091,140261,4828352
2,5000,4725816,768723,5494539
2,5000,4935568,174703,5110271
2,5000,4711234,660065,5371299
2,5000,4837182,680161,5517343
2,5000,4793443,583095,5376538
2,5000,4489738,761740,5251478
2,5000,4612984,987593,5600577
2,5000,4972246,800913,5773159
2,5000,4480860,734807,5215667
2,5000,5017611,724725,5742336
2,5000,4760483,699931,5460414
2,5000,4321396,619291,4940687
2,5000,4928714,673744,5602458
2,5000,4800897,586791,5387688
2,5000,4247627,620047,4867674
2,5000,5316823,638981,5955804
2,5000,4962428,671611,5634039
2,5000,4721595,684535,5406130
2,5000,4297968,176274,4474242
2,5000,4638429,714637,5353066
2,5000,4533698,1130176,5663874
2,5000,4197404,958406,5155810
2,5000,4797561,882483,5680044
2,5000,5388376,749542,6137918
2,5000,4502857,768749,5271606
2,5000,4818447,742196,5560643
2,5000,4725073,735874,5460947
2,6000,5196235,785506,5981741
2,6000,5338260,677549,6015809
2,6000,5917405,628900,6546305
2,6000,5411335,204165,5615500
2,6000,6168557,211221,6379778
2,6000,5383173,183782,5566955
2,6000,5380176,693227,6073403
2,6000,6203818,203961,6407779
2,6000,4820715,859722,5680437
2,6000,5845087,203328,6048415
2,6000,4801221,705197,5506418
2,6000,5170578,449518,5620096
2,6000,4704383,832762,5537145
2,6000,5095186,716977,5812163
2,6000,5224442,1022454,6246896
2,6000,5967481,211446,6178927
2,6000,5638474,665566,6304040
2,6000,5125507,668139,5793646
2,6000,5341877,420250,5762127
2,6000,5566917,720855,6287772
2,6000,5541008,697261,6238269
2,6000,6307274,190925,6498199
2,6000,5303443,772871,6076314
2,6000,5121077,627565,5748642
2,6000,5229183,622012,5851195
2,6000,6014374,1107197,7121571
2,6000,5566946,579034,6145980
2,6000,4734314,586307,5320621
2,6000,5455939,211062,5667001
2,6000,5079503,157960,5237463
2,6000,5532224,575359,6107583
2,6000,5435557,634509,6070066
2,6000,5385364,677991,6063355
2,6000,5124211,679788,5803999
2,6000,5430292,650858,6081150
2,6000,4785926,726738,5512664
2,6000,5826011,153733,5979744
2,6000,5892216,773391,6665607
2,6000,5584864,1003414,6588278
2,6000,5467565,201925,5669490
2,6000,4851427,617397,5468824
2,6000,5467568,713646,6181214
2,6000,5207620,752272,5959892
2,6000,5378986,716556,6095542
2,6000,5768019,207657,5975676
2,6000,4977620,703891,5681511
2,6000,5464883,975333,6440216
2,6000,5338665,673431,6012096
2,6000,5468764,761275,6230039
2,6000,5079038,179204,5258242
2,6000,4753732,431808,5185540
2,6000,5123137,721374,5844511
2,6000,5090386,631117,5721503
2,6000,5641449,951203,6592652
2,6000,5843727,213189,6056916
2,6000,5227024,198016,5425040
2,6000,4872334,958794,5831128
2,6000,5792000,589120,6381120
2,6000,6247031,183217,6430248
2,6000,4930702,444431,5375133
2,6000,5442928,410204,5853132
2,6000,6053584,217896,6271480
2,6000,6041001,210018,6251019
2,6000,5847550,180872,6028422
2,6000,6167829,212227,6380056
2,6000,5083948,130038,5213986
2,6000,5006990,965382,5972372
2,6000,5340647,725391,6066038
2,6000,5555983,593309,6149292
2,6000,6097143,191435,6288578
2,6000,5677897,185232,5863129
2,6000,5458927,595013,6053940
2,6000,6207253,130908,6338161
2,6000,5559173,786709,6345882
2,6000,5818438,207570,6026008
2,6000,5362752,929114,6291866
2,6000,5970363,208851,6179214
2,6000,5404438,729374,6133812
2,6000,5924253,189089,6113342
2,6000,5654858,806071,6460929
2,6000,6303978,217398,6521376
2,6000,5334735,746882,6081617
2,6000,5247094,588433,5835527
2,6000,5393872,714364,6108236
2,6000,6070918,211326,6282244
2,6000,5483181,718123,6201304
2,6000,6040192,624098,6664290
2,6000,5861197,916726,6777923
2,6000,5260557,783038,6043595
2,6000,5165696,868336,6034032
2,6000,5886978,818019,6704997
2,6000,4891645,782618,5674263
2,6000,5101421,1157406,6258827
2,6000,5941894,209550,6151444
2,6000,5290986,725496,6016482
2,6000,5779282,204072,5983354
2,6000,6221463,210222,6431685
2,6000,4817024,652823,5469847
2,6000,4782266,707071,5489337
2,6000,5656295,609072,6265367
2,6000,5543381,1189099,6732480
2,6000,6244453,225728,6470181
2,6000,5891665,183437,6075102
2,6000,5347171,1089029,6436200
2,6000,5575323,210933,5786256
2,6000,5335755,792891,6128646
2,6000,5638976,131667,5770643
2,6000,4967462,679017,5646479
2,6000,5776081,805832,6581913
2,6000,5233905,745406,5979311
2,6000,4902893,562413,5465306
2,6000,5750114,176088,5926202
2,6000,6006513,195958,6202471
2,6000,5002269,552876,5555145
2,6000,5385543,527774,5913317
2,7000,5553725,1100028,6653753
2,7000,6171146,768237,6939383
2,7000,5670806,764890,6435696
2,7000,6605945,194426,6800371
2,7000,6118369,218177,6336546
2,7000,5418317,768963,6187280
2,7000,6454881,213198,6668079
2,7000,6211686,234482,6446168
2,7000,6159394,247104,6406498
2,7000,6935489,244990,7180479
2,7000,6425678,204832,6630510
2,7000,6276856,218727,6495583
2,7000,6179344,243359,6422703
2,7000,6693502,243088,6936590
2,7000,6527912,216311,6744223
2,7000,6076957,827597,6904554
2,7000,6519965,217917,6737882
2,7000,6275026,792332,7067358
2,7000,6563422,239455,6802877
2,7000,6450837,174580,6625417
2,7000,6656462,212661,6869123
2,7000,7103718,238216,7341934
2,7000,6370088,240241,6610329
2,7000,6390571,236854,6627425
2,7000,6239550,677086,6916636
2,7000,6351056,243547,6594603
2,7000,5597543,853838,6451381
2,7000,6766810,239997,7006807
2,7000,6238955,240496,6479451
2,7000,5408571,427814,5836385
2,7000,6597018,262422,6859440
2,7000,7136709,239321,7376030
2,7000,6623875,251113,6874988
2,7000,6655745,788445,7444190
2,7000,6224948,218096,6443044
2,7000,6194905,209823,6404728
2,7000,6993777,248790,7242567
2,7000,6017768,553209,6570977
2,7000,6656013,266135,6922148
2,7000,6375184,213678,6588862
2,7000,5998471,520625,6519096
2,7000,6325258,278236,6603494
2,7000,5936822,791698,6728520
2,7000,7276472,214680,7491152
2,7000,6730299,239701,6970000
2,7000,6091510,756858,6848368
2,7000,6301740,689765,6991505
2,7000,6437694,242968,6680662
2,7000,5546629,864154,6410783
2,7000,6769557,203029,6972586
2,7000,5771855,216644,5988499
2,7000,6413683,223769,6637452
2,7000,5835585,191270,6026855
2,7000,5997560,594832,6592392
2,7000,6483206,210726,6693932
2,7000,6445846,245626,6691472
2,7000,6870982,212119,7083101
2,7000,5876373,208431,6084804
2,7000,6790263,267994,7058257
2,7000,5461375,659588,6120963
2,7000,6233858,246624,6480482
2,7000,5862120,234967,6097087
2,7000,7163438,244345,7407783
2,7000,6417526,212913,6630439
2,7000,5276524,1012249,6288773
2,7000,6217487,593289,6810776
2,7000,7165312,236260,7401572
2,7000,7370072,239785,7609857
2,7000,5361609,604188,5965797
2,7000,6353836,211956,6565792
2,7000,7352916,238819,7591735
2,7000,6356359,223073,6579432
2,7000,6143375,614360,6757735
2,7000,6233653,702053,6935706
2,7000,6921554,267623,7189177
2,7000,5772458,618271,6390729
2,7000,6499357,240921,6740278
2,7000,6017060,987804,7004864
2,7000,5791236,236662,6027898
2,7000,7124546,230437,7354983
2,7000,6343812,185156,6528968
2,7000,6236000,233231,6469231
2,7000,5216062,489299,5705361
2,7000,6373062,240706,6613768
2,7000,6435569,256632,6692201
2,7000,5551806,667441,6219247
2,7000,6552109,226070,6778179
2,7000,6594019,245487,6839506
2,7000,6843352,231029,7074381
2,7000,5927756,727997,6655753
2,7000,5944117,605100,6549217
2,7000,6600990,226712,6827702
2,7000,5641731,567428,6209159
2,7000,6402023,196165,6598188
2,7000,6401479,249063,6650542
2,7000,5709469,267668,5977137
2,7000,6597200,253857,6851057
2,7000,6796200,223824,7020024
2,7000,6132717,217496,6350213
2,7000,6902511,244423,7146934
2,7000,6358190,599898,6958088
2,7000,6373218,768270,7141488
2,7000,5826969,214283,6041252
2,7000,6529614,234773,6764387
2,7000,6714683,244527,6959210
2,7000,6219898,626530,6846428
2,7000,6249921,208323,6458244
2,7000,7191744,222425,7414169
2,7000,5851412,222287,6073699
2,7000,6422502,223481,6645983
2,7000,6196609,236953,6433562
2,7000,7313388,246790,7560178
2,7000,5934210,685498,6619708
2,7000,6204808,195595,6400403
2,7000,6319357,237958,6557315
2,8000,7221721,306642,7528363
2,8000,6927843,201753,7129596
2,8000,7934760,288990,8223750
2,8000,6440497,273437,6713934
2,8000,8473493,285336,8758829
2,8000,7417751,281088,7698839
2,8000,6581785,278590,6860375
2,8000,7091719,274619,7366338
2,8000,6766128,295302,7061430
2,8000,7295252,284953,7580205
2,8000,7604514,282905,7887419
2,8000,7099343,198241,7297584
2,8000,7503968,304814,7808782
2,8000,7272650,394284,7666934
2,8000,7012728,331723,7344451
2,8000,6205845,294474,6500319
2,8000,6497313,282011,6779324
2,8000,6975497,287032,7262529
2,8000,6117714,197590,6315304
2,8000,7007394,253788,7261182
2,8000,6936634,204642,7141276
2,8000,7526940,280147,7807087
2,8000,6889434,308313,7197747
2,8000,7170613,277750,7448363
2,8000,7426607,271102,7697709
2,8000,7362061,283491,7645552
2,8000,6374554,283951,6658505
2,8000,6872848,282361,7155209
2,8000,6619985,280783,6900768
2,8000,6890793,277630,7168423
2,8000,8124215,277081,8401296
2,8000,7001596,201916,7203512
2,8000,7022255,291660,7313915
2,8000,6930496,282240,7212736
2,8000,7122308,276974,7399282
2,8000,7511362,268811,7780173
2,8000,7266325,275698,7542023
2,8000,6774882,200218,6975100
2,8000,7746124,289498,8035622
2,8000,7680339,285457,7965796
2,8000,6843895,198092,7041987
2,8000,6765520,273429,7038949
2,8000,7236786,203388,7440174
2,8000,7200497,273415,7473912
2,8000,6873190,310430,7183620
2,8000,7182738,277043,7459781
2,8000,6398522,210162,6608684
2,8000,6657206,231128,6888334
2,8000,7117623,271208,7388831
2,8000,6897362,277831,7175193
2,8000,7407340,285652,7692992
2,8000,6578005,275677,6853682
2,8000,6735029,275902,7010931
2,8000,7334762,283232,7617994
2,8000,6797272,269895,7067167
2,8000,6651609,271843,6923452
2,8000,6881695,268400,7150095
2,8000,6343518,224522,6568040
2,8000,7664255,315496,7979751
2,8000,7423010,273721,7696731
2,8000,7077830,195490,7273320
2,8000,7510298,326005,7836303
2,8000,7097913,276484,7374397
2,8000,6425926,272165,6698091
2,8000,6549204,272416,6821620
2,8000,7156968,276524,7433492
2,8000,6668780,205816,6874596
2,8000,6894181,242245,7136426
2,8000,7032959,294501,7327460
2,8000,7581236,270972,7852208
2,8000,6227813,200521,6428334
2,8000,6823071,273373,7096444
2,8000,6888837,236035,7124872
2,8000,7433922,276127,7710049
2,8000,8074449,272315,8346764
2,8000,6669840,274152,6943992
2,8000,7025612,270740,7296352
2,8000,7461769,264296,7726065
2,8000,6850899,275156,7126055
2,8000,7002503,283465,7285968
2,8000,6311769,287358,6599127
2,8000,6725609,271613,6997222
2,8000,6631847,271123,6902970
2,8000,7443123,194122,7637245
2,8000,6542259,203772,6746031
2,8000,6766929,270131,7037060
2,8000,6928268,281629,7209897
2,8000,6745433,278308,7023741
2,8000,6873244,279472,7152716
2,8000,7041875,281743,7323618
2,8000,7533110,279274,7812384
2,8000,6871141,217158,7088299
2,8000,6418171,273520,6691691
2,8000,6518196,269756,6787952
2,8000,6962512,272831,7235343
2,8000,6778146,257745,7035891
2,8000,7102227,291159,7393386
2,8000,6064658,284965,6349623
2,8000,6581737,226205,6807942
2,8000,8109652,282595,8392247
2,8000,7139193,274178,7413371
2,8000,6831509,272765,7104274
2,8000,6097645,194846,6292491
2,8000,6525052,201475,6726527
2,8000,6066363,224909,6291272
2,8000,6498394,288126,6786520
2,8000,7278912,213303,7492215
2,8000,7305266,286819,7592085
2,8000,6532102,284408,6816510
2,8000,6080208,200612,6280820
2,8000,6667905,283618,6951523
2,8000,7406426,264404,7670830
2,8000,6935649,275162,7210811
2,8000,7642048,277663,7919711
2,8000,6937836,279619,7217455
2,9000,7585834,300821,7886655
2,9000,7725916,302100,8028016
2,9000,7494743,313300,7808043
2,9000,7328033,222951,7550984
2,9000,7508781,304064,7812845
2,9000,7638292,304176,7942468
2,9000,7159735,230531,7390266
2,9000,6876872,219257,7096129
2,9000,8444714,307499,8752213
2,9000,7402707,303017,7705724
2,9000,7195833,223724,7419557
2,9000,7366638,301325,7667963
2,9000,7549756,315316,7865072
2,9000,7805659,224534,8030193
2,9000,7117733,268313,7386046
2,9000,7566694,322621,7889315
2,9000,7184668,303197,7487865
2,9000,6885025,307175,7192200
2,9000,7376055,272660,7648715
2,9000,8456437,317000,8773437
2,9000,7969871,305174,8275045
2,9000,7381283,243457,7624740
2,9000,7807699,310958,8118657
2,9000,7880801,320836,8201637
2,9000,7402857,300327,7703184
2,9000,7923476,297369,8220845
2,9000,7341910,308930,7650840
2,9000,7740006,306797,8046803
2,9000,7188543,322559,7511102
2,9000,7609076,317755,7926831
2,9000,7543626,318718,7862344
2,9000,7241565,309572,7551137
2,9000,7368284,306639,7674923
2,9000,7573814,302166,7875980
2,9000,8130981,301911,8432892
2,9000,7027548,241207,7268755
2,9000,7395399,320827,7716226
2,9000,6769092,305859,7074951
2,9000,7910052,319723,8229775
2,9000,7721990,328333,8050323
2,9000,7500232,319732,7819964
2,9000,6855996,322211,7178207
2,9000,7146200,280346,7426546
2,9000,7437028,310436,7747464
2,9000,8203725,299949,8503674
2,9000,8006978,323188,8330166
2,9000,7253405,313520,7566925
2,9000,7314648,307685,7622333
2,9000,7380847,341130,7721977
2,9000,7152299,296607,7448906
2,9000,7038098,286948,7325046
2,9000,7847377,299094,8146471
2,9000,7398847,226276,7625123
2,9000,7662997,306698,7969695
2,9000,8261836,237764,8499600
2,9000,7025388,241042,7266430
2,9000,7805147,307452,8112599
2,9000,7512762,302661,7815423
2,9000,7283226,234908,7518134
2,9000,7440582,302733,7743315
2,9000,7619948,309797,7929745
2,9000,7817385,311780,8129165
2,9000,7000729,314130,7314859
2,9000,6797992,301695,7099687
2,9000,7540737,305024,7845761
2,9000,7054351,297447,7351798
2,9000,6648293,230198,6878491
2,9000,7205603,288409,7494012
2,9000,7619672,310668,7930340
2,9000,6885448,315752,7201200
2,9000,8676223,314012,8990235
2,9000,8659165,309191,8968356
2,9000,7606527,261389,7867916
2,9000,7636057,336357,7972414
2,9000,7029089,328171,7357260
2,9000,7600175,222539,7822714
2,9000,7444681,218223,7662904
2,9000,7569896,300024,7869920
2,9000,7724961,215679,7940640
2,9000,6803106,221714,7024820
2,9000,6792183,274159,7066342
2,9000,7151424,317789,7469213
2,9000,7389631,305813,7695444
2,9000,7399657,301554,7701211
2,9000,7545034,300972,7846006
2,9000,7733755,321316,8055071
2,9000,6925267,300573,7225840
2,9000,8212632,318164,8530796
2,9000,6900090,243885,7143975
2,9000,7868793,313167,8181960
2,9000,6838542,230273,7068815
2,9000,7432568,312573,7745141
2,9000,7244980,312660,7557640
2,9000,7442694,313904,7756598
2,9000,7147975,270998,7418973
2,9000,7207316,316732,7524048
2,9000,7419498,316364,7735862
2,9000,7543786,305037,7848823
2,9000,7793537,318329,8111866
2,9000,7453913,313058,7766971
2,9000,8088044,336192,8424236
2,9000,8288509,302895,8591404
2,9000,8481050,259512,8740562
2,9000,7159649,313679,7473328
2,9000,7420619,306779,7727398
2,9000,7478617,301419,7780036
2,9000,6801749,219252,7021001
2,9000,8016338,338547,8354885
2,9000,7529622,302379,7832001
2,9000,7666687,320680,7987367
2,9000,7302266,308978,7611244
2,9000,7339223,313267,7652490
2,9000,7466008,266153,7732161
2,9000,7671388,323086,7994474
2,9000,6630118,241351,6871469
2,10000,7781782,351485,8133267
2,10000,7773078,371146,8144224
2,10000,8056493,245185,8301678
2,10000,7785013,347736,8132749
2,10000,7928537,341991,8270528
2,10000,7000289,335769,7336058
2,10000,8105127,270482,8375609
2,10000,8244454,341151,8585605
2,10000,7975714,344028,8319742
2,10000,7982128,362204,8344332
2,10000,7169139,256230,7425369
2,10000,8276117,330484,8606601
2,10000,8925796,350051,9275847
2,10000,7819501,344328,8163829
2,10000,7928456,248886,8177342
2,10000,7585732,279037,7864769
2,10000,8230420,347892,8578312
2,10000,7730818,338847,8069665
2,10000,7025835,245244,7271079
2,10000,7537358,260741,7798099
2,10000,8649269,293845,8943114
2,10000,8575966,262100,8838066
2,10000,7944485,332041,8276526
2,10000,7383647,355877,7739524
2,10000,7766614,289990,8056604
2,10000,9344824,351630,9696454
2,10000,7398341,278710,7677051
2,10000,8414857,349718,8764575
2,10000,8227345,341574,8568919
2,10000,7015367,340941,7356308
2,10000,8693269,339936,9033205
2,10000,7499801,330226,7830027
2,10000,8215361,332046,8547407
2,10000,7974388,345189,8319577
2,10000,7803454,341314,8144768
2,10000,8739763,340891,9080654
2,10000,8305811,362731,8668542
2,10000,7707161,356550,8063711
2,10000,8075203,340976,8416179
2,10000,7757250,333960,8091210
2,10000,7354502,340665,7695167
2,10000,8621044,336420,8957464
2,10000,7680722,244782,7925504
2,10000,7459152,318536,7777688
2,10000,7385270,254006,7639276
2,10000,8680187,353598,9033785
2,10000,8234981,366452,8601433
2,10000,7921541,351329,8272870
2,10000,8213040,338301,8551341
2,10000,7716297,360272,8076569
2,10000,7486242,343883,7830125
2,10000,8777792,353210,9131002
2,10000,7828344,340596,8168940
2,10000,7946395,253620,8200015
2,10000,8545300,338451,8883751
2,10000,8390124,343524,8733648
2,10000,8247590,336023,8583613
2,10000,7370321,336699,7707020
2,10000,8461236,337768,8799004
2,10000,7795989,304773,8100762
2,10000,7889597,340935,8230532
2,10000,8225369,313133,8538502
2,10000,7037663,250512,7288175
2,10000,8499105,342953,8842058
2,10000,7292305,353423,7645728
2,10000,7795422,340767,8136189
2,10000,8282344,366882,8649226
2,10000,8588484,342354,8930838
2,10000,8297550,340014,8637564
2,10000,7507698,260993,7768691
2,10000,7956780,246558,8203338
2,10000,7879908,342624,8222532
2,10000,8452764,349871,8802635
2,10000,7400456,248415,7648871
2,10000,7556304,259434,7815738
2,10000,8212580,340084,8552664
2,10000,8190229,263337,8453566
2,10000,8324155,357226,8681381
2,10000,8441059,336966,8778025
2,10000,8203968,333198,8537166
2,10000,8224832,341994,8566826
2,10000,8133216,359453,8492669
2,10000,7471794,314432,7786226
2,10000,9163793,336084,9499877
2,10000,7847228,335916,8183144
2,10000,7702137,341354,8043491
2,10000,7910211,343695,8253906
2,10000,8155543,248530,8404073
2,10000,8709742,347013,9056755
2,10000,8269446,366326,8635772
2,10000,8608050,341356,8949406
2,10000,8557517,347169,8904686
2,10000,7801955,346392,8148347
2,10000,7896810,338433,8235243
2,10000,8917769,346710,9264479
2,10000,8141284,335916,8477200
2,10000,7967045,298014,8265059
2,10000,9280899,341595,9622494
2,10000,7780260,340795,8121055
2,10000,8537219,346679,8883898
2,10000,8267087,347918,8615005
2,10000,7143648,377644,7521292
2,10000,6980411,294093,7274504
2,10000,8091521,347885,8439406
2,10000,8337429,338618,8676047
2,10000,8883753,345092,9228845
2,10000,7194627,350439,7545066
2,10000,8146424,339249,8485673
2,10000,7880496,247306,8127802
2,10000,8709151,340383,9049534
2,10000,8429644,350339,8779983
2,10000,7735962,334912,8070874
2,10000,8910068,348758,9258826
2,10000,7574520,249954,7824474
2,10000,7985610,385031,8370641
2,10000,7356282,262139,7618421
2,10000,8337257,356996,8694253
2,10000,8221710,354833,8576543
2,10000,8769758,295899,9065657
2,10000,8582750,342837,8925587
2,10000,8209392,342972,8552364
2,10000,8446699,363013,8809712
2,10000,8093844,344960,8438804
2,10000,8547990,341048,8889038
2,10000,8509937,343469,8853406
2,10000,7942991,287569,8230560
2,10000,8344938,343131,8688069
2,10000,7712474,278410,7990884
2,10000,8804541,296625,9101166
2,10000,8211425,317920,8529345
2,10000,7413092,239753,7652845
2,10000,9111146,340434,9451580
2,10000,6989622,255249,7244871
2,10000,8612165,329125,8941290
2,10000,7242279,246509,7488788
2,10000,8623842,337879,8961721
2,10000,7791110,260001,8051111
2,10000,8042411,340513,8382924
2,10000,8414835,331036,8745871
2,10000,8294919,331807,8626726
2,10000,8506582,353996,8860578
2,10000,7505988,343799,7849787
2,10000,7709463,345287,8054750
2,10000,8350148,335703,8685851
2,10000,8765948,358655,9124603
2,10000,7880324,346148,8226472
2,10000,7638474,348662,7987136
2,10000,7789769,257895,8047664
2,10000,7294491,344331,7638822
2,10000,7997241,260318,8257559
2,10000,8230822,347304,8578126
2,10000,8867493,346050,9213543
2,10000,7314036,242724,7556760
2,10000,7759702,359246,8118948
2,10000,8742412,339030,9081442
2,10000,7553629,273035,7826664
2,10000,8101165,264884,8366049
2,10000,7646510,249177,7895687
2,10000,8207171,361640,8568811
2,10000,9245014,344905,9589919
2,10000,8210799,298139,8508938
2,10000,8765184,341190,9106374
2,10000,8110207,312854,8423061
2,10000,8301266,368053,8669319
2,10000,7284947,339381,7624328
2,10000,8360288,335478,8695766
2,10000,7925492,342114,8267606
2,10000,8841150,335208,9176358
2,10000,8442762,288569,8731331
2,10000,8626077,336750,8962827
2,10000,7457736,370287,7828023
2,10000,8128229,341781,8470010
2,10000,9028856,328735,9357591
2,10000,8087678,293509,8381187
2,10000,8106799,345704,8452503
2,10000,7524805,302865,7827670
2,10000,8138066,311729,8449795
2,10000,8196157,352946,8549103
2,10000,7616679,343817,7960496
2,10000,8192551,347471,8540022
2,10000,9114317,342321,9456638
2,10000,8216747,336354,8553101
2,10000,8363461,330109,8693570
2,10000,8026147,299697,8325844
2,10000,8265947,334800,8600747
2,10000,8099920,272429,8372349
2,10000,7448204,250221,7698425
2,10000,6768890,343971,7112861
2,10000,7131901,242140,7374041
2,10000,7054928,356720,7411648
2,10000,7838813,242871,8081684
2,10000,7464173,384581,7848754
2,10000,8163450,341532,8504982
2,10000,8460132,344486,8804618
2,10000,8181154,337599,8518753
2,10000,8383116,348425,8731541
2,10000,6922746,272635,7195381
2,10000,8343714,355010,8698724
2,10000,9341767,354461,9696228
2,10000,7981394,313778,8295172
2,10000,7453410,325420,7778830
2,10000,8369090,254696,8623786
2,10000,7626380,343098,7969478
2,10000,8028736,336627,8365363
2,10000,8292528,354197,8646725
2,10000,8463207,351728,8814935
2,10000,9042562,344898,9387460
2,10000,6949524,328116,7277640
2,10000,7279702,247543,7527245
2,10000,8119161,318107,8437268
2,10000,7871578,346386,8217964
2,10000,9861774,333840,10195614
2,10000,7859043,254544,8113587
2,10000,8335047,348017,8683064
2,10000,8180375,344298,8524673
2,10000,8915862,236485,9152347
2,10000,8176598,312455,8489053
2,10000,7805071,273334,8078405
2,10000,8159995,303467,8463462
2,10000,8919640,353345,9272985
2,10000,7694431,275716,7970147
2,10000,8739647,339351,9078998
2,10000,8725499,339645,9065144
2,10000,7269778,333177,7602955
2,10000,7046627,241789,7288416
2,10000,8093666,343023,8436689
2,10000,7437970,264842,7702812
2,10000,6893355,252990,7146345
2,10000,9158084,341502,9499586
2,10000,7331546,342639,7674185
2,20000,13816894,661210,14478104
2,20000,14043225,661258,14704483
2,20000,13012914,680100,13693014
2,20000,13216097,661642,13877739
2,20000,13955693,684522,14640215
2,20000,12980532,677799,13658331
2,20000,12562479,672723,13235202
2,20000,14286657,677256,14963913
2,20000,12665091,671023,13336114
2,20000,12644987,686508,13331495
2,20000,13766759,670065,14436824
2,20000,13570262,673072,14243334
2,20000,13511655,680868,14192523
2,20000,14069692,672340,14742032
2,20000,13924223,666984,14591207
2,20000,13318327,699353,14017680
2,20000,13440209,660427,14100636
2,20000,12504006,673581,13177587
2,20000,13180512,679146,13859658
2,20000,13107173,659926,13767099
2,20000,13195154,689423,13884577
2,20000,12969690,678684,13648374
2,20000,13493609,676761,14170370
2,20000,13905272,674046,14579318
2,20000,13255213,679965,13935178
2,20000,13246888,659542,13906430
2,20000,14205924,655964,14861888
2,20000,13968527,681741,14650268
2,20000,13700064,655397,14355461
2,20000,14057581,675153,14732734
2,20000,13138665,677763,13816428
2,20000,14284903,680688,14965591
2,20000,13438425,681172,14119597
2,20000,14861255,679515,15540770
2,20000,13006830,678123,13684953
2,20000,13636691,666058,14302749
2,20000,13975611,662380,14637991
2,20000,13285492,674010,13959502
2,20000,12211775,714280,12926055
2,20000,13312208,665263,13977471
2,20000,13204022,655631,13859653
2,20000,13843305,690071,14533376
2,20000,14363275,676779,15040054
2,20000,13243099,662320,13905419
2,20000,13703953,658601,14362554
2,20000,12530214,689894,13220108
2,20000,13275196,689516,13964712
2,20000,13098092,673506,13771598
2,20000,13909094,678198,14587292
2,20000,13115437,668728,13784165
2,20000,12538668,679555,13218223
2,20000,13369951,676341,14046292
2,20000,12533205,668197,13201402
2,20000,13530978,679037,14210015
2,20000,13893645,710530,14604175
2,20000,12673766,666025,13339791
2,20000,12421169,672877,13094046
2,20000,13338274,497008,13835282
2,20000,14282686,699494,14982180
2,20000,14319777,682176,15001953
2,20000,13180627,666136,13846763
2,20000,14516809,696022,15212831
2,20000,12017351,655357,12672708
2,20000,12289592,683058,12972650
2,20000,13245596,672576,13918172
2,20000,13979382,668607,14647989
2,20000,14552314,663031,15215345
2,20000,12412435,682683,13095118
2,20000,12847910,682374,13530284
2,20000,12302167,578932,12881099
2,20000,14423796,600894,15024690
2,20000,13180515,686225,13866740
2,20000,14314842,682614,14997456
2,20000,14067576,682701,14750277
2,20000,12580341,662761,13243102
2,20000,13433657,665845,14099502
2,20000,13691583,666652,14358235
2,20000,13320860,678264,13999124
2,20000,13096437,687291,13783728
2,20000,16052238,686694,16738932
2,20000,13512261,685884,14198145
2,20000,14079530,669457,14748987
2,20000,13813544,675268,14488812
2,20000,13706376,681471,14387847
2,20000,13351458,695058,14046516
2,20000,12889091,662327,13551418
2,20000,13115690,673881,13789571
2,20000,13806297,661810,14468107
2,20000,13314494,670165,13984659
2,20000,12578631,474141,13052772
2,20000,12945850,678406,13624256
2,20000,14591640,672922,15264562
2,20000,13311915,688905,14000820
2,20000,13795916,685974,14481890
2,20000,13163461,677607,13841068
2,20000,12976274,676480,13652754
2,20000,13545483,699217,14244700
2,20000,13434718,691759,14126477
2,20000,13491719,675010,14166729
2,20000,13027102,684909,13712011
2,20000,13278653,672676,13951329
2,20000,12984976,693419,13678395
2,20000,15555251,672780,16228031
2,20000,13575149,661042,14236191
2,20000,12828325,677463,13505788
2,20000,14771866,669079,15440945
2,20000,12383647,489965,12873612
2,20000,12778786,685010,13463796
2,20000,14343588,678480,15022068
2,20000,13613919,658072,14271991
2,20000,13703604,688242,14391846
2,20000,13553004,665266,14218270
2,20000,13620185,677823,14298008
2,20000,13638264,669868,14308132
2,20000,13635939,665671,14301610
2,30000,18623130,1416002,20039132
2,30000,18209452,1387070,19596522
2,30000,18115960,1858371,19974331
2,30000,18523117,1465726,19988843
2,30000,19495700,993985,20489685
2,30000,18386552,1495199,19881751
2,30000,19216634,1462907,20679541
2,30000,18269417,1472233,19741650
2,30000,17659970,1418212,19078182
2,30000,18217552,1475901,19693453
2,30000,16690372,1920044,18610416
2,30000,18013125,1443099,19456224
2,30000,21914266,1427021,23341287
2,30000,17506637,1468189,18974826
2,30000,17884102,1445382,19329484
2,30000,19185396,1431642,20617038
2,30000,18808823,991991,19800814
2,30000,17519589,1475314,18994903
2,30000,20700856,1395162,22096018
2,30000,19894498,934341,20828839
2,30000,18433912,1008238,19442150
2,30000,18750332,1838425,20588757
2,30000,20599111,1013371,21612482
2,30000,17960621,1947270,19907891
2,30000,19464165,1467622,20931787
2,30000,18597657,1475095,20072752
2,30000,19383784,621811,20005595
2,30000,19559976,1531536,21091512
2,30000,18268699,1433337,19702036
2,30000,17218696,1833812,19052508
2,30000,18220360,1966057,20186417
2,30000,19190476,862622,20053098
2,30000,19708621,921118,20629739
2,30000,17016149,1496097,18512246
2,30000,18681226,993648,19674874
2,30000,17858867,1467259,19326126
2,30000,19075610,1023486,20099096
2,30000,19805971,1480311,21286282
2,30000,20177370,997948,21175318
2,30000,18442828,1335485,19778313
2,30000,18178467,1414319,19592786
2,30000,17931954,1556593,19488547
2,30000,18489446,1397626,19887072
2,30000,18619804,1526685,20146489
2,30000,17998652,1559911,19558563
2,30000,18895310,1423031,20318341
2,30000,19028023,1956447,20984470
2,30000,17907963,887520,18795483
2,30000,18657670,1391124,20048794
2,30000,19106980,1623016,20729996
2,30000,20704139,889807,21593946
2,30000,18743430,1345514,20088944
2,30000,19252633,1367840,20620473
2,30000,19361334,864576,20225910
2,30000,18193316,1482286,19675602
2,30000,17738231,1168451,18906682
2,30000,21682068,1557552,23239620
2,30000,20813776,893307,21707083
2,30000,18652301,1518772,20171073
2,30000,21419937,874484,22294421
2,30000,18257357,1476690,19734047
2,30000,18623806,1435368,20059174
2,30000,18969942,900231,19870173
2,30000,17862812,1546405,19409217
2,30000,17844523,1516383,19360906
2,30000,17402896,1505801,18908697
2,30000,20797691,1002484,21800175
2,30000,17613788,1889708,19503496
2,30000,18694673,1464421,20159094
2,30000,18017291,1508548,19525839
2,30000,17901668,1858266,19759934
2,30000,19192535,1504162,20696697
2,30000,18838080,1548202,20386282
2,30000,18632445,1445511,20077956
2,30000,18917679,895337,19813016
2,30000,19071850,1443717,20515567
2,30000,17200081,1474132,18674213
2,30000,19699775,1489991,21189766
2,30000,17117713,1456250,18573963
2,30000,19474272,890103,20364375
2,30000,17686990,1484592,19171582
2,30000,19435928,1416986,20852914
2,30000,18181923,1015620,19197543
2,30000,17532381,1474221,19006602
2,30000,18825145,725181,19550326
2,30000,17054477,1490292,18544769
2,30000,18852064,1444443,20296507
2,30000,22086589,877936,22964525
2,30000,20090439,1484545,21574984
2,30000,19726631,891610,20618241
2,30000,18674810,1486307,20161117
2,30000,19856756,925999,20782755
2,30000,19759230,1493493,21252723
2,30000,17572993,1496624,19069617
2,30000,18037652,1395226,19432878
2,30000,18818593,725163,19543756
2,30000,19727365,870376,20597741
2,30000,18068205,1536249,19604454
2,30000,18435248,1553777,19989025
2,30000,18113039,1244636,19357675
2,30000,20055213,1442200,21497413
2,30000,19315223,877636,20192859
2,30000,17907464,1943475,19850939
2,30000,19124107,1587402,20711509
2,30000,17534875,1530999,19065874
2,30000,19342865,1412978,20755843
2,30000,20235935,1972057,22207992
2,30000,18674198,1468301,20142499
2,30000,17790097,1883291,19673388
2,30000,18524942,1512280,20037222
2,30000,18696438,1508051,20204489
2,30000,17827285,1655656,19482941
2,30000,19010171,1497014,20507185
2,30000,16481932,1490128,17972060
2,30000,18182929,1569316,19752245
2,40000,24422053,1322298,25744351
2,40000,23526242,1313271,24839513
2,40000,24138714,2154547,26293261
2,40000,27473561,1339885,28813446
2,40000,23985605,1003330,24988935
2,40000,25655304,1084373,26739677
2,40000,25915393,1340125,27255518
2,40000,22703714,816317,23520031
2,40000,23115043,1301256,24416299
2,40000,24052674,1294415,25347089
2,40000,23331129,1177123,24508252
2,40000,25668782,1314825,26983607
2,40000,27653976,1190859,28844835
2,40000,25891342,1195905,27087247
2,40000,22583749,947099,23530848
2,40000,29729642,1311196,31040838
2,40000,23257208,1317666,24574874
2,40000,25597760,1348015,26945775
2,40000,22393336,869282,23262618
2,40000,26875714,1310152,28185866
2,40000,25166086,1344343,26510429
2,40000,25340066,1320945,26661011
2,40000,25019170,1174090,26193260
2,40000,26177860,1337170,27515030
2,40000,24845187,1164319,26009506
2,40000,24501311,1181883,25683194
2,40000,27789990,1317975,29107965
2,40000,24779466,1204453,25983919
2,40000,24687375,1334945,26022320
2,40000,24674519,962060,25636579
2,40000,27534316,1317717,28852033
2,40000,28132617,1341295,29473912
2,40000,26516475,1314033,27830508
2,40000,24367650,1198653,25566303
2,40000,24846043,1299727,26145770
2,40000,25491860,1299006,26790866
2,40000,27902378,1172320,29074698
2,40000,25719857,1305625,27025482
2,40000,25622367,1161265,26783632
2,40000,25698681,1314558,27013239
2,40000,24503464,1347193,25850657
2,40000,27734248,1316097,29050345
2,40000,25065492,1159975,26225467
2,40000,23870135,1190037,25060172
2,40000,25262140,1316925,26579065
2,40000,25670536,1311057,26981593
2,40000,24070976,943694,25014670
2,40000,25797204,814571,26611775
2,40000,23737102,944489,24681591
2,40000,25645533,1328750,26974283
2,40000,24180933,1151234,25332167
2,40000,22798565,860561,23659126
2,40000,27372818,1300306,28673124
2,40000,23310796,1305269,24616065
2,40000,24311336,1321950,25633286
2,40000,24516889,1191343,25708232
2,40000,28028657,1305949,29334606
2,40000,22950993,1081622,24032615
2,40000,24078794,1174822,25253616
2,40000,27017364,1323159,28340523
2,40000,23886117,1176512,25062629
2,40000,27758296,1326567,29084863
2,40000,24450297,1340620,25790917
2,40000,26910152,1327067,28237219
2,40000,24750002,1877348,26627350
2,40000,27262412,1307671,28570083
2,40000,26638750,1328334,27967084
2,40000,22990920,1328675,24319595
2,40000,24458867,1196910,25655777
2,40000,24749339,1234983,25984322
2,40000,25089658,1177844,26267502
2,40000,24644847,1337981,25982828
2,40000,22791782,952364,23744146
2,40000,23230094,1845082,25075176
2,40000,25015129,1333958,26349087
2,40000,27520930,1322346,28843276
2,40000,27109539,1318095,28427634
2,40000,28070918,1329965,29400883
2,40000,28687082,1306616,29993698
2,40000,25465212,1174515,26639727
2,40000,23318258,965389,24283647
2,40000,23280253,1318089,24598342
2,40000,26360489,1325634,27686123
2,40000,25108195,1318500,26426695
2,40000,28159465,1320326,29479791
2,40000,23287374,1167689,24455063
2,40000,23965761,1173094,25138855
2,40000,27741808,1310710,29052518
2,40000,25405734,1295866,26701600
2,40000,23554729,937656,24492385
2,40000,23539572,1319643,24859215
2,40000,23045094,1348069,24393163
2,40000,24076487,1331201,25407688
2,40000,23809473,1743936,25553409
2,40000,27563679,1301641,28865320
2,40000,21987899,1331790,23319689
2,40000,23922747,1347631,25270378
2,40000,25552200,1179637,26731837
2,40000,26835477,1336310,28171787
2,40000,24897586,944642,25842228
2,40000,27725850,1317963,29043813
2,40000,28319993,1316634,29636627
2,40000,24335836,825593,25161429
2,40000,23457886,1206698,24664584
2,40000,25559045,1198496,26757541
2,40000,24668416,1810367,26478783
2,40000,26564766,1321020,27885786
2,40000,26200055,1308179,27508234
2,40000,24984673,1189028,26173701
2,40000,23379181,855395,24234576
2,40000,27818314,1329539,29147853
2,40000,25474453,1212460,26686913
2,40000,25708007,1311488,27019495
2,40000,25846196,970159,26816355
2,40000,24062700,1184589,25247289
2,50000,29469127,1628700,31097827
2,50000,28028215,1192461,29220676
2,50000,30850119,1666619,32516738
2,50000,29259961,1647172,30907133
2,50000,32618045,1649020,34267065
2,50000,29292128,1198850,30490978
2,50000,31722892,1656345,33379237
2,50000,30375822,1653442,32029264
2,50000,32704559,1184484,33889043
2,50000,33594242,1633042,35227284
2,50000,30106541,1635829,31742370
2,50000,29893055,1652172,31545227
2,50000,28194519,1651869,29846388
2,50000,28936554,1647031,30583585
2,50000,28989309,1629975,30619284
2,50000,28374196,1671090,30045286
2,50000,28808043,1641754,30449797
2,50000,29398938,1189082,30588020
2,50000,30111343,1647732,31759075
2,50000,30069197,1646887,31716084
2,50000,28198112,1336223,29534335
2,50000,30637638,1187692,31825330
2,50000,34105751,1623594,35729345
2,50000,31213316,1638307,32851623
2,50000,29035095,1638633,30673728
2,50000,27808622,1181227,28989849
2,50000,30377858,1646603,32024461
2,50000,33368991,1658396,35027387
2,50000,33075774,1194272,34270046
2,50000,32531198,1637273,34168471
2,50000,29351527,1637515,30989042
2,50000,30162967,1198487,31361454
2,50000,29510074,1179792,30689866
2,50000,33872282,1671407,35543689
2,50000,26973454,1642824,28616278
2,50000,28758112,1658538,30416650
2,50000,30890928,1667215,32558143
2,50000,30768711,1624550,32393261
2,50000,30390853,1648626,32039479
2,50000,33839740,1649242,35488982
2,50000,30127281,1642177,31769458
2,50000,30142556,1637453,31780009
2,50000,27739276,1628335,29367611
2,50000,27035549,1158092,28193641
2,50000,27554699,1631830,29186529
2,50000,31866180,1636825,33503005
2,50000,31126207,1678603,32804810
2,50000,33358617,1643216,35001833
2,50000,28590158,1667264,30257422
2,50000,31968502,1681799,33650301
2,50000,28953194,1647207,30600401
2,50000,29610179,1640748,31250927
2,50000,32860044,1216781,34076825
2,50000,30997926,1181397,32179323
2,50000,32620546,1662801,34283347
2,50000,29794649,1639436,31434085
2,50000,29794835,1638163,31432998
2,50000,28488443,1635563,30124006
2,50000,32536096,1567554,34103650
2,50000,26722060,1650552,28372612
2,50000,27254063,1646652,28900715
2,50000,26128558,1658600,27787158
2,50000,27707483,1623543,29331026
2,50000,28761283,1622838,30384121
2,50000,33256198,1652457,34908655
2,50000,31604466,1635319,33239785
2,50000,32760332,1625522,34385854
2,50000,32411795,1633901,34045696
2,50000,28885569,1642186,30527755
2,50000,33196035,1503733,34699768
2,50000,30763435,1644232,32407667
2,50000,29033643,1618922,30652565
2,50000,29975116,1645032,31620148
2,50000,32003952,1637305,33641257
2,50000,27036251,1171699,28207950
2,50000,26974444,1619934,28594378
2,50000,31277386,1652655,32930041
2,50000,28503608,1613818,30117426
2,50000,30610558,1667576,32278134
2,50000,31202103,1632575,32834678
2,50000,32155695,1622163,33777858
2,50000,28154696,1626700,29781396
2,50000,27756618,1655460,29412078
2,50000,29908698,1631123,31539821
2,50000,34725557,1638841,36364398
2,50000,29711864,1635773,31347637
2,50000,28147880,1634137,29782017
2,50000,33450484,1617821,35068305
2,50000,33192840,1661919,34854759
2,50000,29906981,1636469,31543450
2,50000,34562041,1657423,36219464
2,50000,33133786,1630421,34764207
2,50000,30196702,1195758,31392460
2,50000,26760748,1212676,27973424
2,50000,30425045,1643620,32068665
2,50000,30301749,1647694,31949443
2,50000,29636239,1657156,31293395
2,50000,29649793,1634720,31284513
2,50000,32577750,1630451,34208201
2,50000,28553953,1651020,30204973
2,50000,26988819,1185768,28174587
2,50000,32492130,1653609,34145739
2,50000,31892233,1636265,33528498
2,50000,31928948,1648251,33577199
2,50000,28250331,1631504,29881835
2,50000,26773906,1643766,28417672
2,50000,30823427,1631362,32454789
2,50000,28688902,1641001,30329903
2,50000,29314966,1605345,30920311
2,50000,29605691,1628419,31234110
2,50000,28681728,1212649,29894377
2,50000,29227300,1656861,30884161
2,50000,27321176,1620686,28941862
2,50000,28902620,1628276,30530896
2,50000,29807438,1649868,31457306
2,60000,34401682,1427209,35828891
2,60000,35450889,1404156,36855045
2,60000,34047794,1958016,36005810
2,60000,33114841,1944114,35058955
2,60000,35121814,1973615,37095429
2,60000,36248366,1972207,38220573
2,60000,37401976,1971782,39373758
2,60000,34741669,1475310,36216979
2,60000,33295195,1958151,35253346
2,60000,35500689,1967076,37467765
2,60000,37380871,1964495,39345366
2,60000,34795362,1980988,36776350
2,60000,39024509,1970567,40995076
2,60000,31941486,1416530,33358016
2,60000,35480162,1962900,37443062
2,60000,34226870,1962524,36189394
2,60000,34502427,1956435,36458862
2,60000,33824028,1945668,35769696
2,60000,35491577,1976749,37468326
2,60000,34422833,1969181,36392014
2,60000,33436485,1961692,35398177
2,60000,31880266,1958695,33838961
2,60000,33158669,1958372,35117041
2,60000,34811861,1425241,36237102
2,60000,32986653,1964222,34950875
2,60000,34494849,1709696,36204545
2,60000,34623859,1962279,36586138
2,60000,33577958,1946139,35524097
2,60000,35913381,1962653,37876034
2,60000,34089032,1501768,35590800
2,60000,31606013,1962865,33568878
2,60000,35164243,1430445,36594688
2,60000,33952272,1966208,35918480
2,60000,35744214,1987887,37732101
2,60000,34594151,1956774,36550925
2,60000,33947768,1967356,35915124
2,60000,33907497,1423582,35331079
2,60000,34884119,1975634,36859753
2,60000,34133670,1954181,36087851
2,60000,33298317,1409033,34707350
2,60000,31721644,1996422,33718066
2,60000,34032162,1938079,35970241
2,60000,35192093,1964486,37156579
2,60000,32778934,1417451,34196385
2,60000,34524205,1454990,35979195
2,60000,34247853,1429639,35677492
2,60000,35413709,1957253,37370962
2,60000,35147252,1961747,37108999
2,60000,33878078,1571683,35449761
2,60000,34148580,1424710,35573290
2,60000,34901401,1960860,36862261
2,60000,36663337,1984912,38648249
2,60000,32638344,1879508,34517852
2,60000,34528072,1411604,35939676
2,60000,31561743,1419006,32980749
2,60000,35010195,1998327,37008522
2,60000,35461152,1977077,37438229
2,60000,33579638,1965881,35545519
2,60000,37293949,1976755,39270704
2,60000,33436392,1975630,35412022
2,60000,31751264,1969081,33720345
2,60000,36301874,1951392,38253266
2,60000,34386496,1985608,36372104
2,60000,34616929,1967093,36584022
2,60000,33433425,1962632,35396057
2,60000,35153981,1503728,36657709
2,60000,33443748,1428787,34872535
2,60000,34403280,1947681,36350961
2,60000,33671264,1401948,35073212
2,60000,34982993,1550102,36533095
2,60000,34035587,1413289,35448876
2,60000,33597631,1967408,35565039
2,60000,34533165,1407590,35940755
2,60000,35500037,1428559,36928596
2,60000,34557738,1985885,36543623
2,60000,32387735,1985805,34373540
2,60000,33367439,1976389,35343828
2,60000,35186964,1976701,37163665
2,60000,33163429,1417054,34580483
2,60000,32859310,1403898,34263208
2,60000,33441021,1991271,35432292
2,60000,32487327,1423555,33910882
2,60000,35329655,1967927,37297582
2,60000,32086715,1957932,34044647
2,60000,32657084,1976464,34633548
2,60000,32634026,1955067,34589093
2,60000,36412695,1994745,38407440
2,60000,34845696,1960781,36806477
2,60000,35195063,1962717,37157780
2,60000,34292655,1975720,36268375
2,60000,34353831,1980100,36333931
2,60000,34100686,1955183,36055869
2,60000,35613806,1948033,37561839
2,60000,32893199,1970242,34863441
2,60000,35704990,1405482,37110472
2,60000,32488770,1619439,34108209
2,60000,33261698,1942538,35204236
2,60000,36929948,1956336,38886284
2,60000,33439332,1955073,35394405
2,60000,33726596,1955121,35681717
2,60000,35132691,1953154,37085845
2,60000,34737011,1963010,36700021
2,60000,32894824,1981810,34876634
2,60000,34594676,1948080,36542756
2,60000,32104183,1951572,34055755
2,60000,33490838,1443831,34934669
2,60000,36742168,1969826,38711994
2,60000,31443129,1965345,33408474
2,60000,34476310,1427852,35904162
2,60000,37042322,1403499,38445821
2,60000,35198446,1962884,37161330
2,60000,35725447,1983667,37709114
2,60000,33096062,1956267,35052329
2,60000,33127024,1973564,35100588
2,60000,32846063,1425359,34271422
2,70000,38779296,2286706,41066002
2,70000,35351030,1657068,37008098
2,70000,41704265,1661657,43365922
2,70000,38978155,1658157,40636312
2,70000,37223868,1681765,38905633
2,70000,39373644,2289483,41663127
2,70000,39284702,2300438,41585140
2,70000,38231417,2298996,40530413
2,70000,39397059,2309365,41706424
2,70000,36296018,1651650,37947668
2,70000,38647600,2310362,40957962
2,70000,38455730,1649903,40105633
2,70000,41847780,1663647,43511427
2,70000,43202356,2321191,45523547
2,70000,38620750,2299050,40919800
2,70000,39172635,1657319,40829954
2,70000,36197058,1656702,37853760
2,70000,39140136,2290701,41430837
2,70000,38531682,2301065,40832747
2,70000,37316008,2289418,39605426
2,70000,40069325,2282454,42351779
2,70000,37476252,2302325,39778577
2,70000,38255632,1637416,39893048
2,70000,37906700,1653414,39560114
2,70000,40524587,2293906,42818493
2,70000,40042604,2289398,42332002
2,70000,39625543,2296874,41922417
2,70000,37541638,2001267,39542905
2,70000,40009708,2287555,42297263
2,70000,40970051,1626788,42596839
2,70000,39167025,2277137,41444162
2,70000,41218809,2282688,43501497
2,70000,37736239,1650915,39387154
2,70000,37632115,2309470,39941585
2,70000,39391130,1650622,41041752
2,70000,40225495,2283784,42509279
2,70000,38611491,2289807,40901298
2,70000,40018428,1653564,41671992
2,70000,39471337,2295423,41766760
2,70000,40206934,2318762,42525696
2,70000,37215098,2291566,39506664
2,70000,39974337,1659153,41633490
2,70000,38288838,2272618,40561456
2,70000,39354700,2321719,41676419
2,70000,37543162,2323990,39867152
2,70000,41355007,1634491,42989498
2,70000,37885617,2291113,40176730
2,70000,39358829,2309912,41668741
2,70000,37802904,1638923,39441827
2,70000,38131552,1675015,39806567
2,70000,39382909,1658131,41041040
2,70000,38992461,2304246,41296707
2,70000,37861124,1703745,39564869
2,70000,41866037,1647643,43513680
2,70000,41349422,2274934,43624356
2,70000,39350996,2302571,41653567
2,70000,41668069,2293382,43961451
2,70000,36827206,2286324,39113530
2,70000,41329594,2357107,43686701
2,70000,42400099,2289124,44689223
2,70000,40823550,2299500,43123050
2,70000,37203355,2320265,39523620
2,70000,37992164,2283187,40275351
2,70000,37457245,1910691,39367936
2,70000,36825517,1672387,38497904
2,70000,37228959,1659837,38888796
2,70000,39400116,2287074,41687190
2,70000,40510138,1661576,42171714
2,70000,39136996,1631762,40768758
2,70000,38248166,1653331,39901497
2,70000,37804899,2276188,40081087
2,70000,36757941,2270384,39028325
2,70000,40656783,2280190,42936973
2,70000,40502090,2519437,43021527
2,70000,40603230,1684963,42288193
2,70000,41531527,1648054,43179581
2,70000,37115343,1648943,38764286
2,70000,37606667,1650539,39257206
2,70000,42433168,2287953,44721121
2,70000,36377833,1650519,38028352
2,70000,39189691,2282035,41471726
2,70000,39608363,2311727,41920090
2,70000,39380820,2313446,41694266
2,70000,38492507,1712087,40204594
2,70000,40198694,2272759,42471453
2,70000,38123561,2293853,40417414
2,70000,40175109,2304098,42479207
2,70000,37977009,2302844,40279853
2,70000,38549779,1652802,40202581
2,70000,40396939,2288625,42685564
2,70000,37644795,2318638,39963433
2,70000,39254104,2365561,41619665
2,70000,38335187,2299319,40634506
2,70000,38470810,1650387,40121197
2,70000,38515027,2292900,40807927
2,70000,40602667,2298199,42900866
2,70000,38962941,1641222,40604163
2,70000,35540640,1677857,37218497
2,70000,40559548,2289906,42849454
2,70000,42474214,2291379,44765593
2,70000,36509590,2306010,38815600
2,70000,41856614,2297159,44153773
2,70000,43403676,2276023,45679699
2,70000,38655655,2298581,40954236
2,70000,37362562,2302931,39665493
2,70000,36829682,1792394,38622076
2,70000,36241940,1654954,37896894
2,70000,37634388,2285029,39919417
2,70000,35467843,2030658,37498501
2,70000,42316734,2306906,44623640
2,70000,38431297,1658607,40089904
2,70000,38868399,2410963,41279362
2,70000,36469183,2296497,38765680
2,70000,39436964,1639858,41076822
2,70000,39894115,1661523,41555638
2,80000,42448229,2604919,45053148
2,80000,43009454,2267978,45277432
2,80000,46167506,2602189,48769695
2,80000,42763042,1998254,44761296
2,80000,43034996,2593578,45628574
2,80000,42543653,1879487,44423140
2,80000,44138822,2595893,46734715
2,80000,43782712,2597532,46380244
2,80000,40635340,1889827,42525167
2,80000,42608545,2036146,44644691
2,80000,39737106,1889702,41626808
2,80000,40293759,1908345,42202104
2,80000,42795695,2590173,45385868
2,80000,40676159,1904817,42580976
2,80000,43660453,2604767,46265220
2,80000,43890197,2600157,46490354
2,80000,44755811,2627247,47383058
2,80000,45304150,2628388,47932538
2,80000,41380376,2618920,43999296
2,80000,46243723,2607267,48850990
2,80000,43246241,1878813,45125054
2,80000,41861680,1884521,43746201
2,80000,45087487,2597945,47685432
2,80000,41288750,1887517,43176267
2,80000,44937924,2597681,47535605
2,80000,44599658,2601936,47201594
2,80000,43485191,2600336,46085527
2,80000,41456494,1879422,43335916
2,80000,43249079,1878554,45127633
2,80000,44250031,1931980,46182011
2,80000,44538307,1878912,46417219
2,80000,44852267,1940935,46793202
2,80000,43916799,2320933,46237732
2,80000,41321266,1863124,43184390
2,80000,42204998,1862719,44067717
2,80000,49909297,2608787,52518084
2,80000,40979615,1895368,42874983
2,80000,43402884,2294826,45697710
2,80000,42841403,1878677,44720080
2,80000,41878084,1888661,43766745
2,80000,45004579,2600642,47605221
2,80000,46560185,2608243,49168428
2,80000,43729427,2602346,46331773
2,80000,40377148,1881390,42258538
2,80000,46279079,1868871,48147950
2,80000,43450899,2615638,46066537
2,80000,44857857,2528019,47385876
2,80000,40491785,2571349,43063134
2,80000,44371404,3071031,47442435
2,80000,43387117,2603846,45990963
2,80000,46880341,2608492,49488833
2,80000,45038621,1908898,46947519
2,80000,43719525,2584770,46304295
2,80000,44582179,2596307,47178486
2,80000,42211696,1877864,44089560
2,80000,42715837,1873174,44589011
2,80000,44495818,1880147,46375965
2,80000,41073779,2610996,43684775
2,80000,44439809,2597669,47037478
2,80000,42529272,2625383,45154655
2,80000,39689161,1895680,41584841
2,80000,44193569,2240197,46433766
2,80000,43229649,2308034,45537683
2,80000,42166662,2625972,44792634
2,80000,40811491,2615060,43426551
2,80000,42519152,2379690,44898842
2,80000,42255563,2434625,44690188
2,80000,40658861,2607386,43266247
2,80000,43306360,2618338,45924698
2,80000,44506619,1870719,46377338
2,80000,42354984,1914636,44269620
2,80000,39307893,1893915,41201808
2,80000,40292650,1892386,42185036
2,80000,42027254,2604173,44631427
2,80000,43269476,2387642,45657118
2,80000,48151309,2605510,50756819
2,80000,44859614,2631927,47491541
2,80000,40626421,1882113,42508534
2,80000,38743438,2622023,41365461
2,80000,44141133,2613461,46754594
2,80000,38566899,1874636,40441535
2,80000,42449198,2616562,45065760
2,80000,41612005,2589666,44201671
2,80000,43324173,2585325,45909498
2,80000,41641963,2588206,44230169
2,80000,43348591,2614487,45963078
2,80000,47900377,1879757,49780134
2,80000,45254040,2222825,47476865
2,80000,44457209,2202294,46659503
2,80000,43846364,2595401,46441765
2,80000,43218959,2620758,45839717
2,80000,42757785,2583287,45341072
2,80000,43460814,1883565,45344379
2,80000,45127209,2609458,47736667
2,80000,44917720,1895821,46813541
2,80000,44177410,2620012,46797422
2,80000,43715207,2619616,46334823
2,80000,41160013,1882390,43042403
2,80000,45844452,2599664,48444116
2,80000,44677108,1893079,46570187
2,80000,43464320,2639666,46103986
2,80000,45460432,1887270,47347702
2,80000,42911030,2299227,45210257
2,80000,42441156,1871460,44312616
2,80000,43838609,1871521,45710130
2,80000,43188330,2267471,45455801
2,80000,47121788,1887178,49008966
2,80000,44805776,2604602,47410378
2,80000,41447914,2627112,44075026
2,80000,44596790,2637255,47234045
2,80000,43968530,2616874,46585404
2,80000,46114069,1886681,48000750
2,80000,42621426,1898989,44520415
2,80000,43514957,2600030,46114987
2,80000,42242185,2615974,44858159
2,90000,49495433,2935446,52430879
2,90000,45925972,2133890,48059862
2,90000,50668373,2934468,53602841
2,90000,45208946,3358246,48567192
2,90000,51926206,3354430,55280636
2,90000,46196988,2208716,48405704
2,90000,48696359,3410882,52107241
2,90000,48396797,2948878,51345675
2,90000,48307527,2266177,50573704
2,90000,46127369,2122433,48249802
2,90000,49665439,2681307,52346746
2,90000,47672511,3668725,51341236
2,90000,49283579,2936259,52219838
2,90000,49847809,2104721,51952530
2,90000,45966065,2947204,48913269
2,90000,50237200,2115892,52353092
2,90000,50629796,2936502,53566298
2,90000,49862224,2951404,52813628
2,90000,45432130,2129468,47561598
2,90000,47734582,2918136,50652718
2,90000,46791487,2117700,48909187
2,90000,48888479,2950699,51839178
2,90000,48799851,2121958,50921809
2,90000,48898485,2932962,51831447
2,90000,47490256,2119443,49609699
2,90000,49633487,2527702,52161189
2,90000,48728897,3310471,52039368
2,90000,46708208,2131139,48839347
2,90000,50365336,2972121,53337457
2,90000,49323314,2116911,51440225
2,90000,47012291,2127673,49139964
2,90000,46914420,2132058,49046478
2,90000,48928809,2244273,51173082
2,90000,46019170,3280148,49299318
2,90000,47774017,3417778,51191795
2,90000,49455849,2925125,52380974
2,90000,48971337,2104336,51075673
2,90000,49832983,2127413,51960396
2,90000,50024461,2943091,52967552
2,90000,44690191,2999665,47689856
2,90000,48174149,2942438,51116587
2,90000,46777854,2923388,49701242
2,90000,47946678,2167968,50114646
2,90000,52121530,2938724,55060254
2,90000,48380976,2141507,50522483
2,90000,49803846,3023989,52827835
2,90000,46994956,2132964,49127920
2,90000,47541219,2923851,50465070
2,90000,50774120,2938730,53712850
2,90000,46765966,2116181,48882147
2,90000,45304196,2131356,47435552
2,90000,45897685,2146648,48044333
2,90000,52958586,2523950,55482536
2,90000,46571242,2126349,48697591
2,90000,48596739,3830651,52427390
2,90000,46288170,3339298,49627468
2,90000,47489250,2115748,49604998
2,90000,50232742,2949482,53182224
2,90000,47389832,2119382,49509214
2,90000,48339905,3865459,52205364
2,90000,47558389,2613379,50171768
2,90000,47322922,2911564,50234486
2,90000,45433289,2126822,47560111
2,90000,46500760,2947291,49448051
2,90000,48841679,2123008,50964687
2,90000,46744867,2165268,48910135
2,90000,46283190,2123919,48407109
2,90000,45680792,2108587,47789379
2,90000,44489609,2096470,46586079
2,90000,46821965,2115442,48937407
2,90000,48659362,2950342,51609704
2,90000,46963605,2831926,49795531
2,90000,45757151,2920471,48677622
2,90000,47323916,2106326,49430242
2,90000,45769783,2112643,47882426
2,90000,45990533,2916855,48907388
2,90000,44499277,2095501,46594778
2,90000,47441001,3707276,51148277
2,90000,51592191,3433594,55025785
2,90000,43266753,2139541,45406294
2,90000,47346398,2963433,50309831
2,90000,49622453,2837815,52460268
2,90000,48655067,2125032,50780099
2,90000,47238794,2943452,50182246
2,90000,46999092,2109745,49108837
2,90000,45974081,2125542,48099623
2,90000,47442485,2469049,49911534
2,90000,49765322,2638151,52403473
2,90000,47864215,2125317,49989532
2,90000,45499954,2121488,47621442
2,90000,45844478,3293773,49138251
2,90000,46571335,2120729,48692064
2,90000,45615810,2161017,47776827
2,90000,47455967,2927553,50383520
2,90000,48159084,2125197,50284281
2,90000,47008624,2118531,49127155
2,90000,47020718,2928249,49948967
2,90000,48689080,3432893,52121973
2,90000,47287907,3287909,50575816
2,90000,49092080,3390564,52482644
2,90000,47254837,2119095,49373932
2,90000,47446364,2128833,49575197
2,90000,51173577,3399104,54572681
2,90000,51327094,2946716,54273810
2,90000,48193781,2132555,50326336
2,90000,45640234,2124615,47764849
2,90000,48559064,2938955,51498019
2,90000,49785185,2619090,52404275
2,90000,45173587,2954456,48128043
2,90000,47819075,2936242,50755317
2,90000,49351744,3102612,52454356
2,90000,51120973,2946245,54067218
2,90000,53904082,2107896,56011978
2,90000,45951393,2955006,48906399
2,90000,50726351,2941193,53667544
2,100000,56380967,3704753,60085720
2,100000,48203206,2865313,51068519
2,100000,52719554,2787628,55507182
2,100000,50683193,2874622,53557815
2,100000,50586438,3730859,54317297
2,100000,51172022,2810591,53982613
2,100000,51802957,3641535,55444492
2,100000,53020114,2797281,55817395
2,100000,56436228,3692493,60128721
2,100000,47791832,2978405,50770237
2,100000,53742328,3628265,57370593
2,100000,50513171,2735443,53248614
2,100000,54429095,3685583,58114678
2,100000,55110037,2823846,57933883
2,100000,57918156,3810019,61728175
2,100000,50738193,2568065,53306258
2,100000,50726182,2708280,53434462
2,100000,49595780,3673251,53269031
2,100000,50544914,2833042,53377956
2,100000,52058026,3650164,55708190
2,100000,51663819,2820796,54484615
2,100000,53949225,2850008,56799233
2,100000,51520576,2776076,54296652
2,100000,53518226,2760501,56278727
2,100000,51835221,2808796,54644017
2,100000,51009993,2779291,53789284
2,100000,53439521,3433698,56873219
2,100000,50096077,2830657,52926734
2,100000,50844045,3138882,53982927
2,100000,52181591,2757973,54939564
2,100000,47977685,2836930,50814615
2,100000,52787279,2747028,55534307
2,100000,54548308,2797729,57346037
2,100000,56684843,3711943,60396786
2,100000,51690159,2605892,54296051
2,100000,53756338,2779349,56535687
2,100000,52404124,3263406,55667530
2,100000,51224893,2722356,53947249
2,100000,53738102,3645549,57383651
2,100000,49452108,2875049,52327157
2,100000,51669637,3642976,55312613
2,100000,49247004,2829566,52076570
2,100000,47728292,2940656,50668948
2,100000,53286113,3630860,56916973
2,100000,53323148,2803261,56126409
2,100000,53408793,2835402,56244195
2,100000,51136265,3752922,54889187
2,100000,49745633,2806289,52551922
2,100000,53463852,2843571,56307423
2,100000,51967838,2807888,54775726
2,100000,50168102,2793018,52961120
2,100000,53724093,2846012,56570105
2,100000,47881159,2910658,50791817
2,100000,48080954,2359207,50440161
2,100000,52295994,4205175,56501169
2,100000,49104673,3668120,52772793
2,100000,51691238,3693117,55384355
2,100000,54504917,2810783,57315700
2,100000,51906367,2862814,54769181
2,100000,53799575,3686859,57486434
2,100000,50192040,2883465,53075505
2,100000,53659697,3685965,57345662
2,100000,53271299,2814566,56085865
2,100000,46997435,2788822,49786257
2,100000,53099867,3388419,56488286
2,100000,52121651,4215167,56336818
2,100000,49777725,2876323,52654048
2,100000,52202185,3716890,55919075
2,100000,52998108,3624919,56623027
2,100000,53992733,2805597,56798330
2,100000,49829014,2879988,52709002
2,100000,53858386,2412515,56270901
2,100000,54902714,2861969,57764683
2,100000,50554360,4205199,54759559
2,100000,47241329,2353585,49594914
2,100000,51755634,3705405,55461039
2,100000,53357643,3661953,57019596
2,100000,49845496,2771000,52616496
2,100000,54285629,3664235,57949864
2,100000,53088653,2792075,55880728
2,100000,53779768,3714046,57493814
2,100000,50072975,2825481,52898456
2,100000,52003177,2848544,54851721
2,100000,51389437,3273996,54663433
2,100000,56410612,3349298,59759910
2,100000,47574931,2810259,50385190
2,100000,53843251,3593100,57436351
2,100000,50392030,2826907,53218937
2,100000,57971932,3309693,61281625
2,100000,50984724,3817923,54802647
2,100000,50114235,2814383,52928618
2,100000,53341388,3667079,57008467
2,100000,49070921,3679382,52750303
2,100000,54082366,3680778,57763144
2,100000,51363390,2828759,54192149
2,100000,53099980,3695435,56795415
2,100000,50116598,3241613,53358211
2,100000,55281512,2816369,58097881
2,100000,49905313,3676381,53581694
2,100000,53108165,3706808,56814973
2,100000,52096722,2735085,54831807
2,100000,52218124,2827753,55045877
2,100000,52913896,3665357,56579253
2,100000,51438468,2811911,54250379
2,100000,52465789,2829910,55295699
2,100000,47636485,3206523,50843008
2,100000,52804962,3592018,56396980
2,100000,52421341,3276398,55697739
2,100000,52511263,3684918,56196181
2,100000,51315784,2857739,54173523
2,100000,53789184,2814459,56603643
2,100000,55225711,2624948,57850659
2,100000,51405423,2861209,54266632
2,100000,48224718,2631618,50856336
2,100000,49552869,2794896,52347765
2,100000,55665406,2862998,58528404
2,100000,54414562,3288803,57703365
2,100000,50150946,2890937,53041883
2,100000,50379148,3659384,54038532
2,100000,51390974,2801990,54192964
2,100000,52084393,2801850,54886243
2,100000,51978752,3719579,55698331
2,100000,53869627,2804832,56674459
2,100000,53248442,2800806,56049248
2,100000,54106306,2793583,56899889
2,100000,53240979,3702380,56943359
2,100000,47969913,2883960,50853873
2,100000,54515745,2765546,57281291
2,100000,49054885,2902271,51957156
2,100000,52287419,2810733,55098152
2,100000,53234764,3686339,56921103
2,100000,53702498,2744352,56446850
2,100000,48354074,2772321,51126395
2,100000,53070734,2680081,55750815
2,100000,48974185,2782700,51756885
2,100000,57830148,3680872,61511020
2,100000,53894468,2914860,56809328
2,100000,55884648,3201368,59086016
2,100000,51053387,2787913,53841300
2,100000,52846546,3563649,56410195
2,100000,54432233,2791296,57223529
2,100000,50291068,2837413,53128481
2,100000,50536766,2809540,53346306
2,100000,49886871,2808719,52695590
2,100000,49156153,2844155,52000308
2,100000,47923845,3662471,51586316
2,100000,55336608,3686751,59023359
2,100000,52516171,2807588,55323759
2,100000,54729554,4222868,58952422
2,100000,51302930,3702782,55005712
2,100000,52597373,2771648,55369021
2,100000,53997804,3241657,57239461
2,100000,49467182,2851519,52318701
2,100000,51271721,3749656,55021377
2,100000,48073611,2821516,50895127
2,100000,59054509,3655352,62709861
2,100000,52244324,2842579,55086903
2,100000,51417155,3578011,54995166
2,100000,50012070,3653421,53665491
2,100000,49454958,2865703,52320661
2,100000,54092207,3713247,57805454
2,100000,51963405,3631073,55594478
2,100000,50318736,3240149,53558885
2,100000,55210091,2918680,58128771
2,100000,50323965,2838975,53162940
2,100000,52012656,2835292,54847948
2,100000,53326328,3677437,57003765
2,100000,53737805,2785546,56523351
2,100000,52164048,2816398,54980446
2,100000,50279817,3172882,53452699
2,100000,52533031,2832829,55365860
2,100000,58137248,3667286,61804534
2,100000,54577222,2775582,57352804
2,100000,52469604,2811155,55280759
2,100000,53911614,2840560,56752174
2,100000,52648230,2826445,55474675
2,100000,52294699,3759014,56053713
2,100000,52643745,2889254,55532999
2,100000,51183843,3689670,54873513
2,100000,51246656,2828824,54075480
2,100000,59402733,3623732,63026465
2,100000,52728115,3737978,56466093
2,100000,53877426,3664475,57541901
2,100000,53408843,2757192,56166035
2,100000,51873410,2797312,54670722
2,100000,51322870,2850995,54173865
2,100000,52375547,3712852,56088399
2,100000,49347039,2824198,52171237
2,100000,51287712,2811713,54099425
2,100000,51929912,2817821,54747733
2,100000,52168953,2883196,55052149
2,100000,54531916,2927547,57459463
2,100000,50829980,3717850,54547830
2,100000,49573270,3725628,53298898
2,100000,50368391,3699259,54067650
2,100000,54234433,2812091,57046524
2,100000,54918843,2939277,57858120
2,100000,55092686,2770078,57862764
2,100000,49460165,3667496,53127661
2,100000,52288950,3636718,55925668
2,100000,51741418,3726673,55468091
2,100000,52345347,3666525,56011872
2,100000,50546928,2743297,53290225
2,100000,50795548,3680627,54476175
2,100000,50492770,2801308,53294078
2,100000,49851535,2805305,52656840
2,100000,51616554,3724286,55340840
2,100000,54449053,3636130,58085183
2,100000,54506892,2890563,57397455
2,100000,56082602,2811946,58894548
2,100000,55276239,2821334,58097573
2,100000,52914922,3651555,56566477
2,100000,50497257,3733728,54230985
2,100000,51762686,2601005,54363691
2,100000,51978239,3649449,55627688
2,100000,52557351,2800692,55358043
2,100000,55284010,3706075,58990085
2,100000,51476698,2783413,54260111
2,100000,48959069,2368773,51327842
2,100000,50820874,2812229,53633103
2,100000,50664980,2357438,53022418
2,100000,53613924,3587711,57201635
2,100000,51101262,2812868,53914130
2,100000,50626792,3665192,54291984
2,100000,49603310,2829593,52432903
2,100000,53345866,2905823,56251689
2,100000,51388626,3684180,55072806
2,100000,52826759,3616283,56443042
2,100000,53434005,3613315,57047320
2,100000,52823508,2797860,55621368
2,200000,102586163,4544087,107130250
2,200000,92287816,4546613,96834429
2,200000,92841166,4482403,97323569
2,200000,104202193,4733770,108935963
2,200000,97150043,5848008,102998051
2,200000,97227169,4530604,101757773
2,200000,102464224,5856111,108320335
2,200000,98749573,4504010,103253583
2,200000,94352495,4516706,98869201
2,200000,98836751,6050350,104887101
2,200000,96866731,4601738,101468469
2,200000,103319255,4703676,108022931
2,200000,100886698,5619497,106506195
2,200000,96571612,4492339,101063951
2,200000,95311961,4576458,99888419
2,200000,96885107,4318944,101204051
2,200000,90673539,4714384,95387923
2,200000,102175327,4692554,106867881
2,200000,96934727,5840015,102774742
2,200000,92724047,4451292,97175339
2,200000,96155676,4535915,100691591
2,200000,93181554,5643581,98825135
2,200000,98451247,5778099,104229346
2,200000,94364481,4455312,98819793
2,200000,89642481,4528559,94171040
2,200000,97240270,4714145,101954415
2,200000,93532610,4506800,98039410
2,200000,93913539,4486975,98400514
2,200000,92720148,4543635,97263783
2,200000,92783186,4522432,97305618
2,200000,97611028,4346974,101958002
2,200000,95374313,4477126,99851439
2,200000,97877943,4762838,102640781
2,200000,90357317,4489729,94847046
2,200000,92511360,4697295,97208655
2,200000,95589451,6468730,102058181
2,200000,91881362,4491958,96373320
2,200000,91532393,4467801,96000194
2,200000,94505202,4655157,99160359
2,200000,95924661,4465643,100390304
2,200000,96281153,5618200,101899353
2,200000,92312729,4569287,96882016
2,200000,92933550,5171443,98104993
2,200000,97596756,4747186,102343942
2,200000,100830521,4757482,105588003
2,200000,92218070,5280029,97498099
2,200000,94162109,4514213,98676322
2,200000,94295865,6136429,100432294
2,200000,97871589,4469972,102341561
2,200000,100355065,6201136,106556201
2,200000,94311506,4495521,98807027
2,200000,96203932,4481017,100684949
2,200000,91421557,4600586,96022143
2,200000,94013082,4501079,98514161
2,200000,97196532,4442351,101638883
2,200000,88687916,4509787,93197703
2,200000,96035279,4517521,100552800
2,200000,100290385,4190313,104480698
2,200000,95320131,4456233,99776364
2,200000,95791902,4707575,100499477
2,200000,101128767,4476974,105605741
2,200000,98428360,4527081,102955441
2,200000,92081613,5178002,97259615
2,200000,93385572,4496424,97881996
2,200000,95286490,4269888,99556378
2,200000,102585834,4582321,107168155
2,200000,90673074,4456719,95129793
2,200000,93050626,4534715,97585341
2,200000,97417400,4514449,101931849
2,200000,93183839,4679715,97863554
2,200000,99172880,4700568,103873448
2,200000,100110279,4696943,104807222
2,200000,99280107,4534028,103814135
2,200000,103764027,5042112,108806139
2,200000,97969469,4712081,102681550
2,200000,96557148,4726468,101283616
2,200000,93265167,4683045,97948212
2,200000,95317746,6132918,101450664
2,200000,104067513,4725593,108793106
2,200000,96775226,4718996,101494222
2,200000,95820477,4507390,100327867
2,200000,92927826,4486658,97414484
2,200000,94405697,4574231,98979928
2,200000,95106662,6137893,101244555
2,200000,92285319,6084817,98370136
2,200000,99440272,4569277,104009549
2,200000,96415388,4686392,101101780
2,200000,101048063,5064375,106112438
2,200000,92795954,4498955,97294909
2,200000,94677824,4702216,99380040
2,200000,96571166,6034302,102605468
2,200000,99761116,4655482,104416598
2,200000,95629176,4458453,100087629
2,200000,97876918,6522843,104399761
2,200000,95536757,4665096,100201853
2,200000,102209202,4538856,106748058
2,200000,94725190,4543305,99268495
2,200000,99894713,4735537,104630250
2,200000,93111374,5727233,98838607
2,200000,95790818,6467929,102258747
2,200000,107063699,5743604,112807303
2,200000,93842716,4480498,98323214
2,200000,93183648,5947292,99130940
2,200000,92553603,4689853,97243456
2,200000,96957947,4826397,101784344
2,200000,95664872,4561031,100225903
2,200000,93025227,4707073,97732300
2,200000,91603362,5312487,96915849
2,200000,88436558,4529101,92965659
2,200000,103193553,4533411,107726964
2,200000,101913490,4552071,106465561
2,200000,101394264,4841648,106235912
2,200000,98513712,4488270,103001982
2,200000,95505652,4481044,99986696
2,200000,95131713,5665382,100797095
2,300000,148136557,7057064,155193621
2,300000,138424326,7076439,145500765
2,300000,142145626,7097531,149243157
2,300000,155133854,7063516,162197370
2,300000,150226913,7059041,157285954
2,300000,134153397,7087385,141240782
2,300000,137455416,7116465,144571881
2,300000,155399341,7268824,162668165
2,300000,142617575,7054086,149671661
2,300000,134185079,7039254,141224333
2,300000,141139733,6966590,148106323
2,300000,141630159,7044753,148674912
2,300000,150739540,7038793,157778333
2,300000,153654179,7087840,160742019
2,300000,158253408,7059536,165312944
2,300000,154717488,7084608,161802096
2,300000,133636591,7081347,140717938
2,300000,134405568,7088706,141494274
2,300000,155015171,7094817,162109988
2,300000,148050520,7056128,155106648
2,300000,139609755,7039438,146649193
2,300000,133800195,7120089,140920284
2,300000,138469686,7062451,145532137
2,300000,137499200,8208217,145707417
2,300000,136757871,7991960,144749831
2,300000,137946111,9723868,147669979
2,300000,134684461,6999591,141684052
2,300000,137260184,7036798,144296982
2,300000,141145251,7154037,148299288
2,300000,151296000,7065657,158361657
2,300000,142274800,7094901,149369701
2,300000,136426290,7097144,143523434
2,300000,146092187,7071076,153163263
2,300000,135314574,7093273,142407847
2,300000,151494946,7770348,159265294
2,300000,153752482,7104898,160857380
2,300000,135939552,7078757,143018309
2,300000,133276016,7059397,140335413
2,300000,153880101,6959659,160839760
2,300000,136939837,7092854,144032691
2,300000,131432354,7071964,138504318
2,300000,133742720,9729981,143472701
2,300000,145097273,8156387,153253660
2,300000,145897623,7024109,152921732
2,300000,153989181,7265564,161254745
2,300000,152695152,7909739,160604891
2,300000,136515392,7090076,143605468
2,300000,133020396,7111546,140131942
2,300000,137690634,7093753,144784387
2,300000,140813743,8303857,149117600
2,300000,131754462,7090902,138845364
2,300000,131098232,6991615,138089847
2,300000,140523421,7027801,147551222
2,300000,138641603,7067404,145709007
2,300000,133539526,6979814,140519340
2,300000,137693034,7021762,144714796
2,300000,135512668,7108771,142621439
2,300000,155592823,7035471,162628294
2,300000,151343105,7062256,158405361
2,300000,143175924,8459871,151635795
2,300000,133005970,7118233,140124203
2,300000,137196814,7088625,144285439
2,300000,150066475,7037119,157103594
2,300000,135571827,7152906,142724733
2,300000,130788599,9762586,140551185
2,300000,149024104,7079538,156103642
2,300000,157270194,9331793,166601987
2,300000,139268495,7055621,146324116
2,300000,134725460,7130868,141856328
2,300000,132016847,7322612,139339459
2,300000,132617174,8129558,140746732
2,300000,135058376,7098278,142156654
2,300000,144387640,7071469,151459109
2,300000,148095830,7088082,155183912
2,300000,157769686,6998630,164768316
2,300000,135389642,7082913,142472555
2,300000,138420474,7042680,145463154
2,300000,129677455,7120110,136797565
2,300000,141278102,7058298,148336400
2,300000,138100710,8393426,146494136
2,300000,138324050,7110293,145434343
2,300000,148810696,7108372,155919068
2,300000,133570272,6929381,140499653
2,300000,137188329,7107494,144295823
2,300000,161644418,7104021,168748439
2,300000,133288351,7538641,140826992
2,300000,138770047,7046600,145816647
2,300000,134787851,7240378,142028229
2,300000,138046258,7002426,145048684
2,300000,139092467,7076142,146168609
2,300000,133770100,9624179,143394279
2,300000,138964487,7002137,145966624
2,300000,133566007,8181133,141747140
2,300000,135931221,7080273,143011494
2,300000,160756737,7107095,167863832
2,300000,151194954,7054674,158249628
2,300000,151163645,7686290,158849935
2,300000,152776401,7237564,160013965
2,300000,137349907,9747994,147097901
2,300000,132543468,8054674,140598142
2,300000,135698814,7061587,142760401
2,300000,137197920,7074571,144272491
2,300000,134101302,7053908,141155210
2,300000,138491892,8171833,146663725
2,300000,132467479,7083969,139551448
2,300000,153797719,7527818,161325537
2,300000,135401253,7047632,142448885
2,300000,137997974,7088738,145086712
2,300000,131074187,7029336,138103523
2,300000,134561657,9274570,143836227
2,300000,128549828,7084242,135634070
2,300000,154692213,7119339,161811552
2,300000,158388990,7049981,165438971
2,300000,137734066,9724908,147458974
2,300000,149876646,7057907,156934553
2,400000,197985616,8715505,206701121
2,400000,200489042,8969523,209458565
2,400000,194267469,8926446,203193915
2,400000,210803958,8891916,219695874
2,400000,193470919,8975212,202446131
2,400000,201825736,8968749,210794485
2,400000,190603003,8756759,199359762
2,400000,190180960,10749293,200930253
2,400000,197791816,8875059,206666875
2,400000,193419196,8940350,202359546
2,400000,194818582,8925566,203744148
2,400000,195778498,8726269,204504767
2,400000,199524004,8964792,208488796
2,400000,188696996,8829871,197526867
2,400000,199443268,8933479,208376747
2,400000,200237960,8742816,208980776
2,400000,196407505,8889818,205297323
2,400000,198927488,8714894,207642382
2,400000,197349673,8920145,206269818
2,400000,200950415,8706157,209656572
2,400000,202102710,8912957,211015667
2,400000,207847389,8967108,216814497
2,400000,196449615,8904014,205353629
2,400000,194039699,12291122,206330821
2,400000,193487100,8920316,202407416
2,400000,195531405,8973500,204504905
2,400000,195683094,11990101,207673195
2,400000,198770250,8957348,207727598
2,400000,201759719,10004551,211764270
2,400000,198350949,8730711,207081660
2,400000,207959206,8920735,216879941
2,400000,199850964,8771593,208622557
2,400000,196724841,8950747,205675588
2,400000,203211983,8931026,212143009
2,400000,208780186,8885145,217665331
2,400000,186561238,8915721,195476959
2,400000,202824570,8997960,211822530
2,400000,211787171,8956565,220743736
2,400000,201649132,8910319,210559451
2,400000,198719253,8920761,207640014
2,400000,192918549,8898551,201817100
2,400000,201877458,8895988,210773446
2,400000,193329956,8695770,202025726
2,400000,194216590,8971508,203188098
2,400000,196534608,8920049,205454657
2,400000,200023201,8801582,208824783
2,400000,199364204,8968125,208332329
2,400000,192763340,8718272,201481612
2,400000,192423606,8762368,201185974
2,400000,195869408,10768730,206638138
2,400000,198115658,11000112,209115770
2,400000,195393752,8936399,204330151
2,400000,191072102,8870342,199942444
2,400000,196386962,8912575,205299537
2,400000,197047153,8857944,205905097
2,400000,188666886,8950040,197616926
2,400000,196558960,8889419,205448379
2,400000,199280080,8895507,208175587
2,400000,199087842,8914234,208002076
2,400000,190114550,8911306,199025856
2,400000,189459255,8918480,198377735
2,400000,196482929,8911241,205394170
2,400000,194803976,8737301,203541277
2,400000,195208773,10860618,206069391
2,400000,189913658,8942301,198855959
2,400000,198569500,8909361,207478861
2,400000,195653647,8961466,204615113
2,400000,191338135,8714904,200053039
2,400000,194663262,8910110,203573372
2,400000,195113215,9083643,204196858
2,400000,196988837,8972877,205961714
2,400000,198757896,8945694,207703590
2,400000,193616477,8969643,202586120
2,400000,199015365,8926703,207942068
2,400000,195930164,11264037,207194201
2,400000,195510157,8925848,204436005
2,400000,202061804,8896558,210958362
2,400000,192720739,8968884,201689623
2,400000,211808093,8885857,220693950
2,400000,198692545,8728462,207421007
2,400000,192996190,8716249,201712439
2,400000,200911847,8979661,209891508
2,400000,179790243,9394054,189184297
2,400000,181795137,8875910,190671047
2,400000,189834736,8914039,198748775
2,400000,192434402,9648489,202082891
2,400000,200592005,8887643,209479648
2,400000,197385502,8914980,206300482
2,400000,196627483,10423650,207051133
2,400000,200592342,9258456,209850798
2,400000,197050069,8923880,205973949
2,400000,190773202,8903594,199676796
2,400000,198355684,9057056,207412740
2,400000,192136266,8931721,201067987
2,400000,200410796,8758005,209168801
2,400000,204382571,8929825,213312396
2,400000,196130789,8889698,205020487
2,400000,194692350,9433395,204125745
2,400000,187655302,8912629,196567931
2,400000,202805778,8925782,211731560
2,400000,201611277,8899153,210510430
2,400000,192487903,8952534,201440437
2,400000,188358326,8723037,197081363
2,400000,198697032,8984878,207681910
2,400000,194000908,8924765,202925673
2,400000,190544896,8967618,199512514
2,400000,193617946,10068458,203686404
2,400000,193584953,8925648,202510601
2,400000,199438679,9697175,209135854
2,400000,198912433,8724635,207637068
2,400000,196673896,8933492,205607388
2,400000,190623467,8984371,199607838
2,400000,196228727,8903712,205132439
2,400000,192210342,10069212,202279554
2,400000,197977982,8921336,206899318
2,500000,250466647,11284013,261750660
2,500000,221596957,10795797,232392754
2,500000,215042173,11196841,226239014
2,500000,250367109,11190085,261557194
2,500000,214061994,12153304,226215298
2,500000,212932143,10738668,223670811
2,500000,218258294,10739344,228997638
2,500000,214206479,11224555,225431034
2,500000,207752268,10585362,218337630
2,500000,210131245,13683147,223814392
2,500000,214961546,10831759,225793305
2,500000,250185657,11267302,261452959
2,500000,211957464,10760039,222717503
2,500000,222729191,11220005,233949196
2,500000,211743933,11414436,223158369
2,500000,212794821,12608450,225403271
2,500000,224713790,11411140,236124930
2,500000,226804361,11714437,238518798
2,500000,217157944,12328897,229486841
2,500000,208751556,10734624,219486180
2,500000,217685252,10721911,228407163
2,500000,217601095,11222131,228823226
2,500000,223639531,11084894,234724425
2,500000,257794243,11123058,268917301
2,500000,223484040,11141007,234625047
2,500000,248893830,13529270,262423100
2,500000,228979644,11251759,240231403
2,500000,234956927,11205427,246162354
2,500000,248338050,14056847,262394897
2,500000,244740070,12810979,257551049
2,500000,252441285,11259498,263700783
2,500000,213442502,10762385,224204887
2,500000,225224481,11070991,236295472
2,500000,215253633,12425437,227679070
2,500000,232028002,11074819,243102821
2,500000,218829446,10731295,229560741
2,500000,224586768,11062209,235648977
2,500000,218014233,10773851,228788084
2,500000,232601837,10796524,243398361
2,500000,216064914,11782141,227847055
2,500000,253024372,11274310,264298682
2,500000,213075584,11190577,224266161
2,500000,241314815,11254498,252569313
2,500000,221751424,10771027,232522451
2,500000,249292134,11252994,260545128
2,500000,222799313,13821390,236620703
2,500000,228855573,11105340,239960913
2,500000,220455439,11254671,231710110
2,500000,221929079,11189989,233119068
2,500000,214282822,11547170,225829992
2,500000,244177943,11062588,255240531
2,500000,222383725,10567099,232950824
2,500000,239434844,12438665,251873509
2,500000,213226562,10816641,224043203
2,500000,225544700,11247435,236792135
2,500000,218117377,13294864,231412241
2,500000,247981653,11660112,259641765
2,500000,215082638,13485768,228568406
2,500000,224833801,11298947,236132748
2,500000,221668588,12529782,234198370
2,500000,245746846,11337040,257083886
2,500000,221881037,11060340,232941377
2,500000,234340001,10836466,245176467
2,500000,215731133,10826290,226557423
2,500000,237228725,11717542,248946267
2,500000,215066393,10655912,225722305
2,500000,228248401,13670707,241919108
2,500000,218180908,13312734,231493642
2,500000,228143521,11248167,239391688
2,500000,212144794,14813987,226958781
2,500000,225724265,11241997,236966262
2,500000,218964220,13241778,232205998
2,500000,221469769,11095272,232565041
2,500000,211734014,10632621,222366635
2,500000,221989741,10819975,232809716
2,500000,216138661,11937164,228075825
2,500000,227395277,11255923,238651200
2,500000,218140439,14139154,232279593
2,500000,215147893,12539917,227687810
2,500000,217190370,10770883,227961253
2,500000,210116512,10839818,220956330
2,500000,225062785,11089321,236152106
2,500000,221857030,12191473,234048503
2,500000,218725599,10661869,229387468
2,500000,218592417,10808198,229400615
2,500000,220545690,13058649,233604339
2,500000,223124147,11196742,234320889
2,500000,213780566,10708875,224489441
2,500000,218474768,10768975,229243743
2,500000,248399563,14206490,262606053
2,500000,219060445,12462092,231522537
2,500000,214443517,13572599,228016116
2,500000,223552437,11208452,234760889
2,500000,219215257,10697553,229912810
2,500000,214698780,11215707,225914487
2,500000,217190931,10581704,227772635
2,500000,219225956,10771805,229997761
2,500000,206556017,13486022,220042039
2,500000,208095639,12934483,221030122
2,500000,213632967,11186110,224819077
2,500000,237500275,10903051,248403326
2,500000,218701271,13083235,231784506
2,500000,239532905,10907759,250440664
2,500000,218306148,11420982,229727130
2,500000,234035985,10806774,244842759
2,500000,216560105,10768666,227328771
2,500000,221027443,11088241,232115684
2,500000,212196919,10815836,223012755
2,500000,224649144,11267072,235916216
2,500000,214359424,13774370,228133794
2,500000,240010849,11268154,251279003
2,500000,214313698,10634476,224948174
2,500000,223859673,10687179,234546852
2,500000,215745221,10815909,226561130
2,500000,242901162,13975708,256876870
2,600000,259076874,13268647,272345521
2,600000,259816998,14749327,274566325
2,600000,252664602,13395194,266059796
2,600000,250438553,13202606,263641159
2,600000,259071958,13305563,272377521
2,600000,291532814,12854604,304387418
2,600000,257428659,14464554,271893213
2,600000,251786569,13379686,265166255
2,600000,255125182,13229115,268354297
2,600000,298227901,12693413,310921314
2,600000,259531268,13259962,272791230
2,600000,245250873,13406270,258657143
2,600000,259883687,13332149,273215836
2,600000,269881575,13417816,283299391
2,600000,263180166,13877825,277057991
2,600000,249730600,15911501,265642101
2,600000,248891568,13357713,262249281
2,600000,248406228,13209217,261615445
2,600000,257350688,13284731,270635419
2,600000,253799655,15692385,269492040
2,600000,254315943,14755641,269071584
2,600000,265085990,12738988,277824978
2,600000,259387020,13533519,272920539
2,600000,255938296,13272479,269210775
2,600000,256268540,13471003,269739543
2,600000,260249265,13732201,273981466
2,600000,262999488,13388826,276388314
2,600000,259306338,13431829,272738167
2,600000,257962873,14290539,272253412
2,600000,261947930,13311351,275259281
2,600000,256709384,13447646,270157030
2,600000,261766366,13327314,275093680
2,600000,252545871,13359641,265905512
2,600000,255293408,17017495,272310903
2,600000,264143865,14853282,278997147
2,600000,260479999,13341723,273821722
2,600000,259659055,13351416,273010471
2,600000,257429808,13300653,270730461
2,600000,253823949,13314032,267137981
2,600000,256349580,13454762,269804342
2,600000,292750392,14634425,307384817
2,600000,252592277,13418917,266011194
2,600000,281108765,13279134,294387899
2,600000,259816358,13492454,273308812
2,600000,250734343,13290659,264025002
2,600000,256577265,13325836,269903101
2,600000,253172650,12771155,265943805
2,600000,253746546,13796228,267542774
2,600000,263480853,13320491,276801344
2,600000,261771648,15516232,277287880
2,600000,257855440,13297909,271153349
2,600000,258729400,13909830,272639230
2,600000,263191524,13364605,276556129
2,600000,267748364,12781975,280530339
2,600000,257462699,15945865,273408564
2,600000,248893274,14852611,263745885
2,600000,260858414,13362611,274221025
2,600000,255237508,13354932,268592440
2,600000,255149937,13963112,269113049
2,600000,254592171,13460477,268052648
2,600000,261058407,13339685,274398092
2,600000,254809911,13368760,268178671
2,600000,263071077,13725862,276796939
2,600000,256992353,13243289,270235642
2,600000,257741342,13423658,271165000
2,600000,256004516,13337902,269342418
2,600000,261936663,14619022,276555685
2,600000,258840354,13281023,272121377
2,600000,262129183,14067457,276196640
2,600000,254407334,13205023,267612357
2,600000,253857013,13365908,267222921
2,600000,259529632,13360530,272890162
2,600000,264713638,13373743,278087381
2,600000,248001020,13444505,261445525
2,600000,248718407,13375065,262093472
2,600000,256947203,13236107,270183310
2,600000,258942698,14594482,273537180
2,600000,254595632,13352076,267947708
2,600000,255785313,13201438,268986751
2,600000,301469693,12770180,314239873
2,600000,251549508,13517147,265066655
2,600000,252565563,13310725,265876288
2,600000,251653332,13528035,265181367
2,600000,296657552,13232357,309889909
2,600000,260359590,13324314,273683904
2,600000,254091451,13290847,267382298
2,600000,258034152,13309623,271343775
2,600000,296869836,12753654,309623490
2,600000,257504674,13353277,270857951
2,600000,261020292,12790209,273810501
2,600000,286238882,13448733,299687615
2,600000,253952997,13423988,267376985
2,600000,256307740,13322672,269630412
2,600000,251575901,13320175,264896076
2,600000,253382211,14354476,267736687
2,600000,264810526,13380071,278190597
2,600000,255656298,13331574,268987872
2,600000,269210587,12748728,281959315
2,600000,262672516,13280051,275952567
2,600000,258203771,13205552,271409323
2,600000,255217694,14503858,269721552
2,600000,256499148,14319610,270818758
2,600000,255407224,13343727,268750951
2,600000,251642945,14051522,265694467
2,600000,255547377,13395177,268942554
2,600000,286416753,12662650,299079403
2,600000,259930148,13256884,273187032
2,600000,256467735,13378972,269846707
2,600000,263710419,13296461,277006880
2,600000,248926693,15017313,263944006
2,600000,266405306,13327761,279733067
2,600000,255950737,13402184,269352921
2,600000,255783407,13360901,269144308
2,600000,257433585,13367365,270800950
2,600000,262168910,13343659,275512569
2,700000,340051375,15243738,355295113
2,700000,293773334,15178404,308951738
2,700000,337938982,15849456,353788438
2,700000,300141859,15114018,315255877
2,700000,337037117,15244198,352281315
2,700000,330871208,17176317,348047525
2,700000,292062693,15156271,307218964
2,700000,304705777,16434021,321139798
2,700000,300536595,15069575,315606170
2,700000,297084353,15163163,312247516
2,700000,294836852,15042456,309879308
2,700000,305344593,15652789,320997382
2,700000,285879710,16232824,302112534
2,700000,345561049,15157814,360718863
2,700000,295234982,16151172,311386154
2,700000,300433250,15157045,315590295
2,700000,341380881,15353449,356734330
2,700000,299433932,15117476,314551408
2,700000,285891619,15118297,301009916
2,700000,345577728,15162688,360740416
2,700000,287992734,15115218,303107952
2,700000,302178560,16113111,318291671
2,700000,298434477,15093488,313527965
2,700000,292497762,15114102,307611864
2,700000,288979278,15143440,304122718
2,700000,299181020,15161920,314342940
2,700000,342350161,15190158,357540319
2,700000,292005492,16632364,308637856
2,700000,300174036,15053410,315227446
2,700000,306191772,15906225,322097997
2,700000,302944362,15134793,318079155
2,700000,298056612,16249587,314306199
2,700000,343966756,16003812,359970568
2,700000,287306757,15893650,303200407
2,700000,300150606,15053334,315203940
2,700000,346106025,15172172,361278197
2,700000,297159750,15118966,312278716
2,700000,291960638,15287429,307248067
2,700000,305220665,15312748,320533413
2,700000,298705793,15105635,313811428
2,700000,298900718,15109608,314010326
2,700000,336109870,15203738,351313608
2,700000,301834017,15106078,316940095
2,700000,300443874,15173353,315617227
2,700000,344671195,15315504,359986699
2,700000,296974199,17468014,314442213
2,700000,298009170,15106890,313116060
2,700000,347918677,15277924,363196601
2,700000,290846472,17911242,308757714
2,700000,296989206,15109923,312099129
2,700000,301661832,15170037,316831869
2,700000,300155126,16724316,316879442
2,700000,303062478,15126013,318188491
2,700000,304355598,16206369,320561967
2,700000,347356014,15272307,362628321
2,700000,288481490,15117561,303599051
2,700000,338349648,15802666,354152314
2,700000,297987131,16839754,314826885
2,700000,297003192,15144228,312147420
2,700000,306011432,16014016,322025448
2,700000,293800366,15149636,308950002
2,700000,299035382,15069311,314104693
2,700000,293261607,15135133,308396740
2,700000,343654144,15221195,358875339
2,700000,296134835,15128832,311263667
2,700000,298012207,16492826,314505033
2,700000,298341790,15095966,313437756
2,700000,314396683,15276453,329673136
2,700000,300476570,15925541,316402111
2,700000,304066853,15121394,319188247
2,700000,339529921,15314849,354844770
2,700000,300982116,15160205,316142321
2,700000,289772426,15092275,304864701
2,700000,346296268,16991309,363287577
2,700000,288272251,15171749,303444000
2,700000,305555849,15116115,320671964
2,700000,305956147,15307605,321263752
2,700000,294663342,16542394,311205736
2,700000,288225147,15146311,303371458
2,700000,297894566,15058531,312953097
2,700000,293456171,17428942,310885113
2,700000,333737914,15338944,349076858
2,700000,301714696,16848791,318563487
2,700000,296571170,15059146,311630316
2,700000,300164045,15595027,315759072
2,700000,302651323,15129292,317780615
2,700000,304100443,15112283,319212726
2,700000,298589959,15104536,313694495
2,700000,305056111,15294167,320350278
2,700000,299083513,15128133,314211646
2,700000,289730047,15156004,304886051
2,700000,345622720,16620162,362242882
2,700000,295317437,15117464,310434901
2,700000,295437047,14997937,310434984
2,700000,298869063,15190002,314059065
2,700000,355278249,15227657,370505906
2,700000,293647853,15100071,308747924
2,700000,298878734,15377038,314255772
2,700000,339341908,15231505,354573413
2,700000,342103029,15228247,357331276
2,700000,290867464,16834826,307702290
2,700000,338328456,16551770,354880226
2,700000,297626918,15132864,312759782
2,700000,303751880,15114400,318866280
2,700000,343065616,15294553,358360169
2,700000,341903022,15217908,357120930
2,700000,293343352,15084280,308427632
2,700000,296749265,15132969,311882234
2,700000,317045112,15219921,332265033
2,700000,299641772,16294350,315936122
2,700000,302893949,15149022,318042971
2,700000,310918811,15144673,326063484
2,700000,297900249,15399528,313299777
2,700000,292965227,16398160,309363387
2,700000,341755714,15190079,356945793
2,800000,400452456,17482711,417935167
2,800000,332603963,19033409,351637372
2,800000,334932105,17487995,352420100
2,800000,377790135,17495595,395285730
2,800000,335659033,17479222,353138255
2,800000,341902163,17443410,359345573
2,800000,342111231,17473296,359584527
2,800000,336122410,17640920,353763330
2,800000,333295750,17539018,350834768
2,800000,336725601,17586377,354311978
2,800000,335653284,19768374,355421658
2,800000,324757062,17382739,342139801
2,800000,333810579,17513997,351324576
2,800000,327229952,17538677,344768629
2,800000,332210243,17468568,349678811
2,800000,332636826,17514864,350151690
2,800000,335542684,18519270,354061954
2,800000,335977221,17739950,353717171
2,800000,340152778,17498126,357650904
2,800000,332685501,17535207,350220708
2,800000,399448654,17462649,416911303
2,800000,380194378,17617544,397811922
2,800000,340401334,17432122,357833456
2,800000,333145396,17484259,350629655
2,800000,344300263,17509018,361809281
2,800000,338296824,17473600,355770424
2,800000,327272792,19067963,346340755
2,800000,339815377,17457896,357273273
2,800000,335583305,18682341,354265646
2,800000,336511551,17452137,353963688
2,800000,331788158,17546646,349334804
2,800000,335085904,17418148,352504052
2,800000,336407589,17725181,354132770
2,800000,332443278,17547562,349990840
2,800000,329378972,17445076,346824048
2,800000,338296663,17490954,355787617
2,800000,336611829,17459219,354071048
2,800000,334089122,17503802,351592924
2,800000,339091643,17529320,356620963
2,800000,387194691,17408522,404603213
2,800000,334264818,17494508,351759326
2,800000,335658530,17836344,353494874
2,800000,339841738,18502150,358343888
2,800000,345350976,17429775,362780751
2,800000,344156952,17415469,361572421
2,800000,334070569,17520643,351591212
2,800000,391685044,17412991,409098035
2,800000,335691143,18521105,354212248
2,800000,335869652,17555593,353425245
2,800000,336307852,17560431,353868283
2,800000,338309827,17448111,355757938
2,800000,327158227,17479607,344637834
2,800000,341623859,17460040,359083899
2,800000,328479993,17546471,346026464
2,800000,323923430,17437219,341360649
2,800000,328548543,17454469,346003012
2,800000,331132734,17511332,348644066
2,800000,343977574,17400255,361377829
2,800000,389258827,17580700,406839527
2,800000,394712949,17517166,412230115
2,800000,334115443,17522321,351637764
2,800000,345367525,17402222,362769747
2,800000,333645627,17550422,351196049
2,800000,340046499,17549974,357596473
2,800000,334689107,17515781,352204888
2,800000,341115243,17516903,358632146
2,800000,337048454,17429668,354478122
2,800000,340960009,17492933,358452942
2,800000,335155086,18038834,353193920
2,800000,340965922,17500039,358465961
2,800000,334687635,17477122,352164757
2,800000,332773365,17515865,350289230
2,800000,339360677,17429667,356790344
2,800000,331338828,17608013,348946841
2,800000,337633661,18888358,356522019
2,800000,331804501,17838502,349643003
2,800000,326301200,17523603,343824803
2,800000,384034461,17401932,401436393
2,800000,340444617,17481091,357925708
2,800000,386980305,17471454,404451759
2,800000,336966145,19051641,356017786
2,800000,341152290,17456172,358608462
2,800000,334967585,17476868,352444453
2,800000,333272003,17610136,350882139
2,800000,333797249,17575035,351372284
2,800000,331068026,17454133,348522159
2,800000,390582065,17500162,408082227
2,800000,340118258,18981788,359100046
2,800000,330501307,20096638,350597945
2,800000,330499347,17479337,347978684
2,800000,336358896,17600289,353959185
2,800000,393053897,17573636,410627533
2,800000,330002539,19138497,349141036
2,800000,332476432,17458668,349935100
2,800000,329154748,17567189,346721937
2,800000,330475543,17455137,347930680
2,800000,343708310,17414648,361122958
2,800000,339176962,17516155,356693117
2,800000,340115590,17398662,357514252
2,800000,347130901,18029442,365160343
2,800000,337189693,18670413,355860106
2,800000,343959667,17595553,361555220
2,800000,325755355,17689044,343444399
2,800000,342251479,17762707,360014186
2,800000,336014545,17452525,353467070
2,800000,338950077,17473320,356423397
2,800000,335931169,17491432,353422601
2,800000,333305597,17495060,350800657
2,800000,333193472,17543808,350737280
2,800000,342074451,18546807,360621258
2,800000,332323816,18008400,350332216
2,800000,337523168,17547298,355070466
2,800000,340379859,17522934,357902793
2,800000,335777103,18329389,354106492
2,800000,334043983,19353724,353397707
2,900000,437909205,19942104,457851309
2,900000,441214854,19906924,461121778
2,900000,381211795,19882990,401094785
2,900000,444316387,19889805,464206192
2,900000,377055532,19890400,396945932
2,900000,444381797,19900648,464282445
2,900000,390765317,19941811,410707128
2,900000,418238769,21188862,439427631
2,900000,391294890,19947298,411242188
2,900000,379423767,19874216,399297983
2,900000,384458141,19878358,404336499
2,900000,443422370,22199351,465621721
2,900000,442781837,20234167,463016004
2,900000,428708460,19928678,448637138
2,900000,373704054,19930129,393634183
2,900000,440815127,19937497,460752624
2,900000,387372142,19920438,407292580
2,900000,435757967,19960556,455718523
2,900000,441113383,19890662,461004045
2,900000,439438072,19922808,459360880
2,900000,384174178,20358876,404533054
2,900000,402868681,19875833,422744514
2,900000,390976811,19939602,410916413
2,900000,439489876,19920221,459410097
2,900000,433692274,19914016,453606290
2,900000,416757046,19871124,436628170
2,900000,377558716,19915992,397474708
2,900000,442693956,19948179,462642135
2,900000,378628106,19974742,398602848
2,900000,445336916,21069574,466406490
2,900000,389795641,19893427,409689068
2,900000,386978406,19945350,406923756
2,900000,372170688,21595708,393766396
2,900000,387021903,19938359,406960262
2,900000,388829300,19887890,408717190
2,900000,438324050,21173377,459497427
2,900000,386478350,19870272,406348622
2,900000,432736878,20601187,453338065
2,900000,382696357,19895836,402592193
2,900000,438449492,19875215,458324707
2,900000,389606021,20470057,410076078
2,900000,368057498,20943924,389001422
2,900000,376334370,21027130,397361500
2,900000,431314666,19886671,451201337
2,900000,379733478,20577042,400310520
2,900000,437233497,19943197,457176694
2,900000,382085339,19940842,402026181
2,900000,390042072,19933514,409975586
2,900000,375601332,19912406,395513738
2,900000,438343759,19914224,458257983
2,900000,377588807,19871816,397460623
2,900000,436629196,19881277,456510473
2,900000,366839232,19915005,386754237
2,900000,442815171,21616165,464431336
2,900000,391452184,19934291,411386475
2,900000,447871033,19884793,467755826
2,900000,369317301,19977596,389294897
2,900000,446017054,19921815,465938869
2,900000,443773423,20344013,464117436
2,900000,388436420,19886223,408322643
2,900000,448138735,22075119,470213854
2,900000,370358636,21062463,391421099
2,900000,383204279,19890838,403095117
2,900000,384093406,19877017,403970423
2,900000,388191984,19894830,408086814
2,900000,377584754,19874793,397459547
2,900000,440664083,19956018,460620101
2,900000,378995127,20330945,399326072
2,900000,415606470,20099963,435706433
2,900000,387033998,19883860,406917858
2,900000,369517369,19889446,389406815
2,900000,381499350,19940296,401439646
2,900000,443050934,19958807,463009741
2,900000,387424782,19890859,407315641
2,900000,447250231,19873919,467124150
2,900000,379202395,19880873,399083268
2,900000,437444536,21770428,459214964
2,900000,380229401,19931858,400161259
2,900000,444605667,19898734,464504401
2,900000,376539832,19883900,396423732
2,900000,440798693,19121020,459919713
2,900000,382988659,19873037,402861696
2,900000,438410308,21510642,459920950
2,900000,387192389,21091343,408283732
2,900000,442299548,20916850,463216398
2,900000,384755312,19915500,404670812
2,900000,441940426,20610614,462551040
2,900000,382699430,19973538,402672968
2,900000,442929086,20677955,463607041
2,900000,388047947,19878593,407926540
2,900000,441051573,20844474,461896047
2,900000,380290359,19883404,400173763
2,900000,435299770,20614810,455914580
2,900000,385804055,19938637,405742692
2,900000,412865572,21378460,434244032
2,900000,383839108,19899814,403738922
2,900000,439906531,19803427,459709958
2,900000,370860964,22183616,393044580
2,900000,447646443,19923104,467569547
2,900000,380112421,19939939,400052360
2,900000,440898255,19898406,460796661
2,900000,387825757,19890121,407715878
2,900000,445183180,19920527,465103707
2,900000,390639048,19890346,410529394
2,900000,440584030,19917404,460501434
2,900000,373325700,19911764,393237464
2,900000,449660558,19983633,469644191
2,900000,387305549,19891173,407196722
2,900000,399081600,19873553,418955153
2,900000,379127997,20975186,400103183
2,900000,388384203,19905196,408289399
2,900000,379255627,19897035,399152662
2,900000,445727984,21116839,466844823
2,900000,387271489,19888170,407159659
2,900000,442103963,21467089,463571052
2,1000000,413976216,23155923,437132139
2,1000000,495037119,21394632,516431751
2,1000000,430429193,21297399,451726592
2,1000000,478751423,21378766,500130189
2,1000000,418204291,21312718,439517009
2,1000000,492991861,21337267,514329128
2,1000000,410937116,23930114,434867230
2,1000000,440475524,21378296,461853820
2,1000000,424715278,21371627,446086905
2,1000000,479749271,21393318,501142589
2,1000000,417110782,21331820,438442602
2,1000000,446909228,22904451,469813679
2,1000000,407114348,23170376,430284724
2,1000000,473497613,21385427,494883040
2,1000000,415818254,22926562,438744816
2,1000000,482848666,22577005,505425671
2,1000000,421988024,23110002,445098026
2,1000000,487046449,22555176,509601625
2,1000000,430164307,21823980,451988287
2,1000000,490756533,21431818,512188351
2,1000000,415908037,21344969,437253006
2,1000000,483583116,23094946,506678062
2,1000000,420009769,22611407,442621176
2,1000000,415069417,21690311,436759728
2,1000000,427358456,21361128,448719584
2,1000000,485702493,22676772,508379265
2,1000000,436071367,21392520,457463887
2,1000000,490589262,22558099,513147361
2,1000000,423587732,21340870,444928602
2,1000000,491782737,22225054,514007791
2,1000000,427331127,21301888,448633015
2,1000000,493383328,21420185,514803513
2,1000000,431836953,21344212,453181165
2,1000000,479672468,22495148,502167616
2,1000000,424324017,21413783,445737800
2,1000000,490638192,22743103,513381295
2,1000000,427390129,21360354,448750483
2,1000000,431423777,21366351,452790128
2,1000000,465293594,21365573,486659167
2,1000000,415922229,21406580,437328809
2,1000000,491718068,22224034,513942102
2,1000000,413427007,21329307,434756314
2,1000000,486693377,21367823,508061200
2,1000000,424669909,21403846,446073755
2,1000000,481816577,23267004,505083581
2,1000000,418055390,21308662,439364052
2,1000000,469145583,21264016,490409599
2,1000000,415583527,21389056,436972583
2,1000000,433622479,22239542,455862021
2,1000000,486872779,22909190,509781969
2,1000000,438772414,21428894,460201308
2,1000000,418952103,21447913,440400016
2,1000000,493756635,22511817,516268452
2,1000000,416731321,21396897,438128218
2,1000000,428060537,21349156,449409693
2,1000000,421717219,21343873,443061092
2,1000000,483388495,23049400,506437895
2,1000000,425262579,21397958,446660537
2,1000000,475843805,21361750,497205555
2,1000000,415894421,22671091,438565512
2,1000000,475189045,22087629,497276674
2,1000000,428861275,21380285,450241560
2,1000000,479054833,21404445,500459278
2,1000000,428100848,21361828,449462676
2,1000000,481102884,21948987,503051871
2,1000000,435737122,22000289,457737411
2,1000000,415701932,23086911,438788843
2,1000000,478831662,21319476,500151138
2,1000000,442649645,21352620,464002265
2,1000000,416904443,21403747,438308190
2,1000000,476451219,22707612,499158831
2,1000000,415943540,21321820,437265360
2,1000000,478814753,22614080,501428833
2,1000000,429581178,21292159,450873337
2,1000000,477370987,21344500,498715487
2,1000000,418658484,21370894,440029378
2,1000000,440190499,21653350,461843849
2,1000000,424415309,21339842,445755151
2,1000000,422090033,21366347,443456380
2,1000000,431080674,21317334,452398008
2,1000000,415248664,22012447,437261111
2,1000000,424720012,21388540,446108552
2,1000000,428934522,21405776,450340298
2,1000000,412058785,21418123,433476908
2,1000000,416858966,23754076,440613042
2,1000000,422868681,21333056,444201737
2,1000000,414389158,22737190,437126348
2,1000000,422600106,22525276,445125382
2,1000000,488899107,21348450,510247557
2,1000000,437841174,21371526,459212700
2,1000000,430684673,21370363,452055036
2,1000000,421393161,21428870,442822031
2,1000000,421410098,21383902,442794000
2,1000000,418764515,21313856,440078371
2,1000000,418422403,21339371,439761774
2,1000000,416236552,21367566,437604118
2,1000000,413911711,21367382,435279093
2,1000000,428375016,21424198,449799214
2,1000000,418787243,21348183,440135426
2,1000000,410185293,21540130,431725423
2,1000000,421818763,21384858,443203621
2,1000000,415049124,21368748,436417872
2,1000000,423116933,21538590,444655523
2,1000000,427215352,21384154,448599506
2,1000000,418819018,21363416,440182434
2,1000000,420176469,22500939,442677408
2,1000000,432707405,21868675,454576080
2,1000000,429601321,21427037,451028358
2,1000000,418003228,21317213,439320441
2,1000000,414422165,23049844,437472009
2,1000000,413389841,21332407,434722248
2,1000000,420225454,21303553,441529007
2,1000000,432655134,21377610,454032744
2,1000000,481109443,24319864,505429307
2,1000000,414850032,21396285,436246317
2,1000000,418515293,21363086,439878379
2,1000000,434492939,21443087,455936026
2,1000000,491621802,21344083,512965885
2,1000000,414357544,21867575,436225119
2,1000000,429797478,21794012,451591490
2,1000000,423161412,21398084,444559496
2,1000000,435258096,21807616,457065712
2,1000000,418056294,22736290,440792584
2,1000000,429192664,21325982,450518646
2,1000000,427632518,21386599,449019117
2,1000000,433348641,21548523,454897164
2,1000000,418262640,21379021,439641661
2,1000000,430988565,21379155,452367720
2,1000000,416629172,21371204,438000376
2,1000000,415146729,22380764,437527493
2,1000000,413348160,21858114,435206274
2,1000000,426351859,21328389,447680248
2,1000000,416757215,21327968,438085183
2,1000000,416839171,21715230,438554401
2,1000000,425799716,21449637,447249353
2,1000000,422960625,21394484,444355109
2,1000000,473626264,21396104,495022368
2,1000000,424867976,21459543,446327519
2,1000000,419396762,21309419,440706181
2,1000000,415565384,21342964,436908348
2,1000000,415136614,21309220,436445834
2,1000000,420519948,21308169,441828117
2,1000000,419669593,21399737,441069330
2,1000000,438138951,21425017,459563968
2,1000000,413771594,23095407,436867001
2,1000000,413364461,22749003,436113464
2,1000000,433311511,23059387,456370898
2,1000000,427993903,21322376,449316279
2,1000000,423984606,21351220,445335826
2,1000000,416102579,21358078,437460657
2,1000000,435987496,21536792,457524288
2,1000000,427421756,21421142,448842898
2,1000000,414911764,21385124,436296888
2,1000000,418355256,23851053,442206309
2,1000000,410504082,23081938,433586020
2,1000000,421470874,21315742,442786616
2,1000000,423848716,21404088,445252804
2,1000000,426230612,21411851,447642463
2,1000000,412618747,22640153,435258900
2,1000000,427838438,21364242,449202680
2,1000000,488927937,21408027,510335964
2,1000000,428015743,21342827,449358570
2,1000000,418255493,21366776,439622269
2,1000000,416591580,21374900,437966480
2,1000000,422372143,21376985,443749128
2,1000000,421743558,21382433,443125991
2,1000000,430151353,21357297,451508650
2,1000000,426598418,21573758,448172176
2,1000000,430107386,21339562,451446948
2,1000000,421415533,21450143,442865676
2,1000000,429783574,21355140,451138714
2,1000000,423483643,21359244,444842887
2,1000000,417630108,21394914,439025022
2,1000000,420098757,21390705,441489462
2,1000000,428514304,21362172,449876476
2,1000000,415446578,21908858,437355436
2,1000000,428715815,21379786,450095601
2,1000000,415897876,21408812,437306688
2,1000000,416934898,22466926,439401824
2,1000000,421698242,21356868,443055110
2,1000000,433011255,21365858,454377113
2,1000000,418855138,21967778,440822916
2,1000000,431114038,21322619,452436657
2,1000000,423227083,21364915,444591998
2,1000000,409808557,21308331,431116888
2,1000000,432223511,21405796,453629307
2,1000000,417624396,21370676,438995072
2,1000000,431101164,21350425,452451589
2,1000000,410489801,22351534,432841335
2,1000000,417410689,21324249,438734938
2,1000000,490219019,21310009,511529028
2,1000000,427769065,21331202,449100267
2,1000000,425421914,22842799,448264713
2,1000000,414628638,21313673,435942311
2,1000000,417751095,21432108,439183203
2,1000000,419459589,21323174,440782763
2,1000000,423835901,21361086,445196987
2,1000000,408806304,21367031,430173335
2,1000000,415617354,21355058,436972412
2,1000000,497273100,21358035,518631135
2,1000000,413313357,21499543,434812900
2,1000000,418552030,21362205,439914235
2,1000000,427120194,21363000,448483194
2,1000000,436372606,21448083,457820689
2,1000000,423358284,21739763,445098047
2,1000000,473652684,21444293,495096977
2,1000000,427049549,21396645,448446194
2,1000000,489813043,22603169,512416212
2,1000000,434926849,21325568,456252417
2,1000000,477551476,21813454,499364930
2,1000000,411699293,21341713,433041006
2,1000000,431925329,21332998,453258327
2,1000000,414698770,21449693,436148463
2,1000000,432240527,21374820,453615347
2,1000000,434502581,21384928,455887509
2,1000000,488245707,21356078,509601785
2,1000000,430027718,21349475,451377193
2,1000000,424905658,21488651,446394309
2,1000000,418763549,21392177,440155726
2,1000000,416269110,21846022,438115132
2,1000000,424315217,22711133,447026350
2,1000000,488606455,21409216,510015671
2,1000000,441277934,21375997,462653931
2,1000000,437487269,21352257,458839526
2,1000000,435878858,21336377,457215235
2,1000000,420996437,21381695,442378132
2,1000000,487615366,24087351,511702717
2,1000000,422236491,21366989,443603480
2,1000000,474931884,21442178,496374062
2,1000000,423668025,21347889,445015914
2,2000000,810469089,43048877,853517966
2,2000000,817277365,43235346,860512711
2,2000000,818348190,42948728,861296918
2,2000000,847017132,43207332,890224464
2,2000000,812282566,42958565,855241131
2,2000000,821856502,43130276,864986778
2,2000000,813629757,43015478,856645235
2,2000000,818431651,42932055,861363706
2,2000000,810965912,43009283,853975195
2,2000000,805217738,43155343,848373081
2,2000000,820158987,43074018,863233005
2,2000000,813691538,43089055,856780593
2,2000000,807211753,42977492,850189245
2,2000000,804801781,43016250,847818031
2,2000000,811822626,43197229,855019855
2,2000000,812719664,42842204,855561868
2,2000000,944518743,43138884,987657627
2,2000000,806053429,45959630,852013059
2,2000000,941026241,43116351,984142592
2,2000000,946584460,43113349,989697809
2,2000000,853872819,43133534,897006353
2,2000000,858446462,43045500,901491962
2,2000000,856890030,43012792,899902822
2,2000000,947140137,43000433,990140570
2,2000000,860504932,43063294,903568226
2,2000000,943247955,43110406,986358361
2,2000000,949354814,42806441,992161255
2,2000000,945793130,42965128,988758258
2,2000000,817231124,42847185,860078309
2,2000000,816727146,43018305,859745451
2,2000000,808933141,43023244,851956385
2,2000000,808099682,43276917,851376599
2,2000000,819211487,43095907,862307394
2,2000000,819236100,43048360,862284460
2,2000000,820445651,43155706,863601357
2,2000000,809216056,43074516,852290572
2,2000000,811504733,43097975,854602708
2,2000000,807860870,42962566,850823436
2,2000000,818589196,43097029,861686225
2,2000000,819230173,43125775,862355948
2,2000000,805656231,43085669,848741900
2,2000000,815956434,43085783,859042217
2,2000000,818853361,43213844,862067205
2,2000000,814997311,43076033,858073344
2,2000000,817539173,43070400,860609573
2,2000000,822929024,43028649,865957673
2,2000000,817990741,43069224,861059965
2,2000000,809962032,42921634,852883666
2,2000000,802672047,43086340,845758387
2,2000000,854280377,43220183,897500560
2,2000000,820141539,42895011,863036550
2,2000000,813835065,43118973,856954038
2,2000000,803399952,42875435,846275387
2,2000000,805296550,43075881,848372431
2,2000000,814946493,43092814,858039307
2,2000000,810141466,43200481,853341947
2,2000000,810361947,43157221,853519168
2,2000000,815507351,43031102,858538453
2,2000000,813072475,42976693,856049168
2,2000000,811584910,43252425,854837335
2,2000000,811754946,43154129,854909075
2,2000000,818186470,43775405,861961875
2,2000000,938589143,44009622,982598765
2,2000000,797694065,43026810,840720875
2,2000000,820896795,43073234,863970029
2,2000000,819659110,43127417,862786527
2,2000000,816624374,43125239,859749613
2,2000000,805547571,43025167,848572738
2,2000000,807408825,43125813,850534638
2,2000000,809928654,43038332,852966986
2,2000000,806134233,42952791,849087024
2,2000000,827286943,43037337,870324280
2,2000000,949325882,43025036,992350918
2,2000000,861579065,43132165,904711230
2,2000000,946405349,43041378,989446727
2,2000000,944281834,43209504,987491338
2,2000000,811144076,43052824,854196900
2,2000000,945622230,61218942,1006841172
2,2000000,864058592,43066338,907124930
2,2000000,943007921,42953703,985961624
2,2000000,857929963,43025958,900955921
2,2000000,951701647,43030698,994732345
2,2000000,946410191,43009753,989419944
2,2000000,861722249,42984766,904707015
2,2000000,947807111,43094720,990901831
2,2000000,946223835,43320786,989544621
2,2000000,859153402,42998356,902151758
2,2000000,944475321,43018378,987493699
2,2000000,857131989,42963829,900095818
2,2000000,859644620,43009402,902654022
2,2000000,941845622,42994490,984840112
2,2000000,864612044,43198545,907810589
2,2000000,858281723,43142367,901424090
2,2000000,859817357,42994365,902811722
2,2000000,866648961,43176081,909825042
2,2000000,946309787,43015066,989324853
2,2000000,952575677,43007844,995583521
2,2000000,868354113,43076690,911430803
2,2000000,859232074,43093730,902325804
2,2000000,866303432,42864885,909168317
2,2000000,861326450,43084982,904411432
2,2000000,944930614,43183222,988113836
2,2000000,942159421,42977604,985137025
2,2000000,806252980,43176196,849429176
2,2000000,944384206,43064616,987448822
2,2000000,811604116,43188761,854792877
2,2000000,824506754,43111110,867617864
2,2000000,812655511,42958733,855614244
2,2000000,805980243,42967471,848947714
2,2000000,803852735,43028400,846881135
2,2000000,816052549,43030757,859083306
2,2000000,806632835,43252561,849885396
2,2000000,816450516,42998626,859449142
2,2000000,807595067,43092464,850687531
2,2000000,801874476,43029864,844904340
2,3000000,1450346016,63942647,1514288663
2,3000000,1432739689,64772264,1497511953
2,3000000,1237741965,64100502,1301842467
2,3000000,1231440952,64056896,1295497848
2,3000000,1269192620,64211621,1333404241
2,3000000,1209498000,64237252,1273735252
2,3000000,1255715936,64239225,1319955161
2,3000000,1440984238,64144215,1505128453
2,3000000,1226453366,64136739,1290590105
2,3000000,1242774118,63452800,1306226918
2,3000000,1275009514,64110962,1339120476
2,3000000,1246198239,64055860,1310254099
2,3000000,1274860716,64187869,1339048585
2,3000000,1268106673,64046888,1332153561
2,3000000,1251257129,64138274,1315395403
2,3000000,1207709512,64017654,1271727166
2,3000000,1405052843,64119301,1469172144
2,3000000,1263162021,64261681,1327423702
2,3000000,1234172697,64216126,1298388823
2,3000000,1434238002,64150361,1498388363
2,3000000,1211084214,64106876,1275191090
2,3000000,1225584052,64184322,1289768374
2,3000000,1250866602,64132943,1314999545
2,3000000,1229431545,64203462,1293635007
2,3000000,1235101173,64078595,1299179768
2,3000000,1231828772,64141176,1295969948
2,3000000,1271438910,64136694,1335575604
2,3000000,1256528977,64137441,1320666418
2,3000000,1256608441,64050522,1320658963
2,3000000,1240196630,64246259,1304442889
2,3000000,1225398772,64164179,1289562951
2,3000000,1220460736,64260916,1284721652
2,3000000,1236369841,64106188,1300476029
2,3000000,1232341605,64043150,1296384755
2,3000000,1232284091,64105430,1296389521
2,3000000,1260751351,67739046,1328490397
2,3000000,1266263550,64784679,1331048229
2,3000000,1245533243,64104587,1309637830
2,3000000,1254868807,64218537,1319087344
2,3000000,1258612825,64100204,1322713029
2,3000000,1437451021,64256280,1501707301
2,3000000,1263274830,64109397,1327384227
2,3000000,1230518635,64199331,1294717966
2,3000000,1244616960,64107823,1308724783
2,3000000,1243528614,64269878,1307798492
2,3000000,1252176601,64050707,1316227308
2,3000000,1428288084,64151648,1492439732
2,3000000,1276008529,64155723,1340164252
2,3000000,1270016655,64150545,1334167200
2,3000000,1219578527,64140452,1283718979
2,3000000,1249672395,64066228,1313738623
2,3000000,1229302869,64142553,1293445422
2,3000000,1252649505,64109669,1316759174
2,3000000,1227753023,64045229,1291798252
2,3000000,1254426788,64111048,1318537836
2,3000000,1262146157,64149204,1326295361
2,3000000,1412772622,64149020,1476921642
2,3000000,1210681207,64126576,1274807783
2,3000000,1271475856,64256685,1335732541
2,3000000,1223694235,64037976,1287732211
2,3000000,1264583919,64171666,1328755585
2,3000000,1221270274,64069001,1285339275
2,3000000,1265886179,64194170,1330080349
2,3000000,1246673441,64155708,1310829149
2,3000000,1231405711,64048837,1295454548
2,3000000,1255016254,64093392,1319109646
2,3000000,1231618788,64079492,1295698280
2,3000000,1417681890,64042186,1481724076
2,3000000,1229999978,64020792,1294020770
2,3000000,1231035894,64055607,1295091501
2,3000000,1416167004,64193519,1480360523
2,3000000,1241618714,64122650,1305741364
2,3000000,1203202675,63823163,1267025838
2,3000000,1232477592,64028618,1296506210
2,3000000,1431339200,64118834,1495458034
2,3000000,1223821825,64161258,1287983083
2,3000000,1238696182,64149574,1302845756
2,3000000,1233844806,64072678,1297917484
2,3000000,1413765803,63449199,1477215002
2,3000000,1240409239,64088709,1304497948
2,3000000,1239298265,64336680,1303634945
2,3000000,1264623382,64074856,1328698238
2,3000000,1405966016,64027564,1469993580
2,3000000,1210989961,64017104,1275007065
2,3000000,1239693618,64116076,1303809694
2,3000000,1234329625,64157199,1298486824
2,3000000,1242829460,64124147,1306953607
2,3000000,1241073429,64119420,1305192849
2,3000000,1232722660,64104607,1296827267
2,3000000,1225859378,64107359,1289966737
2,3000000,1255653779,64044440,1319698219
2,3000000,1243656364,64095206,1307751570
2,3000000,1229551519,64163202,1293714721
2,3000000,1256172867,64166797,1320339664
2,3000000,1220193415,64114741,1284308156
2,3000000,1243736555,64093982,1307830537
2,3000000,1431954215,64123691,1496077906
2,3000000,1411996213,64095464,1476091677
2,3000000,1396215936,64036703,1460252639
2,3000000,1241528810,64083878,1305612688
2,3000000,1424655275,63976969,1488632244
2,3000000,1420221836,64088153,1484309989
2,3000000,1244919393,64041113,1308960506
2,3000000,1233816426,64116293,1297932719
2,3000000,1227219958,64045271,1291265229
2,3000000,1278118255,64094255,1342212510
2,3000000,1268364533,64225973,1332590506
2,3000000,1236141091,64098178,1300239269
2,3000000,1226225950,64230677,1290456627
2,3000000,1245450499,64028471,1309478970
2,3000000,1421911738,64064738,1485976476
2,3000000,1243816158,64087925,1307904083
2,3000000,1240659974,64175738,1304835712
2,3000000,1221900506,64092348,1285992854
2,3000000,1418401392,64089005,1482490397
2,4000000,1957451241,85572606,2043023847
2,4000000,1856405395,85493397,1941898792
2,4000000,1948524845,85471453,2033996298
2,4000000,1858894820,85458353,1944353173
2,4000000,1877322188,85634515,1962956703
2,4000000,1850845696,85519386,1936365082
2,4000000,1872963180,85509830,1958473010
2,4000000,1935154305,85539674,2020693979
2,4000000,1726774448,85566030,1812340478
2,4000000,1856548672,85605649,1942154321
2,4000000,1958424944,85946843,2044371787
2,4000000,1858934862,85455838,1944390700
2,4000000,1722607735,86233688,1808841423
2,4000000,1848303201,85428042,1933731243
2,4000000,1885895527,85551518,1971447045
2,4000000,1695047035,85438489,1780485524
2,4000000,1952325966,85601201,2037927167
2,4000000,1852492374,85598634,1938091008
2,4000000,1786933858,85624368,1872558226
2,4000000,1633264664,86178575,1719443239
2,4000000,1948996588,85491446,2034488034
2,4000000,1605129335,86271780,1691401115
2,4000000,1957454013,85478344,2042932357
2,4000000,1605751086,86148589,1691899675
2,4000000,1878321154,85435199,1963756353
2,4000000,1610905872,86133701,1697039573
2,4000000,1953578343,85511889,2039090232
2,4000000,1624153515,86118229,1710271744
2,4000000,1955767665,85451582,2041219247
2,4000000,1626226236,86121977,1712348213
2,4000000,1872626694,84979126,1957605820
2,4000000,1625485365,86145929,1711631294
2,4000000,1866546376,85384476,1951930852
2,4000000,1626893519,86215014,1713108533
2,4000000,1876886786,85957673,1962844459
2,4000000,1609843514,86210960,1696054474
2,4000000,1869259789,85479789,1954739578
2,4000000,1612019273,86436250,1698455523
2,4000000,1789302987,86159228,1875462215
2,4000000,1605510759,85524927,1691035686
2,4000000,1803239998,86382113,1889622111
2,4000000,1608293272,86086840,1694380112
2,4000000,1845489560,85455275,1930944835
2,4000000,1950065966,85703138,2035769104
2,4000000,1611834193,86151149,1697985342
2,4000000,1955195113,85484721,2040679834
2,4000000,1631906649,86119473,1718026122
2,4000000,1955109518,85413726,2040523244
2,4000000,1614016267,86345174,1700361441
2,4000000,1954656673,85536497,2040193170
2,4000000,1625656001,86148594,1711804595
2,4000000,1726012156,85475206,1811487362
2,4000000,1602302054,85495724,1687797778
2,4000000,1717084773,85565885,1802650658
2,4000000,1604056178,86203359,1690259537
2,4000000,1871240552,85350631,1956591183
2,4000000,1607567271,86125734,1693693005
2,4000000,1717622301,86018505,1803640806
2,4000000,1628728692,85484783,1714213475
2,4000000,1944844634,85532689,2030377323
2,4000000,1607831471,86148634,1693980105
2,4000000,1956983877,86599922,2043583799
2,4000000,1631525399,86418258,1717943657
2,4000000,1800737099,86063092,1886800191
2,4000000,1611224520,86082512,1697307032
2,4000000,1805117322,86207549,1891324871
2,4000000,1607295211,85499826,1692795037
2,4000000,1803146878,86104652,1889251530
2,4000000,1626202594,85568528,1711771122
2,4000000,1801243661,86259138,1887502799
2,4000000,1610363283,85405894,1695769177
2,4000000,1803206418,85379979,1888586397
2,4000000,1634288304,86197770,1720486074
2,4000000,1792908115,86215971,1879124086
2,4000000,1610394200,86282342,1696676542
2,4000000,1785021434,86170879,1871192313
2,4000000,1613320002,86184776,1699504778
2,4000000,1811426733,86239567,1897666300
2,4000000,1620207674,86200996,1706408670
2,4000000,1812323776,85589703,1897913479
2,4000000,1619116475,86588930,1705705405
2,4000000,1804477827,86109721,1890587548
2,4000000,1631853445,86042919,1717896364
2,4000000,1803983455,86155875,1890139330
2,4000000,1624964415,86161555,1711125970
2,4000000,1797551288,86143407,1883694695
2,4000000,1623152246,86187723,1709339969
2,4000000,1784825228,85442390,1870267618
2,4000000,1625612231,86121825,1711734056
2,4000000,1805084503,86230120,1891314623
2,4000000,1606854659,85466018,1692320677
2,4000000,1810954903,86141252,1897096155
2,4000000,1620858094,86200354,1707058448
2,4000000,1808408001,86138295,1894546296
2,4000000,1650427315,85625337,1736052652
2,4000000,1797580048,86152587,1883732635
2,4000000,1627065923,86344825,1713410748
2,4000000,1789585506,86088840,1875674346
2,4000000,1630947975,86269633,1717217608
2,4000000,1855858643,85646158,1941504801
2,4000000,1624286917,86323149,1710610066
2,4000000,1785019338,86164036,1871183374
2,4000000,1607128840,86166720,1693295560
2,4000000,1779740092,86143550,1865883642
2,4000000,1628349564,86269920,1714619484
2,4000000,1784484500,86365696,1870850196
2,4000000,1633351272,86121275,1719472547
2,4000000,1790219618,86019960,1876239578
2,4000000,1626250124,86194088,1712444212
2,4000000,1798987335,85570630,1884557965
2,4000000,1628225329,86170662,1714395991
2,4000000,1788678835,86150320,1874829155
2,4000000,1636112911,86075485,1722188396
2,4000000,1785583542,86070950,1871654492
2,4000000,1611647762,85465467,1697113229
2,5000000,2076118081,105972851,2182090932
2,5000000,2095012002,106478467,2201490469
2,5000000,2084391439,106125264,2190516703
2,5000000,2065711936,106134027,2171845963
2,5000000,2092329292,105959169,2198288461
2,5000000,2075053121,106009766,2181062887
2,5000000,2407972830,106091597,2514064427
2,5000000,2057753456,106469745,2164223201
2,5000000,2022213312,106017982,2128231294
2,5000000,2386784609,106132076,2492916685
2,5000000,2074531583,106295008,2180826591
2,5000000,2415463423,106055565,2521518988
2,5000000,2076951023,106126845,2183077868
2,5000000,2397160066,106015949,2503176015
2,5000000,2065442726,106020754,2171463480
2,5000000,2401994582,106030113,2508024695
2,5000000,2100702920,106144642,2206847562
2,5000000,2334399254,106157916,2440557170
2,5000000,2112319756,106058121,2218377877
2,5000000,2410633743,106172745,2516806488
2,5000000,2066703206,105947212,2172650418
2,5000000,2378019454,106058271,2484077725
2,5000000,2079234191,106235444,2185469635
2,5000000,2421858523,106226620,2528085143
2,5000000,2120432325,106204323,2226636648
2,5000000,2408314067,106056358,2514370425
2,5000000,2125265436,106175470,2231440906
2,5000000,2382502823,106062292,2488565115
2,5000000,2047923880,105936991,2153860871
2,5000000,2439260909,106113182,2545374091
2,5000000,2052815978,106187353,2159003331
2,5000000,2416799696,105919126,2522718822
2,5000000,2091923223,106046697,2197969920
2,5000000,2341138453,106283718,2447422171
2,5000000,2392556720,106210476,2498767196
2,5000000,2407175487,106123545,2513299032
2,5000000,2442569876,106572749,2549142625
2,5000000,2425928154,106061624,2531989778
2,5000000,2376375709,106045626,2482421335
2,5000000,2397445883,105997283,2503443166
2,5000000,2437593391,106506991,2544100382
2,5000000,2401327939,106164812,2507492751
2,5000000,2378713945,105916985,2484630930
2,5000000,2369219327,106095171,2475314498
2,5000000,2440602104,106167478,2546769582
2,5000000,2110735699,106103498,2216839197
2,5000000,2275655794,106252815,2381908609
2,5000000,2090692005,106139654,2196831659
2,5000000,2378599614,106214746,2484814360
2,5000000,2132317131,106117693,2238434824
2,5000000,2414995556,106279847,2521275403
2,5000000,2049114833,106032819,2155147652
2,5000000,2364706150,106612884,2471319034
2,5000000,2096128258,105960538,2202088796
2,5000000,2342297180,106295827,2448593007
2,5000000,2140168515,106678162,2246846677
2,5000000,2414413053,106113020,2520526073
2,5000000,2093141375,105959398,2199100773
2,5000000,2414720457,106746004,2521466461
2,5000000,2072245388,106643858,2178889246
2,5000000,2050433728,106295325,2156729053
2,5000000,2110611849,106015247,2216627096
2,5000000,2417977260,106546626,2524523886
2,5000000,2104930588,106003665,2210934253
2,5000000,2421669510,106117335,2527786845
2,5000000,2046228216,106063793,2152292009
2,5000000,2412852333,106271271,2519123604
2,5000000,2096560840,106606625,2203167465
2,5000000,2425565283,106088625,2531653908
2,5000000,2081857455,106644084,2188501539
2,5000000,2332768983,106103546,2438872529
2,5000000,2032659170,106175003,2138834173
2,5000000,2419485806,106019473,2525505279
2,5000000,2025610319,106158415,2131768734
2,5000000,2422624460,106606007,2529230467
2,5000000,2052501545,105921318,2158422863
2,5000000,2370661145,106401701,2477062846
2,5000000,2019595266,106167858,2125763124
2,5000000,2409672518,106116837,2515789355
2,5000000,2095401680,106003938,2201405618
2,5000000,2419886842,106075605,2525962447
2,5000000,2081571011,106139071,2187710082
2,5000000,2413891104,106056895,2519947999
2,5000000,2052794527,106053131,2158847658
2,5000000,2414712913,106309541,2521022454
2,5000000,2048963380,105902647,2154866027
2,5000000,2411417111,106089908,2517507019
2,5000000,2080155683,106184908,2186340591
2,5000000,2411097954,106596620,2517694574
2,5000000,2046513059,106342988,2152856047
2,5000000,2391728524,106133567,2497862091
2,5000000,2097026593,106014625,2203041218
2,5000000,2397927436,106047260,2503974696
2,5000000,2072188875,106059451,2178248326
2,5000000,2413258767,106694396,2519953163
2,5000000,2125884587,105958140,2231842727
2,5000000,2411029638,106626660,2517656298
2,5000000,2436408699,106078941,2542487640
2,5000000,2409657771,106667644,2516325415
2,5000000,2411976773,106559157,2518535930
2,5000000,2419125070,106131052,2525256122
2,5000000,2448152035,106569846,2554721881
2,5000000,2338154866,106056770,2444211636
2,5000000,2370950978,105958075,2476909053
2,5000000,2425842565,106576700,2532419265
2,5000000,2445640169,106044443,2551684612
2,5000000,2414467578,106044371,2520511949
2,5000000,2396142934,106248302,2502391236
2,5000000,2075323567,106282035,2181605602
2,5000000,2325699561,106011634,2431711195
2,5000000,2438484204,106002593,2544486797
2,5000000,2435656351,106006569,2541662920
2,5000000,2435910443,106097878,2542008321
2,5000000,2426082104,106164581,2532246685
2,5000000,2290250793,106049666,2396300459
2,6000000,2924061304,127335252,3051396556
2,6000000,2844760618,127246800,2972007418
2,6000000,2944335256,127235046,3071570302
2,6000000,2825674387,127481384,2953155771
2,6000000,2929161098,127364242,3056525340
2,6000000,2832398475,127408972,2959807447
2,6000000,2924635893,127151688,3051787581
2,6000000,2933707575,127180835,3060888410
2,6000000,2841340296,127149747,2968490043
2,6000000,2857378852,130513698,2987892550
2,6000000,2936405637,127217173,3063622810
2,6000000,2935021131,127275850,3062296981
2,6000000,2918603876,127256635,3045860511
2,6000000,2814690555,127284267,2941974822
2,6000000,2810653144,127214485,2937867629
2,6000000,2937943013,127127123,3065070136
2,6000000,2929941488,127208499,3057149987
2,6000000,2812871268,127144773,2940016041
2,6000000,2924655234,127678235,3052333469
2,6000000,2839740020,128112242,2967852262
2,6000000,2932608586,127327547,3059936133
2,6000000,2937021143,127240260,3064261403
2,6000000,2867579392,127232469,2994811861
2,6000000,2846543095,127263589,2973806684
2,6000000,2925618382,127360665,3052979047
2,6000000,2926715392,127218466,3053933858
2,6000000,2925267892,127236487,3052504379
2,6000000,2916772935,127326786,3044099721
2,6000000,2845879536,127304469,2973184005
2,6000000,2816643515,127288944,2943932459
2,6000000,2926491545,127110170,3053601715
2,6000000,2823804429,127123757,2950928186
2,6000000,2924637720,127302342,3051940062
2,6000000,2925729775,127388632,3053118407
2,6000000,2858054414,127242303,2985296717
2,6000000,2920958131,127186177,3048144308
2,6000000,2818519232,127255723,2945774955
2,6000000,2839366492,127193899,2966560391
2,6000000,2920088943,127277487,3047366430
2,6000000,2925730731,127211361,3052942092
2,6000000,2934420831,127267080,3061687911
2,6000000,2926889632,127350858,3054240490
2,6000000,2843922080,127279367,2971201447
2,6000000,2830866455,127247049,2958113504
2,6000000,2931506076,127102740,3058608816
2,6000000,2932159160,127207053,3059366213
2,6000000,2921037533,127222810,3048260343
2,6000000,2833797184,127243706,2961040890
2,6000000,2938152746,127191778,3065344524
2,6000000,2920081786,127576483,3047658269
2,6000000,2829697571,127263499,2956961070
2,6000000,2926679643,127178549,3053858192
2,6000000,2929434562,127307735,3056742297
2,6000000,2923689764,127235158,3050924922
2,6000000,2853388149,127376158,2980764307
2,6000000,2916772539,127240272,3044012811
2,6000000,2892271199,127307779,3019578978
2,6000000,2919839984,127201641,3047041625
2,6000000,2940480376,127157407,3067637783
2,6000000,2920299597,127292520,3047592117
2,6000000,2781272296,127248005,2908520301
2,6000000,2824894888,127192800,2952087688
2,6000000,2456700818,127055977,2583756795
2,6000000,2894088531,127283943,3021372474
2,6000000,2848644736,127399437,2976044173
2,6000000,2861334126,127185297,2988519423
2,6000000,2831972995,127161544,2959134539
2,6000000,2855690992,127365283,2983056275
2,6000000,2919309188,127349233,3046658421
2,6000000,2919683382,127311778,3046995160
2,6000000,2824700237,127258338,2951958575
2,6000000,2918746002,127236160,3045982162
2,6000000,2820713342,127255578,2947968920
2,6000000,2870789199,127206042,2997995241
2,6000000,2832368071,127269092,2959637163
2,6000000,2829676039,127318519,2956994558
2,6000000,2923383322,127271268,3050654590
2,6000000,2924892029,127292547,3052184576
2,6000000,2922982285,127277580,3050259865
2,6000000,2788322991,127128787,2915451778
2,6000000,2924361409,127319396,3051680805
2,6000000,2848828035,127296691,2976124726
2,6000000,2823760930,127288239,2951049169
2,6000000,2816398445,127346577,2943745022
2,6000000,2928736649,127332571,3056069220
2,6000000,2921314591,127138408,3048452999
2,6000000,2827389470,127329484,2954718954
2,6000000,2930151352,127183317,3057334669
2,6000000,2931437362,127211335,3058648697
2,6000000,2861836371,127244018,2989080389
2,6000000,2923171680,127253419,3050425099
2,6000000,2869005999,127327025,2996333024
2,6000000,2917635462,127270558,3044906020
2,6000000,2926861296,127166977,3054028273
2,6000000,2847470532,127215399,2974685931
2,6000000,2818374763,127282628,2945657391
2,6000000,2923577905,127326586,3050904491
2,6000000,2930521310,127346319,3057867629
2,6000000,2918948107,127208612,3046156719
2,6000000,2863173921,127236318,2990410239
2,6000000,2930720287,127186674,3057906961
2,6000000,2856291550,127300034,2983591584
2,6000000,2829787415,127236187,2957023602
2,6000000,2926708213,127063804,3053772017
2,6000000,2924573893,127286878,3051860771
2,6000000,2834498871,127219916,2961718787
2,6000000,2936815972,127284487,3064100459
2,6000000,2929473122,127274235,3056747357
2,6000000,2837762465,127154708,2964917173
2,6000000,2843260041,127759718,2971019759
2,6000000,2812834307,127284866,2940119173
2,6000000,2928753698,127159699,3055913397
2,6000000,2871923020,127431089,2999354109
2,6000000,2858046959,127367992,2985414951
2,6000000,2817974805,127219608,2945194413
2,7000000,3433898930,148702950,3582601880
2,7000000,3386578045,148678306,3535256351
2,7000000,2918512075,148739495,3067251570
2,7000000,3269506322,148478408,3417984730
2,7000000,3438750825,148767575,3587518400
2,7000000,3365473953,148617710,3514091663
2,7000000,3439116414,148715632,3587832046
2,7000000,3342589406,148624333,3491213739
2,7000000,3347170918,148637787,3495808705
2,7000000,3429651517,148457967,3578109484
2,7000000,3268892409,148667869,3417560278
2,7000000,3328545814,148520366,3477066180
2,7000000,3415171014,148697002,3563868016
2,7000000,3422199595,148618761,3570818356
2,7000000,2905630519,148675191,3054305710
2,7000000,3419967004,148678977,3568645981
2,7000000,3321430824,148774184,3470205008
2,7000000,2940988068,148618848,3089606916
2,7000000,2846763987,148535623,2995299610
2,7000000,2851021622,148574810,2999596432
2,7000000,2905581185,149034283,3054615468
2,7000000,2964345411,148692302,3113037713
2,7000000,3277307518,148800010,3426107528
2,7000000,3376963632,148561646,3525525278
2,7000000,2869536642,149023598,3018560240
2,7000000,3286729596,148588968,3435318564
2,7000000,3335249161,148674917,3483924078
2,7000000,2930639095,148674007,3079313102
2,7000000,3394025013,148710129,3542735142
2,7000000,2969284224,147670800,3116955024
2,7000000,2900956899,148754480,3049711379
2,7000000,3436652091,148676180,3585328271
2,7000000,3408408576,148676229,3557084805
2,7000000,2865323688,148687115,3014010803
2,7000000,2950676166,149200619,3099876785
2,7000000,2875408579,148736829,3024145408
2,7000000,2873287493,148647141,3021934634
2,7000000,3312119882,151934526,3464054408
2,7000000,2859616829,148722742,3008339571
2,7000000,2875051851,148745261,3023797112
2,7000000,2830704673,148743534,2979448207
2,7000000,3293316180,148690303,3442006483
2,7000000,2881277617,148664474,3029942091
2,7000000,2914395336,148728946,3063124282
2,7000000,3380357684,148632833,3528990517
2,7000000,2908659767,148750427,3057410194
2,7000000,2914374951,149043702,3063418653
2,7000000,3420682149,148698792,3569380941
2,7000000,2921077910,148493536,3069571446
2,7000000,2894554301,148855080,3043409381
2,7000000,3354757289,148683037,3503440326
2,7000000,2869435509,148754808,3018190317
2,7000000,2891457668,149165653,3040623321
2,7000000,3394304560,149009611,3543314171
2,7000000,2899175976,149007287,3048183263
2,7000000,2948505382,148627395,3097132777
2,7000000,2855739629,148807835,3004547464
2,7000000,3331944444,148792742,3480737186
2,7000000,3329703833,148664939,3478368772
2,7000000,2855619623,148521900,3004141523
2,7000000,2918786622,148783971,3067570593
2,7000000,3291468641,148588043,3440056684
2,7000000,2863675713,148607666,3012283379
2,7000000,2859187628,148563433,3007751061
2,7000000,2934884069,148711654,3083595723
2,7000000,2904360586,148744830,3053105416
2,7000000,2884733032,148469110,3033202142
2,7000000,3282323679,148857000,3431180679
2,7000000,2919543714,148670558,3068214272
2,7000000,2916413922,148585150,3064999072
2,7000000,3394268050,148709147,3542977197
2,7000000,3423849478,148688171,3572537649
2,7000000,3390284016,148702586,3538986602
2,7000000,2917406574,148743122,3066149696
2,7000000,3434317344,148699467,3583016811
2,7000000,3398946523,148722543,3547669066
2,7000000,2876710156,148619381,3025329537
2,7000000,3183037023,149417738,3332454761
2,7000000,2853823985,149225472,3003049457
2,7000000,3436323913,148690929,3585014842
2,7000000,3323575082,149240628,3472815710
2,7000000,2878308683,148725561,3027034244
2,7000000,3431084897,148593387,3579678284
2,7000000,2946667142,148599105,3095266247
2,7000000,3312287205,148668604,3460955809
2,7000000,2886672140,148701359,3035373499
2,7000000,2865531755,148688734,3014220489
2,7000000,2867044634,147874749,3014919383
2,7000000,3298677557,148907090,3447584647
2,7000000,2975812421,148587652,3124400073
2,7000000,2880650844,148688035,3029338879
2,7000000,2875690686,148747715,3024438401
2,7000000,2897907166,148675974,3046583140
2,7000000,3193491824,148835396,3342327220
2,7000000,2922910052,148665230,3071575282
2,7000000,2925976381,148788742,3074765123
2,7000000,3144684844,148616238,3293301082
2,7000000,3427028957,148544550,3575573507
2,7000000,3393737534,148554146,3542291680
2,7000000,2855986443,148563719,3004550162
2,7000000,2900030784,148820643,3048851427
2,7000000,3199083083,150127473,3349210556
2,7000000,2854637068,149993647,3004630715
2,7000000,2871423543,148638479,3020062022
2,7000000,3218600058,148631180,3367231238
2,7000000,2888900291,148654481,3037554772
2,7000000,2880038000,148778223,3028816223
2,7000000,3363786315,148558626,3512344941
2,7000000,2967727458,148726434,3116453892
2,7000000,3277992741,148206447,3426199188
2,7000000,3297229084,148765125,3445994209
2,7000000,3330236688,148714404,3478951092
2,7000000,2903878181,148620539,3052498720
2,7000000,3284331532,149376728,3433708260
2,7000000,3430702105,148492466,3579194571
2,8000000,3283397755,169087003,3452484758
2,8000000,3262655980,169110062,3431766042
2,8000000,3715590824,170043066,3885633890
2,8000000,3272692702,169252708,3441945410
2,8000000,3875208047,170117063,4045325110
2,8000000,3278601698,169282856,3447884554
2,8000000,3623379400,169136494,3792515894
2,8000000,3260257896,169430105,3429688001
2,8000000,3702641868,170183373,3872825241
2,8000000,3262204505,170222975,3432427480
2,8000000,3268206842,169756717,3437963559
2,8000000,3267607811,169160194,3436768005
2,8000000,3223306106,169455354,3392761460
2,8000000,3260126338,170277293,3430403631
2,8000000,3864781490,169914090,4034695580
2,8000000,3915296473,170647959,4085944432
2,8000000,3643327790,169239323,3812567113
2,8000000,3259327063,169371220,3428698283
2,8000000,3869148545,170252730,4039401275
2,8000000,3273539575,169341047,3442880622
2,8000000,3872526252,171299472,4043825724
2,8000000,3273448349,169186460,3442634809
2,8000000,3878938584,170230112,4049168696
2,8000000,3262636671,170038390,3432675061
2,8000000,3641590821,170797142,3812387963
2,8000000,3747825050,170583478,3918408528
2,8000000,3715682697,169985999,3885668696
2,8000000,3215891747,169345987,3385237734
2,8000000,3872942318,170291188,4043233506
2,8000000,3226192244,169238523,3395430767
2,8000000,3896484411,170023366,4066507777
2,8000000,3235301169,169303825,3404604994
2,8000000,3866956969,170671174,4037628143
2,8000000,3266308471,169256851,3435565322
2,8000000,3622905667,169206622,3792112289
2,8000000,3742617710,170682612,3913300322
2,8000000,3705643431,170068833,3875712264
2,8000000,3212399588,169331569,3381731157
2,8000000,3707514576,170073074,3877587650
2,8000000,3259229011,168971166,3428200177
2,8000000,3711544956,170113869,3881658825
2,8000000,3229578149,169356519,3398934668
2,8000000,3592061068,169826600,3761887668
2,8000000,3254696806,169844195,3424541001
2,8000000,3887388162,170367198,4057755360
2,8000000,3217332933,169213327,3386546260
2,8000000,3867682921,170639382,4038322303
2,8000000,3237839351,169276237,3407115588
2,8000000,3869501365,170154440,4039655805
2,8000000,3241795949,169244341,3411040290
2,8000000,3883279314,170990180,4054269494
2,8000000,3267656923,170425881,3438082804
2,8000000,3596279563,169632344,3765911907
2,8000000,3233522362,169168114,3402690476
2,8000000,3622869608,170430399,3793300007
2,8000000,3255504592,169356291,3424860883
2,8000000,3875838797,170819470,4046658267
2,8000000,3235989748,169073125,3405062873
2,8000000,3713699801,172186488,3885886289
2,8000000,3223643226,169225461,3392868687
2,8000000,3870489926,171337773,4041827699
2,8000000,3231634281,169247255,3400881536
2,8000000,3723523679,170374854,3893898533
2,8000000,3278475285,169217408,3447692693
2,8000000,3707366280,171020425,3878386705
2,8000000,3252071287,170502282,3422573569
2,8000000,3703549933,169948584,3873498517
2,8000000,3748820856,170109708,3918930564
2,8000000,3593412775,169438367,3762851142
2,8000000,3220711989,169372334,3390084323
2,8000000,3718048514,170047537,3888096051
2,8000000,3767071315,170165298,3937236613
2,8000000,3868185223,169938366,4038123589
2,8000000,3745533145,170513497,3916046642
2,8000000,3714476332,170858848,3885335180
2,8000000,3230141244,169139283,3399280527
2,8000000,3877756194,170472121,4048228315
2,8000000,3234566925,169324660,3403891585
2,8000000,3875293547,169914984,4045208531
2,8000000,3268018853,169435640,3437454493
2,8000000,3713022978,170024093,3883047071
2,8000000,3766406599,170322215,3936728814
2,8000000,3882763044,170422913,4053185957
2,8000000,3265310612,170243846,3435554458
2,8000000,3867451827,170172921,4037624748
2,8000000,3906832589,170505775,4077338364
2,8000000,3629420459,170022190,3799442649
2,8000000,3261217335,169387074,3430604409
2,8000000,3708748899,170501564,3879250463
2,8000000,3753572582,169783423,3923356005
2,8000000,3878518796,170707099,4049225895
2,8000000,3229353117,169155307,3398508424
2,8000000,3874442863,170220009,4044662872
2,8000000,3282823499,169301431,3452124930
2,8000000,3712124678,171895928,3884020606
2,8000000,3248727627,169992114,3418719741
2,8000000,3860441616,170317228,4030758844
2,8000000,3229405605,169203485,3398609090
2,8000000,3887830238,171343884,4059174122
2,8000000,3212512964,170108555,3382621519
2,8000000,3886545690,170490476,4057036166
2,8000000,3225961395,169858528,3395819923
2,8000000,3874169108,169974098,4044143206
2,8000000,3235503785,169191886,3404695671
2,8000000,4109786123,170464707,4280250830
2,8000000,3905719263,170011304,4075730567
2,8000000,3872058713,171767815,4043826528
2,8000000,3238359770,169323522,3407683292
2,8000000,3865111993,171304792,4036416785
2,8000000,3227934629,169146486,3397081115
2,8000000,3587646392,169230950,3756877342
2,8000000,3750483893,170624926,3921108819
2,8000000,3597997688,169231373,3767229061
2,8000000,3228104337,169228119,3397332456
2,8000000,3872749733,172786054,4045535787
2,9000000,3693543110,190673795,3884216905
2,9000000,4220076220,190249773,4410325993
2,9000000,4392653353,190284190,4582937543
2,9000000,4102717424,190117840,4292835264
2,9000000,4275702303,190546426,4466248729
2,9000000,4151543638,190176644,4341720282
2,9000000,4412545672,190351433,4602897105
2,9000000,4102306132,190179231,4292485363
2,9000000,4431497505,190231179,4621728684
2,9000000,4208781638,190412516,4399194154
2,9000000,4410811160,190321984,4601133144
2,9000000,4194976107,190488780,4385464887
2,9000000,3691679571,190304186,3881983757
2,9000000,4378045711,190455504,4568501215
2,9000000,4426779044,190425224,4617204268
2,9000000,4692453736,190262837,4882716573
2,9000000,4293500763,190381948,4483882711
2,9000000,4332932302,190402238,4523334540
2,9000000,4267541442,190293616,4457835058
2,9000000,4256173243,190263673,4446436916
2,9000000,4287611188,190374742,4477985930
2,9000000,4429800879,190215798,4620016677
2,9000000,4292027035,190366059,4482393094
2,9000000,4400624229,190220615,4590844844
2,9000000,4413772830,190303050,4604075880
2,9000000,4296710976,190856724,4487567700
2,9000000,4405481696,190252563,4595734259
2,9000000,4392797618,191279097,4584076715
2,9000000,4402839581,190246508,4593086089
2,9000000,4398633879,190228735,4588862614
2,9000000,4412611315,190213935,4602825250
2,9000000,3696939171,190197703,3887136874
2,9000000,3680269785,190199548,3870469333
2,9000000,3684795749,190277364,3875073113
2,9000000,3674743050,190106718,3864849768
2,9000000,3732633948,190399006,3923032954
2,9000000,3733203221,190660334,3923863555
2,9000000,3722611819,190249763,3912861582
2,9000000,4266133073,190819243,4456952316
2,9000000,4408402570,190834091,4599236661
2,9000000,4266824300,190276278,4457100578
2,9000000,4393456573,191042877,4584499450
2,9000000,4295218606,190325386,4485543992
2,9000000,4411864204,190287246,4602151450
2,9000000,4414882464,190343860,4605226324
2,9000000,4314534108,190269304,4504803412
2,9000000,4261651400,190922762,4452574162
2,9000000,4411237084,190221982,4601459066
2,9000000,4214758720,190299131,4405057851
2,9000000,4282316625,190207784,4472524409
2,9000000,4403569499,190219151,4593788650
2,9000000,4282730929,190338357,4473069286
2,9000000,4402884822,190350352,4593235174
2,9000000,4240047702,190230054,4430277756
2,9000000,4257711720,190219177,4447930897
2,9000000,4274687350,190928135,4465615485
2,9000000,4235217806,190619712,4425837518
2,9000000,4283497580,191305116,4474802696
2,9000000,4414588725,190277069,4604865794
2,9000000,4269565663,190282197,4459847860
2,9000000,4111164098,190193546,4301357644
2,9000000,4291863080,190803987,4482667067
2,9000000,4150286431,190402961,4340689392
2,9000000,4255753237,190202930,4445956167
2,9000000,4401574569,190430415,4592004984
2,9000000,4406077068,190117097,4596194165
2,9000000,4279184064,190122704,4469306768
2,9000000,4411932749,190239723,4602172472
2,9000000,4336435435,190265416,4526700851
2,9000000,4279368335,190207589,4469575924
2,9000000,4413970626,190393156,4604363782
2,9000000,4276548312,190240954,4466789266
2,9000000,4424781641,190420547,4615202188
2,9000000,4403576408,190482051,4594058459
2,9000000,4418918683,190261330,4609180013
2,9000000,4271347845,190368402,4461716247
2,9000000,4411878460,190819736,4602698196
2,9000000,4401074671,190330498,4591405169
2,9000000,4382427196,190337920,4572765116
2,9000000,4104968522,190234299,4295202821
2,9000000,4316879957,190499738,4507379695
2,9000000,4094178108,190578995,4284757103
2,9000000,4272657316,190575272,4463232588
2,9000000,4393329412,190529733,4583859145
2,9000000,4241226029,191199962,4432425991
2,9000000,4308268584,190211061,4498479645
2,9000000,4281659930,190173672,4471833602
2,9000000,3694578373,190384371,3884962744
2,9000000,4228726325,190368158,4419094483
2,9000000,4419827936,190331461,4610159397
2,9000000,3741800253,191127362,3932927615
2,9000000,3702956960,190211385,3893168345
2,9000000,3708877810,190262456,3899140266
2,9000000,3656316062,190342583,3846658645
2,9000000,4404661085,190362469,4595023554
2,9000000,4239600203,190276015,4429876218
2,9000000,4422939077,190300040,4613239117
2,9000000,4426966755,190365327,4617332082
2,9000000,4392974568,190935882,4583910450
2,9000000,4336657786,190217940,4526875726
2,9000000,4267885835,190346319,4458232154
2,9000000,4417860748,190440890,4608301638
2,9000000,4359591027,190373112,4549964139
2,9000000,4377473530,193714813,4571188343
2,9000000,4406541720,190250883,4596792603
2,9000000,4310845989,190207983,4501053972
2,9000000,4253597917,190325403,4443923320
2,9000000,4225114684,190290306,4415404990
2,9000000,4402568764,190830891,4593399655
2,9000000,4420320940,190416554,4610737494
2,9000000,4422218704,190266141,4612484845
2,9000000,4413397215,190291281,4603688496
2,9000000,4406539821,190326156,4596865977
2,9000000,3744872509,191003200,3935875709
2,9000000,3639804984,190244323,3830049307
2,10000000,4765068490,212544765,4977613255
2,10000000,4157431563,212361962,4369793525
2,10000000,4563270096,213118944,4776389040
2,10000000,4697527024,212496124,4910023148
2,10000000,4648768371,212807787,4861576158
2,10000000,4748605057,212424642,4961029699
2,10000000,4660416084,212629851,4873045935
2,10000000,4739483864,212564376,4952048240
2,10000000,4895434660,213128755,5108563415
2,10000000,4504018393,212744749,4716763142
2,10000000,4889176308,213377119,5102553427
2,10000000,5163160235,212707341,5375867576
2,10000000,4132539725,212490588,4345030313
2,10000000,4852211323,212489703,5064701026
2,10000000,4884853091,212468587,5097321678
2,10000000,4566272374,213598983,4779871357
2,10000000,4733275445,213355833,4946631278
2,10000000,5176737039,212938155,5389675194
2,10000000,4754107612,212920462,4967028074
2,10000000,4836379128,212724309,5049103437
2,10000000,4907364334,212645413,5120009747
2,10000000,4575791401,212301129,4788092530
2,10000000,4887009747,212988097,5099997844
2,10000000,4907993906,212548887,5120542793
2,10000000,4849863747,212465609,5062329356
2,10000000,4649284340,212756171,4862040511
2,10000000,4900817960,213260366,5114078326
2,10000000,4492924467,211962238,4704886705
2,10000000,4778093834,212507779,4990601613
2,10000000,4603519858,212456172,4815976030
2,10000000,4849072716,212323700,5061396416
2,10000000,4512556684,212258088,4724814772
2,10000000,4752164213,211617455,4963781668
2,10000000,4614994142,213838390,4828832532
2,10000000,4730886869,212409241,4943296110
2,10000000,4517788220,211825010,4729613230
2,10000000,4912103975,212496207,5124600182
2,10000000,4521981310,212170800,4734152110
2,10000000,4903785114,212529423,5116314537
2,10000000,4615142674,212415408,4827558082
2,10000000,4784177163,212452893,4996630056
2,10000000,4618889894,212405317,4831295211
2,10000000,4911885079,212555436,5124440515
2,10000000,4623695244,212531641,4836226885
2,10000000,4900547883,212303743,5112851626
2,10000000,4594686212,212207030,4806893242
2,10000000,4905788451,212460863,5118249314
2,10000000,4558436147,212992436,4771428583
2,10000000,4771656742,212485136,4984141878
2,10000000,4745606867,213496622,4959103489
2,10000000,4890953543,212355760,5103309303
2,10000000,4585348230,212486080,4797834310
2,10000000,4892802605,213063629,5105866234
2,10000000,4679289528,212453180,4891742708
2,10000000,4926827407,212326002,5139153409
2,10000000,4845427127,212429771,5057856898
2,10000000,4171391756,212429519,4383821275
2,10000000,4831587037,212584446,5044171483
2,10000000,4048451549,212394962,4260846511
2,10000000,4776435727,213024136,4989459863
2,10000000,4164755549,212631827,4377387376
2,10000000,4725038243,212605243,4937643486
2,10000000,4121884193,212478625,4334362818
2,10000000,4845216404,213536140,5058752544
2,10000000,4026628414,212343536,4238971950
2,10000000,4769169972,212460342,4981630314
2,10000000,4768144194,212429715,4980573909
2,10000000,4593245855,212414577,4805660432
2,10000000,4757654910,212585055,4970239965
2,10000000,4669587832,213121772,4882709604
2,10000000,4719246123,212365527,4931611650
2,10000000,4617311993,212686135,4829998128
2,10000000,4896193462,212280771,5108474233
2,10000000,4646739759,212936210,4859675969
2,10000000,4789729251,212653347,5002382598
2,10000000,4595449839,212333457,4807783296
2,10000000,4906132530,212242245,5118374775
2,10000000,4578176499,212618881,4790795380
2,10000000,4886106129,212516510,5098622639
2,10000000,4514265168,212956471,4727221639
2,10000000,4914299596,212893158,5127192754
2,10000000,4605096298,212430407,4817526705
2,10000000,4897670459,212586753,5110257212
2,10000000,4566458168,213234408,4779692576
2,10000000,4715345870,212395396,4927741266
2,10000000,4627833913,212193488,4840027401
2,10000000,4899147024,213812732,5112959756
2,10000000,4680140549,212916174,4893056723
2,10000000,4162811544,212340038,4375151582
2,10000000,4729266805,212615625,4941882430
2,10000000,4162963419,212519623,4375483042
2,10000000,4858555386,212805668,5071361054
2,10000000,4743076837,212421101,4955497938
2,10000000,4599759254,212484949,4812244203
2,10000000,4753492056,213509353,4967001409
2,10000000,4597211034,211856494,4809067528
2,10000000,4721510665,212382380,4933893045
2,10000000,4755291117,212753019,4968044136
2,10000000,4917968417,212671173,5130639590
2,10000000,4834259123,213714808,5047973931
2,10000000,4113509125,212575831,4326084956
2,10000000,4688454417,212682218,4901136635
2,10000000,4857168835,213469872,5070638707
2,10000000,4815383774,213434534,5028818308
2,10000000,4803098562,212297290,5015395852
2,10000000,4702326146,212532042,4914858188
2,10000000,4900632780,212319858,5112952638
2,10000000,4880302154,212484058,5092786212
2,10000000,4601352713,212551259,4813903972
2,10000000,4874726758,212937433,5087664191
2,10000000,4585103377,213134919,4798238296
2,10000000,4703064335,212396451,4915460786
2,10000000,4657403334,212959185,4870362519
2,10000000,4884475074,213610595,5098085669
2,10000000,4531310012,212463233,4743773245
2,10000000,4784931513,212509803,4997441316
2,10000000,4592804270,213683445,4806487715
2,10000000,4880453222,212550889,5093004111
2,10000000,5181566722,212940916,5394507638
2,10000000,4909436385,212398747,5121835132
2,10000000,4895339624,212426975,5107766599
2,10000000,4735310419,212873042,4948183461
2,10000000,4770117919,212435446,4982553365
2,10000000,4910205458,212314159,5122519617
2,10000000,4897573948,215516744,5113090692
2,10000000,4897333073,212009878,5109342951
2,10000000,5136374369,213019588,5349393957
2,10000000,4854514638,211849287,5066363925
2,10000000,4578691255,212448081,4791139336
2,10000000,4791462245,212257937,5003720182
2,10000000,4676972651,212488025,4889460676
2,10000000,4764225494,213097475,4977322969
2,10000000,4567174800,212672360,4779847160
2,10000000,4600471962,213045540,4813517502
2,10000000,4761752715,213400790,4975153505
2,10000000,4603174177,212495425,4815669602
2,10000000,4898450595,212416814,5110867409
2,10000000,4728622760,212488302,4941111062
2,10000000,4756177014,212010205,4968187219
2,10000000,4602527860,212344606,4814872466
2,10000000,4906292759,212349427,5118642186
2,10000000,4611355056,212501029,4823856085
2,10000000,4896497177,212472964,5108970141
2,10000000,4629553965,212071454,4841625419
2,10000000,4889932868,211703561,5101636429
2,10000000,4571016425,212458433,4783474858
2,10000000,4880880831,212510696,5093391527
2,10000000,4638533855,212350150,4850884005
2,10000000,4896908667,212471071,5109379738
2,10000000,4576381599,212969827,4789351426
2,10000000,4777101307,212407386,4989508693
2,10000000,4507166795,212606202,4719772997
2,10000000,4725735232,213539154,4939274386
2,10000000,4521127433,212361582,4733489015
2,10000000,4900785085,212430033,5113215118
2,10000000,4592092038,212920952,4805012990
2,10000000,4887814791,212928144,5100742935
2,10000000,4678715901,212460947,4891176848
2,10000000,4712087953,212560509,4924648462
2,10000000,4687515831,212861630,4900377461
2,10000000,4746990077,212398692,4959388769
2,10000000,4584359544,213063299,4797422843
2,10000000,4754757476,213489959,4968247435
2,10000000,4636082724,212896680,4848979404
2,10000000,4905569381,212605006,5118174387
2,10000000,4897560510,212434840,5109995350
2,10000000,4868727738,212165893,5080893631
2,10000000,4886168722,212839910,5099008632
2,10000000,4793205645,212970412,5006176057
2,10000000,4883000822,212485809,5095486631
2,10000000,4904866978,212455930,5117322908
2,10000000,4890952590,212474744,5103427334
2,10000000,4901597985,212683471,5114281456
2,10000000,4761215770,212420633,4973636403
2,10000000,4905071685,212525820,5117597505
2,10000000,4906838138,212594113,5119432251
2,10000000,4891931303,212466830,5104398133
2,10000000,4761053829,212841641,4973895470
2,10000000,4909213387,212332688,5121546075
2,10000000,4710864489,211884706,4922749195
2,10000000,4822616000,212533756,5035149756
2,10000000,4802319728,212330550,5014650278
2,10000000,4763231491,212581254,4975812745
2,10000000,4890447405,212641025,5103088430
2,10000000,4883541815,212623166,5096164981
2,10000000,4904403177,213120743,5117523920
2,10000000,4894157284,212670131,5106827415
2,10000000,4889624275,212384950,5102009225
2,10000000,4920894446,212449859,5133344305
2,10000000,4896004499,215838794,5111843293
2,10000000,4900475674,212753440,5113229114
2,10000000,4895076710,213100265,5108176975
2,10000000,4726359982,213381210,4939741192
2,10000000,4697220652,212367966,4909588618
2,10000000,4903689935,212598040,5116287975
2,10000000,4128963253,212481649,4341444902
2,10000000,4843767832,212807906,5056575738
2,10000000,4887867725,212818770,5100686495
2,10000000,4916926685,212529400,5129456085
2,10000000,4874433044,212436974,5086870018
2,10000000,4852210681,214515474,5066726155
2,10000000,4799478606,212449279,5011927885
2,10000000,4902781349,211918658,5114700007
2,10000000,4758617600,212502185,4971119785
2,10000000,4889883995,212448542,5102332537
2,10000000,4896256942,212347258,5108604200
2,10000000,4889052512,212219234,5101271746
2,10000000,4777384292,212250624,4989634916
2,10000000,4775752982,211477210,4987230192
2,10000000,4898594112,212495078,5111089190
2,10000000,4737971674,212369393,4950341067
2,10000000,4879415351,212442725,5091858076
2,10000000,4899897943,211993686,5111891629
2,10000000,4882930519,212568981,5095499500
2,10000000,4897897481,212375329,5110272810
2,10000000,4761214122,212395250,4973609372
2,10000000,4723860611,212601005,4936461616
2,10000000,4906332181,212992582,5119324763
2,10000000,4725588903,212435804,4938024707
2,10000000,4894654264,212647483,5107301747
2,10000000,4897594840,213202487,5110797327
2,10000000,4893740446,212059054,5105799500
2,10000000,4915678258,212374417,5128052675
2,10000000,4893221465,212460380,5105681845
2,10000000,4879122419,212652349,5091774768
2,10000000,4745771396,212474463,4958245859
2,10000000,4759289895,212108149,4971398044
2,10000000,4592365543,213156548,4805522091
2,10000000,4778522494,212466744,4990989238
2,10000000,4899463374,212515782,5111979156
2,20000000,9794233910,423184555,10217418465
2,20000000,9223624270,423164582,9646788852
2,20000000,9557438539,423607228,9981045767
2,20000000,9358240881,423156742,9781397623
2,20000000,9538262821,423382589,9961645410
2,20000000,9379995485,423628561,9803624046
2,20000000,9476740260,423476574,9900216834
2,20000000,9324984859,421900879,9746885738
2,20000000,9562324420,423092388,9985416808
2,20000000,9303303801,422601898,9725905699
2,20000000,9825250922,424262823,10249513745
2,20000000,9516694645,423276949,9939971594
2,20000000,9625491673,423159192,10048650865
2,20000000,10457873931,423597673,10881471604
2,20000000,9830601519,421844238,10252445757
2,20000000,9784612524,423184199,10207796723
2,20000000,9312608392,423187798,9735796190
2,20000000,9567351988,423236027,9990588015
2,20000000,9599333926,422978725,10022312651
2,20000000,9841946556,423284205,10265230761
2,20000000,9399940522,423237800,9823178322
2,20000000,9802084976,423051763,10225136739
2,20000000,9274558445,423619931,9698178376
2,20000000,9703948651,423003784,10126952435
2,20000000,9570269371,423981545,9994250916
2,20000000,9536342406,424244820,9960587226
2,20000000,9454390830,429753912,9884144742
2,20000000,9290815135,424418697,9715233832
2,20000000,8459394335,422983008,8882377343
2,20000000,9689002127,423677108,10112679235
2,20000000,8300743730,423185830,8723929560
2,20000000,9271071513,423432647,9694504160
2,20000000,8470235581,424228099,8894463680
2,20000000,9272447440,422149674,9694597114
2,20000000,9500760137,423076711,9923836848
2,20000000,9207374663,423011679,9630386342
2,20000000,9545864096,423326774,9969190870
2,20000000,9268194125,423041823,9691235948
2,20000000,9811578072,422519177,10234097249
2,20000000,9159966104,423394011,9583360115
2,20000000,9548311752,423553848,9971865600
2,20000000,9414801265,423108903,9837910168
2,20000000,8322860234,424926908,8747787142
2,20000000,9716027167,423559306,10139586473
2,20000000,8505632480,424233663,8929866143
2,20000000,9257069093,423209818,9680278911
2,20000000,8190581055,423127880,8613708935
2,20000000,9259313211,423475814,9682789025
2,20000000,8480292174,423111667,8903403841
2,20000000,9293437691,423034494,9716472185
2,20000000,8566534936,423286107,8989821043
2,20000000,9786741390,423735539,10210476929
2,20000000,8146488504,422132542,8568621046
2,20000000,9712103314,424446635,10136549949
2,20000000,8315245494,422436244,8737681738
2,20000000,9449219183,423216631,9872435814
2,20000000,8474610766,423115183,8897725949
2,20000000,9339819618,423247513,9763067131
2,20000000,9659764237,423889255,10083653492
2,20000000,9669682089,423473877,10093155966
2,20000000,9335315514,423125288,9758440802
2,20000000,9827639952,423831974,10251471926
2,20000000,10303095227,423076340,10726171567
2,20000000,9806764827,423713508,10230478335
2,20000000,9151268701,422737000,9574005701
2,20000000,9836141713,423568037,10259709750
2,20000000,9717498332,423543700,10141042032
2,20000000,9475025897,423534310,9898560207
2,20000000,9420680416,421972688,9842653104
2,20000000,9411744151,423650021,9835394172
2,20000000,9501956559,422828457,9924785016
2,20000000,10470795670,422905357,10893701027
2,20000000,9437435002,425536359,9862971361
2,20000000,9648132721,422926818,10071059539
2,20000000,9294736683,423409337,9718146020
2,20000000,9479890678,423552300,9903442978
2,20000000,9517248303,423351513,9940599816
2,20000000,9843153579,423314519,10266468098
2,20000000,9205179525,423210316,9628389841
2,20000000,9820211700,423370759,10243582459
2,20000000,9736701254,423036102,10159737356
2,20000000,9324983554,423445541,9748429095
2,20000000,9516097713,423209630,9939307343
2,20000000,9473797543,424149018,9897946561
2,20000000,9713313338,423222748,10136536086
2,20000000,9341793301,422943747,9764737048
2,20000000,8439048336,421900847,8860949183
2,20000000,9775541548,423917524,10199459072
2,20000000,9829813382,423432689,10253246071
2,20000000,9625650476,423445060,10049095536
2,20000000,9444467549,422996873,9867464422
2,20000000,9723194188,423196777,10146390965
2,20000000,9796990115,423131420,10220121535
2,20000000,9785656961,423341944,10208998905
2,20000000,9514932024,423234817,9938166841
2,20000000,9329642016,423191339,9752833355
2,20000000,8358630914,423419273,8782050187
2,20000000,9143103537,422837329,9565940866
2,20000000,8239943385,423277773,8663221158
2,20000000,9417298015,423925739,9841223754
2,20000000,9418154519,426860126,9845014645
2,20000000,8268791338,423716564,8692507902
2,20000000,9215231903,422765271,9637997174
2,20000000,8312410638,423246150,8735656788
2,20000000,9725591966,424721433,10150313399
2,20000000,9784939771,423158633,10208098404
2,20000000,9741432395,423005601,10164437996
2,20000000,9790042450,423501953,10213544403
2,20000000,9443559355,423400206,9866959561
2,20000000,9452474187,422870211,9875344398
2,20000000,9755804318,423421668,10179225986
2,20000000,9809088848,423082998,10232171846
2,20000000,9597881870,424032623,10021914493
2,20000000,9512816962,422989894,9935806856
2,20000000,9712067982,423227103,10135295085
2,30000000,14046451220,633565768,14680016988
2,30000000,14021213933,633554742,14654768675
2,30000000,14047262093,633427124,14680689217
2,30000000,14610111079,636647315,15246758394
2,30000000,14060594479,633170621,14693765100
2,30000000,14015826006,633844189,14649670195
2,30000000,12230284692,633893119,12864177811
2,30000000,12298136994,633919654,12932056648
2,30000000,12397693726,633814995,13031508721
2,30000000,14650996083,633645520,15284641603
2,30000000,14012180166,634157232,14646337398
2,30000000,14631276902,633642691,15264919593
2,30000000,14623076537,633739138,15256815675
2,30000000,14034787582,633495088,14668282670
2,30000000,14056271879,633725381,14689997260
2,30000000,14021368527,636336889,14657705416
2,30000000,14655761612,633754651,15289516263
2,30000000,14591482034,633896938,15225378972
2,30000000,14670538369,632944853,15303483222
2,30000000,14593907741,633581379,15227489120
2,30000000,14642372024,633581694,15275953718
2,30000000,14638425155,633760599,15272185754
2,30000000,14028289070,634544343,14662833413
2,30000000,14654764055,634174693,15288938748
2,30000000,14085840039,633780427,14719620466
2,30000000,14049379927,634226720,14683606647
2,30000000,14593004576,633322586,15226327162
2,30000000,12351683603,634588959,12986272562
2,30000000,14775335839,633556953,15408892792
2,30000000,12414595505,634852770,13049448275
2,30000000,12198258118,634492577,12832750695
2,30000000,12214246842,635077543,12849324385
2,30000000,12416637428,633609532,13050246960
2,30000000,12410558783,633814121,13044372904
2,30000000,12418387585,634310875,13052698460
2,30000000,12402165730,634435859,13036601589
2,30000000,12212760859,634025237,12846786096
2,30000000,12438539493,633849240,13072388733
2,30000000,12388928542,634531367,13023459909
2,30000000,12419716720,633764165,13053480885
2,30000000,12412718083,633831405,13046549488
2,30000000,12378704530,633778612,13012483142
2,30000000,12402395983,634065085,13036461068
2,30000000,12205261938,633747842,12839009780
2,30000000,12429118735,633829182,13062947917
2,30000000,12218547995,633975151,12852523146
2,30000000,14200657671,634239307,14834896978
2,30000000,14668435814,633946274,15302382088
2,30000000,12231811718,633580470,12865392188
2,30000000,12223190513,634144746,12857335259
2,30000000,12228262308,634253325,12862515633
2,30000000,12208340587,634263195,12842603782
2,30000000,12218738706,634135083,12852873789
2,30000000,12427181742,633914507,13061096249
2,30000000,12372570978,633861334,13006432312
2,30000000,14032960615,634074660,14667035275
2,30000000,12418362854,633731701,13052094555
2,30000000,14052656158,633263512,14685919670
2,30000000,12335914422,633850154,12969764576
2,30000000,12236125092,633944703,12870069795
2,30000000,12346126892,633728827,12979855719
2,30000000,12390940492,633918791,13024859283
2,30000000,12368749950,632997213,13001747163
2,30000000,12366775303,633614129,13000389432
2,30000000,12199351692,633918959,12833270651
2,30000000,12211680473,633616761,12845297234
2,30000000,14627264749,633466586,15260731335
2,30000000,12257557187,634093572,12891650759
2,30000000,12395857444,633789336,13029646780
2,30000000,12368239080,633622477,13001861557
2,30000000,14026124247,633272546,14659396793
2,30000000,12205649445,634316194,12839965639
2,30000000,12409471381,633663090,13043134471
2,30000000,12374732570,633804728,13008537298
2,30000000,12183140067,633878203,12817018270
2,30000000,12386240072,634005289,13020245361
2,30000000,14239291148,634272759,14873563907
2,30000000,12254579941,634179876,12888759817
2,30000000,12247141227,633792099,12880933326
2,30000000,14619642886,635974958,15255617844
2,30000000,12205764105,634394616,12840158721
2,30000000,14087546580,633767616,14721314196
2,30000000,12257163858,633831922,12890995780
2,30000000,12385959582,634211901,13020171483
2,30000000,12366764213,634531908,13001296121
2,30000000,12451628655,633531533,13085160188
2,30000000,12359844481,633600982,12993445463
2,30000000,12249290969,634572466,12883863435
2,30000000,12197926697,634264254,12832190951
2,30000000,12232861502,633749133,12866610635
2,30000000,12398227951,634273465,13032501416
2,30000000,12410584346,633504391,13044088737
2,30000000,14013768147,633420464,14647188611
2,30000000,12360932706,633675287,12994607993
2,30000000,14187342343,635260136,14822602479
2,30000000,12367031498,635104886,13002136384
2,30000000,12246255085,633967992,12880223077
2,30000000,14163834192,634294629,14798128821
2,30000000,12378397677,633765137,13012162814
2,30000000,12380111666,633844322,13013955988
2,30000000,14045971918,633575425,14679547343
2,30000000,12280753555,634129247,12914882802
2,30000000,12397458207,634042870,13031501077
2,30000000,12400524409,633634575,13034158984
2,30000000,12192626504,634340038,12826966542
2,30000000,12402610367,635703141,13038313508
2,30000000,12175617558,633900779,12809518337
2,30000000,12263623530,633711149,12897334679
2,30000000,12401917235,634112739,13036029974
2,30000000,14216274502,633443239,14849717741
2,30000000,12384167301,634231848,13018399149
2,30000000,12456799261,633669008,13090468269
2,30000000,12268423522,633830304,12902253826
2,30000000,12371203745,633343950,13004547695
2,30000000,14634074580,634612049,15268686629
2,40000000,17148373392,844769085,17993142477
2,40000000,17067124462,845251339,17912375801
2,40000000,19366682356,845868885,20212551241
2,40000000,19448603515,844416167,20293019682
2,40000000,19727369311,844950154,20572319465
2,40000000,19198768597,844277148,20043045745
2,40000000,19566081550,844946216,20411027766
2,40000000,19630688086,844455250,20475143336
2,40000000,19300961794,845011719,20145973513
2,40000000,18760621659,843259731,19603881390
2,40000000,19774774172,843918237,20618692409
2,40000000,19555331686,843475583,20398807269
2,40000000,19750901079,845022497,20595923576
2,40000000,19799258673,844034741,20643293414
2,40000000,19689001419,844428393,20533429812
2,40000000,19312519546,844132611,20156652157
2,40000000,19685544244,844293407,20529837651
2,40000000,19496078555,845767076,20341845631
2,40000000,19758369596,844567595,20602937191
2,40000000,19017069882,845055188,19862125070
2,40000000,19706478473,844394915,20550873388
2,40000000,19789755232,844604914,20634360146
2,40000000,19301289302,844614183,20145903485
2,40000000,19378817274,844400894,20223218168
2,40000000,19478454369,846926801,20325381170
2,40000000,19751645138,844932172,20596577310
2,40000000,19444456957,844248184,20288705141
2,40000000,19560804676,844488634,20405293310
2,40000000,19752279842,844494818,20596774660
2,40000000,19643194487,844561166,20487755653
2,40000000,19722300712,843521222,20565821934
2,40000000,19688831207,843355753,20532186960
2,40000000,16637806346,843501434,17481307780
2,40000000,16655388026,844917104,17500305130
2,40000000,19480823549,844159128,20324982677
2,40000000,16878443455,844575996,17723019451
2,40000000,17108143326,844304904,17952448230
2,40000000,16848879451,844310558,17693190009
2,40000000,19692589361,844118674,20536708035
2,40000000,16805857363,844480228,17650337591
2,40000000,19714346145,844355363,20558701508
2,40000000,19548181204,844363923,20392545127
2,40000000,19181932641,843863260,20025795901
2,40000000,16877458807,844546403,17722005210
2,40000000,19446017539,844346019,20290363558
2,40000000,16961927525,844356172,17806283697
2,40000000,19347991654,844514681,20192506335
2,40000000,16718453791,845116496,17563570287
2,40000000,19459529443,845089085,20304618528
2,40000000,16880118643,843209045,17723327688
2,40000000,19740163188,844734353,20584897541
2,40000000,16749051840,844340090,17593391930
2,40000000,19490634402,845159584,20335793986
2,40000000,16910325544,843201982,17753527526
2,40000000,19764380431,844258397,20608638828
2,40000000,16772757575,844884408,17617641983
2,40000000,19731537590,845556029,20577093619
2,40000000,19572417926,844789352,20417207278
2,40000000,16911932322,843779722,17755712044
2,40000000,19311861246,844290333,20156151579
2,40000000,16957331295,845113904,17802445199
2,40000000,19704433103,843799248,20548232351
2,40000000,16857444105,843151635,17700595740
2,40000000,19749497432,844730476,20594227908
2,40000000,16991237251,845256874,17836494125
2,40000000,19695995540,844904540,20540900080
2,40000000,16858982264,845192348,17704174612
2,40000000,19716702677,844913742,20561616419
2,40000000,19149892219,844744960,19994637179
2,40000000,19752165684,843563521,20595729205
2,40000000,17213845196,843582970,18057428166
2,40000000,19682879776,844748453,20527628229
2,40000000,19532592501,845334786,20377927287
2,40000000,17210027685,844681484,18054709169
2,40000000,17010988068,844719426,17855707494
2,40000000,19720633086,843320820,20563953906
2,40000000,16711739542,843192010,17554931552
2,40000000,19540123860,843833196,20383957056
2,40000000,16821064832,844263429,17665328261
2,40000000,19633102432,845106125,20478208557
2,40000000,16827234175,845115079,17672349254
2,40000000,19730371063,844300610,20574671673
2,40000000,17219103937,843749318,18062853255
2,40000000,19690567919,844767626,20535335545
2,40000000,16634744836,845003696,17479748532
2,40000000,18885810486,845064198,19730874684
2,40000000,16838296175,844507173,17682803348
2,40000000,19700381108,844152184,20544533292
2,40000000,17207318538,844541894,18051860432
2,40000000,19662618774,843942023,20506560797
2,40000000,16832269929,844656047,17676925976
2,40000000,19420441908,843577307,20264019215
2,40000000,16815137776,845299617,17660437393
2,40000000,16935038103,844568474,17779606577
2,40000000,17018828526,843523984,17862352510
2,40000000,17162978387,845237688,18008216075
2,40000000,16837676470,845489569,17683166039
2,40000000,19717389009,844855275,20562244284
2,40000000,16835281194,844083997,17679365191
2,40000000,17031800269,844490336,17876290605
2,40000000,19512076103,845074024,20357150127
2,40000000,16724377415,843999351,17568376766
2,40000000,19723056926,843465449,20566522375
2,40000000,16826730148,843238689,17669968837
2,40000000,19649042600,844095014,20493137614
2,40000000,16957329559,844766232,17802095791
2,40000000,19440360267,844778381,20285138648
2,40000000,16718180511,844071230,17562251741
2,40000000,19439502992,844181095,20283684087
2,40000000,16913408301,844563347,17757971648
2,40000000,19552782066,844905545,20397687611
2,40000000,19116867554,844374677,19961242231
2,40000000,19676070301,844026924,20520097225
2,40000000,16674469979,843774877,17518244856
2,40000000,19739363101,843903559,20583266660
2,50000000,21048687373,1054602909,22103290282
2,50000000,21102026796,1055172957,22157199753
2,50000000,21273215717,1055013140,22328228857
2,50000000,23848631281,1055637006,24904268287
2,50000000,21112366365,1056009308,22168375673
2,50000000,21278856688,1054797938,22333654626
2,50000000,21052431043,1055788188,22108219231
2,50000000,21239361817,1055716572,22295078389
2,50000000,21383593040,1054745886,22438338926
2,50000000,21314762271,1054288863,22369051134
2,50000000,21437607103,1641064451,23078671554
2,50000000,20939027019,1054221042,21993248061
2,50000000,21155729788,1054754575,22210484363
2,50000000,21159101696,1054819622,22213921318
2,50000000,20839614779,1054451503,21894066282
2,50000000,21099172148,1054772659,22153944807
2,50000000,20740325797,1054596499,21794922296
2,50000000,20903721649,1055265814,21958987463
2,50000000,21073363929,1055221660,22128585589
2,50000000,20843547828,1055020233,21898568061
2,50000000,21181737329,1054524638,22236261967
2,50000000,23994722927,1054528319,25049251246
2,50000000,21421386617,1055176772,22476563389
2,50000000,21004484980,1055059175,22059544155
2,50000000,20837055010,1054499128,21891554138
2,50000000,21113802986,1056468913,22170271899
2,50000000,21014105581,1054759912,22068865493
2,50000000,20807619450,1055193763,21862813213
2,50000000,21202091740,1054666544,22256758284
2,50000000,20951292128,1058030361,22009322489
2,50000000,21146672063,1058866332,22205538395
2,50000000,21242677817,1054586201,22297264018
2,50000000,21103256314,1054591061,22157847375
2,50000000,21028640380,1054882429,22083522809
2,50000000,20955597916,1054521985,22010119901
2,50000000,21229833815,1054741180,22284574995
2,50000000,21196211460,1055184335,22251395795
2,50000000,21146885334,1055512576,22202397910
2,50000000,21292981903,1055012366,22347994269
2,50000000,21040968876,1055065399,22096034275
2,50000000,20798125554,1055163675,21853289229
2,50000000,21250276720,1054921342,22305198062
2,50000000,20839916090,1054959899,21894875989
2,50000000,20875109364,1056277481,21931386845
2,50000000,20859046456,1054470249,21913516705
2,50000000,21009851161,1054989632,22064840793
2,50000000,20748797079,1054461587,21803258666
2,50000000,20999217276,1055305735,22054523011
2,50000000,21211186860,1054831960,22266018820
2,50000000,21213232865,1054509110,22267741975
2,50000000,21079146511,1055014915,22134161426
2,50000000,20868108196,1057836716,21925944912
2,50000000,21292920579,1054823645,22347744224
2,50000000,21197649715,1055112678,22252762393
2,50000000,21092640599,1054924507,22147565106
2,50000000,21241232113,1054735540,22295967653
2,50000000,21252972321,1054319527,22307291848
2,50000000,21001120948,1054873486,22055994434
2,50000000,21172561989,1054338453,22226900442
2,50000000,20912304827,1054378946,21966683773
2,50000000,21016881275,1055720478,22072601753
2,50000000,21180783671,1055770159,22236553830
2,50000000,21459998983,1054997664,22514996647
2,50000000,24065438195,1055318468,25120756663
2,50000000,21146971777,1054805215,22201776992
2,50000000,21407819636,1054799643,22462619279
2,50000000,21182193178,1054719896,22236913074
2,50000000,21177498045,1055016171,22232514216
2,50000000,20936329673,1054698709,21991028382
2,50000000,21047837945,1054945711,22102783656
2,50000000,21033517497,1055362526,22088880023
2,50000000,21133738718,1055051560,22188790278
2,50000000,20906672997,1055747812,21962420809
2,50000000,20920472244,1054606187,21975078431
2,50000000,20924573860,1054662353,21979236213
2,50000000,20979993320,1055347931,22035341251
2,50000000,20994786322,1054911459,22049697781
2,50000000,21172847828,1055250879,22228098707
2,50000000,21294583160,1054663089,22349246249
2,50000000,20894579834,1054291439,21948871273
2,50000000,21179291720,1054694876,22233986596
2,50000000,21097634301,1054403732,22152038033
2,50000000,21218410243,1054978233,22273388476
2,50000000,21244165600,1054920394,22299085994
2,50000000,20902794980,1055517756,21958312736
2,50000000,20819778269,1055457583,21875235852
2,50000000,21264982690,1055231461,22320214151
2,50000000,21093052315,1054815572,22147867887
2,50000000,21373661700,1054901048,22428562748
2,50000000,21046359680,1054089983,22100449663
2,50000000,21301567319,1055733606,22357300925
2,50000000,24128704620,1055292301,25183996921
2,50000000,21315043387,1054861856,22369905243
2,50000000,21360074054,1055702032,22415776086
2,50000000,21102341299,1054815263,22157156562
2,50000000,20839212757,1054767364,21893980121
2,50000000,21207781608,1054386750,22262168358
2,50000000,20793382529,1054693560,21848076089
2,50000000,21113626910,1056626803,22170253713
2,50000000,20866294268,1054808010,21921102278
2,50000000,20856736742,1055022318,21911759060
2,50000000,21119349677,1055342400,22174692077
2,50000000,21174269931,1054135168,22228405099
2,50000000,20903888119,1055076518,21958964637
2,50000000,21348079264,1054960545,22403039809
2,50000000,21564917012,1059423912,22624340924
2,50000000,21345860707,1054709003,22400569710
2,50000000,21051451637,1055631650,22107083287
2,50000000,20858983418,1054202000,21913185418
2,50000000,21273066872,1055078076,22328144948
2,50000000,20947263280,1055078055,22002341335
2,50000000,21041922942,1055524858,22097447800
2,50000000,21304983658,1055468387,22360452045
2,50000000,21109070079,1054510931,22163581010
2,50000000,21376447787,1054379491,22430827278
2,60000000,28409514624,1267343885,29676858509
2,60000000,25174471171,1266121517,26440592688
2,60000000,25004499875,1266346720,26270846595
2,60000000,25184851456,1266417018,26451268474
2,60000000,24903183567,1266291032,26169474599
2,60000000,25170019688,1266083912,26436103600
2,60000000,25165527281,1266696908,26432224189
2,60000000,25308271379,1266623849,26574895228
2,60000000,29452023500,1266918755,30718942255
2,60000000,25053491298,1266969879,26320461177
2,60000000,28667043980,1268629733,29935673713
2,60000000,29624774234,1265708696,30890482930
2,60000000,29446154364,1266587067,30712741431
2,60000000,25246899613,1266779893,26513679506
2,60000000,28395425156,1272482658,29667907814
2,60000000,25036399260,1266906798,26303306058
2,60000000,29399051005,1266501968,30665552973
2,60000000,24867670975,1267334826,26135005801
2,60000000,29443104520,1265854633,30708959153
2,60000000,29319835621,1266381413,30586217034
2,60000000,25229106052,1265815821,26494921873
2,60000000,25258173633,1266417100,26524590733
2,60000000,24929259947,1266678604,26195938551
2,60000000,25241037965,1267378655,26508416620
2,60000000,24975274862,1266637490,26241912352
2,60000000,28044855993,1266056281,29310912274
2,60000000,29400498443,1265792313,30666290756
2,60000000,29353403262,1266191237,30619594499
2,60000000,24927965278,1266530310,26194495588
2,60000000,25238797649,1265409020,26504206669
2,60000000,28529253896,1272369261,29801623157
2,60000000,24935022679,1266752518,26201775197
2,60000000,29345408841,1269055918,30614464759
2,60000000,25285098998,1265475692,26550574690
2,60000000,28604950844,1266720032,29871670876
2,60000000,25283809189,1266267161,26550076350
2,60000000,28565791088,1266172691,29831963779
2,60000000,25245199035,1266475124,26511674159
2,60000000,28547056263,1266080524,29813136787
2,60000000,24893996100,1267062136,26161058236
2,60000000,29353221386,1266522877,30619744263
2,60000000,25191162105,1267841737,26459003842
2,60000000,29392697776,1267102876,30659800652
2,60000000,25237128384,1266935787,26504064171
2,60000000,29431681708,1266248521,30697930229
2,60000000,25082818522,1265831491,26348650013
2,60000000,28409703784,1266479184,29676182968
2,60000000,25141143716,1266244451,26407388167
2,60000000,28675132489,1267224583,29942357072
2,60000000,24954295081,1265866985,26220162066
2,60000000,28649467796,1266403590,29915871386
2,60000000,25272387058,1265980075,26538367133
2,60000000,29332301524,1266354417,30598655941
2,60000000,24905884647,1266685583,26172570230
2,60000000,28548542622,1266470157,29815012779
2,60000000,24943350342,1266368510,26209718852
2,60000000,28527871940,1266347813,29794219753
2,60000000,24950953030,1266439850,26217392880
2,60000000,28457472031,1266472886,29723944917
2,60000000,25234673311,1267012132,26501685443
2,60000000,28531603076,1266290067,29797893143
2,60000000,24867975614,1266441462,26134417076
2,60000000,29429101958,1266346860,30695448818
2,60000000,24996606387,1266851912,26263458299
2,60000000,29319774512,1266114655,30585889167
2,60000000,24932033570,1265950419,26197983989
2,60000000,28487473120,1266772502,29754245622
2,60000000,25397825503,1266630811,26664456314
2,60000000,29432796792,1266533655,30699330447
2,60000000,29746109229,1265668371,31011777600
2,60000000,29420533142,1265565935,30686099077
2,60000000,24922812182,1266373274,26189185456
2,60000000,29396072455,1266740421,30662812876
2,60000000,25017434496,1265583043,26283017539
2,60000000,28605060405,1265848590,29870908995
2,60000000,25165068349,1266686368,26431754717
2,60000000,28546175139,1266539925,29812715064
2,60000000,25000699070,1266109729,26266808799
2,60000000,28525120940,1270251772,29795372712
2,60000000,25156038347,1266925097,26422963444
2,60000000,25237417203,1265769463,26503186666
2,60000000,29387989126,1265993697,30653982823
2,60000000,24866308775,1267009785,26133318560
2,60000000,29366403318,1266741426,30633144744
2,60000000,24942603392,1265934142,26208537534
2,60000000,29410903476,1267345195,30678248671
2,60000000,24917120589,1265282745,26182403334
2,60000000,28507520797,1265807619,29773328416
2,60000000,25235147034,1266009812,26501156846
2,60000000,28443266142,1272122848,29715388990
2,60000000,25159068657,1265995270,26425063927
2,60000000,28518120911,1265656655,29783777566
2,60000000,24804978872,1265939117,26070917989
2,60000000,29459089482,1265643272,30724732754
2,60000000,25333389991,1266321374,26599711365
2,60000000,28496681441,1266337712,29763019153
2,60000000,29735163400,1266895300,31002058700
2,60000000,29415183070,1267097739,30682280809
2,60000000,24971037421,1266466111,26237503532
2,60000000,28432053646,1265721293,29697774939
2,60000000,24999127886,1269932285,26269060171
2,60000000,28691609590,1267447234,29959056824
2,60000000,25114280837,1265991417,26380272254
2,60000000,28426670888,1266710131,29693381019
2,60000000,25181480084,1266260090,26447740174
2,60000000,28553444656,1266489244,29819933900
2,60000000,25308948870,1265813680,26574762550
2,60000000,28708803735,1266680773,29975484508
2,60000000,25332296510,1266403679,26598700189
2,60000000,29461254295,1266656855,30727911150
2,60000000,25141568176,1269079216,26410647392
2,60000000,28721428421,1266616325,29988044746
2,60000000,25158940099,1265876908,26424817007
2,60000000,29352529710,1266484002,30619013712
2,60000000,25233429559,1267147504,26500577063
2,70000000,29016761702,1476397317,30493159019
2,70000000,33255034935,1476739678,34731774613
2,70000000,33159518869,1477117227,34636636096
2,70000000,33251271092,1476865274,34728136366
2,70000000,34627101917,1475836672,36102938589
2,70000000,33302399592,1476713448,34779113040
2,70000000,33333120921,1486217531,34819338452
2,70000000,33279664123,1476515354,34756179477
2,70000000,32714042893,1476676839,34190719732
2,70000000,33205942456,1476161745,34682104201
2,70000000,32348304467,1476519873,33824824340
2,70000000,33367790807,1477220711,34845011518
2,70000000,32762010806,1484586133,34246596939
2,70000000,33232677533,1476579748,34709257281
2,70000000,36542088466,1476385423,38018473889
2,70000000,34651281403,1476836238,36128117641
2,70000000,32308447905,1476877904,33785325809
2,70000000,33170784900,1477027824,34647812724
2,70000000,32341073010,1476567380,33817640390
2,70000000,33263686669,1480930876,34744617545
2,70000000,32643382150,1476507736,34119889886
2,70000000,33225536048,1477055336,34702591384
2,70000000,33274013989,1477297841,34751311830
2,70000000,33307412026,1476349097,34783761123
2,70000000,33292781315,1476001100,34768782415
2,70000000,33346828128,1477159567,34823987695
2,70000000,34720904537,1476577179,36197481716
2,70000000,33271575029,1476199486,34747774515
2,70000000,34691767795,1476155978,36167923773
2,70000000,34614527367,1476334178,36090861545
2,70000000,34693239899,1476698380,36169938279
2,70000000,34650736021,1476313089,36127049110
2,70000000,33466784598,1476019579,34942804177
2,70000000,34754650909,1477838994,36232489903
2,70000000,33302998932,1476678697,34779677629
2,70000000,33196097569,1477533269,34673630838
2,70000000,33218596380,1477084817,34695681197
2,70000000,33236602564,1476878909,34713481473
2,70000000,34805630060,1477072140,36282702200
2,70000000,33187343409,1477129500,34664472909
2,70000000,28785497195,1476159625,30261656820
2,70000000,33309424376,1476827599,34786251975
2,70000000,28633779786,1478777441,30112557227
2,70000000,33185215121,1477233625,34662448746
2,70000000,28906525887,1477832638,30384358525
2,70000000,34635142272,1476006329,36111148601
2,70000000,28880042838,1477701422,30357744260
2,70000000,33217012703,1476967976,34693980679
2,70000000,28832597520,1482911405,30315508925
2,70000000,34574181642,1477404655,36051586297
2,70000000,28675751113,1476771398,30152522511
2,70000000,33351007578,1476571589,34827579167
2,70000000,33250321908,1476003092,34726325000
2,70000000,34813620806,1476949970,36290570776
2,70000000,28587366959,1476476463,30063843422
2,70000000,33220926185,1475918795,34696844980
2,70000000,29018486936,1477247772,30495734708
2,70000000,33421694784,1477084357,34898779141
2,70000000,28955851415,1476734616,30432586031
2,70000000,33202533063,1476722513,34679255576
2,70000000,28576857532,1477059829,30053917361
2,70000000,33251584684,1477148874,34728733558
2,70000000,28717442804,1477313292,30194756096
2,70000000,34615357936,1477105685,36092463621
2,70000000,28633238250,1477590555,30110828805
2,70000000,34700313299,1477282326,36177595625
2,70000000,32803468534,1476981100,34280449634
2,70000000,33147968319,1477460358,34625428677
2,70000000,28669707692,1477309188,30147016880
2,70000000,34720283853,1476502035,36196785888
2,70000000,34386796278,1476166677,35862962955
2,70000000,32605756632,1475964971,34081721603
2,70000000,34310863844,1476798594,35787662438
2,70000000,34722032714,1477362395,36199395109
2,70000000,28627959736,1476689875,30104649611
2,70000000,34788539660,1476564976,36265104636
2,70000000,28968338199,1475976179,30444314378
2,70000000,33150363831,1478345219,34628709050
2,70000000,29060700308,1477461485,30538161793
2,70000000,34623416137,1476382500,36099798637
2,70000000,28928135038,1481916645,30410051683
2,70000000,33302349567,1476457003,34778806570
2,70000000,34762949031,1478044077,36240993108
2,70000000,32835132109,1477313988,34312446097
2,70000000,34692058001,1477511914,36169569915
2,70000000,28647497079,1477106417,30124603496
2,70000000,33303410505,1477632523,34781043028
2,70000000,28726752491,1476804463,30203556954
2,70000000,33328841863,1476489876,34805331739
2,70000000,28912696952,1476225628,30388922580
2,70000000,34686720751,1476766780,36163487531
2,70000000,28714487345,1477421407,30191908752
2,70000000,28944572555,1477426683,30421999238
2,70000000,28638276426,1477679503,30115955929
2,70000000,28921197179,1477541818,30398738997
2,70000000,28718551589,1477578322,30196129911
2,70000000,28608529297,1475980500,30084509797
2,70000000,34582572452,1477535378,36060107830
2,70000000,33251632466,1476543796,34728176262
2,70000000,34695196967,1479390836,36174587803
2,70000000,28820386341,1476463633,30296849974
2,70000000,31257282610,1476428206,32733710816
2,70000000,28720385805,1476271456,30196657261
2,70000000,34663309448,1476046287,36139355735
2,70000000,29000155164,1476754715,30476909879
2,70000000,33299803385,1475970330,34775773715
2,70000000,28592260905,1476826454,30069087359
2,70000000,33238073932,1476632858,34714706790
2,70000000,33213214210,1476904466,34690118676
2,70000000,34597137186,1477624413,36074761599
2,70000000,28770669025,1477165011,30247834036
2,70000000,32662245252,1477099579,34139344831
2,70000000,32882633011,1476547142,34359180153
2,70000000,34618688446,1476431790,36095120236
2,70000000,32995986302,1476625483,34472611785
2,80000000,33554844342,1687817832,35242662174
2,80000000,34019302491,1688093635,35707396126
2,80000000,37971133901,1690857160,39661991061
2,80000000,34478829991,1686927025,36165757016
2,80000000,38596533985,1687821850,40284355835
2,80000000,34088456681,1688632153,35777088834
2,80000000,38276779564,1688362917,39965142481
2,80000000,33713652195,1689256062,35402908257
2,80000000,38370124583,1688249717,40058374300
2,80000000,33997882273,1688590928,35686473201
2,80000000,39166084437,1688828701,40854913138
2,80000000,39198997036,1687935400,40886932436
2,80000000,39138163838,1687964486,40826128324
2,80000000,39721481810,1687792890,41409274700
2,80000000,38781714800,1688158786,40469873586
2,80000000,39667612331,1687652186,41355264517
2,80000000,39303172930,1688839498,40992012428
2,80000000,39292948119,1688948098,40981896217
2,80000000,39294251560,1687797006,40982048566
2,80000000,39565278965,1688287479,41253566444
2,80000000,38774403506,1688182274,40462585780
2,80000000,39672872824,1702761099,41375633923
2,80000000,38596815367,1688520232,40285335599
2,80000000,39103165144,1687988478,40791153622
2,80000000,39289026385,1687725821,40976752206
2,80000000,39696715357,1688096897,41384812254
2,80000000,39198451979,1694607173,40893059152
2,80000000,39716813232,1687180444,41403993676
2,80000000,39278370431,1687976003,40966346434
2,80000000,39635066081,1687277997,41322344078
2,80000000,39013238957,1688268412,40701507369
2,80000000,39570563525,1687863067,41258426592
2,80000000,38640133456,1687447992,40327581448
2,80000000,39622818244,1687456271,41310274515
2,80000000,39228927117,1694548398,40923475515
2,80000000,39578618126,1689814620,41268432746
2,80000000,39261698020,1687792745,40949490765
2,80000000,39657062997,1687616119,41344679116
2,80000000,39004017091,1688803715,40692820806
2,80000000,39573411523,1686916712,41260328235
2,80000000,33853220149,1687135985,35540356134
2,80000000,38169805428,1688389925,39858195353
2,80000000,34238392425,1688450049,35926842474
2,80000000,38074677573,1687930303,39762607876
2,80000000,33819744958,1688277590,35508022548
2,80000000,39175555776,1688008542,40863564318
2,80000000,39563240984,1688096868,41251337852
2,80000000,39220192702,1688468422,40908661124
2,80000000,33768980416,1687075992,35456056408
2,80000000,38013592171,1687884175,39701476346
2,80000000,34075670918,1688480479,35764151397
2,80000000,38297887437,1695518384,39993405821
2,80000000,34536152221,1687741894,36223894115
2,80000000,39646519750,1688191283,41334711033
2,80000000,34349242949,1688997132,36038240081
2,80000000,38848030401,1688879130,40536909531
2,80000000,34027428614,1687676165,35715104779
2,80000000,39214307858,1696310128,40910617986
2,80000000,39028144654,1687656866,40715801520
2,80000000,39325928591,1687145633,41013074224
2,80000000,39641817321,1687555317,41329372638
2,80000000,39507226393,1689374907,41196601300
2,80000000,39104229899,1686902750,40791132649
2,80000000,39180181442,1694778564,40874960006
2,80000000,38948479078,1688265880,40636744958
2,80000000,38799231238,1687870184,40487101422
2,80000000,39799568101,1687333429,41486901530
2,80000000,38616821975,1687766997,40304588972
2,80000000,39703613618,1688366794,41391980412
2,80000000,38997002487,1688588847,40685591334
2,80000000,39645355488,1688141191,41333496679
2,80000000,33822082709,1688105421,35510188130
2,80000000,38838633319,1688226467,40526859786
2,80000000,39613220901,1687617906,41300838807
2,80000000,38672859774,1688394462,40361254236
2,80000000,39629947722,1686878285,41316826007
2,80000000,39247966428,1688002357,40935968785
2,80000000,39424322130,1687857195,41112179325
2,80000000,38680781264,1687733072,40368514336
2,80000000,39637805675,1687972146,41325777821
2,80000000,39241622297,1688035615,40929657912
2,80000000,34651296029,1688183216,36339479245
2,80000000,38574877828,1686967055,40261844883
2,80000000,34378271778,1687995722,36066267500
2,80000000,38739723898,1688325726,40428049624
2,80000000,34217126675,1688893718,35906020393
2,80000000,39202136580,1689028677,40891165257
2,80000000,39778980537,1687564677,41466545214
2,80000000,38925665518,1687291610,40612957128
2,80000000,39098378622,1687061105,40785439727
2,80000000,39300080460,1687976790,40988057250
2,80000000,33930517357,1688651543,35619168900
2,80000000,38992387743,1688070663,40680458406
2,80000000,39640818731,1688338692,41329157423
2,80000000,39213612781,1687717419,40901330200
2,80000000,34511970516,1687667785,36199638301
2,80000000,37989654736,1688365086,39678019822
2,80000000,34391504249,1688029558,36079533807
2,80000000,39395369337,1687368653,41082737990
2,80000000,39195533997,1686992403,40882526400
2,80000000,39207082149,1688277051,40895359200
2,80000000,33942140655,1687147995,35629288650
2,80000000,38278657688,1688479711,39967137399
2,80000000,33900673483,1687663153,35588336636
2,80000000,38152360824,1687842558,39840203382
2,80000000,34310268999,1687976842,35998245841
2,80000000,38469411316,1688281954,40157693270
2,80000000,34558653061,1687809861,36246462922
2,80000000,37847504122,1688635134,39536139256
2,80000000,34056003459,1687593770,35743597229
2,80000000,38627057024,1686619611,40313676635
2,80000000,33809952639,1689616343,35499568982
2,80000000,38231712307,1688468621,39920180928
2,80000000,34055279335,1688127109,35743406444
2,80000000,38293199251,1687744247,39980943498
2,90000000,37984437309,1897810610,39882247919
2,90000000,44141252287,1898730949,46039983236
2,90000000,38116440838,1898573079,40015013917
2,90000000,38703709431,1897878450,40601587881
2,90000000,44676736076,1897772560,46574508636
2,90000000,39039672321,1898443430,40938115751
2,90000000,38010645824,1898078735,39908724559
2,90000000,44638504059,1897484838,46535988897
2,90000000,38000103644,1899267613,39899371257
2,90000000,44144852971,1898897193,46043750164
2,90000000,38694866656,1898213156,40593079812
2,90000000,44552145576,1898777772,46450923348
2,90000000,38444782170,1898520888,40343303058
2,90000000,38515964767,1898352340,40414317107
2,90000000,44539098883,1898053510,46437152393
2,90000000,37993464316,1898972059,39892436375
2,90000000,44164679207,1897863883,46062543090
2,90000000,38017317571,1898554088,39915871659
2,90000000,44186802413,1897965005,46084767418
2,90000000,38428257073,1901681319,40329938392
2,90000000,44503683426,1898361392,46402044818
2,90000000,37950281358,1898269588,39848550946
2,90000000,43904433727,1898120972,45802554699
2,90000000,38392662494,1897276792,40289939286
2,90000000,38219750542,1898753049,40118503591
2,90000000,43831103360,1898263209,45729366569
2,90000000,38540511047,1897878226,40438389273
2,90000000,38586177179,1898735893,40484913072
2,90000000,43866249922,1898515452,45764765374
2,90000000,38190271465,1897586566,40087858031
2,90000000,45186034914,1899375261,47085410175
2,90000000,38617214404,1897127135,40514341539
2,90000000,43045342812,1897569022,44942911834
2,90000000,38572039596,1896919419,40468959015
2,90000000,44604638938,1898113490,46502752428
2,90000000,38299163577,1898931533,40198095110
2,90000000,43951166195,1898176976,45849343171
2,90000000,38205988909,1897790447,40103779356
2,90000000,44274965372,1898772595,46173737967
2,90000000,38571990464,1897516945,40469507409
2,90000000,44516050385,1898402623,46414453008
2,90000000,38653751335,1904248606,40557999941
2,90000000,44520761315,1898591301,46419352616
2,90000000,38365237523,1897371795,40262609318
2,90000000,44518273448,1898328326,46416601774
2,90000000,38544233368,1897878293,40442111661
2,90000000,44583235796,1898398118,46481633914
2,90000000,38279501746,1898014841,40177516587
2,90000000,38586149788,1897979331,40484129119
2,90000000,44494892318,1898553840,46393446158
2,90000000,38324495656,1897101496,40221597152
2,90000000,43940351224,1898968163,45839319387
2,90000000,38348359020,1897363578,40245722598
2,90000000,43666512338,1897520188,45564032526
2,90000000,38149022652,1897582270,40046604922
2,90000000,44575024256,1899052854,46474077110
2,90000000,38374744408,1897947255,40272691663
2,90000000,44538771991,1899009000,46437780991
2,90000000,38442017751,1897262776,40339280527
2,90000000,44578041153,1898178778,46476219931
2,90000000,37975223679,1898201067,39873424746
2,90000000,44625354726,1897973059,46523327785
2,90000000,38301267775,1897955154,40199222929
2,90000000,44386893391,1898340020,46285233411
2,90000000,38718252594,1899564717,40617817311
2,90000000,44111793108,1898557840,46010350948
2,90000000,38486076867,1897891549,40383968416
2,90000000,38523126052,1897317023,40420443075
2,90000000,44184202898,1898053742,46082256640
2,90000000,38538787881,1898036349,40436824230
2,90000000,44532354178,1897365156,46429719334
2,90000000,39005553354,1900908445,40906461799
2,90000000,38377516315,1899355669,40276871984
2,90000000,38209226793,1897958756,40107185549
2,90000000,43824982802,1898813212,45723796014
2,90000000,37943967342,1898015181,39841982523
2,90000000,38710006044,1896827119,40606833163
2,90000000,44577735473,1898081030,46475816503
2,90000000,38170273176,1897973198,40068246374
2,90000000,44475686602,1898831726,46374518328
2,90000000,38070020876,1898013406,39968034282
2,90000000,44439791585,1898899680,46338691265
2,90000000,37888879240,1898156851,39787036091
2,90000000,44563528287,1898822411,46462350698
2,90000000,38232314392,1897823930,40130138322
2,90000000,44653625143,1898708966,46552334109
2,90000000,38511369298,1897602371,40408971669
2,90000000,44655535699,1898363412,46553899111
2,90000000,38450197070,1897144480,40347341550
2,90000000,38474495506,1898601556,40373097062
2,90000000,44326305804,1898233346,46224539150
2,90000000,38656212434,1898109000,40554321434
2,90000000,44362150313,1898905658,46261055971
2,90000000,38409101453,1896907266,40306008719
2,90000000,44494228437,1898070658,46392299095
2,90000000,38436755227,1898812398,40335567625
2,90000000,44544778301,1898898637,46443676938
2,90000000,38291012002,1897125308,40188137310
2,90000000,38230324691,1898334224,40128658915
2,90000000,44584690775,1903269506,46487960281
2,90000000,38046432496,1898407197,39944839693
2,90000000,38359913588,1898513465,40258427053
2,90000000,37755847057,1897387530,39653234587
2,90000000,38428371837,1898520676,40326892513
2,90000000,38931573505,1896559692,40828133197
2,90000000,38545848542,1897350877,40443199419
2,90000000,38836885603,1896933992,40733819595
2,90000000,37744906247,1898672086,39643578333
2,90000000,38300493493,1899944195,40200437688
2,90000000,38327195464,1898248109,40225443573
2,90000000,38673002272,1898282776,40571285048
2,90000000,38340173881,1899390043,40239563924
2,90000000,38102046601,1898294060,40000340661
2,90000000,43957569864,1898180245,45855750109
2,90000000,38383272391,1897827843,40281100234
2,100000000,49001808557,2619213224,51621021781
2,100000000,42480683690,2108326334,44589010024
2,100000000,42766657346,2109474531,44876131877
2,100000000,48594506318,2394196040,50988702358
2,100000000,42740148016,2108769669,44848917685
2,100000000,42071325970,2109564585,44180890555
2,100000000,42654802846,2109297614,44764100460
2,100000000,42315945917,2111368840,44427314757
2,100000000,42959410467,2111413695,45070824162
2,100000000,42905000894,2108984864,45013985758
2,100000000,42384061130,2108721142,44492782272
2,100000000,48412297130,2354116304,50766413434
2,100000000,42821208117,2108546370,44929754487
2,100000000,42418129838,2109557197,44527687035
2,100000000,42402967850,2109431556,44512399406
2,100000000,42653429212,2108986262,44762415474
2,100000000,42884357269,2109188008,44993545277
2,100000000,43242325779,2108962275,45351288054
2,100000000,42831075602,2111412533,44942488135
2,100000000,42732848073,2109673657,44842521730
2,100000000,43112956774,2108894898,45221851672
2,100000000,43083241654,2109693144,45192934798
2,100000000,49441213281,2306028240,51747241521
2,100000000,42783732674,2108666924,44892399598
2,100000000,42422031697,2109475700,44531507397
2,100000000,42200776641,2109795048,44310571689
2,100000000,43018831689,2108781565,45127613254
2,100000000,42373955903,2112629871,44486585774
2,100000000,43038978226,2109146634,45148124860
2,100000000,43047405056,2109181276,45156586332
2,100000000,42631137985,2110505438,44741643423
2,100000000,43019383242,2108797389,45128180631
2,100000000,42138968918,2112776692,44251745610
2,100000000,42898921120,2109814488,45008735608
2,100000000,42750883433,2109003634,44859887067
2,100000000,49800768662,2342437245,52143205907
2,100000000,43146466190,2108588063,45255054253
2,100000000,42202048518,2116580761,44318629279
2,100000000,42510023675,2108867713,44618891388
2,100000000,43263148962,2109055425,45372204387
2,100000000,43019115116,2111330257,45130445373
2,100000000,42910929201,2109047517,45019976718
2,100000000,42624448046,2110519258,44734967304
2,100000000,42256136497,2110018329,44366154826
2,100000000,42122250200,2109514706,44231764906
2,100000000,43244493940,2110179515,45354673455
2,100000000,42137803128,2109894674,44247697802
2,100000000,48971311439,2306816620,51278128059
2,100000000,48929753204,2284471979,51214225183
2,100000000,43452435584,2108160516,45560596100
2,100000000,48465746091,2317623571,50783369662
2,100000000,42602488926,2108405738,44710894664
2,100000000,49436941366,2198429215,51635370581
2,100000000,42960354601,2108842659,45069197260
2,100000000,42735678357,2108744890,44844423247
2,100000000,42789153847,2111404991,44900558838
2,100000000,42122409814,2112559377,44234969191
2,100000000,42528494572,2109086301,44637580873
2,100000000,43256191496,2108143516,45364335012
2,100000000,49432248198,2262133127,51694381325
2,100000000,42266228945,2110309239,44376538184
2,100000000,42241962224,2108224680,44350186904
2,100000000,42778978525,2110177024,44889155549
2,100000000,43048357966,2112642233,45161000199
2,100000000,42247661225,2109392633,44357053858
2,100000000,42722534871,2108736952,44831271823
2,100000000,42310801875,2109968194,44420770069
2,100000000,42784220680,2109191787,44893412467
2,100000000,49471499304,2291313615,51762812919
2,100000000,41981711509,2109756766,44091468275
2,100000000,42733183588,2109416007,44842599595
2,100000000,49426322033,2231624488,51657946521
2,100000000,42521027373,2108965977,44629993350
2,100000000,42691319863,2109662805,44800982668
2,100000000,42567086696,2109663821,44676750517
2,100000000,42062577962,2111072847,44173650809
2,100000000,42464042998,2110126262,44574169260
2,100000000,42362498256,2108591506,44471089762
2,100000000,42945586959,2108656763,45054243722
2,100000000,42995779124,2108362519,45104141643
2,100000000,42339108242,2107859243,44446967485
2,100000000,42629316640,2109258829,44738575469
2,100000000,42535322608,2109196173,44644518781
2,100000000,42767539333,2112454288,44879993621
2,100000000,42239109064,2112845163,44351954227
2,100000000,42828484548,2108763795,44937248343
2,100000000,42605420392,2109648353,44715068745
2,100000000,42134641607,2110015516,44244657123
2,100000000,42405205971,2110000611,44515206582
2,100000000,49323634802,2232384946,51556019748
2,100000000,42348697217,2110102252,44458799469
2,100000000,42102923660,2108991177,44211914837
2,100000000,49440044076,2202265848,51642309924
2,100000000,42941684285,2109458735,45051143020
2,100000000,42797781507,2109803261,44907584768
2,100000000,49306212185,2248509973,51554722158
2,100000000,42594219420,2108588351,44702807771
2,100000000,43241256070,2109080713,45350336783
2,100000000,49485877455,2178257908,51664135363
2,100000000,43289757754,2109600417,45399358171
2,100000000,42971425486,2108886260,45080311746
2,100000000,42727550623,2108369719,44835920342
2,100000000,42352280318,2108806583,44461086901
2,100000000,42296353914,2110060523,44406414437
2,100000000,42316829451,2109827904,44426657355
2,100000000,42181968144,2112466609,44294434753
2,100000000,42801919785,2109479770,44911399555
2,100000000,42995498939,2108998111,45104497050
2,100000000,42886137933,2109897489,44996035422
2,100000000,42612696158,2108815497,44721511655
2,100000000,42659419294,2110875115,44770294409
2,100000000,43349744421,2110250928,45459995349
2,100000000,42698583105,2107672001,44806255106
2,100000000,49337063134,2138728183,51475791317
2,100000000,42848639040,2109412423,44958051463
4,1000,3437629,70153,3507782
4,1000,3147980,102017,3249997
4,1000,3377890,68536,3446426
4,1000,2734954,88452,2823406
4,1000,2413986,49341,2463327
4,1000,3216578,54002,3270580
4,1000,3228373,102616,3330989
4,1000,2889708,69751,2959459
4,1000,2519077,85772,2604849
4,1000,2708322,76891,2785213
4,1000,2975183,48795,3023978
4,1000,3262310,70711,3333021
4,1000,2767982,72868,2840850
4,1000,2590636,68992,2659628
4,1000,2992290,94209,3086499
4,1000,2414550,52607,2467157
4,1000,2635009,95484,2730493
4,1000,2742517,68998,2811515
4,1000,2640212,70915,2711127
4,1000,2712221,92484,2804705
4,1000,3178905,70078,3248983
4,1000,2538566,70855,2609421
4,1000,2928009,52560,2980569
4,1000,3283014,95642,3378656
4,1000,2598922,88233,2687155
4,1000,2779720,94983,2874703
4,1000,2993492,71025,3064517
4,1000,2915909,70815,2986724
4,1000,2811446,76263,2887709
4,1000,3045344,70786,3116130
4,1000,2844832,50544,2895376
4,1000,2507925,90740,2598665
4,1000,2775930,70111,2846041
4,1000,2732897,50043,2782940
4,1000,2770204,75715,2845919
4,1000,2752741,70705,2823446
4,1000,2668068,72511,2740579
4,1000,2716851,79657,2796508
4,1000,2819283,69397,2888680
4,1000,2666244,112894,2779138
4,1000,2727373,50762,2778135
4,1000,2833785,130314,2964099
4,1000,2549836,91839,2641675
4,1000,3107709,94185,3201894
4,1000,2856852,69865,2926717
4,1000,2867183,64348,2931531
4,1000,2646571,76468,2723039
4,1000,2629862,69004,2698866
4,1000,3500651,74995,3575646
4,1000,3092489,50133,3142622
4,1000,2901520,50183,2951703
4,1000,2633249,70531,2703780
4,1000,2832856,78601,2911457
4,1000,2520618,73327,2593945
4,1000,2620651,69907,2690558
4,1000,3051032,51875,3102907
4,1000,2413422,49757,2463179
4,1000,2982524,70966,3053490
4,1000,2633709,82860,2716569
4,1000,2570164,70021,2640185
4,1000,2626255,70299,2696554
4,1000,2960233,74953,3035186
4,1000,2511698,48825,2560523
4,1000,2533635,70525,2604160
4,1000,2765244,70300,2835544
4,1000,2669531,89768,2759299
4,1000,3069445,89196,3158641
4,1000,2933470,71446,3004916
4,1000,3298767,72619,3371386
4,1000,2548225,69838,2618063
4,1000,3118969,71161,3190130
4,1000,2569282,69367,2638649
4,1000,2912161,52751,2964912
4,1000,2876697,56284,2932981
4,1000,2697675,89394,2787069
4,1000,2593854,93884,2687738
4,1000,2857566,103580,2961146
4,1000,2851859,61942,2913801
4,1000,2390868,49505,2440373
4,1000,2361310,49265,2410575
4,1000,2820026,80181,2900207
4,1000,2550872,54359,2605231
4,1000,3045318,69283,3114601
4,1000,2864191,70239,2934430
4,1000,2913160,100076,3013236
4,1000,2580475,118429,2698904
4,1000,2786868,70456,2857324
4,1000,2649096,50348,2699444
4,1000,2736779,107797,2844576
4,1000,3098586,94157,3192743
4,1000,2487151,76285,2563436
4,1000,2815413,68695,2884108
4,1000,2710856,70384,2781240
4,1000,3218109,91079,3309188
4,1000,2774774,72097,2846871
4,1000,2889487,70705,2960192
4,1000,2512118,90182,2602300
4,1000,2593364,48251,2641615
4,1000,2675317,92346,2767663
4,1000,3074856,91626,3166482
4,1000,3254224,88730,3342954
4,1000,2791995,49833,2841828
4,1000,2432674,69406,2502080
4,1000,2529849,75828,2605677
4,1000,2634865,69133,2703998
4,1000,2839015,88440,2927455
4,1000,2492885,71914,2564799
4,1000,3016041,51560,3067601
4,1000,2879862,79837,2959699
4,1000,2960982,94442,3055424
4,1000,2704550,89237,2793787
4,1000,2572522,68911,2641433
4,1000,2851177,73929,2925106
4,1000,2730700,74806,2805506
4,1000,2909820,53765,2963585
4,2000,3528329,185009,3713338
4,2000,2875104,88091,2963195
4,2000,3144616,123141,3267757
4,2000,3169858,88569,3258427
4,2000,3290152,121579,3411731
4,2000,3403413,122173,3525586
4,2000,3469325,122178,3591503
4,2000,3880131,146918,4027049
4,2000,2795541,162084,2957625
4,2000,3256950,131615,3388565
4,2000,3557873,131532,3689405
4,2000,3187987,127737,3315724
4,2000,3166992,123459,3290451
4,2000,2955462,123567,3079029
4,2000,3301748,140444,3442192
4,2000,2979271,121341,3100612
4,2000,3271695,129618,3401313
4,2000,3223562,828992,4052554
4,2000,3191243,87555,3278798
4,2000,2764560,125745,2890305
4,2000,2876090,89088,2965178
4,2000,3198001,125007,3323008
4,2000,3214331,125040,3339371
4,2000,3175779,144644,3320423
4,2000,3031643,122020,3153663
4,2000,3139634,136916,3276550
4,2000,3308598,185063,3493661
4,2000,3155581,140568,3296149
4,2000,3086284,123093,3209377
4,2000,3720298,113197,3833495
4,2000,2887091,124548,3011639
4,2000,2805218,125001,2930219
4,2000,3088494,131225,3219719
4,2000,2893980,122163,3016143
4,2000,3158985,136506,3295491
4,2000,2995395,102895,3098290
4,2000,3239021,122952,3361973
4,2000,2878887,127727,3006614
4,2000,2934108,86859,3020967
4,2000,3224792,90789,3315581
4,2000,3341971,124404,3466375
4,2000,3088508,125229,3213737
4,2000,3902817,147182,4049999
4,2000,3687569,123330,3810899
4,2000,3486709,122256,3608965
4,2000,3168507,99608,3268115
4,2000,3363741,90378,3454119
4,2000,2955207,116814,3072021
4,2000,3200213,122724,3322937
4,2000,2989906,121144,3111050
4,2000,3071752,159007,3230759
4,2000,3451725,194644,3646369
4,2000,3009874,157447,3167321
4,2000,3089232,145490,3234722
4,2000,3304201,128481,3432682
4,2000,2836586,125691,2962277
4,2000,3222190,88370,3310560
4,2000,3416082,88488,3504570
4,2000,3567823,107240,3675063
4,2000,3368539,97373,3465912
4,2000,2998992,154828,3153820
4,2000,2758124,124853,2882977
4,2000,3216291,147550,3363841
4,2000,3457386,144356,3601742
4,2000,2906673,123493,3030166
4,2000,3631297,159829,3791126
4,2000,3305575,92757,3398332
4,2000,3222719,136133,3358852
4,2000,3149246,129354,3278600
4,2000,3616475,122232,3738707
4,2000,3122171,156415,3278586
4,2000,3186432,181226,3367658
4,2000,3185875,127617,3313492
4,2000,2932890,86445,3019335
4,2000,3195244,132110,3327354
4,2000,3094623,156280,3250903
4,2000,3254310,148529,3402839
4,2000,3413783,145991,3559774
4,2000,3158102,122232,3280334
4,2000,3487911,146461,3634372
4,2000,3168687,144805,3313492
4,2000,2736504,132318,2868822
4,2000,3066527,122026,3188553
4,2000,2783989,112117,2896106
4,2000,3359573,122397,3481970
4,2000,3126492,121966,3248458
4,2000,3968641,150499,4119140
4,2000,2864173,128361,2992534
4,2000,2946564,88145,3034709
4,2000,3383207,126741,3509948
4,2000,2732616,123102,2855718
4,2000,3115190,123229,3238419
4,2000,2810875,132338,2943213
4,2000,3109583,127353,3236936
4,2000,3245251,121152,3366403
4,2000,3181719,130659,3312378
4,2000,3093750,122310,3216060
4,2000,3533229,162382,3695611
4,2000,2977187,127716,3104903
4,2000,3884572,149446,4034018
4,2000,3439162,128433,3567595
4,2000,3073160,162862,3236022
4,2000,3052802,126764,3179566
4,2000,3307981,141254,3449235
4,2000,3286978,102689,3389667
4,2000,3361399,145039,3506438
4,2000,2827108,93023,2920131
4,2000,3953380,148825,4102205
4,2000,2832973,100988,2933961
4,2000,2755457,130139,2885596
4,2000,3360323,121252,3481575
4,2000,2835128,124413,2959541
4,2000,3063640,86931,3150571
4,2000,3351554,123531,3475085
4,2000,3331119,98429,3429548
4,3000,3615493,696335,4311828
4,3000,3439541,125061,3564602
4,3000,3145520,182672,3328192
4,3000,4128163,196675,4324838
4,3000,3481868,746221,4228089
4,3000,3580897,179224,3760121
4,3000,4051333,183542,4234875
4,3000,3537162,680025,4217187
4,3000,3335265,123891,3459156
4,3000,3888057,681095,4569152
4,3000,3833587,145010,3978597
4,3000,3235481,706231,3941712
4,3000,4355508,181784,4537292
4,3000,3700238,171783,3872021
4,3000,3107963,600092,3708055
4,3000,3169920,175904,3345824
4,3000,3150257,670966,3821223
4,3000,3826497,221366,4047863
4,3000,3120349,778154,3898503
4,3000,3334752,129321,3464073
4,3000,3453793,199807,3653600
4,3000,3154418,652106,3806524
4,3000,4569194,179441,4748635
4,3000,3295204,177623,3472827
4,3000,3569700,142073,3711773
4,3000,3283891,224810,3508701
4,3000,3409787,131033,3540820
4,3000,3172420,178887,3351307
4,3000,3846982,175571,4022553
4,3000,3572633,206235,3778868
4,3000,3621400,199164,3820564
4,3000,3561525,613012,4174537
4,3000,3327903,201138,3529041
4,3000,3355248,138976,3494224
4,3000,3462064,176138,3638202
4,3000,3392262,702934,4095196
4,3000,3137639,141470,3279109
4,3000,3096137,185015,3281152
4,3000,3160612,183242,3343854
4,3000,3346929,135005,3481934
4,3000,4001107,200374,4201481
4,3000,3512554,204775,3717329
4,3000,3038435,158287,3196722
4,3000,3824815,164199,3989014
4,3000,3034898,178565,3213463
4,3000,3629450,201862,3831312
4,3000,3569172,142160,3711332
4,3000,3431621,176291,3607912
4,3000,3619637,155971,3775608
4,3000,3546406,125865,3672271
4,3000,3878216,181514,4059730
4,3000,3265395,181682,3447077
4,3000,3273276,202726,3476002
4,3000,4294702,166467,4461169
4,3000,3551038,681590,4232628
4,3000,3237312,125367,3362679
4,3000,3358270,721673,4079943
4,3000,3465097,144974,3610071
4,3000,3646176,162691,3808867
4,3000,3837983,175733,4013716
4,3000,3312060,702274,4014334
4,3000,3315714,173579,3489293
4,3000,3813741,176549,3990290
4,3000,3539936,198511,3738447
4,3000,3469267,718820,4188087
4,3000,3757914,152191,3910105
4,3000,3900413,683949,4584362
4,3000,3525606,146149,3671755
4,3000,3527523,176514,3704037
4,3000,3402617,173334,3575951
4,3000,3579953,212865,3792818
4,3000,3252426,182672,3435098
4,3000,3595456,681759,4277215
4,3000,3989434,199702,4189136
4,3000,3071542,174831,3246373
4,3000,3836984,176870,4013854
4,3000,3416685,182735,3599420
4,3000,3191766,792336,3984102
4,3000,3640558,199957,3840515
4,3000,3455579,644396,4099975
4,3000,3992240,163269,4155509
4,3000,4379316,166401,4545717
4,3000,3370495,673150,4043645
4,3000,2983313,148442,3131755
4,3000,3154861,173349,3328210
4,3000,3187503,127695,3315198
4,3000,4253143,185140,4438283
4,3000,3685842,176754,3862596
4,3000,3617125,186326,3803451
4,3000,3372541,175239,3547780
4,3000,3434607,592455,4027062
4,3000,3355916,129324,3485240
4,3000,3094572,126147,3220719
4,3000,3228479,125109,3353588
4,3000,3094560,180335,3274895
4,3000,3583815,717687,4301502
4,3000,3314071,195703,3509774
4,3000,3196607,175716,3372323
4,3000,3116188,199839,3316027
4,3000,3119827,184380,3304207
4,3000,3389808,221835,3611643
4,3000,3209730,132179,3341909
4,3000,3440396,200137,3640533
4,3000,4179428,180461,4359889
4,3000,3376907,197059,3573966
4,3000,3644151,167400,3811551
4,3000,3359522,181817,3541339
4,3000,3357435,174824,3532259
4,3000,3078826,633281,3712107
4,3000,3369261,673984,4043245
4,3000,3281616,202980,3484596
4,3000,3999856,150430,4150286
4,3000,3141158,126441,3267599
4,3000,3830567,179910,4010477
4,3000,3423475,185788,3609263
4,4000,4369701,242031,4611732
4,4000,4413881,208053,4621934
4,4000,4466987,252272,4719259
4,4000,4238747,235954,4474701
4,4000,4017094,229856,4246950
4,4000,4525395,228953,4754348
4,4000,4015643,166449,4182092
4,4000,4571337,237660,4808997
4,4000,4256373,168936,4425309
4,4000,3959203,199018,4158221
4,4000,4111719,285558,4397277
4,4000,4732932,257728,4990660
4,4000,4323017,226127,4549144
4,4000,5092772,248073,5340845
4,4000,4598008,232957,4830965
4,4000,4482192,269728,4751920
4,4000,4357341,255441,4612782
4,4000,4724441,244138,4968579
4,4000,4260621,268642,4529263
4,4000,4177796,165108,4342904
4,4000,3981426,163333,4144759
4,4000,4155536,228113,4383649
4,4000,4417622,165003,4582625
4,4000,4109736,261916,4371652
4,4000,4673738,252760,4926498
4,4000,4546484,243395,4789879
4,4000,4275298,176784,4452082
4,4000,3922627,229016,4151643
4,4000,4461211,231224,4692435
4,4000,4118150,232096,4350246
4,4000,4270942,227347,4498289
4,4000,4487750,271136,4758886
4,4000,4028420,225086,4253506
4,4000,4548701,165340,4714041
4,4000,4350402,228868,4579270
4,4000,4433062,228238,4661300
4,4000,4077407,164733,4242140
4,4000,3846040,232594,4078634
4,4000,4363508,178178,4541686
4,4000,4396452,196285,4592737
4,4000,3931284,270067,4201351
4,4000,4079041,228773,4307814
4,4000,4137531,242746,4380277
4,4000,4054925,165924,4220849
4,4000,4484594,225512,4710106
4,4000,4111949,165708,4277657
4,4000,4102051,166725,4268776
4,4000,4227589,234832,4462421
4,4000,4593837,236806,4830643
4,4000,4281897,277705,4559602
4,4000,4052227,233792,4286019
4,4000,3978858,187418,4166276
4,4000,4551901,197095,4748996
4,4000,4059552,165837,4225389
4,4000,4425964,233084,4659048
4,4000,4462076,171063,4633139
4,4000,4086275,169874,4256149
4,4000,4639950,230590,4870540
4,4000,4607653,263768,4871421
4,4000,4242236,212274,4454510
4,4000,4159623,286795,4446418
4,4000,4460496,283243,4743739
4,4000,4673804,271258,4945062
4,4000,4044910,163158,4208068
4,4000,4237023,226370,4463393
4,4000,4421791,243110,4664901
4,4000,4803144,161040,4964184
4,4000,3971886,237953,4209839
4,4000,4699883,230606,4930489
4,4000,4524259,235339,4759598
4,4000,4576590,213741,4790331
4,4000,3966694,166435,4133129
4,4000,4065897,161652,4227549
4,4000,4379767,245097,4624864
4,4000,4304034,172671,4476705
4,4000,4533861,254835,4788696
4,4000,4275342,256125,4531467
4,4000,4291586,234733,4526319
4,4000,4560469,234976,4795445
4,4000,4363250,254942,4618192
4,4000,4068372,191390,4259762
4,4000,4821222,227702,5048924
4,4000,4216560,231718,4448278
4,4000,4145505,225270,4370775
4,4000,4100982,229472,4330454
4,4000,3980257,189308,4169565
4,4000,3928101,168614,4096715
4,4000,4165573,232976,4398549
4,4000,4264051,227009,4491060
4,4000,3872758,163783,4036541
4,4000,4336353,221277,4557630
4,4000,4555907,234661,4790568
4,4000,3909904,165169,4075073
4,4000,4121728,227600,4349328
4,4000,4132919,166995,4299914
4,4000,3943056,227749,4170805
4,4000,4550143,202245,4752388
4,4000,4415660,167244,4582904
4,4000,4233581,227330,4460911
4,4000,4093591,270356,4363947
4,4000,4200407,246219,4446626
4,4000,4582829,234883,4817712
4,4000,4148166,162531,4310697
4,4000,4546608,243753,4790361
4,4000,4336210,230104,4566314
4,4000,3890955,174977,4065932
4,4000,3761643,227479,3989122
4,4000,4927112,235579,5162691
4,4000,4959818,247099,5206917
4,4000,4429910,226331,4656241
4,4000,4065533,248638,4314171
4,4000,4192572,225506,4418078
4,4000,4304187,176811,4480998
4,4000,4426819,231752,4658571
4,4000,4205941,226214,4432155
4,5000,4189256,284605,4473861
4,5000,4024292,233687,4257979
4,5000,5198883,225995,5424878
4,5000,4852893,280789,5133682
4,5000,4785780,284620,5070400
4,5000,3956968,305555,4262523
4,5000,4626974,285907,4912881
4,5000,4209742,204645,4414387
4,5000,4918051,305426,5223477
4,5000,4624930,283726,4908656
4,5000,4220603,302870,4523473
4,5000,4305084,286369,4591453
4,5000,4472378,203991,4676369
4,5000,4707063,203151,4910214
4,5000,4296366,273241,4569607
4,5000,4518576,296502,4815078
4,5000,4223385,280159,4503544
4,5000,4968172,249691,5217863
4,5000,4596786,319120,4915906
4,5000,4697109,259565,4956674
4,5000,4723667,301269,5024936
4,5000,4909237,280924,5190161
4,5000,4498980,205470,4704450
4,5000,4290906,206236,4497142
4,5000,4816732,219090,5035822
4,5000,4406124,290944,4697068
4,5000,4779267,232696,5011963
4,5000,4220026,233116,4453142
4,5000,5027230,280706,5307936
4,5000,4267274,199345,4466619
4,5000,4631820,223802,4855622
4,5000,4260167,236780,4496947
4,5000,4882546,205521,5088067
4,5000,4394941,243673,4638614
4,5000,4190000,289365,4479365
4,5000,4290880,284746,4575626
4,5000,4492472,282718,4775190
4,5000,4678611,284905,4963516
4,5000,4340392,221594,4561986
4,5000,4888892,202168,5091060
4,5000,5162577,314591,5477168
4,5000,4630363,247770,4878133
4,5000,4149473,280196,4429669
4,5000,4687263,223874,4911137
4,5000,4649748,306035,4955783
4,5000,4605371,285252,4890623
4,5000,4123915,319993,4443908
4,5000,4469680,221924,4691604
4,5000,4469688,282853,4752541
4,5000,4430471,281788,4712259
4,5000,4129786,289607,4419393
4,5000,4291915,300552,4592467
4,5000,4609599,278731,4888330
4,5000,4398203,210150,4608353
4,5000,4564527,328834,4893361
4,5000,4745827,204430,4950257
4,5000,4506862,281782,4788644
4,5000,4610330,284593,4894923
4,5000,4478620,318931,4797551
4,5000,4447585,202296,4649881
4,5000,4893018,293979,5186997
4,5000,4421636,282220,4703856
4,5000,4227409,283909,4511318
4,5000,4788353,312746,5101099
4,5000,4773658,285976,5059634
4,5000,4353633,217950,4571583
4,5000,4201788,201259,4403047
4,5000,4842898,316888,5159786
4,5000,4768182,257508,5025690
4,5000,4415042,322519,4737561
4,5000,4372304,247245,4619549
4,5000,4287467,277540,4565007
4,5000,4481900,289989,4771889
4,5000,4919060,307074,5226134
4,5000,4732731,280555,5013286
4,5000,3942462,239341,4181803
4,5000,4606309,296423,4902732
4,5000,4551822,307643,4859465
4,5000,5221049,305603,5526652
4,5000,4816916,288265,5105181
4,5000,4578331,281408,4859739
4,5000,4519982,275944,4795926
4,5000,4434003,278794,4712797
4,5000,4777962,305849,5083811
4,5000,4930712,304200,5234912
4,5000,4803904,282529,5086433
4,5000,4581828,294330,4876158
4,5000,4295646,303615,4599261
4,5000,4296628,289221,4585849
4,5000,4220206,201957,4422163
4,5000,4765999,283306,5049305
4,5000,4345246,278140,4623386
4,5000,5042853,218889,5261742
4,5000,3948034,222978,4171012
4,5000,4524010,278860,4802870
4,5000,4628410,316703,4945113
4,5000,4977227,206022,5183249
4,5000,4333295,204328,4537623
4,5000,4506248,240903,4747151
4,5000,4664699,321795,4986494
4,5000,4748056,262568,5010624
4,5000,4347651,286611,4634262
4,5000,4267741,204681,4472422
4,5000,4337969,283540,4621509
4,5000,4182933,314870,4497803
4,5000,4439682,311601,4751283
4,5000,4200618,311066,4511684
4,5000,4519390,225485,4744875
4,5000,4564394,286845,4851239
4,5000,4223553,281490,4505043
4,5000,4193207,287290,4480497
4,5000,4146260,212019,4358279
4,5000,4549783,289592,4839375
4,5000,4436962,281938,4718900
4,5000,4369633,286975,4656608
4,6000,4579905,365608,4945513
4,6000,4767224,333007,5100231
4,6000,5133726,350483,5484209
4,6000,4592709,300464,4893173
4,6000,4118639,349892,4468531
4,6000,5289938,334194,5624132
4,6000,4961781,343403,5305184
4,6000,4624342,235978,4860320
4,6000,4782088,351381,5133469
4,6000,4168247,341408,4509655
4,6000,5023860,239562,5263422
4,6000,4859616,244404,5104020
4,6000,4704074,341031,5045105
4,6000,4647710,337788,4985498
4,6000,4436867,337614,4774481
4,6000,4656575,237539,4894114
4,6000,5275741,311180,5586921
4,6000,4982983,310544,5293527
4,6000,4871579,283123,5154702
4,6000,4626109,330744,4956853
4,6000,4911159,272144,5183303
4,6000,4561051,352514,4913565
4,6000,5210947,351562,5562509
4,6000,4395983,346311,4742294
4,6000,4314689,330820,4645509
4,6000,5202765,245305,5448070
4,6000,4958449,350126,5308575
4,6000,4874898,257036,5131934
4,6000,4972874,282592,5255466
4,6000,4891607,333703,5225310
4,6000,5235362,280543,5515905
4,6000,4611294,341460,4952754
4,6000,5309282,286795,5596077
4,6000,4943608,341334,5284942
4,6000,5051636,246601,5298237
4,6000,5403950,366466,5770416
4,6000,4888713,332922,5221635
4,6000,5530658,365710,5896368
4,6000,5054051,344636,5398687
4,6000,5136260,337455,5473715
4,6000,5255815,283069,5538884
4,6000,5313221,344883,5658104
4,6000,4871962,347057,5219019
4,6000,5209434,343257,5552691
4,6000,4720592,340722,5061314
4,6000,4990709,237988,5228697
4,6000,4884039,240532,5124571
4,6000,5066770,356405,5423175
4,6000,4764036,362732,5126768
4,6000,4835333,325360,5160693
4,6000,4801800,352242,5154042
4,6000,5046627,276574,5323201
4,6000,4262026,238918,4500944
4,6000,4678785,317258,4996043
4,6000,4607323,336286,4943609
4,6000,5022731,259938,5282669
4,6000,5002363,366055,5368418
4,6000,4707040,249163,4956203
4,6000,5150469,364612,5515081
4,6000,5377878,351029,5728907
4,6000,4625373,332446,4957819
4,6000,4297004,338106,4635110
4,6000,5148658,351215,5499873
4,6000,4791009,342261,5133270
4,6000,4562992,355922,4918914
4,6000,4852863,344832,5197695
4,6000,4797409,338607,5136016
4,6000,5079900,237619,5317519
4,6000,4660610,340701,5001311
4,6000,4819193,340446,5159639
4,6000,5265929,255327,5521256
4,6000,5166905,305093,5471998
4,6000,4494529,243739,4738268
4,6000,4806531,242913,5049444
4,6000,5300113,340653,5640766
4,6000,4399822,330316,4730138
4,6000,4989710,343697,5333407
4,6000,4964781,344750,5309531
4,6000,4837554,342192,5179746
4,6000,5327994,296417,5624411
4,6000,5297887,339048,5636935
4,6000,5282025,365038,5647063
4,6000,5265743,352594,5618337
4,6000,4619625,244854,4864479
4,6000,4715496,359678,5075174
4,6000,5426847,353965,5780812
4,6000,4773329,241367,5014696
4,6000,5294091,249312,5543403
4,6000,4927178,361586,5288764
4,6000,4404147,244572,4648719
4,6000,4834445,356795,5191240
4,6000,5044469,300446,5344915
4,6000,4886225,340017,5226242
4,6000,4257780,360580,4618360
4,6000,4612433,244266,4856699
4,6000,4814014,354346,5168360
4,6000,4578992,239146,4818138
4,6000,5354527,278707,5633234
4,6000,5138469,340135,5478604
4,6000,4572038,246775,4818813
4,6000,4725791,336495,5062286
4,6000,4643702,243981,4887683
4,6000,4308691,340566,4649257
4,6000,4388473,269187,4657660
4,6000,4670157,388752,5058909
4,6000,4788123,342074,5130197
4,6000,5210592,336175,5546767
4,6000,4186804,259358,4446162
4,6000,4809054,261443,5070497
4,6000,4884089,352589,5236678
4,6000,5273703,338970,5612673
4,6000,4384777,333804,4718581
4,6000,4829844,285589,5115433
4,6000,4941355,344954,5286309
4,6000,5057888,356579,5414467
4,7000,4780852,387071,5167923
4,7000,5141489,385497,5526986
4,7000,5003401,291103,5294504
4,7000,5326500,404491,5730991
4,7000,5429860,276593,5706453
4,7000,5150512,394634,5545146
4,7000,5269216,280584,5549800
4,7000,4809318,275807,5085125
4,7000,4944023,399974,5343997
4,7000,4938957,364356,5303313
4,7000,5178797,319381,5498178
4,7000,4678945,402260,5081205
4,7000,5254236,391000,5645236
4,7000,5203470,277366,5480836
4,7000,4960781,279114,5239895
4,7000,4792656,386870,5179526
4,7000,5230638,393293,5623931
4,7000,5304117,391043,5695160
4,7000,4725330,385781,5111111
4,7000,5644994,391859,6036853
4,7000,5130109,390210,5520319
4,7000,4822088,365837,5187925
4,7000,5221615,394031,5615646
4,7000,5274071,405971,5680042
4,7000,5017684,390306,5407990
4,7000,4869601,296343,5165944
4,7000,4827362,384973,5212335
4,7000,5579480,385638,5965118
4,7000,5126517,395750,5522267
4,7000,5300048,426284,5726332
4,7000,4688784,353972,5042756
4,7000,5129714,396422,5526136
4,7000,4733446,416688,5150134
4,7000,5784215,417349,6201564
4,7000,4994037,283093,5277130
4,7000,5058818,293249,5352067
4,7000,4782936,338622,5121558
4,7000,5531035,398467,5929502
4,7000,5324988,391745,5716733
4,7000,5091678,391034,5482712
4,7000,4741393,284599,5025992
4,7000,4933198,336726,5269924
4,7000,5003740,276541,5280281
4,7000,4899679,385241,5284920
4,7000,4837015,411552,5248567
4,7000,5094479,398676,5493155
4,7000,5527171,422663,5949834
4,7000,4890689,360427,5251116
4,7000,5012203,393341,5405544
4,7000,5253360,406451,5659811
4,7000,5069529,396725,5466254
4,7000,4966691,332353,5299044
4,7000,5002463,390495,5392958
4,7000,5200788,385583,5586371
4,7000,5349623,278306,5627929
4,7000,5194333,417090,5611423
4,7000,4999652,385217,5384869
4,7000,5178122,400304,5578426
4,7000,4945845,407683,5353528
4,7000,5573240,399023,5972263
4,7000,4919720,280160,5199880
4,7000,5586855,396932,5983787
4,7000,6033573,415249,6448822
4,7000,5024789,351125,5375914
4,7000,5124516,387795,5512311
4,7000,4737564,296937,5034501
4,7000,4871378,391121,5262499
4,7000,6088267,574810,6663077
4,7000,5466462,410011,5876473
4,7000,5177504,274652,5452156
4,7000,5261230,406672,5667902
4,7000,5306639,281197,5587836
4,7000,4925100,403651,5328751
4,7000,5017084,303078,5320162
4,7000,5495335,406354,5901689
4,7000,5555163,396503,5951666
4,7000,5032464,325258,5357722
4,7000,4786783,278338,5065121
4,7000,5913629,407483,6321112
4,7000,5107908,391094,5499002
4,7000,5044304,402515,5446819
4,7000,4775877,285931,5061808
4,7000,5106191,353867,5460058
4,7000,4915077,295577,5210654
4,7000,5082283,402748,5485031
4,7000,5662970,411730,6074700
4,7000,5035208,419115,5454323
4,7000,4497975,318661,4816636
4,7000,4604212,279887,4884099
4,7000,4692722,280714,4973436
4,7000,5277421,296835,5574256
4,7000,5034095,409216,5443311
4,7000,5338804,399191,5737995
4,7000,5792892,383723,6176615
4,7000,5669473,395303,6064776
4,7000,5785831,385895,6171726
4,7000,4936330,397148,5333478
4,7000,5635782,410802,6046584
4,7000,4901973,278962,5180935
4,7000,4847289,360532,5207821
4,7000,4927241,276712,5203953
4,7000,5180308,277931,5458239
4,7000,5398527,402427,5800954
4,7000,5532233,295131,5827364
4,7000,5239206,279991,5519197
4,7000,5516568,393678,5910246
4,7000,5326953,283339,5610292
4,7000,5063355,386943,5450298
4,7000,5549874,355010,5904884
4,7000,4984869,393230,5378099
4,7000,4633842,387600,5021442
4,7000,5340066,385952,5726018
4,7000,4696922,285033,4981955
4,7000,5053579,393536,5447115
4,7000,5472970,345578,5818548
4,8000,5414382,461466,5875848
4,8000,5596058,342000,5938058
4,8000,6123859,444898,6568757
4,8000,5538138,420825,5958963
4,8000,5641502,335319,5976821
4,8000,5739648,460635,6200283
4,8000,5357065,467365,5824430
4,8000,5598215,416614,6014829
4,8000,5924400,441848,6366248
4,8000,5302892,418455,5721347
4,8000,5144787,453747,5598534
4,8000,5622430,486856,6109286
4,8000,5177855,327717,5505572
4,8000,5456370,472064,5928434
4,8000,5008012,467004,5475016
4,8000,5224566,410064,5634630
4,8000,5716561,403522,6120083
4,8000,5657371,471734,6129105
4,8000,5839989,364360,6204349
4,8000,5201278,469005,5670283
4,8000,5497406,448690,5946096
4,8000,5660075,491396,6151471
4,8000,5812403,425259,6237662
4,8000,5471999,326817,5798816
4,8000,5887059,458365,6345424
4,8000,5612764,345573,5958337
4,8000,5571001,469412,6040413
4,8000,5440144,444830,5884974
4,8000,5411135,458104,5869239
4,8000,4957854,479687,5437541
4,8000,5826054,443311,6269365
4,8000,6155415,484438,6639853
4,8000,5894696,408696,6303392
4,8000,5926995,466332,6393327
4,8000,5458036,442040,5900076
4,8000,6075312,490073,6565385
4,8000,4986606,477311,5463917
4,8000,5619682,447985,6067667
4,8000,5364858,337554,5702412
4,8000,5366800,453183,5819983
4,8000,4920573,394118,5314691
4,8000,5501210,453657,5954867
4,8000,6461787,461328,6923115
4,8000,5755599,469569,6225168
4,8000,5916522,459663,6376185
4,8000,5477171,331744,5808915
4,8000,5353787,384535,5738322
4,8000,5351483,474832,5826315
4,8000,5140048,449169,5589217
4,8000,6066887,500008,6566895
4,8000,5731443,459425,6190868
4,8000,5884787,449986,6334773
4,8000,5201113,340320,5541433
4,8000,5166538,466203,5632741
4,8000,5012080,466236,5478316
4,8000,5111965,467095,5579060
4,8000,5373654,473921,5847575
4,8000,5417300,332932,5750232
4,8000,5600395,451597,6051992
4,8000,5916288,342765,6259053
4,8000,5124339,450256,5574595
4,8000,5473419,490529,5963948
4,8000,5433290,468336,5901626
4,8000,5463638,450139,5913777
4,8000,5606029,465959,6071988
4,8000,5194448,340542,5534990
4,8000,5111224,326058,5437282
4,8000,5207129,345327,5552456
4,8000,5960795,436928,6397723
4,8000,5479788,338649,5818437
4,8000,5207570,331078,5538648
4,8000,5644241,476867,6121108
4,8000,5192730,339973,5532703
4,8000,5295844,444232,5740076
4,8000,5869852,465871,6335723
4,8000,5096725,333201,5429926
4,8000,5260910,369508,5630418
4,8000,5284493,335619,5620112
4,8000,5275225,455329,5730554
4,8000,5216859,462708,5679567
4,8000,5263610,463944,5727554
4,8000,5995387,398641,6394028
4,8000,5559110,459676,6018786
4,8000,5874993,328576,6203569
4,8000,5797089,408769,6205858
4,8000,5394978,455212,5850190
4,8000,5437043,464688,5901731
4,8000,4959156,360541,5319697
4,8000,5966843,393932,6360775
4,8000,5838758,412522,6251280
4,8000,5358902,448507,5807409
4,8000,5461698,452746,5914444
4,8000,5641624,447070,6088694
4,8000,5576188,461046,6037234
4,8000,5812661,474857,6287518
4,8000,5268027,473304,5741331
4,8000,5416015,458841,5874856
4,8000,5442922,450880,5893802
4,8000,5755069,370159,6125228
4,8000,5456453,462198,5918651
4,8000,5512125,356287,5868412
4,8000,5700359,460059,6160418
4,8000,5328965,474829,5803794
4,8000,5563031,468597,6031628
4,8000,5821840,462763,6284603
4,8000,5557022,331692,5888714
4,8000,5695072,451786,6146858
4,8000,5158870,468881,5627751
4,8000,5227384,456688,5684072
4,8000,5627942,451156,6079098
4,8000,5420225,335619,5755844
4,8000,5143637,460997,5604634
4,8000,5036864,398264,5435128
4,8000,5435935,497248,5933183
4,8000,5649551,481960,6131511
4,9000,6550318,496854,7047172
4,9000,5882303,350586,6232889
4,9000,6286389,498633,6785022
4,9000,5813211,494412,6307623
4,9000,5927551,357493,6285044
4,9000,5680296,507015,6187311
4,9000,5485247,522146,6007393
4,9000,5913129,504729,6417858
4,9000,5977136,458606,6435742
4,9000,5556796,358328,5915124
4,9000,5566809,497497,6064306
4,9000,5427974,525349,5953323
4,9000,5375264,507702,5882966
4,9000,6216036,353636,6569672
4,9000,5733362,497788,6231150
4,9000,5442179,506625,5948804
4,9000,5683895,374895,6058790
4,9000,5664329,507248,6171577
4,9000,5821370,501949,6323319
4,9000,5164317,521936,5686253
4,9000,5907635,537120,6444755
4,9000,5439544,500080,5939624
4,9000,5545196,494224,6039420
4,9000,6056884,492338,6549222
4,9000,6051492,522095,6573587
4,9000,5979194,550480,6529674
4,9000,5797000,364409,6161409
4,9000,5031893,526652,5558545
4,9000,5919340,375394,6294734
4,9000,5945812,455575,6401387
4,9000,6042467,388272,6430739
4,9000,5085858,549369,5635227
4,9000,6308719,505785,6814504
4,9000,6019161,510027,6529188
4,9000,5886462,373401,6259863
4,9000,5360691,363322,5724013
4,9000,5746441,498141,6244582
4,9000,5698873,439679,6138552
4,9000,6023919,418003,6441922
4,9000,5898170,446251,6344421
4,9000,6192965,510957,6703922
4,9000,6639490,492353,7131843
4,9000,5953096,508886,6461982
4,9000,6171062,373759,6544821
4,9000,5675528,504726,6180254
4,9000,5881753,525773,6407526
4,9000,6066461,382876,6449337
4,9000,5989331,522932,6512263
4,9000,6399699,506400,6906099
4,9000,5801897,362972,6164869
4,9000,5908307,490870,6399177
4,9000,6634802,374136,7008938
4,9000,5600975,494125,6095100
4,9000,4838670,367733,5206403
4,9000,5371529,389435,5760964
4,9000,6204319,492484,6696803
4,9000,5376306,426147,5802453
4,9000,5606055,426738,6032793
4,9000,6135891,512778,6648669
4,9000,6749144,513630,7262774
4,9000,5699982,509718,6209700
4,9000,6394768,498760,6893528
4,9000,5470131,414403,5884534
4,9000,5335490,414094,5749584
4,9000,6329596,510201,6839797
4,9000,5644743,517334,6162077
4,9000,5934103,379170,6313273
4,9000,6509061,516596,7025657
4,9000,5516328,375891,5892219
4,9000,5205833,486551,5692384
4,9000,5230129,525641,5755770
4,9000,5631187,509517,6140704
4,9000,6069089,491512,6560601
4,9000,5178573,372663,5551236
4,9000,6493848,360430,6854278
4,9000,5787461,501949,6289410
4,9000,6157374,498873,6656247
4,9000,6035219,389661,6424880
4,9000,5634980,363958,5998938
4,9000,5725839,462631,6188470
4,9000,5601717,424110,6025827
4,9000,5735203,402266,6137469
4,9000,6023373,499620,6522993
4,9000,5774726,516080,6290806
4,9000,6113954,368953,6482907
4,9000,4962765,378612,5341377
4,9000,5613032,357379,5970411
4,9000,6319283,524639,6843922
4,9000,6432251,497782,6930033
4,9000,5875381,506464,6381845
4,9000,6696189,433190,7129379
4,9000,5617466,498609,6116075
4,9000,5705836,500517,6206353
4,9000,5278328,501723,5780051
4,9000,5557916,499861,6057777
4,9000,5747205,540046,6287251
4,9000,5703077,362812,6065889
4,9000,5945053,510402,6455455
4,9000,5556197,514386,6070583
4,9000,6072646,506115,6578761
4,9000,6270447,515472,6785919
4,9000,6225417,473034,6698451
4,9000,6123553,507927,6631480
4,9000,5948214,494134,6442348
4,9000,5579051,439587,6018638
4,9000,5488618,362314,5850932
4,9000,5681117,503667,6184784
4,9000,5903305,547459,6450764
4,9000,5763102,498076,6261178
4,9000,6563801,519024,7082825
4,9000,5334016,498922,5832938
4,9000,5312245,526760,5839005
4,9000,5396857,386955,5783812
4,9000,5557962,513536,6071498
4,9000,5876529,531140,6407669
4,10000,6245624,542619,6788243
4,10000,6121669,394637,6516306
4,10000,6638407,503934,7142341
4,10000,5776415,572996,6349411
4,10000,5976956,402190,6379146
4,10000,6004899,412650,6417549
4,10000,6361431,549804,6911235
4,10000,5686983,465579,6152562
4,10000,5992678,562370,6555048
4,10000,6483392,418705,6902097
4,10000,5645226,389078,6034304
4,10000,5359517,417229,5776746
4,10000,6252901,392354,6645255
4,10000,5272521,419703,5692224
4,10000,6330021,581856,6911877
4,10000,5637111,559721,6196832
4,10000,6428043,545482,6973525
4,10000,6196753,580963,6777716
4,10000,6620477,391196,7011673
4,10000,5889174,559512,6448686
4,10000,5822495,401297,6223792
4,10000,6581769,553589,7135358
4,10000,6468517,440576,6909093
4,10000,6070416,555236,6625652
4,10000,6282512,563252,6845764
4,10000,6071150,474209,6545359
4,10000,6978419,435637,7414056
4,10000,6442275,560738,7003013
4,10000,6486701,573812,7060513
4,10000,6084790,402404,6487194
4,10000,6170592,547941,6718533
4,10000,6813371,585901,7399272
4,10000,6603132,577969,7181101
4,10000,5683137,557693,6240830
4,10000,6385579,562835,6948414
4,10000,5568239,563390,6131629
4,10000,6430469,554613,6985082
4,10000,5488485,554546,6043031
4,10000,6248586,420025,6668611
4,10000,6012644,550052,6562696
4,10000,6382153,556674,6938827
4,10000,6582296,468803,7051099
4,10000,6176120,561302,6737422
4,10000,6003358,570782,6574140
4,10000,5579329,566339,6145668
4,10000,5837932,550551,6388483
4,10000,6066726,392861,6459587
4,10000,5697667,570422,6268089
4,10000,6017375,550726,6568101
4,10000,5981019,399506,6380525
4,10000,6319677,553285,6872962
4,10000,5985962,558528,6544490
4,10000,5625922,394088,6020010
4,10000,5866897,469056,6335953
4,10000,6184695,571670,6756365
4,10000,6630296,407800,7038096
4,10000,5434040,548766,5982806
4,10000,5692764,554954,6247718
4,10000,6138412,562166,6700578
4,10000,6059820,553725,6613545
4,10000,6599401,583630,7183031
4,10000,6268123,424740,6692863
4,10000,5946441,398333,6344774
4,10000,5882419,568802,6451221
4,10000,6170938,596778,6767716
4,10000,6997539,559865,7557404
4,10000,5988348,411106,6399454
4,10000,5985294,559583,6544877
4,10000,6064107,557747,6621854
4,10000,6099970,448522,6548492
4,10000,5641737,545556,6187293
4,10000,6457120,566621,7023741
4,10000,6164212,570614,6734826
4,10000,5393528,578935,5972463
4,10000,5738467,414277,6152744
4,10000,7089762,559073,7648835
4,10000,6202738,559019,6761757
4,10000,6189395,548482,6737877
4,10000,6500203,418716,6918919
4,10000,6129553,559281,6688834
4,10000,5285138,406547,5691685
4,10000,5352140,563075,5915215
4,10000,5552375,402268,5954643
4,10000,6332270,489314,6821584
4,10000,6023921,402368,6426289
4,10000,5954490,564624,6519114
4,10000,6193344,576953,6770297
4,10000,6015726,559767,6575493
4,10000,5481920,397402,5879322
4,10000,6220426,479819,6700245
4,10000,5616303,417991,6034294
4,10000,6100074,551373,6651447
4,10000,6057861,446888,6504749
4,10000,6332913,573862,6906775
4,10000,6370867,581335,6952202
4,10000,6234846,481361,6716207
4,10000,6485844,544165,7030009
4,10000,5546503,558594,6105097
4,10000,5712724,542229,6254953
4,10000,6132110,562134,6694244
4,10000,6451485,488848,6940333
4,10000,5961589,423126,6384715
4,10000,6670498,562622,7233120
4,10000,5843190,508801,6351991
4,10000,6788687,554035,7342722
4,10000,6227289,412931,6640220
4,10000,5631194,413418,6044612
4,10000,5664157,477640,6141797
4,10000,6289613,548124,6837737
4,10000,6608346,576589,7184935
4,10000,6481518,412035,6893553
4,10000,5905081,573494,6478575
4,10000,6061028,418864,6479892
4,10000,6841388,574640,7416028
4,10000,5826412,559130,6385542
4,10000,6898918,567607,7466525
4,10000,5529776,397454,5927230
4,10000,6037827,415563,6453390
4,10000,5573953,556019,6129972
4,10000,5903577,544374,6447951
4,10000,6805713,395810,7201523
4,10000,6478656,544071,7022727
4,10000,6225850,554424,6780274
4,10000,6599455,554223,7153678
4,10000,6228169,560388,6788557
4,10000,5864359,476151,6340510
4,10000,6420898,546324,6967222
4,10000,6515449,546798,7062247
4,10000,6199877,546739,6746616
4,10000,6446759,553443,7000202
4,10000,6057048,409648,6466696
4,10000,5717958,545169,6263127
4,10000,6454891,548748,7003639
4,10000,5821515,560637,6382152
4,10000,5553193,561716,6114909
4,10000,5731716,555947,6287663
4,10000,5980050,558228,6538278
4,10000,6443962,564944,7008906
4,10000,6108446,561725,6670171
4,10000,6106111,543435,6649546
4,10000,6275868,463873,6739741
4,10000,7199498,486328,7685826
4,10000,5967772,554166,6521938
4,10000,6243871,559127,6802998
4,10000,5685596,409546,6095142
4,10000,6348782,489393,6838175
4,10000,6456474,610705,7067179
4,10000,5712906,563762,6276668
4,10000,5823080,392021,6215101
4,10000,6330139,399248,6729387
4,10000,6102964,548514,6651478
4,10000,6045693,555720,6601413
4,10000,6646459,550736,7197195
4,10000,5960387,559916,6520303
4,10000,6076274,451492,6527766
4,10000,5633398,548979,6182377
4,10000,6410621,558377,6968998
4,10000,6116796,423534,6540330
4,10000,6253088,543157,6796245
4,10000,6464891,601293,7066184
4,10000,5850489,557732,6408221
4,10000,5500541,419839,5920380
4,10000,6613085,550705,7163790
4,10000,5814385,557264,6371649
4,10000,6155325,550674,6705999
4,10000,5812776,433217,6245993
4,10000,6310303,562706,6873009
4,10000,5750087,574957,6325044
4,10000,6235304,417430,6652734
4,10000,5782214,556892,6339106
4,10000,5696741,565409,6262150
4,10000,6241516,549351,6790867
4,10000,7017098,567056,7584154
4,10000,6672242,556154,7228396
4,10000,6385411,553029,6938440
4,10000,6349336,545967,6895303
4,10000,6012661,552101,6564762
4,10000,6029309,402628,6431937
4,10000,6789086,554940,7344026
4,10000,6130415,398057,6528472
4,10000,5683227,550268,6233495
4,10000,6086584,550218,6636802
4,10000,6133550,557654,6691204
4,10000,6551519,552590,7104109
4,10000,6303816,584635,6888451
4,10000,6206312,392409,6598721
4,10000,6974710,568160,7542870
4,10000,6404102,553578,6957680
4,10000,6245302,435614,6680916
4,10000,5808135,485444,6293579
4,10000,6436152,417057,6853209
4,10000,6207034,415252,6622286
4,10000,6262561,553419,6815980
4,10000,5675533,546297,6221830
4,10000,6400031,484684,6884715
4,10000,5780610,392729,6173339
4,10000,6362363,550121,6912484
4,10000,6139240,556347,6695587
4,10000,6284998,393322,6678320
4,10000,6070285,548121,6618406
4,10000,5893999,573491,6467490
4,10000,6037125,559373,6596498
4,10000,6595144,552876,7148020
4,10000,6644094,578947,7223041
4,10000,7292900,551703,7844603
4,10000,5417439,532180,5949619
4,10000,6279665,554397,6834062
4,10000,5674725,553475,6228200
4,10000,6417202,555690,6972892
4,10000,6652737,508461,7161198
4,10000,5526136,499582,6025718
4,10000,5983082,553188,6536270
4,10000,6557533,609872,7167405
4,10000,6311298,576265,6887563
4,10000,6627932,559571,7187503
4,10000,6104190,563584,6667774
4,10000,5945016,547761,6492777
4,10000,5783773,560720,6344493
4,10000,6090242,485567,6575809
4,10000,6217866,396051,6613917
4,10000,6001790,569912,6571702
4,10000,6757973,435983,7193956
4,10000,5368417,583390,5951807
4,10000,5842921,547506,6390427
4,10000,5780245,554313,6334558
4,10000,6348829,553725,6902554
4,10000,5943427,408223,6351650
4,10000,5781154,561919,6343073
4,10000,6077708,507169,6584877
4,10000,6311511,570727,6882238
4,20000,9395336,1103148,10498484
4,20000,9239557,1092687,10332244
4,20000,8750980,1105734,9856714
4,20000,9852526,1127188,10979714
4,20000,9535433,985527,10520960
4,20000,9568356,1075021,10643377
4,20000,9042295,1110638,10152933
4,20000,8513719,772781,9286500
4,20000,9266795,978171,10244966
4,20000,10315662,954215,11269877
4,20000,10387270,1112420,11499690
4,20000,9513688,1095807,10609495
4,20000,9982165,1086256,11068421
4,20000,9607358,1098480,10705838
4,20000,9968863,1106198,11075061
4,20000,9544362,1120285,10664647
4,20000,9518206,1089109,10607315
4,20000,10019609,1098914,11118523
4,20000,9791847,1099263,10891110
4,20000,10037487,1100667,11138154
4,20000,9478855,1095045,10573900
4,20000,9036239,1088122,10124361
4,20000,9043402,1095606,10139008
4,20000,10075140,1095982,11171122
4,20000,9466497,1101084,10567581
4,20000,9153621,1098738,10252359
4,20000,9908357,1103745,11012102
4,20000,9068819,1103357,10172176
4,20000,9656621,797497,10454118
4,20000,8179639,1109424,9289063
4,20000,8828942,1087803,9916745
4,20000,10249406,1122731,11372137
4,20000,8964737,1101507,10066244
4,20000,10282438,1101090,11383528
4,20000,9719054,783454,10502508
4,20000,9110597,1097889,10208486
4,20000,8787422,896528,9683950
4,20000,9219640,1105182,10324822
4,20000,10120483,789373,10909856
4,20000,10344394,959122,11303516
4,20000,9149718,1088688,10238406
4,20000,9004691,1091908,10096599
4,20000,9835389,1093281,10928670
4,20000,9955631,1112732,11068363
4,20000,9144447,1086500,10230947
4,20000,9577146,1095675,10672821
4,20000,9896640,1111718,11008358
4,20000,8568248,1126351,9694599
4,20000,8885774,1089959,9975733
4,20000,9729991,1097598,10827589
4,20000,10757984,957136,11715120
4,20000,9909737,1082923,10992660
4,20000,8938026,1077404,10015430
4,20000,8934157,1066548,10000705
4,20000,8643374,767870,9411244
4,20000,9221938,1124350,10346288
4,20000,9154195,1089847,10244042
4,20000,8648328,802062,9450390
4,20000,9135213,1105871,10241084
4,20000,9157584,1104854,10262438
4,20000,9513158,1075298,10588456
4,20000,8647315,793360,9440675
4,20000,9445796,1114827,10560623
4,20000,10041042,1101780,11142822
4,20000,9090419,794082,9884501
4,20000,9283806,1119605,10403411
4,20000,8984018,1094811,10078829
4,20000,8993642,1106108,10099750
4,20000,9671762,1110500,10782262
4,20000,9170664,1105155,10275819
4,20000,9990860,1086158,11077018
4,20000,8427892,781279,9209171
4,20000,9020862,1103484,10124346
4,20000,10270676,1103174,11373850
4,20000,10269197,1105118,11374315
4,20000,9443122,1110699,10553821
4,20000,8711944,1127260,9839204
4,20000,9374879,1107150,10482029
4,20000,10555619,1088842,11644461
4,20000,9968350,1117919,11086269
4,20000,9102970,1090506,10193476
4,20000,10003470,1088587,11092057
4,20000,9207548,1090183,10297731
4,20000,8851612,788628,9640240
4,20000,9659460,1108457,10767917
4,20000,9012844,1085590,10098434
4,20000,9157077,864097,10021174
4,20000,9079961,1093539,10173500
4,20000,10042145,1097239,11139384
4,20000,9064676,1120601,10185277
4,20000,9185485,1103505,10288990
4,20000,8552358,1094337,9646695
4,20000,8918391,1098879,10017270
4,20000,9247454,784394,10031848
4,20000,8822086,1112862,9934948
4,20000,9108290,928431,10036721
4,20000,9991495,1087564,11079059
4,20000,9937961,1095175,11033136
4,20000,8837941,1090860,9928801
4,20000,9813092,1105670,10918762
4,20000,9300869,1106786,10407655
4,20000,8949241,790001,9739242
4,20000,9399886,1089574,10489460
4,20000,10309048,1093341,11402389
4,20000,8853701,1098189,9951890
4,20000,9104910,1103847,10208757
4,20000,8877080,1102248,9979328
4,20000,8717038,1118713,9835751
4,20000,8975509,1106106,10081615
4,20000,9149492,1095691,10245183
4,20000,8114969,781388,8896357
4,20000,9536847,1094085,10630932
4,20000,9760967,1087765,10848732
4,20000,8972186,1099335,10071521
4,20000,10038903,1092400,11131303
4,30000,14980561,1628662,16609223
4,30000,13139075,1649380,14788455
4,30000,14127814,1606415,15734229
4,30000,14328949,1631615,15960564
4,30000,13251638,1643386,14895024
4,30000,13489716,1629273,15118989
4,30000,13472278,1613955,15086233
4,30000,13019544,1635697,14655241
4,30000,13518230,1645132,15163362
4,30000,13043479,1621739,14665218
4,30000,13467057,1657503,15124560
4,30000,14778864,1634433,16413297
4,30000,13303509,1620328,14923837
4,30000,13600688,1632241,15232929
4,30000,13542420,1647748,15190168
4,30000,12667402,1639330,14306732
4,30000,13236280,1626839,14863119
4,30000,13441684,1684969,15126653
4,30000,13105018,1649868,14754886
4,30000,12137836,1163339,13301175
4,30000,12442882,1645474,14088356
4,30000,13651024,1538751,15189775
4,30000,13353866,1645425,14999291
4,30000,12922305,1633376,14555681
4,30000,12746536,1174974,13921510
4,30000,12901572,1596424,14497996
4,30000,13679615,1627169,15306784
4,30000,12138899,1627397,13766296
4,30000,13191039,1628566,14819605
4,30000,13548588,1613711,15162299
4,30000,12535956,1160654,13696610
4,30000,12901028,1625342,14526370
4,30000,13448395,1623629,15072024
4,30000,14873986,1626893,16500879
4,30000,13667514,1639378,15306892
4,30000,12269116,1638814,13907930
4,30000,13153551,1612749,14766300
4,30000,12940387,1563433,14503820
4,30000,12804840,1618319,14423159
4,30000,13302231,1543258,14845489
4,30000,12686701,1628767,14315468
4,30000,13920663,1550970,15471633
4,30000,12940241,1613777,14554018
4,30000,12704924,1553687,14258611
4,30000,12966313,1638047,14604360
4,30000,12624639,1638838,14263477
4,30000,13557463,1553206,15110669
4,30000,13751958,1534251,15286209
4,30000,13537070,1637665,15174735
4,30000,13949140,1633556,15582696
4,30000,13126126,1637556,14763682
4,30000,13268255,1648458,14916713
4,30000,13996291,1613447,15609738
4,30000,14527262,1624894,16152156
4,30000,14029486,1649629,15679115
4,30000,13643731,1612131,15255862
4,30000,12824632,1667999,14492631
4,30000,13070943,1628999,14699942
4,30000,12100749,1634137,13734886
4,30000,12608733,1635856,14244589
4,30000,12033770,1621913,13655683
4,30000,12754960,1619901,14374861
4,30000,15708654,1567222,17275876
4,30000,11865725,1631339,13497064
4,30000,12964426,1633579,14598005
4,30000,12500974,1636604,14137578
4,30000,14500757,1551601,16052358
4,30000,13288757,2136422,15425179
4,30000,13774518,1617964,15392482
4,30000,12441370,1629569,14070939
4,30000,14557352,1623206,16180558
4,30000,14821912,1632712,16454624
4,30000,12776883,1546409,14323292
4,30000,13643491,1555128,15198619
4,30000,13965816,1170004,15135820
4,30000,13684856,1614932,15299788
4,30000,13782412,1665824,15448236
4,30000,13036424,1608681,14645105
4,30000,13903079,1564417,15467496
4,30000,13973212,1632900,15606112
4,30000,13573648,1667207,15240855
4,30000,13345909,1637972,14983881
4,30000,13229245,1635370,14864615
4,30000,14504920,1649520,16154440
4,30000,14424228,1572779,15997007
4,30000,12403929,1616475,14020404
4,30000,12063072,1637678,13700750
4,30000,13545707,1659787,15205494
4,30000,13476986,1647720,15124706
4,30000,12260755,1546190,13806945
4,30000,13499288,1621793,15121081
4,30000,13572456,1655496,15227952
4,30000,12464951,1626284,14091235
4,30000,12255281,1562193,13817474
4,30000,12898205,1640125,14538330
4,30000,13137690,1629328,14767018
4,30000,12952860,1228962,14181822
4,30000,13360816,1622765,14983581
4,30000,12283534,1632061,13915595
4,30000,12676432,1567038,14243470
4,30000,13613853,1508811,15122664
4,30000,12541193,1637209,14178402
4,30000,13629768,1625678,15255446
4,30000,13033650,1640884,14674534
4,30000,13242638,1618128,14860766
4,30000,13626177,1623914,15250091
4,30000,13579650,1621170,15200820
4,30000,13721867,1623226,15345093
4,30000,12776454,1612493,14388947
4,30000,11980435,1627542,13607977
4,30000,12548513,1624880,14173393
4,30000,12940157,1617300,14557457
4,30000,14297704,1628657,15926361
4,30000,14266986,1629718,15896704
4,30000,12401343,1637851,14039194
4,40000,19329736,2187952,21517688
4,40000,16600442,2214687,18815129
4,40000,14925691,2198931,17124622
4,40000,17299762,2040751,19340513
4,40000,16742209,2175260,18917469
4,40000,14413852,2186803,16600655
4,40000,16844550,2201328,19045878
4,40000,17099674,2177770,19277444
4,40000,15724217,2200872,17925089
4,40000,16294588,2209889,18504477
4,40000,17390949,2185520,19576469
4,40000,17557281,2186737,19744018
4,40000,17268738,2195028,19463766
4,40000,15682518,1549018,17231536
4,40000,16885260,2202501,19087761
4,40000,16314070,2195608,18509678
4,40000,16877476,2186938,19064414
4,40000,16047719,2185754,18233473
4,40000,16460339,2213051,18673390
4,40000,16890054,2190328,19080382
4,40000,15834287,2152570,17986857
4,40000,16573051,2197727,18770778
4,40000,15123229,2195689,17318918
4,40000,15093072,2177584,17270656
4,40000,16392305,2179963,18572268
4,40000,16048848,2172112,18220960
4,40000,14975085,2187670,17162755
4,40000,15966526,2173398,18139924
4,40000,17361980,2195112,19557092
4,40000,15796263,2156955,17953218
4,40000,16756977,2216702,18973679
4,40000,16216713,2162184,18378897
4,40000,16956637,2204295,19160932
4,40000,16431511,2203745,18635256
4,40000,16914532,1550344,18464876
4,40000,17017662,2176052,19193714
4,40000,16015941,1553601,17569542
4,40000,17143692,2192986,19336678
4,40000,17696910,2147797,19844707
4,40000,16251704,2172377,18424081
4,40000,17315462,2207016,19522478
4,40000,16944169,2186761,19130930
4,40000,16143370,2198964,18342334
4,40000,17142243,2179412,19321655
4,40000,16341141,2203882,18545023
4,40000,17422314,2213734,19636048
4,40000,16651622,2196015,18847637
4,40000,17242748,1593211,18835959
4,40000,14954675,2185306,17139981
4,40000,15999882,1581582,17581464
4,40000,18500910,2194207,20695117
4,40000,17941932,2214027,20155959
4,40000,16508775,2197870,18706645
4,40000,16908160,2193946,19102106
4,40000,16387814,2180520,18568334
4,40000,15397269,2167124,17564393
4,40000,17261844,2187145,19448989
4,40000,16685678,2179862,18865540
4,40000,16198767,2186792,18385559
4,40000,16777654,2192883,18970537
4,40000,16638042,1599768,18237810
4,40000,15854508,2198745,18053253
4,40000,16436706,2185227,18621933
4,40000,16159744,2204937,18364681
4,40000,16632331,2202780,18835111
4,40000,17683536,2202978,19886514
4,40000,16486018,2061721,18547739
4,40000,16252167,2208054,18460221
4,40000,16760190,2175905,18936095
4,40000,15711401,2202936,17914337
4,40000,17205986,2197026,19403012
4,40000,18088460,2149636,20238096
4,40000,15389143,2197866,17587009
4,40000,17393190,2192092,19585282
4,40000,16695340,2188777,18884117
4,40000,16386522,2186129,18572651
4,40000,16496760,2189102,18685862
4,40000,16692341,2222352,18914693
4,40000,17541653,2190954,19732607
4,40000,16303326,2197381,18500707
4,40000,16113013,2204385,18317398
4,40000,16944254,2195733,19139987
4,40000,16678833,2194596,18873429
4,40000,16125393,2222203,18347596
4,40000,17163017,2190096,19353113
4,40000,17549917,2189332,19739249
4,40000,16897316,2200183,19097499
4,40000,18876674,2204750,21081424
4,40000,17534138,2164860,19698998
4,40000,17149260,2203794,19353054
4,40000,18209523,2200494,20410017
4,40000,15866376,2192969,18059345
4,40000,16805061,2192353,18997414
4,40000,16963273,2201949,19165222
4,40000,15531900,2223034,17754934
4,40000,15968399,2184676,18153075
4,40000,16456996,2177293,18634289
4,40000,17527156,1843741,19370897
4,40000,16413575,2153961,18567536
4,40000,17346759,2211410,19558169
4,40000,16475417,2204538,18679955
4,40000,16607744,2197819,18805563
4,40000,17915891,2200956,20116847
4,40000,17846330,2171291,20017621
4,40000,17544154,2161788,19705942
4,40000,16104722,2197221,18301943
4,40000,17492658,2216020,19708678
4,40000,16203257,2215865,18419122
4,40000,16381480,2204021,18585501
4,40000,17062169,2199817,19261986
4,40000,17909621,2209893,20119514
4,40000,16063756,2208317,18272073
4,40000,16710263,2207354,18917617
4,40000,15617094,2211126,17828220
4,40000,17145920,2171741,19317661
4,50000,20481336,2239584,22720920
4,50000,19782980,2738248,22521228
4,50000,18493230,1923005,20416235
4,50000,18517709,2706588,21224297
4,50000,20191727,2186365,22378092
4,50000,18826015,1921106,20747121
4,50000,18382475,2700769,21083244
4,50000,18336035,2719073,21055108
4,50000,20376329,2723393,23099722
4,50000,19972110,2711835,22683945
4,50000,21744804,2692589,24437393
4,50000,19721479,2701558,22423037
4,50000,18496099,2705466,21201565
4,50000,19684904,2724299,22409203
4,50000,19563455,2712709,22276164
4,50000,19237261,2723231,21960492
4,50000,19492811,2700112,22192923
4,50000,18288124,2693061,20981185
4,50000,18424958,2706403,21131361
4,50000,18934686,1963598,20898284
4,50000,18638717,2712385,21351102
4,50000,19076639,2715814,21792453
4,50000,20167829,2691721,22859550
4,50000,18317907,2111848,20429755
4,50000,19019456,2696605,21716061
4,50000,19928010,1921922,21849932
4,50000,19338930,2707451,22046381
4,50000,18274120,2708907,20983027
4,50000,18002549,1953504,19956053
4,50000,21835357,2695006,24530363
4,50000,19828736,2284584,22113320
4,50000,18513297,2708913,21222210
4,50000,18879582,1935243,20814825
4,50000,19938399,2710104,22648503
4,50000,19198955,2712886,21911841
4,50000,19998601,2701326,22699927
4,50000,20225045,2726437,22951482
4,50000,17955518,2689051,20644569
4,50000,19500197,2716033,22216230
4,50000,19515462,2705998,22221460
4,50000,20162907,2722415,22885322
4,50000,20160332,2710064,22870396
4,50000,18901259,2688385,21589644
4,50000,18883862,2711810,21595672
4,50000,19323538,2708825,22032363
4,50000,19950533,2705254,22655787
4,50000,21101076,2698449,23799525
4,50000,20320283,2717519,23037802
4,50000,20110386,2690254,22800640
4,50000,21034030,2731190,23765220
4,50000,18160316,2716212,20876528
4,50000,17824713,2736389,20561102
4,50000,19890792,2697931,22588723
4,50000,20616093,2715153,23331246
4,50000,17880635,2717251,20597886
4,50000,19670173,2707151,22377324
4,50000,18713088,2713628,21426716
4,50000,19797145,2703627,22500772
4,50000,19256799,2728562,21985361
4,50000,18713997,2694127,21408124
4,50000,21082697,2711987,23794684
4,50000,19743650,1950516,21694166
4,50000,20053285,2703613,22756898
4,50000,19875001,2726336,22601337
4,50000,18023398,2705095,20728493
4,50000,19781450,2698010,22479460
4,50000,19807300,2735724,22543024
4,50000,20627035,2686228,23313263
4,50000,17034208,2697566,19731774
4,50000,20744828,2735603,23480431
4,50000,19067727,2688946,21756673
4,50000,19660114,1934107,21594221
4,50000,18012064,2714312,20726376
4,50000,19187633,2739781,21927414
4,50000,19986081,2727447,22713528
4,50000,19669292,2706954,22376246
4,50000,19574365,1931665,21506030
4,50000,18653325,2710795,21364120
4,50000,21588510,2705508,24294018
4,50000,20026860,2694844,22721704
4,50000,19238048,2712515,21950563
4,50000,19278637,2704600,21983237
4,50000,16873543,2710890,19584433
4,50000,19605854,2714878,22320732
4,50000,21042830,3151232,24194062
4,50000,19320784,2704597,22025381
4,50000,18529143,1929526,20458669
4,50000,19969887,2622201,22592088
4,50000,20825760,2692678,23518438
4,50000,22460098,2708136,25168234
4,50000,17867479,2707119,20574598
4,50000,20828218,2710712,23538930
4,50000,19463361,2694062,22157423
4,50000,21780068,1945134,23725202
4,50000,18089279,2724910,20814189
4,50000,18265772,2693788,20959560
4,50000,19939617,2700786,22640403
4,50000,17731108,1950033,19681141
4,50000,19215266,2687450,21902716
4,50000,18397558,2703058,21100616
4,50000,17835303,1948038,19783341
4,50000,20421664,2712778,23134442
4,50000,20633101,2728585,23361686
4,50000,18625911,1932259,20558170
4,50000,18534754,2702622,21237376
4,50000,18605933,2702386,21308319
4,50000,18742716,2699386,21442102
4,50000,19694147,2705404,22399551
4,50000,18760427,2726846,21487273
4,50000,17848222,2718011,20566233
4,50000,19327114,2700009,22027123
4,50000,17383414,2713530,20096944
4,50000,20671808,2101274,22773082
4,50000,18103498,2715926,20819424
4,50000,17872531,2681573,20554104
4,60000,23220247,3255247,26475494
4,60000,23992332,3663349,27655681
4,60000,21893892,3566317,25460209
4,60000,22487494,3259941,25747435
4,60000,25204437,3244525,28448962
4,60000,25040049,2305360,27345409
4,60000,25435645,3273167,28708812
4,60000,23663060,3231631,26894691
4,60000,23161328,3650319,26811647
4,60000,25204196,3256473,28460669
4,60000,22299009,3638740,25937749
4,60000,21843826,3621846,25465672
4,60000,23164291,3258131,26422422
4,60000,21555985,3239834,24795819
4,60000,21375833,3231878,24607711
4,60000,24322756,2370080,26692836
4,60000,22272311,3250038,25522349
4,60000,23377304,3284450,26661754
4,60000,24077284,3702788,27780072
4,60000,22972936,3661780,26634716
4,60000,23237771,3531161,26768932
4,60000,24675052,3228155,27903207
4,60000,22675141,3227189,25902330
4,60000,24599830,3226227,27826057
4,60000,23132618,3629257,26761875
4,60000,23384750,2625678,26010428
4,60000,21331977,3278087,24610064
4,60000,23316988,2334036,25651024
4,60000,23033329,2332035,25365364
4,60000,21861590,3242833,25104423
4,60000,23708424,3213253,26921677
4,60000,22709755,3174633,25884388
4,60000,23135869,3224239,26360108
4,60000,22921661,3225725,26147386
4,60000,24660765,3738203,28398968
4,60000,23473240,2310578,25783818
4,60000,21937304,3736443,25673747
4,60000,24362912,2872779,27235691
4,60000,23471918,2989474,26461392
4,60000,24050339,2754176,26804515
4,60000,21841833,3556341,25398174
4,60000,23654100,2888396,26542496
4,60000,23930436,3239130,27169566
4,60000,24618172,3226187,27844359
4,60000,22581511,3254767,25836278
4,60000,20753361,3630697,24384058
4,60000,21154495,3229934,24384429
4,60000,25258486,3234089,28492575
4,60000,21249169,3552532,24801701
4,60000,22277196,2302103,24579299
4,60000,22922944,3241719,26164663
4,60000,24341035,3672671,28013706
4,60000,23637580,3206671,26844251
4,60000,22350254,3660359,26010613
4,60000,23572440,3679630,27252070
4,60000,24168539,2699031,26867570
4,60000,22314853,3680596,25995449
4,60000,22769640,2639636,25409276
4,60000,21148349,3232882,24381231
4,60000,21451372,3244798,24696170
4,60000,25347367,2377637,27725004
4,60000,23856460,3235991,27092451
4,60000,23288404,2305196,25593600
4,60000,21552878,3281086,24833964
4,60000,21812185,3669398,25481583
4,60000,23990361,3253833,27244194
4,60000,21365077,2824428,24189505
4,60000,21883488,3670373,25553861
4,60000,22280435,3228381,25508816
4,60000,25025257,2779183,27804440
4,60000,20496499,3684084,24180583
4,60000,25050387,3227324,28277711
4,60000,22016392,3248394,25264786
4,60000,22972146,3256212,26228358
4,60000,23764147,3222720,26986867
4,60000,21846863,3253207,25100070
4,60000,24985496,3766151,28751647
4,60000,23962998,3232202,27195200
4,60000,21254718,3248444,24503162
4,60000,22219218,3643739,25862957
4,60000,21213381,3666101,24879482
4,60000,21560060,2318590,23878650
4,60000,21225908,2922363,24148271
4,60000,22416892,3636949,26053841
4,60000,22738550,3205680,25944230
4,60000,24747682,3260331,28008013
4,60000,23808892,3659429,27468321
4,60000,23424846,3250786,26675632
4,60000,24895266,3230507,28125773
4,60000,23789162,2758065,26547227
4,60000,21050282,3231135,24281417
4,60000,22806667,2731373,25538040
4,60000,24199794,3253480,27453274
4,60000,22126960,3249424,25376384
4,60000,23225949,3294160,26520109
4,60000,23648449,3574504,27222953
4,60000,23836883,2733640,26570523
4,60000,23612032,3415113,27027145
4,60000,23643615,3148076,26791691
4,60000,21938487,3702222,25640709
4,60000,21451888,3570068,25021956
4,60000,20970347,3250723,24221070
4,60000,23640550,3243660,26884210
4,60000,23487308,3670432,27157740
4,60000,21448740,3652040,25100780
4,60000,22385409,2318842,24704251
4,60000,21805743,3272384,25078127
4,60000,23108527,3647580,26756107
4,60000,22905325,2328714,25234039
4,60000,22694153,3032680,25726833
4,60000,21408823,3256569,24665392
4,60000,22110641,3055761,25166402
4,60000,23979946,3568083,27548029
4,60000,24734963,3664287,28399250
4,60000,23340610,3146222,26486832
4,70000,25976427,3776100,29752527
4,70000,30109015,4176836,34285851
4,70000,24434115,4116345,28550460
4,70000,23562007,4141524,27703531
4,70000,23753220,3166951,26920171
4,70000,25011520,3172981,28184501
4,70000,26689656,3142239,29831895
4,70000,25047688,4160834,29208522
4,70000,26700206,4152687,30852893
4,70000,25018492,3185630,28204122
4,70000,24726396,4182633,28909029
4,70000,25738497,3194351,28932848
4,70000,26440285,4088900,30529185
4,70000,25506911,4173964,29680875
4,70000,25136101,4121439,29257540
4,70000,26960563,4157722,31118285
4,70000,25206820,4199001,29405821
4,70000,23454110,4071774,27525884
4,70000,24954281,4199917,29154198
4,70000,26378830,4163969,30542799
4,70000,25144608,2964856,28109464
4,70000,25935729,4162235,30097964
4,70000,27040660,3771471,30812131
4,70000,27614362,3144381,30758743
4,70000,25561701,4227094,29788795
4,70000,26158167,4223386,30381553
4,70000,24831394,4178101,29009495
4,70000,25954490,2928083,28882573
4,70000,26614398,3061817,29676215
4,70000,27032130,4151745,31183875
4,70000,25519220,4518599,30037819
4,70000,25940074,4177459,30117533
4,70000,26630263,4157188,30787451
4,70000,25022702,4181446,29204148
4,70000,26640830,4218964,30859794
4,70000,25320695,3189123,28509818
4,70000,25356561,4132459,29489020
4,70000,24711694,4164023,28875717
4,70000,25706888,4125187,29832075
4,70000,26251084,3766662,30017746
4,70000,26537112,4178388,30715500
4,70000,26418269,3104354,29522623
4,70000,25764181,3149059,28913240
4,70000,26057764,3167013,29224777
4,70000,25231696,3153309,28385005
4,70000,26446383,3316118,29762501
4,70000,24669993,4124090,28794083
4,70000,26913095,3749705,30662800
4,70000,28759832,4145300,32905132
4,70000,27216812,3765036,30981848
4,70000,25912308,3149349,29061657
4,70000,26791976,4201581,30993557
4,70000,25912351,4174829,30087180
4,70000,26087939,3741635,29829574
4,70000,26239978,4182708,30422686
4,70000,26563117,3139142,29702259
4,70000,28217175,4131830,32349005
4,70000,26280855,4140831,30421686
4,70000,25926544,4189135,30115679
4,70000,27163654,4165421,31329075
4,70000,30649553,4260027,34909580
4,70000,24113659,4149954,28263613
4,70000,25162326,3223072,28385398
4,70000,30641560,4129576,34771136
4,70000,24612581,4053930,28666511
4,70000,27870183,3781077,31651260
4,70000,25508469,4188678,29697147
4,70000,26909574,4174447,31084021
4,70000,26548970,3811378,30360348
4,70000,27114946,3418783,30533729
4,70000,25818075,3137643,28955718
4,70000,26610105,4213769,30823874
4,70000,24748039,4167340,28915379
4,70000,27243426,4188732,31432158
4,70000,26078887,2697279,28776166
4,70000,27523730,4214936,31738666
4,70000,30281457,4133680,34415137
4,70000,26460992,4289954,30750946
4,70000,29098156,4218232,33316388
4,70000,26813848,4199106,31012954
4,70000,25108298,4186272,29294570
4,70000,24762551,4191954,28954505
4,70000,26675755,4237164,30912919
4,70000,24756300,4198303,28954603
4,70000,28078499,3753556,31832055
4,70000,23569840,3152060,26721900
4,70000,23770814,3786026,27556840
4,70000,29906335,4183443,34089778
4,70000,25669053,4178630,29847683
4,70000,26493564,4140051,30633615
4,70000,24521981,4249969,28771950
4,70000,24290856,3182318,27473174
4,70000,27394346,4250164,31644510
4,70000,28667468,3771549,32439017
4,70000,24553178,4220878,28774056
4,70000,29664088,3131135,32795223
4,70000,25998476,4116326,30114802
4,70000,23601262,4145122,27746384
4,70000,25144920,4190946,29335866
4,70000,25998054,4168772,30166826
4,70000,26569949,4251271,30821220
4,70000,27178256,4106613,31284869
4,70000,24338851,4106430,28445281
4,70000,26720498,2668899,29389397
4,70000,26153484,3786026,29939510
4,70000,26664146,4158753,30822899
4,70000,25273812,3130240,28404052
4,70000,24896867,4159601,29056468
4,70000,26955024,4218256,31173280
4,70000,25194931,4157454,29352385
4,70000,24832797,3146618,27979415
4,70000,23789409,4123325,27912734
4,70000,23898424,3073969,26972393
4,70000,24654005,3095000,27749005
4,70000,24036630,2674941,26711571
4,80000,27342083,4880861,32222944
4,80000,30310050,3612948,33922998
4,80000,29708682,3581884,33290566
4,80000,28200328,4664186,32864514
4,80000,28436274,4716703,33152977
4,80000,28434461,4749072,33183533
4,80000,31082803,4790808,35873611
4,80000,28674698,4840784,33515482
4,80000,26764674,4799098,31563772
4,80000,32470034,4175125,36645159
4,80000,28232833,4812486,33045319
4,80000,28840724,4764565,33605289
4,80000,29984845,4809445,34794290
4,80000,27787560,4622364,32409924
4,80000,30061252,4764678,34825930
4,80000,28627385,4763177,33390562
4,80000,27917449,3564129,31481578
4,80000,32223932,4773942,36997874
4,80000,29925887,4754819,34680706
4,80000,29431800,4806521,34238321
4,80000,29728333,4736677,34465010
4,80000,29929169,4808282,34737451
4,80000,30249816,4809968,35059784
4,80000,28718545,3568560,32287105
4,80000,26880367,3528277,30408644
4,80000,27150202,4736955,31887157
4,80000,27747970,4339910,32087880
4,80000,27319040,3739905,31058945
4,80000,27152447,4830753,31983200
4,80000,29208186,4830903,34039089
4,80000,29449108,4758649,34207757
4,80000,29739748,4806712,34546460
4,80000,28667482,4720541,33388023
4,80000,28502619,4804044,33306663
4,80000,28934963,4812724,33747687
4,80000,27698540,4774893,32473433
4,80000,31007918,3585406,34593324
4,80000,27833888,3587143,31421031
4,80000,27876402,4822858,32699260
4,80000,29073207,4439001,33512208
4,80000,27654483,4771207,32425690
4,80000,26523305,4782635,31305940
4,80000,27850596,4653174,32503770
4,80000,27854435,4726204,32580639
4,80000,28773658,5211896,33985554
4,80000,27314989,4736022,32051011
4,80000,26508567,4799043,31307610
4,80000,30803050,4762171,35565221
4,80000,29009801,4764051,33773852
4,80000,29323452,4763506,34086958
4,80000,26241876,3583966,29825842
4,80000,28959443,3615977,32575420
4,80000,28516065,4824180,33340245
4,80000,31944961,4725880,36670841
4,80000,27497576,3655355,31152931
4,80000,28835881,3507687,32343568
4,80000,28266642,4797156,33063798
4,80000,27472402,4792765,32265167
4,80000,27591919,3613625,31205544
4,80000,28770945,3498697,32269642
4,80000,29018194,4797095,33815289
4,80000,28654707,4899300,33554007
4,80000,27137822,4746384,31884206
4,80000,28369160,3561383,31930543
4,80000,26635364,4697698,31333062
4,80000,29587337,4712820,34300157
4,80000,30075995,4829277,34905272
4,80000,28392515,4814522,33207037
4,80000,28406855,4814230,33221085
4,80000,29126394,4808594,33934988
4,80000,29943809,4749933,34693742
4,80000,27857483,3563799,31421282
4,80000,30047292,4836878,34884170
4,80000,27386974,4345501,31732475
4,80000,29176235,4831577,34007812
4,80000,27968745,4758880,32727625
4,80000,30025790,4758387,34784177
4,80000,29265930,3661666,32927596
4,80000,29144697,4772983,33917680
4,80000,28727743,3597994,32325737
4,80000,26739531,3583199,30322730
4,80000,26298380,3649126,29947506
4,80000,28812872,4061748,32874620
4,80000,30421455,4766989,35188444
4,80000,29798452,4774152,34572604
4,80000,27870412,4783037,32653449
4,80000,27939140,3590817,31529957
4,80000,28251257,4542320,32793577
4,80000,27305741,4960008,32265749
4,80000,29120180,3522233,32642413
4,80000,27530573,4691326,32221899
4,80000,29149003,4709441,33858444
4,80000,27243685,4762892,32006577
4,80000,30351859,3590152,33942011
4,80000,28589711,3545865,32135576
4,80000,32593110,4784901,37378011
4,80000,29019451,3602879,32622330
4,80000,28061265,3641202,31702467
4,80000,27681319,4874156,32555475
4,80000,30358775,4811512,35170287
4,80000,28837004,4761065,33598069
4,80000,29013058,4775158,33788216
4,80000,30783449,4822345,35605794
4,80000,29638445,3662635,33301080
4,80000,28158072,3126022,31284094
4,80000,26392834,3558494,29951328
4,80000,31181432,3596677,34778109
4,80000,27903791,4829643,32733434
4,80000,30632917,4825059,35457976
4,80000,26676238,3559608,30235846
4,80000,26801667,3682989,30484656
4,80000,29406380,4047560,33453940
4,80000,28249469,4768057,33017526
4,80000,27299047,4787949,32086996
4,80000,27789865,3480506,31270371
4,90000,32118423,5397120,37515543
4,90000,30940995,5306260,36247255
4,90000,30471683,5355149,35826832
4,90000,31402098,5381298,36783396
4,90000,31669064,5342360,37011424
4,90000,31204632,5370986,36575618
4,90000,31933483,5305866,37239349
4,90000,28926461,5252572,34179033
4,90000,33012881,5252011,38264892
4,90000,32874439,4045873,36920312
4,90000,29881433,5453833,35335266
4,90000,32098673,5344256,37442929
4,90000,29581170,4494861,34076031
4,90000,33090381,3958133,37048514
4,90000,31146861,4657538,35804399
4,90000,32771672,5332656,38104328
4,90000,29259562,4895497,34155059
4,90000,34422009,3942033,38364042
4,90000,31988751,3957528,35946279
4,90000,30803248,3974949,34778197
4,90000,33064094,5311978,38376072
4,90000,30259854,5332543,35592397
4,90000,34157402,5408743,39566145
4,90000,32389415,5334128,37723543
4,90000,31641522,5252138,36893660
4,90000,30182052,5346630,35528682
4,90000,31241524,5274121,36515645
4,90000,31583018,5313846,36896864
4,90000,29540256,4034147,33574403
4,90000,31249349,3967007,35216356
4,90000,29250862,5136448,34387310
4,90000,32287960,3951385,36239345
4,90000,29376129,5285949,34662078
4,90000,33946222,3924109,37870331
4,90000,32154982,5388646,37543628
4,90000,29022769,3977102,32999871
4,90000,30850153,5366346,36216499
4,90000,29764312,5318257,35082569
4,90000,31553629,5321646,36875275
4,90000,30325866,5299593,35625459
4,90000,31975750,3951443,35927193
4,90000,30088171,5368449,35456620
4,90000,31881174,4030472,35911646
4,90000,30956038,5294699,36250737
4,90000,30480534,5269578,35750112
4,90000,32003668,5416000,37419668
4,90000,29539731,5312374,34852105
4,90000,31044857,3924715,34969572
4,90000,30357499,5347997,35705496
4,90000,30403952,5312592,35716544
4,90000,29208042,5349185,34557227
4,90000,33174119,3891423,37065542
4,90000,28953554,5346884,34300438
4,90000,28584941,4012329,32597270
4,90000,30901889,3978355,34880244
4,90000,31078644,4358337,35436981
4,90000,28183365,3480942,31664307
4,90000,32836300,5349700,38186000
4,90000,29980328,5360491,35340819
4,90000,30569380,4031523,34600903
4,90000,30100613,3958246,34058859
4,90000,29671782,5389496,35061278
4,90000,28946392,3898478,32844870
4,90000,30049772,3931405,33981177
4,90000,29898328,5268964,35167292
4,90000,32020059,3971301,35991360
4,90000,34349951,5294330,39644281
4,90000,33309639,4888010,38197649
4,90000,28448544,5298170,33746714
4,90000,33433383,5287710,38721093
4,90000,33651481,5284774,38936255
4,90000,29325132,5329351,34654483
4,90000,28177057,4006060,32183117
4,90000,31474311,5318177,36792488
4,90000,31395587,3865731,35261318
4,90000,31931968,5311293,37243261
4,90000,31336139,3920980,35257119
4,90000,33316245,5236492,38552737
4,90000,31398777,5334186,36732963
4,90000,32601581,3981918,36583499
4,90000,32141677,5441210,37582887
4,90000,32875247,4030156,36905403
4,90000,31321674,3941783,35263457
4,90000,30295282,5303804,35599086
4,90000,29142319,4068906,33211225
4,90000,33062251,5356663,38418914
4,90000,32278393,4117098,36395491
4,90000,29582981,5332443,34915424
4,90000,31808267,5347135,37155402
4,90000,32438532,5411354,37849886
4,90000,31970514,3913435,35883949
4,90000,34384477,3963500,38347977
4,90000,31636548,5349497,36986045
4,90000,32870753,5331990,38202743
4,90000,29963418,5738869,35702287
4,90000,32650345,5312228,37962573
4,90000,31123690,4358815,35482505
4,90000,34952551,5206190,40158741
4,90000,30224916,5336036,35560952
4,90000,30934928,5344785,36279713
4,90000,32369346,5349575,37718921
4,90000,32721687,4401079,37122766
4,90000,28666368,4015059,32681427
4,90000,30137057,3857346,33994403
4,90000,32963982,3988877,36952859
4,90000,32487177,5351315,37838492
4,90000,29484704,5327444,34812148
4,90000,29783055,5389065,35172120
4,90000,29615545,4397064,34012609
4,90000,32769575,5426267,38195842
4,90000,32171183,5373047,37544230
4,90000,32311361,3984687,36296048
4,90000,32100616,4333949,36434565
4,90000,33162463,3883974,37046437
4,90000,33082950,5267054,38350004
4,100000,34826179,4452985,39279164
4,100000,31840727,4291621,36132348
4,100000,37319277,5766039,43085316
4,100000,31951782,5705689,37657471
4,100000,33271475,4369600,37641075
4,100000,31315380,4395300,35710680
4,100000,35458711,4310619,39769330
4,100000,33675825,4325527,38001352
4,100000,33664972,5671476,39336448
4,100000,32917996,5712243,38630239
4,100000,33070702,5801640,38872342
4,100000,32423390,4344227,36767617
4,100000,34833099,4223451,39056550
4,100000,37445574,5706051,43151625
4,100000,32875764,5725812,38601576
4,100000,33458791,5780791,39239582
4,100000,36330556,5790280,42120836
4,100000,32650370,4351724,37002094
4,100000,38739335,4321109,43060444
4,100000,35014555,4342733,39357288
4,100000,34244265,4302912,38547177
4,100000,34053502,5801767,39855269
4,100000,38016515,5665681,43682196
4,100000,33369587,5751537,39121124
4,100000,33725742,5786007,39511749
4,100000,37745747,5778365,43524112
4,100000,32602967,5773714,38376681
4,100000,36078113,4364154,40442267
4,100000,34037527,5655182,39692709
4,100000,32615804,4750068,37365872
4,100000,34877832,5756436,40634268
4,100000,32089451,4342396,36431847
4,100000,33288919,5732345,39021264
4,100000,34529889,5808474,40338363
4,100000,34175284,5762611,39937895
4,100000,32474049,4343619,36817668
4,100000,34624166,5783945,40408111
4,100000,33988373,4249085,38237458
4,100000,34376635,4301152,38677787
4,100000,33869398,5744032,39613430
4,100000,34326330,5642453,39968783
4,100000,32291828,4308643,36600471
4,100000,36324353,5768408,42092761
4,100000,34726996,4185625,38912621
4,100000,38132725,5739861,43872586
4,100000,31743348,4432717,36176065
4,100000,36401308,4434594,40835902
4,100000,31369634,4303515,35673149
4,100000,35214227,4434624,39648851
4,100000,35876407,4315809,40192216
4,100000,33683514,5668984,39352498
4,100000,33496163,4294766,37790929
4,100000,36108596,5785148,41893744
4,100000,33536665,4181014,37717679
4,100000,34383355,5790595,40173950
4,100000,34115495,5741363,39856858
4,100000,37270259,5750838,43021097
4,100000,35113516,4378132,39491648
4,100000,34851892,5760146,40612038
4,100000,34874844,5773307,40648151
4,100000,31798340,4332506,36130846
4,100000,37976582,5771445,43748027
4,100000,32572366,5686722,38259088
4,100000,31981290,4265006,36246296
4,100000,34954714,5801147,40755861
4,100000,35324580,5831923,41156503
4,100000,37098324,5753367,42851691
4,100000,36672715,5783116,42455831
4,100000,34643494,4376500,39019994
4,100000,33860052,5776577,39636629
4,100000,33239002,4331925,37570927
4,100000,32493201,4306057,36799258
4,100000,31603407,5229223,36832630
4,100000,34450536,5770139,40220675
4,100000,34131524,5694042,39825566
4,100000,36936439,5776810,42713249
4,100000,35556821,5754048,41310869
4,100000,35833934,4314470,40148404
4,100000,37409750,5745326,43155076
4,100000,31914631,4306603,36221234
4,100000,35344713,5801168,41145881
4,100000,31641057,5734130,37375187
4,100000,34512769,5790023,40302792
4,100000,33564315,5813451,39377766
4,100000,35060141,5756496,40816637
4,100000,34843757,5787933,40631690
4,100000,32946526,5762798,38709324
4,100000,33673470,4446798,38120268
4,100000,33193922,5803042,38996964
4,100000,33902546,4141563,38044109
4,100000,35769098,5778756,41547854
4,100000,33504019,5771879,39275898
4,100000,33013824,4557552,37571376
4,100000,35493187,5784196,41277383
4,100000,35597918,4315939,39913857
4,100000,32141486,4474271,36615757
4,100000,32795652,5812056,38607708
4,100000,33731943,4382396,38114339
4,100000,32294900,5762325,38057225
4,100000,32886406,5766716,38653122
4,100000,34926534,4289474,39216008
4,100000,37226158,5343327,42569485
4,100000,34646317,4326684,38973001
4,100000,32941607,4465568,37407175
4,100000,34202292,5740783,39943075
4,100000,34631688,5748631,40380319
4,100000,38452626,5479731,43932357
4,100000,34294633,4314041,38608674
4,100000,33309523,5752984,39062507
4,100000,35745006,5615288,41360294
4,100000,33373331,5750806,39124137
4,100000,34826011,5753558,40579569
4,100000,33763043,4299461,38062504
4,100000,33195224,5781967,38977191
4,100000,32608876,5474276,38083152
4,100000,33487697,5779829,39267526
4,100000,34296614,5796097,40092711
4,100000,34705768,5752276,40458044
4,100000,35451490,4325705,39777195
4,100000,33247681,5855148,39102829
4,100000,34469974,5781919,40251893
4,100000,32921779,5791659,38713438
4,100000,34319511,5843970,40163481
4,100000,36018791,5781330,41800121
4,100000,33750990,4252981,38003971
4,100000,33499698,5738762,39238460
4,100000,35149214,5753718,40902932
4,100000,35325114,4359898,39685012
4,100000,33785525,5755652,39541177
4,100000,34738273,4263491,39001764
4,100000,32532911,4294400,36827311
4,100000,32963573,4245116,37208689
4,100000,35423240,4316463,39739703
4,100000,32972813,4317040,37289853
4,100000,37197091,5645678,42842769
4,100000,32398024,5763684,38161708
4,100000,35218523,5763094,40981617
4,100000,34285175,5807832,40093007
4,100000,32745982,5828500,38574482
4,100000,30629590,5704153,36333743
4,100000,33035724,5297571,38333295
4,100000,32028557,5782918,37811475
4,100000,34298260,4376423,38674683
4,100000,32793975,5784479,38578454
4,100000,36612476,5755153,42367629
4,100000,32439577,5833753,38273330
4,100000,36441408,5819377,42260785
4,100000,33003360,4304565,37307925
4,100000,31709345,5813519,37522864
4,100000,34042259,5830330,39872589
4,100000,37003171,5767281,42770452
4,100000,35430679,4116936,39547615
4,100000,36296881,5803684,42100565
4,100000,32190906,5810888,38001794
4,100000,31866158,4250688,36116846
4,100000,34943397,4293521,39236918
4,100000,33868077,5815424,39683501
4,100000,35189238,5782607,40971845
4,100000,35275595,4318514,39594109
4,100000,34990620,5772261,40762881
4,100000,35943665,5788296,41731961
4,100000,33997301,4196524,38193825
4,100000,35087515,4284401,39371916
4,100000,33325534,4180873,37506407
4,100000,33329441,4781732,38111173
4,100000,36022946,5768472,41791418
4,100000,36003755,4259801,40263556
4,100000,33995396,5810674,39806070
4,100000,33711298,4108004,37819302
4,100000,36730987,5697928,42428915
4,100000,33489373,5656285,39145658
4,100000,33247417,5786503,39033920
4,100000,43157363,4357753,47515116
4,100000,34336654,4316821,38653475
4,100000,31961345,5746069,37707414
4,100000,36052302,4303219,40355521
4,100000,33215882,4395564,37611446
4,100000,32475318,5713119,38188437
4,100000,32965881,5753481,38719362
4,100000,33500637,5782562,39283199
4,100000,33347546,5773496,39121042
4,100000,32316532,4420027,36736559
4,100000,35144852,5774312,40919164
4,100000,32801939,5788768,38590707
4,100000,33428719,4259653,37688372
4,100000,33710938,5020019,38730957
4,100000,33699289,4458176,38157465
4,100000,35642072,4138504,39780576
4,100000,32072204,4257395,36329599
4,100000,37752925,5511135,43264060
4,100000,33087895,5837729,38925624
4,100000,33145390,5816930,38962320
4,100000,34670566,5734008,40404574
4,100000,35055643,5852616,40908259
4,100000,33862958,5834725,39697683
4,100000,35462411,5742682,41205093
4,100000,35653224,4283316,39936540
4,100000,32991754,5798229,38789983
4,100000,32908317,5788118,38696435
4,100000,32773192,5751194,38524386
4,100000,32529140,4325955,36855095
4,100000,35362610,4877646,40240256
4,100000,33448113,4350862,37798975
4,100000,33377654,4266647,37644301
4,100000,30336886,4116270,34453156
4,100000,33082794,5227774,38310568
4,100000,33528519,5782115,39310634
4,100000,33615178,5801199,39416377
4,100000,36762858,4312654,41075512
4,100000,33437983,5796534,39234517
4,100000,32625660,5782486,38408146
4,100000,31463652,4490314,35953966
4,100000,35720483,4340608,40061091
4,100000,37497221,5731976,43229197
4,100000,35239566,5767511,41007077
4,100000,36968110,5723994,42692104
4,100000,35793174,5671201,41464375
4,100000,33719701,5774442,39494143
4,100000,32595432,4386103,36981535
4,100000,32896754,5763029,38659783
4,100000,35210693,4376220,39586913
4,100000,34532961,4268365,38801326
4,100000,32571169,5793411,38364580
4,100000,35272973,5848461,41121434
4,100000,36406687,5896756,42303443
4,100000,34247445,5774583,40022028
4,100000,34287064,5757788,40044852
4,100000,33554101,5823353,39377454
4,100000,34250269,5785028,40035297
4,100000,35680951,4330983,40011934
4,200000,57902110,7692380,65594490
4,200000,55781410,7726750,63508160
4,200000,62487067,7632020,70119087
4,200000,63043409,7753490,70796899
4,200000,62848565,10283747,73132312
4,200000,62957300,7319995,70277295
4,200000,61938791,7720982,69659773
4,200000,68967946,7744189,76712135
4,200000,65748930,10481575,76230505
4,200000,64106403,7683331,71789734
4,200000,58277090,9299613,67576703
4,200000,60332940,7657660,67990600
4,200000,59468904,10058479,69527383
4,200000,58556295,7570036,66126331
4,200000,57626651,10751601,68378252
4,200000,61762673,10439188,72201861
4,200000,59784221,8925855,68710076
4,200000,60507045,7702410,68209455
4,200000,61128103,7511937,68640040
4,200000,56434785,7684655,64119440
4,200000,59427199,7958050,67385249
4,200000,66762942,7490195,74253137
4,200000,60432881,7644187,68077068
4,200000,58503127,7546270,66049397
4,200000,57503268,7444244,64947512
4,200000,59129722,10821720,69951442
4,200000,63218590,10334432,73553022
4,200000,60485587,7669914,68155501
4,200000,69855326,8705896,78561222
4,200000,61583767,10404021,71987788
4,200000,64673905,7659524,72333429
4,200000,66526311,7670392,74196703
4,200000,67413053,9846578,77259631
4,200000,63114536,9270509,72385045
4,200000,59748126,10340326,70088452
4,200000,59749764,10413974,70163738
4,200000,67494774,10421755,77916529
4,200000,60549471,8812375,69361846
4,200000,60911727,10261261,71172988
4,200000,59828683,10760103,70588786
4,200000,61058620,10262805,71321425
4,200000,57736973,10256967,67993940
4,200000,62365038,9513465,71878503
4,200000,58815598,7315212,66130810
4,200000,62608440,10147498,72755938
4,200000,58813983,10595961,69409944
4,200000,58919408,7729918,66649326
4,200000,64771597,7757480,72529077
4,200000,59385037,7687642,67072679
4,200000,59881392,7328606,67209998
4,200000,60413796,9603435,70017231
4,200000,63335505,7623620,70959125
4,200000,65334996,10702904,76037900
4,200000,62356627,8549079,70905706
4,200000,62860078,7429009,70289087
4,200000,64027847,7677439,71705286
4,200000,58073404,7347740,65421144
4,200000,66652055,7470136,74122191
4,200000,59639923,9968325,69608248
4,200000,60997903,9485718,70483621
4,200000,59166751,7671096,66837847
4,200000,61891494,10039030,71930524
4,200000,59376780,9824992,69201772
4,200000,62426671,7519537,69946208
4,200000,66530757,10712510,77243267
4,200000,62922559,7714640,70637199
4,200000,58782944,7628049,66410993
4,200000,60415812,8248095,68663907
4,200000,58932867,7644948,66577815
4,200000,58249232,7758843,66008075
4,200000,63153710,10273278,73426988
4,200000,71565584,10736355,82301939
4,200000,62626567,9247558,71874125
4,200000,64185387,7691547,71876934
4,200000,57914968,7460198,65375166
4,200000,60565615,7678517,68244132
4,200000,61657001,7675717,69332718
4,200000,63650547,7471513,71122060
4,200000,61561613,7721404,69283017
4,200000,62469492,7336808,69806300
4,200000,64083690,7656429,71740119
4,200000,64259222,7741316,72000538
4,200000,60907909,10049869,70957778
4,200000,62529365,7788223,70317588
4,200000,63828354,10391242,74219596
4,200000,64336907,10164818,74501725
4,200000,61452173,7665380,69117553
4,200000,57178630,7727510,64906140
4,200000,61390818,7425165,68815983
4,200000,58488872,9725802,68214674
4,200000,65947591,7686657,73634248
4,200000,63581436,7779337,71360773
4,200000,64799627,7737127,72536754
4,200000,60380307,7526097,67906404
4,200000,61229383,9162574,70391957
4,200000,58146601,10202108,68348709
4,200000,60900448,10362150,71262598
4,200000,58240813,8867138,67107951
4,200000,57800180,7701276,65501456
4,200000,59501157,9811758,69312915
4,200000,60194284,10221604,70415888
4,200000,62247678,9965265,72212943
4,200000,60472392,7452754,67925146
4,200000,59853786,7770217,67624003
4,200000,60322701,9929274,70251975
4,200000,65554570,7426664,72981234
4,200000,68913106,7904466,76817572
4,200000,61511264,9823285,71334549
4,200000,56806018,7695071,64501089
4,200000,59643744,7479407,67123151
4,200000,60016321,7669139,67685460
4,200000,62389064,10126655,72515719
4,200000,65055166,7609334,72664500
4,200000,67420624,7902126,75322750
4,200000,59849635,7478039,67327674
4,300000,98732560,12320780,111053340
4,300000,97329713,13714508,111044221
4,300000,93084060,11024207,104108267
4,300000,96605935,11450365,108056300
4,300000,94667222,11124615,105791837
4,300000,83796522,11159571,94956093
4,300000,95094586,11525960,106620546
4,300000,93416533,11145607,104562140
4,300000,89207855,11523755,100731610
4,300000,95212952,13061026,108273978
4,300000,91492900,11451680,102944580
4,300000,95862732,11483484,107346216
4,300000,85513205,11006603,96519808
4,300000,88595328,10944635,99539963
4,300000,88766101,11458264,100224365
4,300000,87646231,10998528,98644759
4,300000,87329902,11497654,98827556
4,300000,95889354,12334834,108224188
4,300000,89858352,11119579,100977931
4,300000,85625241,11518748,97143989
4,300000,95726978,11634927,107361905
4,300000,93278146,13677662,106955808
4,300000,85707413,11151043,96858456
4,300000,99877322,11173593,111050915
4,300000,93096688,11512312,104609000
4,300000,93838452,11164377,105002829
4,300000,94153600,11684444,105838044
4,300000,93686053,11531809,105217862
4,300000,88712217,10936527,99648744
4,300000,96057400,11479733,107537133
4,300000,99855866,11445283,111301149
4,300000,90059317,11522258,101581575
4,300000,97638649,13288311,110926960
4,300000,91421303,11424047,102845350
4,300000,98439023,11083712,109522735
4,300000,89542837,13259318,102802155
4,300000,90221000,11194427,101415427
4,300000,91543428,11203570,102746998
4,300000,96509189,11477974,107987163
4,300000,83405695,11068954,94474649
4,300000,94181243,11197082,105378325
4,300000,92138629,11205777,103344406
4,300000,92926262,11191549,104117811
4,300000,93776037,14132199,107908236
4,300000,87206015,10927692,98133707
4,300000,99176907,11176188,110353095
4,300000,98454912,11547579,110002491
4,300000,97473126,11171005,108644131
4,300000,96217019,11126660,107343679
4,300000,92807751,11143156,103950907
4,300000,89396024,11125818,100521842
4,300000,97637468,11041316,108678784
4,300000,97985801,11283031,109268832
4,300000,94197425,15334384,109531809
4,300000,91705862,11201127,102906989
4,300000,94837075,13917549,108754624
4,300000,92497594,10986668,103484262
4,300000,93431058,13822668,107253726
4,300000,88694950,11502052,100197002
4,300000,84746942,11194495,95941437
4,300000,92675602,11505051,104180653
4,300000,95011852,11298228,106310080
4,300000,89636617,11248759,100885376
4,300000,88984481,10974994,99959475
4,300000,94006125,11540602,105546727
4,300000,91018030,11192279,102210309
4,300000,97933812,11545478,109479290
4,300000,89294288,11124305,100418593
4,300000,87482545,11486725,98969270
4,300000,89177214,15055645,104232859
4,300000,95864497,11450422,107314919
4,300000,94414654,12812151,107226805
4,300000,96018352,12812979,108831331
4,300000,93401833,11154346,104556179
4,300000,92013655,11466378,103480033
4,300000,91804706,11062366,102867072
4,300000,96138809,11141718,107280527
4,300000,88173265,11530469,99703734
4,300000,96238030,11154802,107392832
4,300000,93903257,11355170,105258427
4,300000,91387863,11589201,102977064
4,300000,92294347,11600745,103895092
4,300000,89616531,11463644,101080175
4,300000,91844264,12578556,104422820
4,300000,93405787,11504583,104910370
4,300000,96696400,12452753,109149153
4,300000,88856591,11540377,100396968
4,300000,86260033,11146165,97406198
4,300000,89613675,11820208,101433883
4,300000,93804141,11562938,105367079
4,300000,93850037,12766306,106616343
4,300000,91635665,11515378,103151043
4,300000,90462722,11071985,101534707
4,300000,89215345,12023574,101238919
4,300000,96400012,11426634,107826646
4,300000,92030903,11479751,103510654
4,300000,88244743,11482385,99727128
4,300000,92480562,11100463,103581025
4,300000,93160264,11169494,104329758
4,300000,97512289,13563932,111076221
4,300000,103098438,11577079,114675517
4,300000,92582024,11441374,104023398
4,300000,100508476,11451385,111959861
4,300000,90478541,11479100,101957641
4,300000,91092309,13672542,104764851
4,300000,93068599,14087979,107156578
4,300000,94780144,11514853,106294997
4,300000,94730927,11495701,106226628
4,300000,94325594,11193502,105519096
4,300000,87830277,11554694,99384971
4,300000,98307437,11555819,109863256
4,300000,95398528,11449154,106847682
4,300000,93686797,11124218,104811015
4,300000,93553146,11518488,105071634
4,300000,93540362,11195903,104736265
4,400000,118017967,15060903,133078870
4,400000,115190278,16190935,131381213
4,400000,113913481,16284052,130197533
4,400000,121655940,14844150,136500090
4,400000,118946077,14899053,133845130
4,400000,120430395,14997569,135427964
4,400000,111942540,14926567,126869107
4,400000,117026321,15158003,132184324
4,400000,118378277,16718123,135096400
4,400000,131684507,17001681,148686188
4,400000,113406793,15194978,128601771
4,400000,113972794,15248417,129221211
4,400000,112417794,15064638,127482432
4,400000,113540191,15172237,128712428
4,400000,113033679,14942529,127976208
4,400000,123276594,16903899,140180493
4,400000,117649555,15019596,132669151
4,400000,121171997,15142978,136314975
4,400000,116887855,14983928,131871783
4,400000,119776491,16386460,136162951
4,400000,116820228,15100796,131921024
4,400000,111827481,15066212,126893693
4,400000,115514307,15171765,130686072
4,400000,115265013,15001156,130266169
4,400000,122536778,15232524,137769302
4,400000,117532853,14895402,132428255
4,400000,123404862,16411950,139816812
4,400000,119854584,15189708,135044292
4,400000,124385515,15272378,139657893
4,400000,122905604,15242436,138148040
4,400000,127156613,14814392,141971005
4,400000,117687808,19354527,137042335
4,400000,113750856,14985725,128736581
4,400000,121520951,15068448,136589399
4,400000,119250616,14971359,134221975
4,400000,119350293,14919406,134269699
4,400000,106832841,16388066,123220907
4,400000,132139798,15075011,147214809
4,400000,121199592,14970849,136170441
4,400000,124788402,15331297,140119699
4,400000,113137389,14952470,128089859
4,400000,120302452,15054850,135357302
4,400000,124403802,18412714,142816516
4,400000,124223547,15321888,139545435
4,400000,111539750,15287899,126827649
4,400000,114357172,14881806,129238978
4,400000,120160243,14850394,135010637
4,400000,125062589,17481381,142543970
4,400000,121269514,15192279,136461793
4,400000,118830810,15110924,133941734
4,400000,120215799,14924542,135140341
4,400000,117053103,14971059,132024162
4,400000,116755199,14922772,131677971
4,400000,118444264,15069891,133514155
4,400000,118433819,15034679,133468498
4,400000,111323447,14831987,126155434
4,400000,114367243,15111314,129478557
4,400000,114998085,15093265,130091350
4,400000,119244735,14850339,134095074
4,400000,118913391,15261292,134174683
4,400000,114133242,15363786,129497028
4,400000,113231205,15216556,128447761
4,400000,110123379,16729558,126852937
4,400000,125195839,15681787,140877626
4,400000,114415222,16229584,130644806
4,400000,118852552,14898191,133750743
4,400000,116464472,15447069,131911541
4,400000,116187404,14779451,130966855
4,400000,120543125,17219265,137762390
4,400000,119998579,14956796,134955375
4,400000,123022767,15104070,138126837
4,400000,117792956,15108357,132901313
4,400000,128330558,15009451,143340009
4,400000,118166171,14911970,133078141
4,400000,120671197,15120674,135791871
4,400000,115571589,14783015,130354604
4,400000,117870129,14912149,132782278
4,400000,124243661,14960773,139204434
4,400000,120039562,15186281,135225843
4,400000,114533234,14720715,129253949
4,400000,120145575,15023612,135169187
4,400000,118944433,14954999,133899432
4,400000,116183555,15028032,131211587
4,400000,118036869,14932013,132968882
4,400000,128466585,17046043,145512628
4,400000,115679620,15294524,130974144
4,400000,110653209,16012239,126665448
4,400000,119592489,15188115,134780604
4,400000,113924373,15049114,128973487
4,400000,122641821,15070305,137712126
4,400000,117933843,15134692,133068535
4,400000,110076912,15065789,125142701
4,400000,128589697,14995073,143584770
4,400000,115975556,14990342,130965898
4,400000,125347355,16744138,142091493
4,400000,113664599,15192498,128857097
4,400000,119479077,14888604,134367681
4,400000,119397630,14982011,134379641
4,400000,122304069,15030874,137334943
4,400000,116500011,14904879,131404890
4,400000,123204319,15221385,138425704
4,400000,113922477,15045049,128967526
4,400000,116054854,15069381,131124235
4,400000,115940909,14871920,130812829
4,400000,120217451,14980168,135197619
4,400000,127025293,15211244,142236537
4,400000,119716246,15198132,134914378
4,400000,123387043,14990237,138377280
4,400000,128450810,14870456,143321266
4,400000,109467781,14941664,124409445
4,400000,120139392,15034697,135174089
4,400000,114070371,15054409,129124780
4,400000,112556860,14943522,127500382
4,400000,125373608,15231743,140605351
4,400000,119910136,15137043,135047179
4,500000,135252992,21361347,156614339
4,500000,133826005,18642391,152468396
4,500000,140848063,18654850,159502913
4,500000,138445249,18669527,157114776
4,500000,134917967,18574910,153492877
4,500000,135262513,18623333,153885846
4,500000,143463255,18566411,162029666
4,500000,128488632,18624316,147112948
4,500000,145959788,18637484,164597272
4,500000,155638738,18596776,174235514
4,500000,136889486,21740201,158629687
4,500000,132503887,18689038,151192925
4,500000,141566176,18633992,160200168
4,500000,140824323,18639653,159463976
4,500000,140150685,18519040,158669725
4,500000,138130101,18694954,156825055
4,500000,137514871,18500732,156015603
4,500000,146449273,18535338,164984611
4,500000,131761686,18802808,150564494
4,500000,133463105,18537354,152000459
4,500000,137797490,18626195,156423685
4,500000,133526609,18607376,152133985
4,500000,146702430,18639019,165341449
4,500000,138297216,18581918,156879134
4,500000,146192129,20055786,166247915
4,500000,140272926,18594372,158867298
4,500000,136539093,18732487,155271580
4,500000,139857244,18587408,158444652
4,500000,132546817,21103351,153650168
4,500000,147293914,20659838,167953752
4,500000,132590115,18600632,151190747
4,500000,132389888,18639650,151029538
4,500000,136079947,18528430,154608377
4,500000,136721647,18595997,155317644
4,500000,133627828,18796407,152424235
4,500000,138356876,18990919,157347795
4,500000,138482513,18649825,157132338
4,500000,130215257,18468124,148683381
4,500000,135095336,18614439,153709775
4,500000,139807933,18577925,158385858
4,500000,136118755,18463180,154581935
4,500000,133927186,18607413,152534599
4,500000,134909078,18582942,153492020
4,500000,130062740,18449282,148512022
4,500000,136154701,18595040,154749741
4,500000,135736534,18608000,154344534
4,500000,132937978,18634274,151572252
4,500000,133204473,18479995,151684468
4,500000,142168276,18649814,160818090
4,500000,132114081,18477168,150591249
4,500000,131868617,18597306,150465923
4,500000,138520440,18642882,157163322
4,500000,142031905,19977199,162009104
4,500000,136685988,18573354,155259342
4,500000,130731343,18648598,149379941
4,500000,131683161,18628932,150312093
4,500000,136116825,18565024,154681849
4,500000,136139035,18647109,154786144
4,500000,143899705,18723071,162622776
4,500000,138674175,20722734,159396909
4,500000,140203313,18604351,158807664
4,500000,144685787,20541115,165226902
4,500000,135701694,18676140,154377834
4,500000,136898349,18586232,155484581
4,500000,132387340,18539222,150926562
4,500000,132559229,18661812,151221041
4,500000,136240461,18632382,154872843
4,500000,138649766,19004465,157654231
4,500000,139988138,18635922,158624060
4,500000,144732839,18753537,163486376
4,500000,143703534,19460479,163164013
4,500000,135062181,18637303,153699484
4,500000,141856976,18536602,160393578
4,500000,150205471,18619175,168824646
4,500000,140170083,18524853,158694936
4,500000,139030531,18599946,157630477
4,500000,137772686,18595331,156368017
4,500000,141170378,18732142,159902520
4,500000,144807663,19065047,163872710
4,500000,134601097,18667883,153268980
4,500000,140479767,18661286,159141053
4,500000,137511355,20791198,158302553
4,500000,142882081,18544710,161426791
4,500000,136137553,18617396,154754949
4,500000,138706884,18587025,157293909
4,500000,136483577,18641898,155125475
4,500000,138461419,18827082,157288501
4,500000,140778114,18581295,159359409
4,500000,137566809,18570910,156137719
4,500000,134777715,18578979,153356694
4,500000,141133542,18597152,159730694
4,500000,136406971,18726018,155132989
4,500000,138608194,21192533,159800727
4,500000,133105650,19922365,153028015
4,500000,136144505,18628563,154773068
4,500000,147242187,18628232,165870419
4,500000,135232600,18615936,153848536
4,500000,141954453,18628602,160583055
4,500000,140994993,18624824,159619817
4,500000,131106332,18675497,149781829
4,500000,144739952,21461949,166201901
4,500000,134427877,18674693,153102570
4,500000,145696098,18672983,164369081
4,500000,138827047,18631549,157458596
4,500000,136989937,18530317,155520254
4,500000,138447618,18492014,156939632
4,500000,144326676,18764699,163091375
4,500000,136596798,18577934,155174732
4,500000,138234057,18667809,156901866
4,500000,138481823,18629084,157110907
4,500000,142607880,18726309,161334189
4,500000,134958645,18610901,153569546
4,500000,154190611,19594480,173785091
4,500000,133949009,18642561,152591570
4,500000,141167582,18614739,159782321
4,600000,165512427,22375612,187888039
4,600000,177282695,22371392,199654087
4,600000,166382352,22314842,188697194
4,600000,158416309,22354935,180771244
4,600000,185845257,22368330,208213587
4,600000,163966520,22373006,186339526
4,600000,179780209,21878096,201658305
4,600000,170163001,22857302,193020303
4,600000,173951342,22375607,196326949
4,600000,166770436,22497595,189268031
4,600000,169130952,21928956,191059908
4,600000,172147580,21821820,193969400
4,600000,186489979,21822862,208312841
4,600000,164715495,24670784,189386279
4,600000,172026465,21968124,193994589
4,600000,161740079,21813513,183553592
4,600000,161857655,21929582,183787237
4,600000,177601333,22902412,200503745
4,600000,176905933,22399320,199305253
4,600000,175518416,21863619,197382035
4,600000,154169909,22444671,176614580
4,600000,176446296,22420550,198866846
4,600000,165416774,21775723,187192497
4,600000,174494751,22486850,196981601
4,600000,172353151,22405684,194758835
4,600000,175653463,21822516,197475979
4,600000,162698967,21905111,184604078
4,600000,166554003,22385129,188939132
4,600000,162269322,22439196,184708518
4,600000,163387982,22375092,185763074
4,600000,178768033,21884987,200653020
4,600000,162734109,22327846,185061955
4,600000,172800316,22382996,195183312
4,600000,160970018,21802129,182772147
4,600000,185532771,21836421,207369192
4,600000,177947482,22426968,200374450
4,600000,160404012,22396521,182800533
4,600000,156867455,22369555,179237010
4,600000,188779907,22478841,211258748
4,600000,180921468,21814709,202736177
4,600000,176624189,22475723,199099912
4,600000,167536496,22314112,189850608
4,600000,166618929,21793536,188412465
4,600000,169107078,22975360,192082438
4,600000,160243451,22469801,182713252
4,600000,166020436,21831305,187851741
4,600000,161095935,22335140,183431075
4,600000,174079496,21880426,195959922
4,600000,170019145,21864706,191883851
4,600000,168043863,25267565,193311428
4,600000,187364790,22424660,209789450
4,600000,181538509,24345179,205883688
4,600000,176004035,22399723,198403758
4,600000,165111251,21860721,186971972
4,600000,178571987,22392976,200964963
4,600000,163384285,21809232,185193517
4,600000,166864570,22443956,189308526
4,600000,175927304,21912537,197839841
4,600000,181533273,22464395,203997668
4,600000,170206926,23377006,193583932
4,600000,177123968,22616402,199740370
4,600000,170034723,24037376,194072099
4,600000,163529760,21840395,185370155
4,600000,158379696,22979182,181358878
4,600000,170836983,22393077,193230060
4,600000,170541600,22422084,192963684
4,600000,160824759,24143746,184968505
4,600000,177757809,22438900,200196709
4,600000,170498178,21810984,192309162
4,600000,165071724,21906714,186978438
4,600000,179009837,22406905,201416742
4,600000,172339025,22456856,194795881
4,600000,167245194,21823604,189068798
4,600000,167032598,21948437,188981035
4,600000,165562089,23905284,189467373
4,600000,174932378,22461327,197393705
4,600000,193459262,22927261,216386523
4,600000,161236215,21839048,183075263
4,600000,167001847,22388720,189390567
4,600000,158964004,22368441,181332445
4,600000,155877353,22107541,177984894
4,600000,160703903,22438185,183142088
4,600000,161607692,21979630,183587322
4,600000,177786025,22406837,200192862
4,600000,165430411,21875822,187306233
4,600000,162666599,21868095,184534694
4,600000,165376597,22450879,187827476
4,600000,159180233,22437681,181617914
4,600000,179557546,25164205,204721751
4,600000,184104344,21797372,205901716
4,600000,185404404,22755758,208160162
4,600000,160167023,22482010,182649033
4,600000,171325347,22424738,193750085
4,600000,163971379,22009573,185980952
4,600000,183401121,22371901,205773022
4,600000,163783980,22473988,186257968
4,600000,161621521,22108089,183729610
4,600000,159735182,21930490,181665672
4,600000,165540675,21768067,187308742
4,600000,162932770,22379045,185311815
4,600000,169384976,22449037,191834013
4,600000,172782884,25178918,197961802
4,600000,188039642,22509396,210549038
4,600000,174189661,22406322,196595983
4,600000,160576643,21723531,182300174
4,600000,157924909,22365727,180290636
4,600000,178300632,21843775,200144407
4,600000,182661635,22378629,205040264
4,600000,184703315,23508582,208211897
4,600000,162194777,23019251,185214028
4,600000,179849326,22371378,202220704
4,600000,157859191,21869931,179729122
4,600000,174454044,22482245,196936289
4,600000,180875346,21790245,202665591
4,600000,171793435,21864089,193657524
4,700000,206109316,25968120,232077436
4,700000,191650359,26036172,217686531
4,700000,208705949,27063417,235769366
4,700000,195172830,25941492,221114322
4,700000,186695005,26498939,213193944
4,700000,194460815,26208660,220669475
4,700000,207165582,25894738,233060320
4,700000,203107974,25892817,229000791
4,700000,200838510,25926087,226764597
4,700000,206945035,25510173,232455208
4,700000,192777055,28940322,221717377
4,700000,209235430,25889850,235125280
4,700000,195932571,26080159,222012730
4,700000,197527081,25905236,223432317
4,700000,195311107,25585678,220896785
4,700000,205050352,26716375,231766727
4,700000,206686868,25623005,232309873
4,700000,204299800,26010459,230310259
4,700000,205384428,25996961,231381389
4,700000,194458726,25638954,220097680
4,700000,198779912,25990475,224770387
4,700000,217682398,25902778,243585176
4,700000,196753896,26009082,222762978
4,700000,197465395,26497535,223962930
4,700000,207603351,25718468,233321819
4,700000,211052627,25341744,236394371
4,700000,196588697,25993849,222582546
4,700000,188411874,26000862,214412736
4,700000,200565278,26163676,226728954
4,700000,201873876,25925391,227799267
4,700000,206791631,26176309,232967940
4,700000,196338428,25561268,221899696
4,700000,192003415,25972617,217976032
4,700000,200716082,25863541,226579623
4,700000,189891234,25644853,215536087
4,700000,204032740,25588171,229620911
4,700000,209509374,25913493,235422867
4,700000,210212587,26114784,236327371
4,700000,189983123,25914139,215897262
4,700000,211754422,26090536,237844958
4,700000,197970235,26004300,223974535
4,700000,210545460,27565596,238111056
4,700000,191445351,26267386,217712737
4,700000,192941412,25994753,218936165
4,700000,211079255,27062257,238141512
4,700000,188939781,26036977,214976758
4,700000,195157023,26025453,221182476
4,700000,194028917,25603779,219632696
4,700000,190411556,26816067,217227623
4,700000,189276189,26323050,215599239
4,700000,199060907,25679882,224740789
4,700000,198516085,26030750,224546835
4,700000,190995532,25623463,216618995
4,700000,186983974,26082529,213066503
4,700000,182165815,25927422,208093237
4,700000,202976493,25973912,228950405
4,700000,209297744,26009427,235307171
4,700000,192865342,26215537,219080879
4,700000,209449752,26061759,235511511
4,700000,194615921,25834990,220450911
4,700000,206394402,25899701,232294103
4,700000,207392909,25950383,233343292
4,700000,207264554,26176347,233440901
4,700000,207492896,25885329,233378225
4,700000,193905901,25609287,219515188
4,700000,200902134,25674291,226576425
4,700000,185670041,25973680,211643721
4,700000,195703689,26060495,221764184
4,700000,196442520,26052454,222494974
4,700000,202477721,26030185,228507906
4,700000,207498448,25959358,233457806
4,700000,188975710,26083343,215059053
4,700000,216431988,27208509,243640497
4,700000,207504521,25906480,233411001
4,700000,206164904,25622002,231786906
4,700000,191071063,26046534,217117597
4,700000,205293744,25972969,231266713
4,700000,204662767,25675737,230338504
4,700000,194958162,25601378,220559540
4,700000,210025768,25638018,235663786
4,700000,200044902,25941242,225986144
4,700000,195232555,26023860,221256415
4,700000,185729773,25923772,211653545
4,700000,194652830,25925234,220578064
4,700000,210528491,25900361,236428852
4,700000,210150389,25975304,236125693
4,700000,198534043,25905896,224439939
4,700000,195247491,25948564,221196055
4,700000,207977016,25982384,233959400
4,700000,185049539,25922040,210971579
4,700000,212915912,25899154,238815066
4,700000,188247209,25938635,214185844
4,700000,196177571,26882912,223060483
4,700000,203001963,25929704,228931667
4,700000,195722444,26030147,221752591
4,700000,209846718,25982180,235828898
4,700000,196324172,25949254,222273426
4,700000,189045518,25968830,215014348
4,700000,190034907,26209529,216244436
4,700000,191833177,26123444,217956621
4,700000,196859459,25551684,222411143
4,700000,217908763,26538054,244446817
4,700000,192999222,25661773,218660995
4,700000,220183309,26134999,246318308
4,700000,204489884,25657247,230147131
4,700000,216178197,25989965,242168162
4,700000,195730790,25967484,221698274
4,700000,218416116,25791913,244208029
4,700000,200297489,25604866,225902355
4,700000,218132658,25989406,244122064
4,700000,202316664,25917307,228233971
4,700000,182901281,25914697,208815978
4,700000,207508769,25906255,233415024
4,700000,218177009,25999718,244176727
4,700000,199867382,25954693,225822075
4,800000,222855235,29220629,252075864
4,800000,241498556,29013630,270512186
4,800000,206832958,28928670,235761628
4,800000,217824134,29851434,247675568
4,800000,229296138,29061861,258357999
4,800000,217331649,29128373,246460022
4,800000,221101469,29094556,250196025
4,800000,233549045,31323922,264872967
4,800000,228731470,29529432,258260902
4,800000,214297132,28933729,243230861
4,800000,237802464,29240142,267042606
4,800000,237613871,29042257,266656128
4,800000,233594746,28898889,262493635
4,800000,230514057,29015300,259529357
4,800000,215192449,28885923,244078372
4,800000,236064249,28983432,265047681
4,800000,232382331,28871698,261254029
4,800000,215814944,29087836,244902780
4,800000,221646552,29036369,250682921
4,800000,221513797,29010699,250524496
4,800000,226271297,29011094,255282391
4,800000,221259237,28932338,250191575
4,800000,241343218,28972935,270316153
4,800000,229226502,29001092,258227594
4,800000,221010442,28991745,250002187
4,800000,228580864,29107108,257687972
4,800000,225680976,29002913,254683889
4,800000,239016630,29420402,268437032
4,800000,230906633,28986188,259892821
4,800000,222044977,29002674,251047651
4,800000,218494108,29500049,247994157
4,800000,231817192,29060442,260877634
4,800000,226901319,28919878,255821197
4,800000,211745273,30778339,242523612
4,800000,218363839,28941252,247305091
4,800000,238345546,28837322,267182868
4,800000,223519888,29438688,252958576
4,800000,226424116,29106981,255531097
4,800000,234324121,28942499,263266620
4,800000,230586204,28974212,259560416
4,800000,231679755,29024088,260703843
4,800000,236651294,28953781,265605075
4,800000,231092357,29082906,260175263
4,800000,233941806,28916017,262857823
4,800000,239702340,28892295,268594635
4,800000,238604415,29708230,268312645
4,800000,223189063,30775604,253964667
4,800000,225088567,28979484,254068051
4,800000,228318009,28853204,257171213
4,800000,227873106,29076204,256949310
4,800000,226002173,29000696,255002869
4,800000,229912890,29227245,259140135
4,800000,242556716,29082142,271638858
4,800000,242350965,30765265,273116230
4,800000,232899653,28843538,261743191
4,800000,238009634,30030931,268040565
4,800000,232259524,28819949,261079473
4,800000,222230916,28875348,251106264
4,800000,234580466,29079033,263659499
4,800000,230969154,29105469,260074623
4,800000,228134504,28972432,257106936
4,800000,223118005,29233141,252351146
4,800000,239573340,29038907,268612247
4,800000,210598320,29102691,239701011
4,800000,234728031,28972114,263700145
4,800000,236209671,28946976,265156647
4,800000,227056581,29091636,256148217
4,800000,240073000,28998332,269071332
4,800000,222160871,28859103,251019974
4,800000,212746425,28911941,241658366
4,800000,236025668,28971768,264997436
4,800000,219272276,29120144,248392420
4,800000,234252325,29232928,263485253
4,800000,247307393,28976934,276284327
4,800000,222711600,28873775,251585375
4,800000,231758169,28919302,260677471
4,800000,232026522,29293152,261319674
4,800000,238008222,28959751,266967973
4,800000,217009484,29036132,246045616
4,800000,232003806,29547985,261551791
4,800000,228790877,28934795,257725672
4,800000,225295921,28968229,254264150
4,800000,237425831,28917160,266342991
4,800000,229310440,28827373,258137813
4,800000,226364787,29006087,255370874
4,800000,221405903,29047179,250453082
4,800000,232109426,28885237,260994663
4,800000,212666730,28928966,241595696
4,800000,223669644,29125678,252795322
4,800000,221521291,29441122,250962413
4,800000,231181927,29281513,260463440
4,800000,230096563,28839168,258935731
4,800000,228198524,28795482,256994006
4,800000,237004969,28957906,265962875
4,800000,224560229,29087301,253647530
4,800000,223430911,28936571,252367482
4,800000,224485720,29417568,253903288
4,800000,227097179,29060953,256158132
4,800000,218283205,28963719,247246924
4,800000,227572641,29082915,256655556
4,800000,237649779,30388255,268038034
4,800000,219514399,28901801,248416200
4,800000,232540047,29069300,261609347
4,800000,221394579,28978967,250373546
4,800000,241620865,29021723,270642588
4,800000,229534801,29134279,258669080
4,800000,234717955,28907134,263625089
4,800000,218083762,28948452,247032214
4,800000,222303013,28859492,251162505
4,800000,222188681,29102643,251291324
4,800000,235036124,32224240,267260364
4,800000,220544649,28971984,249516633
4,800000,238621432,28974927,267596359
4,800000,209996352,29016129,239012481
4,800000,237122616,28868967,265991583
4,900000,246009196,33129004,279138200
4,900000,253494726,33549321,287044047
4,900000,258826393,33300082,292126475
4,900000,265169427,33073056,298242483
4,900000,238329445,33290695,271620140
4,900000,262943881,33113016,296056897
4,900000,253031130,33449867,286480997
4,900000,259883616,33330207,293213823
4,900000,255957106,33112906,289070012
4,900000,251457549,33256722,284714271
4,900000,260649416,33109975,293759391
4,900000,254084620,33122721,287207341
4,900000,262102170,33551999,295654169
4,900000,254507036,33109903,287616939
4,900000,254489706,33175619,287665325
4,900000,259208652,35145769,294354421
4,900000,255480694,32451558,287932252
4,900000,261987282,33151076,295138358
4,900000,268330776,33137219,301467995
4,900000,258098235,33159991,291258226
4,900000,246706476,33163396,279869872
4,900000,257981654,32968029,290949683
4,900000,250828188,33222303,284050491
4,900000,268349122,33341728,301690850
4,900000,254608992,33186155,287795147
4,900000,267342904,33244671,300587575
4,900000,237864975,33373684,271238659
4,900000,257943259,33168834,291112093
4,900000,254060449,33161430,287221879
4,900000,269270343,33182018,302452361
4,900000,268416251,33184865,301601116
4,900000,267043281,34092374,301135655
4,900000,247046634,33135806,280182440
4,900000,262027092,33147003,295174095
4,900000,247506507,33216470,280722977
4,900000,276961227,33078530,310039757
4,900000,260728064,33141213,293869277
4,900000,261630589,33153485,294784074
4,900000,258694505,33149226,291843731
4,900000,258763110,33239416,292002526
4,900000,243623979,33364556,276988535
4,900000,255859779,36243624,292103403
4,900000,249120482,33538247,282658729
4,900000,268563026,33155462,301718488
4,900000,248133690,33203515,281337205
4,900000,258819287,33184796,292004083
4,900000,259600072,33730833,293330905
4,900000,256016870,33029628,289046498
4,900000,255924208,33270505,289194713
4,900000,258828719,33417735,292246454
4,900000,248267219,33058124,281325343
4,900000,252381512,33383746,285765258
4,900000,246414965,33307505,279722470
4,900000,256150933,33388436,289539369
4,900000,250792748,33149294,283942042
4,900000,263377238,32951099,296328337
4,900000,252866234,33246700,286112934
4,900000,261506908,33259116,294766024
4,900000,266143646,33176796,299320442
4,900000,253153607,33198932,286352539
4,900000,254700267,33162098,287862365
4,900000,256274488,33170926,289445414
4,900000,251948649,33421967,285370616
4,900000,270625220,33097904,303723124
4,900000,245130915,33274540,278405455
4,900000,260590313,33293721,293884034
4,900000,252651917,34217635,286869552
4,900000,243886218,33166587,277052805
4,900000,245916459,33229604,279146063
4,900000,276104441,33161296,309265737
4,900000,251337476,33401129,284738605
4,900000,256514210,32711027,289225237
4,900000,254506665,33298629,287805294
4,900000,242270354,33152263,275422617
4,900000,241923338,33238527,275161865
4,900000,235517457,33243288,268760745
4,900000,264300551,33157500,297458051
4,900000,252422419,33099612,285522031
4,900000,277463674,33063548,310527222
4,900000,268831599,33139370,301970969
4,900000,241263592,33295575,274559167
4,900000,260000641,34125382,294126023
4,900000,269329407,33208866,302538273
4,900000,266676916,33074125,299751041
4,900000,254011824,33391244,287403068
4,900000,257129191,33355040,290484231
4,900000,260351920,33194419,293546339
4,900000,244356854,33620116,277976970
4,900000,246002223,33475013,279477236
4,900000,262666831,33048367,295715198
4,900000,260512157,34656469,295168626
4,900000,267865370,33144554,301009924
4,900000,253543740,33268824,286812564
4,900000,252271474,33111415,285382889
4,900000,251694236,33036339,284730575
4,900000,232618979,32411134,265030113
4,900000,243354216,32482527,275836743
4,900000,238450520,33134558,271585078
4,900000,261625318,33286398,294911716
4,900000,243663423,33278658,276942081
4,900000,264595057,33306852,297901909
4,900000,248615650,32983639,281599289
4,900000,246159816,33290074,279449890
4,900000,257299125,33150041,290449166
4,900000,256718335,35121845,291840180
4,900000,257336853,33312522,290649375
4,900000,255872522,33116161,288988683
4,900000,259736269,33212139,292948408
4,900000,254330528,33145422,287475950
4,900000,262316669,33270456,295587125
4,900000,265470394,33539530,299009924
4,900000,258938257,33105727,292043984
4,900000,248968124,34768437,283736561
4,900000,264666955,33236284,297903239
4,900000,259017740,33205468,292223208
4,1000000,273802419,37309929,311112348
4,1000000,267036709,36760851,303797560
4,1000000,261398269,37026353,298424622
4,1000000,269148261,36694644,305842905
4,1000000,268844919,36810281,305655200
4,1000000,266111724,36760050,302871774
4,1000000,264433137,37438255,301871392
4,1000000,280740636,37135494,317876130
4,1000000,259040484,37050233,296090717
4,1000000,276108222,37014588,313122810
4,1000000,281355758,36789398,318145156
4,1000000,259579028,36945088,296524116
4,1000000,269346214,36795427,306141641
4,1000000,270103929,36852422,306956351
4,1000000,271097466,36661534,307759000
4,1000000,269346978,37145645,306492623
4,1000000,264562928,36588266,301151194
4,1000000,254450917,36777952,291228869
4,1000000,265548428,37328023,302876451
4,1000000,273489311,36696036,310185347
4,1000000,266264539,36772307,303036846
4,1000000,261907664,36789633,298697297
4,1000000,266368729,36748208,303116937
4,1000000,260850837,37054162,297904999
4,1000000,261379127,37360445,298739572
4,1000000,268115685,36846618,304962303
4,1000000,275210085,36742242,311952327
4,1000000,283575594,36871940,320447534
4,1000000,282818195,36883181,319701376
4,1000000,262095209,36862591,298957800
4,1000000,264198307,37732148,301930455
4,1000000,262483327,37132689,299616016
4,1000000,280417562,36805454,317223016
4,1000000,263862853,40497424,304360277
4,1000000,262595970,37366212,299962182
4,1000000,263834095,36811795,300645890
4,1000000,275578894,37002337,312581231
4,1000000,261566984,36962737,298529721
4,1000000,273280403,36960248,310240651
4,1000000,262749874,37054702,299804576
4,1000000,251130479,36896744,288027223
4,1000000,286347962,36785840,323133802
4,1000000,256518756,36663039,293181795
4,1000000,268838433,37089733,305928166
4,1000000,254534133,36721612,291255745
4,1000000,272240553,36995178,309235731
4,1000000,266266384,36772769,303039153
4,1000000,262343840,37209363,299553203
4,1000000,265320279,36668055,301988334
4,1000000,265172089,36651085,301823174
4,1000000,266337698,37036742,303374440
4,1000000,279894802,36753262,316648064
4,1000000,263478219,36768078,300246297
4,1000000,264143243,36798091,300941334
4,1000000,263967029,36736197,300703226
4,1000000,259883541,37991885,297875426
4,1000000,266851892,36667114,303519006
4,1000000,263142999,36783498,299926497
4,1000000,266985724,36823560,303809284
4,1000000,266010857,36747818,302758675
4,1000000,265709553,36706773,302416326
4,1000000,262891970,36663626,299555596
4,1000000,258447296,36999324,295446620
4,1000000,264024417,36805589,300830006
4,1000000,265865172,36868268,302733440
4,1000000,267615683,36818280,304433963
4,1000000,267446113,36931847,304377960
4,1000000,274633645,36702563,311336208
4,1000000,272224511,36696193,308920704
4,1000000,264340328,36836291,301176619
4,1000000,269557589,36773356,306330945
4,1000000,269223716,36780098,306003814
4,1000000,266671831,36610123,303281954
4,1000000,263063066,37141780,300204846
4,1000000,264612343,36848603,301460946
4,1000000,263321012,36843662,300164674
4,1000000,259631856,36678164,296310020
4,1000000,276538076,36792344,313330420
4,1000000,264827034,37185463,302012497
4,1000000,261864756,36919351,298784107
4,1000000,259715662,36593467,296309129
4,1000000,289482164,36819086,326301250
4,1000000,267365427,36725240,304090667
4,1000000,261783392,36611808,298395200
4,1000000,247757993,36750377,284508370
4,1000000,256090369,36856609,292946978
4,1000000,248767783,36721492,285489275
4,1000000,278908840,36844687,315753527
4,1000000,273463521,36982524,310446045
4,1000000,270080695,36818835,306899530
4,1000000,266739768,36770148,303509916
4,1000000,271441315,36712198,308153513
4,1000000,252790449,36943114,289733563
4,1000000,268241879,36812718,305054597
4,1000000,243619101,36867636,280486737
4,1000000,261106136,37033005,298139141
4,1000000,265267439,36695048,301962487
4,1000000,265715607,36749564,302465171
4,1000000,277106885,36770767,313877652
4,1000000,274410654,37009332,311419986
4,1000000,276190495,37339542,313530037
4,1000000,270403860,36808972,307212832
4,1000000,263444548,36834551,300279099
4,1000000,259662467,36783386,296445853
4,1000000,270384758,37260327,307645085
4,1000000,267365476,36996632,304362108
4,1000000,249564814,36659878,286224692
4,1000000,270822476,36764683,307587159
4,1000000,260611845,36842314,297454159
4,1000000,261236398,36815205,298051603
4,1000000,282180183,36734715,318914898
4,1000000,266586688,36891308,303477996
4,1000000,258695808,36690611,295386419
4,1000000,275708470,36909905,312618375
4,1000000,257192512,37983807,295176319
4,1000000,290405476,36815311,327220787
4,1000000,287267506,36679586,323947092
4,1000000,256248275,38202710,294450985
4,1000000,275406983,36803786,312210769
4,1000000,266057546,36734545,302792091
4,1000000,265160447,37011783,302172230
4,1000000,259268744,36834258,296103002
4,1000000,285902734,38477680,324380414
4,1000000,255613432,36642579,292256011
4,1000000,266684692,37435902,304120594
4,1000000,263108655,36850828,299959483
4,1000000,267518798,37081320,304600118
4,1000000,268506879,40996514,309503393
4,1000000,281996513,37291856,319288369
4,1000000,270074289,36953484,307027773
4,1000000,264284026,37311647,301595673
4,1000000,271750392,36491055,308241447
4,1000000,265490131,36790257,302280388
4,1000000,265531325,37048134,302579459
4,1000000,273688141,36815295,310503436
4,1000000,270721104,36793405,307514509
4,1000000,264137576,36923756,301061332
4,1000000,241576829,36720248,278297077
4,1000000,275843341,36712431,312555772
4,1000000,252917032,36737334,289654366
4,1000000,260695844,36747408,297443252
4,1000000,268564059,36781282,305345341
4,1000000,268154988,37292847,305447835
4,1000000,270291246,36781530,307072776
4,1000000,266919699,36745539,303665238
4,1000000,268430230,36961989,305392219
4,1000000,280794146,36684717,317478863
4,1000000,261910127,36858275,298768402
4,1000000,266737051,36821217,303558268
4,1000000,273431346,36720190,310151536
4,1000000,263152275,36789149,299941424
4,1000000,266242434,37014820,303257254
4,1000000,285233601,36734844,321968445
4,1000000,267134706,36903185,304037891
4,1000000,261236630,36879734,298116364
4,1000000,276007519,36733156,312740675
4,1000000,262560655,36605470,299166125
4,1000000,268619572,36966055,305585627
4,1000000,258338932,36651460,294990392
4,1000000,258183600,36658322,294841922
4,1000000,260410620,36823529,297234149
4,1000000,279333471,36851120,316184591
4,1000000,270717834,37332712,308050546
4,1000000,275796721,36726391,312523112
4,1000000,269467200,36607506,306074706
4,1000000,290483209,36730245,327213454
4,1000000,252850260,36904544,289754804
4,1000000,266971929,36775296,303747225
4,1000000,254085877,36722362,290808239
4,1000000,291333502,36688413,328021915
4,1000000,272151421,36754843,308906264
4,1000000,274010575,37273483,311284058
4,1000000,259553570,36570803,296124373
4,1000000,264834186,36821680,301655866
4,1000000,281315540,36687121,318002661
4,1000000,263780876,36957932,300738808
4,1000000,274933765,36967127,311900892
4,1000000,267943185,38476077,306419262
4,1000000,262588906,36734690,299323596
4,1000000,269245837,36850138,306095975
4,1000000,258717846,37215707,295933553
4,1000000,265020713,36852361,301873074
4,1000000,265395692,37090859,302486551
4,1000000,267631971,36786274,304418245
4,1000000,265796753,37375958,303172711
4,1000000,269361349,36571722,305933071
4,1000000,267657533,36802718,304460251
4,1000000,270262435,36734486,306996921
4,1000000,258395610,36951458,295347068
4,1000000,282725916,36679768,319405684
4,1000000,266610070,36757703,303367773
4,1000000,268484734,37546804,306031538
4,1000000,267753544,37284113,305037657
4,1000000,272168420,36887266,309055686
4,1000000,255220499,36804664,292025163
4,1000000,256543414,37971662,294515076
4,1000000,283639547,37062358,320701905
4,1000000,269419838,37132194,306552032
4,1000000,267581616,36529435,304111051
4,1000000,260878119,37022051,297900170
4,1000000,271693066,36832392,308525458
4,1000000,269999995,36786030,306786025
4,1000000,262070672,36664861,298735533
4,1000000,264449846,36746622,301196468
4,1000000,253211579,36753172,289964751
4,1000000,266405640,36863079,303268719
4,1000000,264151152,36872844,301023996
4,1000000,272157533,36760585,308918118
4,1000000,249576346,36866116,286442462
4,1000000,263798964,36837713,300636677
4,1000000,279720746,36908795,316629541
4,1000000,253643653,36945511,290589164
4,1000000,264191893,36739315,300931208
4,1000000,255065556,36745256,291810812
4,1000000,278236422,36729385,314965807
4,1000000,265418727,36873870,302292597
4,1000000,263562508,36788991,300351499
4,1000000,253649411,36844824,290494235
4,1000000,259716967,36946866,296663833
4,1000000,277328360,36736905,314065265
4,1000000,264148311,36786432,300934743
4,1000000,266004552,36684570,302689122
4,1000000,266181436,36943527,303124963
4,1000000,258763803,36694457,295458260
4,1000000,267287148,36739814,304026962
4,1000000,269389417,36957693,306347110
4,1000000,274096733,36621863,310718596
4,1000000,280362852,37007075,317369927
4,1000000,261484353,37016313,298500666
4,1000000,268282250,36780749,305062999
4,2000000,515332286,72471982,587804268
4,2000000,526400120,72404990,598805110
4,2000000,498917831,73361552,572279383
4,2000000,581034915,72469193,653504108
4,2000000,525257182,72549555,597806737
4,2000000,515771732,72310798,588082530
4,2000000,525674379,73433471,599107850
4,2000000,545247235,72242010,617489245
4,2000000,547818186,72428211,620246397
4,2000000,523473672,72285144,595758816
4,2000000,503787407,72565224,576352631
4,2000000,527585420,72403314,599988734
4,2000000,515351557,72302203,587653760
4,2000000,531826384,72553187,604379571
4,2000000,566675177,72518305,639193482
4,2000000,515263150,72504933,587768083
4,2000000,507213139,72344107,579557246
4,2000000,520512882,72195756,592708638
4,2000000,514035140,72637876,586673016
4,2000000,519858322,72383818,592242140
4,2000000,505986752,74421133,580407885
4,2000000,503678221,72446420,576124641
4,2000000,501202613,74429254,575631867
4,2000000,523014612,72547007,595561619
4,2000000,508614186,72413451,581027637
4,2000000,490646670,72433959,563080629
4,2000000,543393387,72478833,615872220
4,2000000,554497858,72634696,627132554
4,2000000,517870775,72614778,590485553
4,2000000,536639052,72500460,609139512
4,2000000,508784313,72232403,581016716
4,2000000,523297177,72505916,595803093
4,2000000,510376653,73196270,583572923
4,2000000,489080106,72629248,561709354
4,2000000,505306676,72439135,577745811
4,2000000,525456391,72610289,598066680
4,2000000,501725667,74246272,575971939
4,2000000,524365406,72411353,596776759
4,2000000,506278529,72723025,579001554
4,2000000,506834416,72561789,579396205
4,2000000,505839484,72315804,578155288
4,2000000,497238954,74149703,571388657
4,2000000,522167112,72180462,594347574
4,2000000,579147052,72968421,652115473
4,2000000,516868194,72484185,589352379
4,2000000,519354212,73102187,592456399
4,2000000,529700516,72341592,602042108
4,2000000,504011074,72972410,576983484
4,2000000,574304582,72347085,646651667
4,2000000,533720292,72413250,606133542
4,2000000,505625361,72635437,578260798
4,2000000,539989217,72690171,612679388
4,2000000,577416475,72746477,650162952
4,2000000,535660555,72490137,608150692
4,2000000,522784225,72379532,595163757
4,2000000,508870320,77690442,586560762
4,2000000,504526544,72709668,577236212
4,2000000,521907387,72346466,594253853
4,2000000,514204974,72393355,586598329
4,2000000,525946043,72392618,598338661
4,2000000,494805036,73126447,567931483
4,2000000,510091296,72305900,582397196
4,2000000,495909670,72648012,568557682
4,2000000,513192914,72508798,585701712
4,2000000,515256348,72527773,587784121
4,2000000,505970196,72422591,578392787
4,2000000,508373798,73173590,581547388
4,2000000,502790816,74502140,577292956
4,2000000,508159018,72429394,580588412
4,2000000,513998368,72678595,586676963
4,2000000,532280426,72379501,604659927
4,2000000,512374898,72371027,584745925
4,2000000,511072027,72260742,583332769
4,2000000,504173664,72413225,576586889
4,2000000,498941580,73372837,572314417
4,2000000,497552000,73123628,570675628
4,2000000,508486452,73084249,581570701
4,2000000,520693844,72567049,593260893
4,2000000,511102997,72176575,583279572
4,2000000,523865481,72498527,596364008
4,2000000,519007578,72637681,591645259
4,2000000,551817521,72365369,624182890
4,2000000,530318102,72236174,602554276
4,2000000,583882849,73237279,657120128
4,2000000,553656416,73294883,626951299
4,2000000,518633793,73564511,592198304
4,2000000,512891107,72701244,585592351
4,2000000,516445572,72432652,588878224
4,2000000,515831064,72542660,588373724
4,2000000,514985927,72352525,587338452
4,2000000,522571310,72451419,595022729
4,2000000,552648547,72318942,624967489
4,2000000,511309861,72217375,583527236
4,2000000,526668739,72441620,599110359
4,2000000,509583511,72446676,582030187
4,2000000,520722432,72292534,593014966
4,2000000,512634736,72741504,585376240
4,2000000,515676397,72536564,588212961
4,2000000,546052191,72170436,618222627
4,2000000,516206621,72528458,588735079
4,2000000,509391386,73260797,582652183
4,2000000,538624145,72445175,611069320
4,2000000,504987324,72763480,577750804
4,2000000,499152992,72424792,571577784
4,2000000,508031035,72478803,580509838
4,2000000,535116690,72418137,607534827
4,2000000,544153126,74074091,618227217
4,2000000,547557593,72816717,620374310
4,2000000,501898023,72592399,574490422
4,2000000,516780210,73258742,590038952
4,2000000,486870581,72751315,559621896
4,2000000,529323429,72484037,601807466
4,2000000,498053442,72275415,570328857
4,2000000,525221255,72435745,597657000
4,2000000,506540648,72711376,579252024
4,3000000,810956151,108723565,919679716
4,3000000,751377264,108622121,859999385
4,3000000,809531944,108512833,918044777
4,3000000,814380979,108312862,922693841
4,3000000,818371785,108773893,927145678
4,3000000,800520191,108714620,909234811
4,3000000,812902730,108550366,921453096
4,3000000,817947513,108568929,926516442
4,3000000,808366227,108404324,916770551
4,3000000,823232975,108403647,931636622
4,3000000,829515461,108551020,938066481
4,3000000,818598399,108616937,927215336
4,3000000,776731586,108626352,885357938
4,3000000,811463995,108445071,919909066
4,3000000,754863572,108431995,863295567
4,3000000,896228022,109225679,1005453701
4,3000000,796674642,108589433,905264075
4,3000000,839005837,108485461,947491298
4,3000000,761711372,108640959,870352331
4,3000000,796106953,108662248,904769201
4,3000000,798245977,108534341,906780318
4,3000000,819623532,108527530,928151062
4,3000000,826478845,108525118,935003963
4,3000000,770964978,108593734,879558712
4,3000000,974471742,109827348,1084299090
4,3000000,772731034,109000266,881731300
4,3000000,763688881,108819972,872508853
4,3000000,814446801,108587165,923033966
4,3000000,831063934,108443541,939507475
4,3000000,784338872,108724752,893063624
4,3000000,806052614,108538592,914591206
4,3000000,768297305,108356618,876653923
4,3000000,837935208,108352074,946287282
4,3000000,830591579,108432122,939023701
4,3000000,819105156,108357938,927463094
4,3000000,791224601,108572931,899797532
4,3000000,755837453,108340114,864177567
4,3000000,793569598,108761402,902331000
4,3000000,833956695,108538895,942495590
4,3000000,765947504,108546701,874494205
4,3000000,781553599,108871764,890425363
4,3000000,815402834,108523156,923925990
4,3000000,798606129,108684192,907290321
4,3000000,819624552,109364041,928988593
4,3000000,810290626,108609699,918900325
4,3000000,800783121,108483366,909266487
4,3000000,823684743,108488040,932172783
4,3000000,782075838,108337779,890413617
4,3000000,806637552,108787178,915424730
4,3000000,817828479,108529425,926357904
4,3000000,787880775,108709637,896590412
4,3000000,839916982,108641956,948558938
4,3000000,798749070,109298193,908047263
4,3000000,829605126,108487850,938092976
4,3000000,766529964,108533131,875063095
4,3000000,831387370,108647612,940034982
4,3000000,789487661,108296651,897784312
4,3000000,830126672,108650675,938777347
4,3000000,826488051,108576752,935064803
4,3000000,874285856,108438855,982724711
4,3000000,836676975,108567811,945244786
4,3000000,766564738,108364467,874929205
4,3000000,1031840935,109100844,1140941779
4,3000000,969092167,108646896,1077739063
4,3000000,830360562,108427487,938788049
4,3000000,856222400,108438636,964661036
4,3000000,1028071623,109142542,1137214165
4,3000000,773415429,108657207,882072636
4,3000000,809062436,109009941,918072377
4,3000000,839419060,108410656,947829716
4,3000000,842479605,109406382,951885987
4,3000000,812455887,108342741,920798628
4,3000000,839260808,108850391,948111199
4,3000000,770578994,108546775,879125769
4,3000000,772454825,108559497,881014322
4,3000000,827525363,108394170,935919533
4,3000000,749643506,108785289,858428795
4,3000000,777762597,108689030,886451627
4,3000000,809534858,108685778,918220636
4,3000000,965214847,109077169,1074292016
4,3000000,821174214,108541760,929715974
4,3000000,797808290,108513754,906322044
4,3000000,816129280,108507273,924636553
4,3000000,748192772,108487063,856679835
4,3000000,744572679,108631463,853204142
4,3000000,853623406,108337857,961961263
4,3000000,835430753,108533861,943964614
4,3000000,755615714,109734527,865350241
4,3000000,853400221,108520212,961920433
4,3000000,826050635,108872540,934923175
4,3000000,790833626,108458342,899291968
4,3000000,1023280685,108478595,1131759280
4,3000000,821177392,108441176,929618568
4,3000000,800417086,108451818,908868904
4,3000000,839045168,108434978,947480146
4,3000000,854115862,108397055,962512917
4,3000000,824330103,108426147,932756250
4,3000000,774881020,108429576,883310596
4,3000000,767156328,108469439,875625767
4,3000000,782072820,108812014,890884834
4,3000000,762425170,108724976,871150146
4,3000000,871310335,108405025,979715360
4,3000000,831686801,108501075,940187876
4,3000000,783883357,108465786,892349143
4,3000000,855362921,108528481,963891402
4,3000000,863005157,108621419,971626576
4,3000000,965629288,108681554,1074310842
4,3000000,760354593,108375940,868730533
4,3000000,809599184,108487864,918087048
4,3000000,792728919,108404992,901133911
4,3000000,805220717,108465789,913686506
4,3000000,756101821,108452977,864554798
4,3000000,828641624,108453133,937094757
4,3000000,811687449,108296925,919984374
4,3000000,1034175108,108464394,1142639502
4,4000000,1136771920,144202959,1280974879
4,4000000,1127902530,144892095,1272794625
4,4000000,1097332705,144324955,1241657660
4,4000000,1013302835,144319642,1157622477
4,4000000,1117424495,144957824,1262382319
4,4000000,1065773249,144273580,1210046829
4,4000000,1028075057,144228204,1172303261
4,4000000,1018725285,144306264,1163031549
4,4000000,1022772977,144301534,1167074511
4,4000000,1008253240,144418705,1152671945
4,4000000,1016507433,144868939,1161376372
4,4000000,1020225507,144906734,1165132241
4,4000000,1033935078,144318048,1178253126
4,4000000,1036094587,144269975,1180364562
4,4000000,1296373936,144369541,1440743477
4,4000000,1091145409,144201303,1235346712
4,4000000,1143418829,144385567,1287804396
4,4000000,1100300995,144464303,1244765298
4,4000000,1027364769,144230908,1171595677
4,4000000,1009081644,145005358,1154087002
4,4000000,1107917857,144308887,1252226744
4,4000000,1093360883,144233920,1237594803
4,4000000,1085079991,146274322,1231354313
4,4000000,1118237462,144852944,1263090406
4,4000000,1272894796,144248470,1417143266
4,4000000,1034206270,144326242,1178532512
4,4000000,1017462044,144296990,1161759034
4,4000000,1027673589,144279669,1171953258
4,4000000,998974570,144092285,1143066855
4,4000000,1018558913,144538327,1163097240
4,4000000,1024876623,144327636,1169204259
4,4000000,1041303938,144376863,1185680801
4,4000000,1089415884,144917668,1234333552
4,4000000,1016380709,144552155,1160932864
4,4000000,1131157042,144891546,1276048588
4,4000000,1016572283,144226123,1160798406
4,4000000,1032243861,144571163,1176815024
4,4000000,1077915597,144140276,1222055873
4,4000000,1013629065,144670218,1158299283
4,4000000,1027826784,144259961,1172086745
4,4000000,1033831487,144342038,1178173525
4,4000000,1111867841,144398868,1256266709
4,4000000,1053291507,144332270,1197623777
4,4000000,1036850951,144419514,1181270465
4,4000000,1007991732,144188124,1152179856
4,4000000,1010543021,144843431,1155386452
4,4000000,1178516400,144637030,1323153430
4,4000000,1037289617,144309543,1181599160
4,4000000,1042998413,144864333,1187862746
4,4000000,990217576,144941456,1135159032
4,4000000,1012483120,144317952,1156801072
4,4000000,1114879277,144302912,1259182189
4,4000000,1203349373,145834371,1349183744
4,4000000,1112753617,145022907,1257776524
4,4000000,998509294,144152525,1142661819
4,4000000,1022541473,144477991,1167019464
4,4000000,1022892970,144915250,1167808220
4,4000000,1111742234,144351333,1256093567
4,4000000,1016909536,144265840,1161175376
4,4000000,1002431808,144385412,1146817220
4,4000000,1042682028,144520318,1187202346
4,4000000,1023363566,144580779,1167944345
4,4000000,1011244639,144381288,1155625927
4,4000000,1025631266,144986494,1170617760
4,4000000,1064942500,144238647,1209181147
4,4000000,1025784025,144201902,1169985927
4,4000000,1031320840,144211229,1175532069
4,4000000,1023336255,144369345,1167705600
4,4000000,1021587618,144772363,1166359981
4,4000000,1026361428,144161159,1170522587
4,4000000,1070010054,144198914,1214208968
4,4000000,1015504823,144322308,1159827131
4,4000000,1024254988,144383153,1168638141
4,4000000,1011538489,144322394,1155860883
4,4000000,1025845029,144185500,1170030529
4,4000000,1028761162,144330183,1173091345
4,4000000,983945101,144255821,1128200922
4,4000000,1027103296,144501217,1171604513
4,4000000,1031067329,144953796,1176021125
4,4000000,1024624982,144409248,1169034230
4,4000000,1030444596,144470036,1174914632
4,4000000,1029124923,144229861,1173354784
4,4000000,1038785918,145083775,1183869693
4,4000000,1094116658,144365596,1238482254
4,4000000,1012232316,145995103,1158227419
4,4000000,1023397216,144247417,1167644633
4,4000000,1027003016,144421699,1171424715
4,4000000,1014474409,144139956,1158614365
4,4000000,1025672376,144167660,1169840036
4,4000000,1017479386,145512374,1162991760
4,4000000,1024745015,144270603,1169015618
4,4000000,1102804579,144345364,1247149943
4,4000000,1037889028,144157728,1182046756
4,4000000,1012957434,144235377,1157192811
4,4000000,1091279456,144184038,1235463494
4,4000000,1008914785,144365547,1153280332
4,4000000,1088141769,144558246,1232700015
4,4000000,999963683,144282488,1144246171
4,4000000,1018593493,144256846,1162850339
4,4000000,1028113487,145722806,1173836293
4,4000000,1081019115,144872936,1225892051
4,4000000,1033703875,144392819,1178096694
4,4000000,1010560783,144153810,1154714593
4,4000000,1033095980,144226966,1177322946
4,4000000,1010780182,144331577,1155111759
4,4000000,1037709492,144162580,1181872072
4,4000000,1036093620,144800255,1180893875
4,4000000,1013811523,144201534,1158013057
4,4000000,1402241203,145516337,1547757540
4,4000000,1013914564,144338642,1158253206
4,4000000,1011308718,144357072,1155665790
4,4000000,1033482969,144328451,1177811420
4,4000000,1030370940,145133901,1175504841
4,4000000,1030951917,144792539,1175744456
4,4000000,1008739580,144178734,1152918314
4,5000000,1524890424,180278330,1705168754
4,5000000,1431754645,179684234,1611438879
4,5000000,1517668781,181473784,1699142565
4,5000000,1368293082,180246522,1548539604
4,5000000,1368507773,179756923,1548264696
4,5000000,1269878903,180371402,1450250305
4,5000000,1289955498,180199812,1470155310
4,5000000,1352452539,179661200,1532113739
4,5000000,1318755284,179941957,1498697241
4,5000000,1342601546,180113292,1522714838
4,5000000,1322174232,179876882,1502051114
4,5000000,1333291238,180301297,1513592535
4,5000000,1339479289,179752201,1519231490
4,5000000,1297887026,179747771,1477634797
4,5000000,1268985162,180426035,1449411197
4,5000000,1318357914,179770865,1498128779
4,5000000,1268388487,179769495,1448157982
4,5000000,1271837041,180298344,1452135385
4,5000000,1302925964,179735813,1482661777
4,5000000,1276782035,180334025,1457116060
4,5000000,1279336236,180211118,1459547354
4,5000000,1334850985,179915355,1514766340
4,5000000,1370741578,180301544,1551043122
4,5000000,1363369055,180960727,1544329782
4,5000000,1334778772,179994015,1514772787
4,5000000,1349562589,179677183,1529239772
4,5000000,1328153160,180234625,1508387785
4,5000000,1326361343,179843392,1506204735
4,5000000,1247273921,180308336,1427582257
4,5000000,1273418768,180161403,1453580171
4,5000000,1382864152,179837642,1562701794
4,5000000,1320412466,179721565,1500134031
4,5000000,1745329239,179859497,1925188736
4,5000000,1344030637,179930806,1523961443
4,5000000,1326111383,179895889,1506007272
4,5000000,1363392769,179806383,1543199152
4,5000000,1341194887,179759644,1520954531
4,5000000,1258978860,180387074,1439365934
4,5000000,1335503261,179825964,1515329225
4,5000000,1498291951,179738379,1678030330
4,5000000,1340585661,179947038,1520532699
4,5000000,1343157397,179936862,1523094259
4,5000000,1336846504,179758712,1516605216
4,5000000,1322546384,179930836,1502477220
4,5000000,1362868610,180262810,1543131420
4,5000000,1253027025,180448157,1433475182
4,5000000,1356246485,179732055,1535978540
4,5000000,1334553590,180342398,1514895988
4,5000000,1344786856,180564583,1525351439
4,5000000,1271782547,180722681,1452505228
4,5000000,1281787019,180276301,1462063320
4,5000000,1356403633,179835089,1536238722
4,5000000,1333493695,179989542,1513483237
4,5000000,1326919824,179743919,1506663743
4,5000000,1191301044,179936677,1371237721
4,5000000,1345437840,179883395,1525321235
4,5000000,1337863005,180963714,1518826719
4,5000000,1359659329,179760577,1539419906
4,5000000,1322679326,180380105,1503059431
4,5000000,1393072700,180301556,1573374256
4,5000000,1355645532,179806679,1535452211
4,5000000,1388893419,180327495,1569220914
4,5000000,1258152057,180329904,1438481961
4,5000000,1239004885,180204933,1419209818
4,5000000,1407691617,179904509,1587596126
4,5000000,1325948183,179722580,1505670763
4,5000000,1282327107,180876567,1463203674
4,5000000,1259472831,180438531,1439911362
4,5000000,1334331691,179729796,1514061487
4,5000000,1396334749,180650112,1576984861
4,5000000,1289966994,180367032,1470334026
4,5000000,1266211763,180379750,1446591513
4,5000000,1359509277,179712860,1539222137
4,5000000,1334814315,179649167,1514463482
4,5000000,1319649253,179997409,1499646662
4,5000000,1376134377,179735609,1555869986
4,5000000,1290401212,180741961,1471143173
4,5000000,1242175317,180441064,1422616381
4,5000000,1344213474,179737873,1523951347
4,5000000,1244888053,180398795,1425286848
4,5000000,1338768107,180029284,1518797391
4,5000000,1273368223,185971253,1459339476
4,5000000,1245571359,180523528,1426094887
4,5000000,1318093578,179811981,1497905559
4,5000000,1353999061,179757496,1533756557
4,5000000,1259674260,180142766,1439817026
4,5000000,1391653970,179776860,1571430830
4,5000000,1339881354,179962842,1519844196
4,5000000,1349354527,179751182,1529105709
4,5000000,1324298290,179673747,1503972037
4,5000000,1333483378,180026242,1513509620
4,5000000,1367074796,180402383,1547477179
4,5000000,1328400769,179637108,1508037877
4,5000000,1265018029,180458092,1445476121
4,5000000,1276908845,180200623,1457109468
4,5000000,1261051210,179677751,1440728961
4,5000000,1241268080,179758191,1421026271
4,5000000,1357862326,179848442,1537710768
4,5000000,1358402148,179817663,1538219811
4,5000000,1260163270,180384417,1440547687
4,5000000,1273958668,180462949,1454421617
4,5000000,1527377764,179923709,1707301473
4,5000000,1323557608,179868888,1503426496
4,5000000,1325590651,179789034,1505379685
4,5000000,1258916903,180269432,1439186335
4,5000000,1532874937,179995035,1712869972
4,5000000,1359027050,179780506,1538807556
4,5000000,1284794272,179685144,1464479416
4,5000000,1347503097,179837684,1527340781
4,5000000,1327662329,179698852,1507361181
4,5000000,1275050017,180478188,1455528205
4,5000000,1261103229,180200970,1441304199
4,5000000,1395191198,180395048,1575586246
4,5000000,1353673600,181284138,1534957738
4,5000000,1358832852,180318245,1539151097
4,6000000,1570817274,216324177,1787141451
4,6000000,1515429148,216549709,1731978857
4,6000000,1514507496,216246369,1730753865
4,6000000,1558599086,215363359,1773962445
4,6000000,1978098419,215761945,2193860364
4,6000000,1560302524,215758293,1776060817
4,6000000,1623244589,216186310,1839430899
4,6000000,1614519067,218354952,1832874019
4,6000000,1482589314,216210941,1698800255
4,6000000,1567581177,216623016,1784204193
4,6000000,1590264209,216255809,1806520018
4,6000000,1422674971,216722614,1639397585
4,6000000,1618076244,216246584,1834322828
4,6000000,1443030731,216604900,1659635631
4,6000000,1483957490,217032031,1700989521
4,6000000,1604659616,216633659,1821293275
4,6000000,1443031434,216478384,1659509818
4,6000000,1440846355,216711578,1657557933
4,6000000,1471363024,216207932,1687570956
4,6000000,1615536562,218760454,1834297016
4,6000000,1414974254,216855793,1631830047
4,6000000,1446475022,216497451,1662972473
4,6000000,1441302020,216443050,1657745070
4,6000000,1554306433,216758246,1771064679
4,6000000,1609335522,216376442,1825711964
4,6000000,1603276437,215814772,1819091209
4,6000000,1589624018,215748579,1805372597
4,6000000,1602462602,216409012,1818871614
4,6000000,1546840401,216948243,1763788644
4,6000000,1445365069,216493754,1661858823
4,6000000,1606024845,216307484,1822332329
4,6000000,1642967402,216548582,1859515984
4,6000000,1466205452,216595074,1682800526
4,6000000,1602413506,216378925,1818792431
4,6000000,1484133498,216495529,1700629027
4,6000000,1577507787,216122987,1793630774
4,6000000,1499370823,217081704,1716452527
4,6000000,1448029175,216523307,1664552482
4,6000000,1442606785,216662949,1659269734
4,6000000,1765094150,215806827,1980900977
4,6000000,1597863244,215762702,1813625946
4,6000000,1742389456,216722062,1959111518
4,6000000,1403700799,217169683,1620870482
4,6000000,1581425370,216246775,1797672145
4,6000000,1579891753,216398309,1796290062
4,6000000,1632136815,216257079,1848393894
4,6000000,1595974996,215857816,1811832812
4,6000000,1453875853,215641753,1669517606
4,6000000,1572596927,216042180,1788639107
4,6000000,1587037337,216490340,1803527677
4,6000000,1601383042,217722814,1819105856
4,6000000,1425344347,216615848,1641960195
4,6000000,1617901955,216583678,1834485633
4,6000000,1610875155,216757960,1827633115
4,6000000,1481982458,216460528,1698442986
4,6000000,1639866155,215831962,1855698117
4,6000000,1491547018,216496723,1708043741
4,6000000,1531911804,216435083,1748346887
4,6000000,1601735629,215872890,1817608519
4,6000000,1594028406,216599884,1810628290
4,6000000,1638168423,216355370,1854523793
4,6000000,1603905597,216706744,1820612341
4,6000000,1603251567,215936426,1819187993
4,6000000,1618754834,216611692,1835366526
4,6000000,1535045753,215665488,1750711241
4,6000000,1594074784,215785200,1809859984
4,6000000,1431030886,216540561,1647571447
4,6000000,1482696191,216790351,1699486542
4,6000000,1433578476,217541831,1651120307
4,6000000,1465849636,216518960,1682368596
4,6000000,1586016835,216582641,1802599476
4,6000000,1443381261,216509184,1659890445
4,6000000,1602068604,216228689,1818297293
4,6000000,1402393979,216780248,1619174227
4,6000000,1410175068,216447709,1626622777
4,6000000,1499934275,216573525,1716507800
4,6000000,1580315260,215896098,1796211358
4,6000000,1602706572,217007028,1819713600
4,6000000,1541687908,215978467,1757666375
4,6000000,1452788102,216417516,1669205618
4,6000000,1607317495,216305112,1823622607
4,6000000,1628696253,217254372,1845950625
4,6000000,1468409008,216169130,1684578138
4,6000000,1575853658,216675233,1792528891
4,6000000,1632250256,216190173,1848440429
4,6000000,1461122134,216282118,1677404252
4,6000000,1587464447,216799647,1804264094
4,6000000,1598225305,216185811,1814411116
4,6000000,1606083254,217943384,1824026638
4,6000000,1598492723,217079187,1815571910
4,6000000,1475296882,216204033,1691500915
4,6000000,1633168269,216224984,1849393253
4,6000000,1652893641,216504172,1869397813
4,6000000,1586276607,217681903,1803958510
4,6000000,1556121183,216726891,1772848074
4,6000000,1746413468,216974036,1963387504
4,6000000,1405063003,216562645,1621625648
4,6000000,1417859813,216799422,1634659235
4,6000000,1600967545,216160504,1817128049
4,6000000,1454174205,216613932,1670788137
4,6000000,1429619839,216444679,1646064518
4,6000000,1592725759,216901925,1809627684
4,6000000,1433525083,217115553,1650640636
4,6000000,1425176960,216655688,1641832648
4,6000000,1446066943,216658521,1662725464
4,6000000,1491923334,215820909,1707744243
4,6000000,1561050688,216401944,1777452632
4,6000000,1664545604,216317487,1880863091
4,6000000,1430589704,216732827,1647322531
4,6000000,1581059530,216239891,1797299421
4,6000000,1631634062,216237534,1847871596
4,6000000,1583395631,216462060,1799857691
4,6000000,1612638898,215893638,1828532536
4,6000000,1481370905,216233505,1697604410
4,6000000,1515662193,216519922,1732182115
4,7000000,1905519736,252339207,2157858943
4,7000000,2024566176,252724910,2277291086
4,7000000,1775991901,252785634,2028777535
4,7000000,1800598892,252293439,2052892331
4,7000000,1930850409,252774376,2183624785
4,7000000,1893458568,252311615,2145770183
4,7000000,1846966354,252496430,2099462784
4,7000000,1910080321,252655767,2162736088
4,7000000,1873894895,253051668,2126946563
4,7000000,1890594573,252740044,2143334617
4,7000000,1911446510,252599383,2164045893
4,7000000,1854717537,252381102,2107098639
4,7000000,1944834449,252713523,2197547972
4,7000000,1850509863,252487686,2102997549
4,7000000,1801044500,252335402,2053379902
4,7000000,1863432516,252506909,2115939425
4,7000000,1824568910,252292736,2076861646
4,7000000,1891360268,252929898,2144290166
4,7000000,1802706621,252402555,2055109176
4,7000000,1849333556,252468212,2101801768
4,7000000,1926608116,252671852,2179279968
4,7000000,1757411786,252700434,2010112220
4,7000000,1909839236,252296137,2162135373
4,7000000,1833630824,252906441,2086537265
4,7000000,1912499063,252599455,2165098518
4,7000000,1850994292,252743786,2103738078
4,7000000,1914916764,252742245,2167659009
4,7000000,1947063999,251779302,2198843301
4,7000000,1969546225,253125507,2222671732
4,7000000,1878204796,252417270,2130622066
4,7000000,1890955087,253215228,2144170315
4,7000000,1896997298,252603398,2149600696
4,7000000,1810813659,252374635,2063188294
4,7000000,1920679169,252437180,2173116349
4,7000000,1896425314,252252599,2148677913
4,7000000,2141999569,252754743,2394754312
4,7000000,1885112472,252448741,2137561213
4,7000000,1895473645,252539606,2148013251
4,7000000,1829777492,251860285,2081637777
4,7000000,1860379722,252714020,2113093742
4,7000000,1906178514,252642346,2158820860
4,7000000,1864505802,252463241,2116969043
4,7000000,1883966919,253173147,2137140066
4,7000000,1890658269,252735839,2143394108
4,7000000,1884918821,252489250,2137408071
4,7000000,1896318407,252622150,2148940557
4,7000000,1910130111,252458952,2162589063
4,7000000,1864110217,252362480,2116472697
4,7000000,1888773022,257420833,2146193855
4,7000000,1866888277,252331916,2119220193
4,7000000,1866680310,252730259,2119410569
4,7000000,1894158606,252579739,2146738345
4,7000000,1931263038,252322523,2183585561
4,7000000,1868607037,252546760,2121153797
4,7000000,1876204059,253048960,2129253019
4,7000000,1868416036,252954578,2121370614
4,7000000,1913654954,252500119,2166155073
4,7000000,1875082065,252576882,2127658947
4,7000000,1831410592,252241957,2083652549
4,7000000,1899664135,252405017,2152069152
4,7000000,1886224426,252389781,2138614207
4,7000000,1900829723,252262383,2153092106
4,7000000,1838762417,252623299,2091385716
4,7000000,1892516659,252361543,2144878202
4,7000000,1901810585,252497465,2154308050
4,7000000,1840056232,253653050,2093709282
4,7000000,1838910064,252482044,2091392108
4,7000000,1959104956,252392084,2211497040
4,7000000,1828603730,252522033,2081125763
4,7000000,1858377857,252794131,2111171988
4,7000000,1834205621,252651643,2086857264
4,7000000,1824324604,251715127,2076039731
4,7000000,1833925715,253434248,2087359963
4,7000000,1880552864,252239964,2132792828
4,7000000,1854037887,252951078,2106988965
4,7000000,1753005411,252384055,2005389466
4,7000000,1907986518,253161334,2161147852
4,7000000,1860652772,252760738,2113413510
4,7000000,1879952877,252424867,2132377744
4,7000000,1892169447,252513481,2144682928
4,7000000,1836370054,252568104,2088938158
4,7000000,1841800066,252590764,2094390830
4,7000000,1832532426,252484109,2085016535
4,7000000,1887514802,252883416,2140398218
4,7000000,1856082071,252298255,2108380326
4,7000000,1925581956,252250802,2177832758
4,7000000,1901739755,252481376,2154221131
4,7000000,1850058960,252532318,2102591278
4,7000000,1863490701,252398937,2115889638
4,7000000,1852277186,252506954,2104784140
4,7000000,1919466549,252443066,2171909615
4,7000000,1870825535,253049172,2123874707
4,7000000,1772864116,252440844,2025304960
4,7000000,1845540051,252800882,2098340933
4,7000000,1964248892,252562094,2216810986
4,7000000,1896965887,252335498,2149301385
4,7000000,1891576589,252305318,2143881907
4,7000000,2057712660,253012853,2310725513
4,7000000,2058353629,253235841,2311589470
4,7000000,1936555479,252299112,2188854591
4,7000000,1860237893,252409779,2112647672
4,7000000,1886040731,252710676,2138751407
4,7000000,1894618079,252526325,2147144404
4,7000000,1867741312,252679525,2120420837
4,7000000,1883977302,252597198,2136574500
4,7000000,1877954598,252608602,2130563200
4,7000000,1809572453,252427375,2061999828
4,7000000,1855951790,252552341,2108504131
4,7000000,1920350490,252514499,2172864989
4,7000000,1877613706,252550138,2130163844
4,7000000,1852559073,251778955,2104338028
4,7000000,1873828332,252462573,2126290905
4,7000000,1936676276,252362098,2189038374
4,7000000,1856086660,252601799,2108688459
4,7000000,1776233753,252743195,2028976948
4,8000000,1966014353,289386324,2255400677
4,8000000,1957081065,288838990,2245920055
4,8000000,1995942983,289463220,2285406203
4,8000000,2000202638,288964133,2289166771
4,8000000,2174594559,288645885,2463240444
4,8000000,2015117979,288829789,2303947768
4,8000000,2020148818,288092026,2308240844
4,8000000,2116739795,288991955,2405731750
4,8000000,2027220584,289577479,2316798063
4,8000000,1954368327,288778850,2243147177
4,8000000,1971109806,289536407,2260646213
4,8000000,1964143736,289816264,2253960000
4,8000000,2008217836,289465277,2297683113
4,8000000,2020706716,289620548,2310327264
4,8000000,1999175288,289258696,2288433984
4,8000000,2030809252,289033701,2319842953
4,8000000,1970700324,288758915,2259459239
4,8000000,1987839497,289095150,2276934647
4,8000000,1981943748,288568471,2270512219
4,8000000,2069849139,288717200,2358566339
4,8000000,1965646015,288935281,2254581296
4,8000000,2032325797,288213125,2320538922
4,8000000,2149183472,289133515,2438316987
4,8000000,2018507042,289454776,2307961818
4,8000000,2016121864,290345498,2306467362
4,8000000,2038705671,289928142,2328633813
4,8000000,2063121392,289191315,2352312707
4,8000000,2024683222,288961375,2313644597
4,8000000,2016049437,288796193,2304845630
4,8000000,2025408874,288666121,2314074995
4,8000000,2182824333,289723911,2472548244
4,8000000,1988186871,289040831,2277227702
4,8000000,1948393442,289015554,2237408996
4,8000000,2108839470,288826436,2397665906
4,8000000,2042284168,289073467,2331357635
4,8000000,1997025757,288627413,2285653170
4,8000000,2157591619,288857068,2446448687
4,8000000,2129769137,289288022,2419057159
4,8000000,1963197609,288820380,2252017989
4,8000000,2025179537,292666770,2317846307
4,8000000,1989881911,288394836,2278276747
4,8000000,2199833712,289351580,2489185292
4,8000000,2014384924,289655406,2304040330
4,8000000,2031732157,288610954,2320343111
4,8000000,2017353462,289593919,2306947381
4,8000000,2032256282,288349838,2320606120
4,8000000,2031354535,288660642,2320015177
4,8000000,2002789245,288587028,2291376273
4,8000000,1997071394,288808971,2285880365
4,8000000,1985390566,287917014,2273307580
4,8000000,2128046734,288528295,2416575029
4,8000000,2031415685,288728949,2320144634
4,8000000,2073961022,288775966,2362736988
4,8000000,2012137226,289312106,2301449332
4,8000000,2022909714,288829660,2311739374
4,8000000,2055695234,289500060,2345195294
4,8000000,2042270014,288646212,2330916226
4,8000000,2036156668,298852413,2335009081
4,8000000,2050218687,289597793,2339816480
4,8000000,2022978852,290303631,2313282483
4,8000000,1968854247,288613413,2257467660
4,8000000,2006675366,291180965,2297856331
4,8000000,1996968432,289255901,2286224333
4,8000000,1989953323,289787509,2279740832
4,8000000,1951740585,289090926,2240831511
4,8000000,2075737942,291871564,2367609506
4,8000000,2019972665,291463310,2311435975
4,8000000,2034778080,288635241,2323413321
4,8000000,1976401844,288820146,2265221990
4,8000000,2100771237,288109839,2388881076
4,8000000,2019130930,288700238,2307831168
4,8000000,2106870397,289106463,2395976860
4,8000000,2032207183,288467903,2320675086
4,8000000,2137259523,288615241,2425874764
4,8000000,2004469205,291641584,2296110789
4,8000000,2007740611,289558748,2297299359
4,8000000,2041483434,288796950,2330280384
4,8000000,2111117769,289363336,2400481105
4,8000000,1969232881,289631706,2258864587
4,8000000,2108953934,291665198,2400619132
4,8000000,2073691920,290064618,2363756538
4,8000000,1968440771,288857246,2257298017
4,8000000,1980916685,289563696,2270480381
4,8000000,2022741540,289791851,2312533391
4,8000000,1972609061,290138212,2262747273
4,8000000,2034377748,288948931,2323326679
4,8000000,2010287069,290738655,2301025724
4,8000000,2018037908,288444729,2306482637
4,8000000,1984847757,290036041,2274883798
4,8000000,1969047171,289792807,2258839978
4,8000000,2043664646,289430411,2333095057
4,8000000,2012477762,289480880,2301958642
4,8000000,1997499075,288018376,2285517451
4,8000000,2299619000,288624317,2588243317
4,8000000,2151770436,289114149,2440884585
4,8000000,2218489410,287981594,2506471004
4,8000000,1996355701,290225910,2286581611
4,8000000,2017573009,289546487,2307119496
4,8000000,2146655923,288643421,2435299344
4,8000000,1946576961,289511888,2236088849
4,8000000,1977755660,289024487,2266780147
4,8000000,2007052200,289109605,2296161805
4,8000000,2140122935,288108889,2428231824
4,8000000,1986186097,288647516,2274833613
4,8000000,2277975258,289588091,2567563349
4,8000000,2197139237,289212591,2486351828
4,8000000,2265704901,288021602,2553726503
4,8000000,1993163729,288789561,2281953290
4,8000000,1947548306,289549263,2237097569
4,8000000,2123551044,290494168,2414045212
4,8000000,1996427320,290126135,2286553455
4,8000000,2029926360,289365002,2319291362
4,8000000,2031649932,288210471,2319860403
4,8000000,1992476321,288860806,2281337127
4,8000000,2039247730,288702379,2327950109
4,9000000,2465257017,325417140,2790674157
4,9000000,2308128564,325375960,2633504524
4,9000000,2403945155,325233019,2729178174
4,9000000,2392245811,325039779,2717285590
4,9000000,2605461892,325089655,2930551547
4,9000000,2419587514,325212630,2744800144
4,9000000,2632846192,325023983,2957870175
4,9000000,2294701641,325063268,2619764909
4,9000000,2382893626,325140382,2708034008
4,9000000,2282413807,324941286,2607355093
4,9000000,2348769650,328038023,2676807673
4,9000000,2299726657,325573168,2625299825
4,9000000,2377612536,325455097,2703067633
4,9000000,2322707325,325254518,2647961843
4,9000000,2278563218,324901118,2603464336
4,9000000,2395436654,325017216,2720453870
4,9000000,2404346392,325506357,2729852749
4,9000000,2267564815,325632023,2593196838
4,9000000,2411231911,325418975,2736650886
4,9000000,2706472913,325150248,3031623161
4,9000000,2424673948,325138678,2749812626
4,9000000,2372996267,326574816,2699571083
4,9000000,2416699848,325054816,2741754664
4,9000000,2292575063,325667566,2618242629
4,9000000,2240975982,325151147,2566127129
4,9000000,2382919073,323837659,2706756732
4,9000000,2238934165,325136131,2564070296
4,9000000,2311343479,325819460,2637162939
4,9000000,2199185866,324951182,2524137048
4,9000000,2403100636,323936739,2727037375
4,9000000,2242437052,324990251,2567427303
4,9000000,2560526649,324927386,2885454035
4,9000000,2408901926,325096437,2733998363
4,9000000,2354182720,327325884,2681508604
4,9000000,2361609814,325002408,2686612222
4,9000000,2284222127,325029609,2609251736
4,9000000,2256460120,325566067,2582026187
4,9000000,2343091992,325020559,2668112551
4,9000000,2248121566,324950148,2573071714
4,9000000,2385741370,325114139,2710855509
4,9000000,2398419221,325041526,2723460747
4,9000000,2407355003,325046722,2732401725
4,9000000,2399490960,325070258,2724561218
4,9000000,2344742426,325153209,2669895635
4,9000000,2340381764,325269088,2665650852
4,9000000,2268485265,325600749,2594086014
4,9000000,2395249213,326416902,2721666115
4,9000000,2353905948,325189554,2679095502
4,9000000,2305736289,324568051,2630304340
4,9000000,2494695078,325920843,2820615921
4,9000000,2385844917,326116038,2711960955
4,9000000,2380235316,325172497,2705407813
4,9000000,2431784994,324894489,2756679483
4,9000000,2383858777,326156724,2710015501
4,9000000,2406701900,325064623,2731766523
4,9000000,2401770747,325467269,2727238016
4,9000000,2408930103,325103558,2734033661
4,9000000,2426174537,325084780,2751259317
4,9000000,2152578432,324957730,2477536162
4,9000000,2225071752,325145144,2550216896
4,9000000,2387295649,325094764,2712390413
4,9000000,2375768925,325593683,2701362608
4,9000000,2399470035,325263413,2724733448
4,9000000,2416600798,326559006,2743159804
4,9000000,2324946220,325139016,2650085236
4,9000000,2644264530,325178272,2969442802
4,9000000,2425969363,325039525,2751008888
4,9000000,2410303202,324882631,2735185833
4,9000000,2566778198,324489500,2891267698
4,9000000,2331377518,325755531,2657133049
4,9000000,2361450923,324966076,2686416999
4,9000000,2403196584,325049058,2728245642
4,9000000,2387846234,324966678,2712812912
4,9000000,2447204612,325244663,2772449275
4,9000000,2378245904,325489777,2703735681
4,9000000,2384591188,324760901,2709352089
4,9000000,2381428338,325232757,2706661095
4,9000000,2370526377,325492556,2696018933
4,9000000,2384219650,324791753,2709011403
4,9000000,2360774119,325047878,2685821997
4,9000000,2494503275,325605119,2820108394
4,9000000,2397190950,325258917,2722449867
4,9000000,2139865260,325075026,2464940286
4,9000000,2370962420,324952199,2695914619
4,9000000,2374177224,327955406,2702132630
4,9000000,2405794163,324987016,2730781179
4,9000000,2608633076,325975426,2934608502
4,9000000,2403749728,324820130,2728569858
4,9000000,2408345948,324888950,2733234898
4,9000000,2360899849,325151334,2686051183
4,9000000,2394737427,325005191,2719742618
4,9000000,2391204480,325272903,2716477383
4,9000000,2365519028,325330551,2690849579
4,9000000,2360646359,324998962,2685645321
4,9000000,2205751261,325506638,2531257899
4,9000000,2405855515,325638610,2731494125
4,9000000,2124494216,324887334,2449381550
4,9000000,2314724693,324893453,2639618146
4,9000000,2358082824,325081994,2683164818
4,9000000,2392160706,325225608,2717386314
4,9000000,2389298348,325041626,2714339974
4,9000000,2347142482,325179339,2672321821
4,9000000,2389009523,325057098,2714066621
4,9000000,2378058620,332673927,2710732547
4,9000000,2398197933,324982762,2723180695
4,9000000,2263922304,325168039,2589090343
4,9000000,2375165184,324694248,2699859432
4,9000000,2638301656,325029303,2963330959
4,9000000,2396407213,325315513,2721722726
4,9000000,2372124669,323700542,2695825211
4,9000000,2388633519,325561994,2714195513
4,9000000,2370968663,325011317,2695979980
4,9000000,2429936215,323682654,2753618869
4,9000000,2388476290,327973672,2716449962
4,9000000,2668291977,324948348,2993240325
4,10000000,2642593763,359460922,3002054685
4,10000000,2576863465,359433886,2936297351
4,10000000,2635996016,359200466,2995196482
4,10000000,2792405316,360706761,3153112077
4,10000000,2652386840,359363461,3011750301
4,10000000,2529358664,363927505,2893286169
4,10000000,2648600835,359324813,3007925648
4,10000000,2642715559,362400190,3005115749
4,10000000,2644247807,359350021,3003597828
4,10000000,2661760891,359140208,3020901099
4,10000000,2659489043,359274337,3018763380
4,10000000,2650220523,359100551,3009321074
4,10000000,2510127727,360759074,2870886801
4,10000000,2443915167,361030884,2804946051
4,10000000,2623345623,359408568,2982754191
4,10000000,2656464660,359249471,3015714131
4,10000000,2644093625,360253462,3004347087
4,10000000,2650905725,359189739,3010095464
4,10000000,2652996386,359303381,3012299767
4,10000000,2634555797,359761912,2994317709
4,10000000,2628284793,359291378,2987576171
4,10000000,2641976772,359499058,3001475830
4,10000000,2511345859,360729106,2872074965
4,10000000,2628070398,359356455,2987426853
4,10000000,2607204985,360637092,2967842077
4,10000000,2906542132,359251036,3265793168
4,10000000,2676986470,359341179,3036327649
4,10000000,2497151685,360715992,2857867677
4,10000000,2931486550,359032524,3290519074
4,10000000,2933193172,359149260,3292342432
4,10000000,2567366831,360719185,2928086016
4,10000000,2641892974,359327898,3001220872
4,10000000,2684560460,359452267,3044012727
4,10000000,2843886585,359266139,3203152724
4,10000000,2813961349,360965652,3174927001
4,10000000,2914999058,360429307,3275428365
4,10000000,2649438583,359270210,3008708793
4,10000000,2647064192,359503043,3006567235
4,10000000,2682807552,359378747,3042186299
4,10000000,2911272069,360317071,3271589140
4,10000000,2677496864,359341381,3036838245
4,10000000,2636130188,359444412,2995574600
4,10000000,2718440807,359314957,3077755764
4,10000000,2630480264,359431386,2989911650
4,10000000,2562359251,360581569,2922940820
4,10000000,2625758586,359243780,2985002366
4,10000000,2614313445,359560419,2973873864
4,10000000,2565714885,360701218,2926416103
4,10000000,2781919225,359518867,3141438092
4,10000000,2538340909,360150980,2898491889
4,10000000,2623385074,359938638,2983323712
4,10000000,2781128405,360961330,3142089735
4,10000000,2580954273,359353017,2940307290
4,10000000,2928039483,359365546,3287405029
4,10000000,2614645500,359583183,2974228683
4,10000000,2630874987,359474813,2990349800
4,10000000,2613529060,359833475,2973362535
4,10000000,2541069055,360134787,2901203842
4,10000000,2585642773,359650894,2945293667
4,10000000,2653079120,359526980,3012606100
4,10000000,2592512116,359464734,2951976850
4,10000000,2597010973,359688007,2956698980
4,10000000,2576008563,360605372,2936613935
4,10000000,2668537145,360813006,3029350151
4,10000000,2824177667,359942505,3184120172
4,10000000,2663364922,360547899,3023912821
4,10000000,2594078083,359597752,2953675835
4,10000000,2643410301,359845610,3003255911
4,10000000,2657432754,359327066,3016759820
4,10000000,2601472494,359783961,2961256455
4,10000000,2656956370,359384626,3016340996
4,10000000,2511890555,360686644,2872577199
4,10000000,2666030845,359269428,3025300273
4,10000000,2655223621,359815511,3015039132
4,10000000,2745119354,359410145,3104529499
4,10000000,2597205797,359524628,2956730425
4,10000000,2614490705,359320457,2973811162
4,10000000,2614221795,359418997,2973640792
4,10000000,2563224796,360884276,2924109072
4,10000000,2593025894,359544841,2952570735
4,10000000,2647373638,359349697,3006723335
4,10000000,2518519858,360739345,2879259203
4,10000000,2646074550,359268273,3005342823
4,10000000,2701722436,361114091,3062836527
4,10000000,2955980916,359306603,3315287519
4,10000000,2586762991,360410416,2947173407
4,10000000,2828470448,359347253,3187817701
4,10000000,2634840679,359935202,2994775881
4,10000000,2538517273,360972887,2899490160
4,10000000,2550445209,361027678,2911472887
4,10000000,2826430390,361310787,3187741177
4,10000000,2523247193,360176557,2883423750
4,10000000,2505180449,363872851,2869053300
4,10000000,2677824623,359692975,3037517598
4,10000000,2544794479,360169487,2904963966
4,10000000,2646969278,359423345,3006392623
4,10000000,2617641134,359344296,2976985430
4,10000000,2637283495,359433523,2996717018
4,10000000,2513999908,360302192,2874302100
4,10000000,2670505789,359364676,3029870465
4,10000000,2654597911,359375611,3013973522
4,10000000,2522973108,360479498,2883452606
4,10000000,2662043991,359252551,3021296542
4,10000000,2526928549,360752427,2887680976
4,10000000,2546678379,360893681,2907572060
4,10000000,2675033991,361505909,3036539900
4,10000000,2617182226,359338308,2976520534
4,10000000,2542877429,360912331,2903789760
4,10000000,2670764514,359225692,3029990206
4,10000000,2494374513,360657836,2855032349
4,10000000,2539085996,360919437,2900005433
4,10000000,2754939707,359339176,3114278883
4,10000000,2677760596,359295235,3037055831
4,10000000,2786780872,360783110,3147563982
4,10000000,2512938374,359786694,2872725068
4,10000000,2583880344,360813710,2944694054
4,10000000,2639846998,359351765,2999198763
4,10000000,2572555549,359212313,2931767862
4,10000000,2606121936,359737033,2965858969
4,10000000,2755658577,361035231,3116693808
4,10000000,2855494755,359163534,3214658289
4,10000000,2601436766,361549030,2962985796
4,10000000,2610294982,360649640,2970944622
4,10000000,2689253505,362297088,3051550593
4,10000000,2520910276,360693931,2881604207
4,10000000,2753504537,363452426,3116956963
4,10000000,2594389505,360548027,2954937532
4,10000000,2514646322,361004877,2875651199
4,10000000,2975534137,359378031,3334912168
4,10000000,2775227239,361207804,3136435043
4,10000000,2693132078,360951418,3054083496
4,10000000,2783301124,362105117,3145406241
4,10000000,2663970886,360858395,3024829281
4,10000000,2816575757,360252773,3176828530
4,10000000,2660184096,359270866,3019454962
4,10000000,2773694217,361188955,3134883172
4,10000000,2656305673,359819293,3016124966
4,10000000,2719865883,361218382,3081084265
4,10000000,2530435189,361049673,2891484862
4,10000000,2595914852,359301334,2955216186
4,10000000,2919375842,359318129,3278693971
4,10000000,2630132180,359568991,2989701171
4,10000000,2603484750,359543093,2963027843
4,10000000,2636109040,359540594,2995649634
4,10000000,2695037294,359448887,3054486181
4,10000000,2597310806,360010264,2957321070
4,10000000,2665376137,359865060,3025241197
4,10000000,2947178415,359089226,3306267641
4,10000000,2646113153,359323835,3005436988
4,10000000,2643092512,359438167,3002530679
4,10000000,2670945871,359106290,3030052161
4,10000000,2679008609,359136699,3038145308
4,10000000,2623296166,359571582,2982867748
4,10000000,2699636379,359120560,3058756939
4,10000000,2790154335,360633222,3150787557
4,10000000,2512002156,360101401,2872103557
4,10000000,2533950742,361198393,2895149135
4,10000000,2615717723,359295112,2975012835
4,10000000,2658571172,359608391,3018179563
4,10000000,2506023113,360616266,2866639379
4,10000000,2536866265,361100268,2897966533
4,10000000,2671231115,359234421,3030465536
4,10000000,2597439560,361021987,2958461547
4,10000000,2512469986,360117260,2872587246
4,10000000,2732556071,360771397,3093327468
4,10000000,2528408780,361342727,2889751507
4,10000000,2735492103,360939121,3096431224
4,10000000,2580072010,360625428,2940697438
4,10000000,2508651305,360782270,2869433575
4,10000000,2560225611,360706791,2920932402
4,10000000,2635741858,359184727,2994926585
4,10000000,2625372849,359553915,2984926764
4,10000000,2625607813,359982664,2985590477
4,10000000,2663441871,359236263,3022678134
4,10000000,2756739435,360980956,3117720391
4,10000000,2674051973,360748464,3034800437
4,10000000,2800551433,360514794,3161066227
4,10000000,2533067982,363157892,2896225874
4,10000000,2501481257,360731425,2862212682
4,10000000,2650218894,360943623,3011162517
4,10000000,2713699903,361030462,3074730365
4,10000000,2632609392,360246687,2992856079
4,10000000,2633875811,359330039,2993205850
4,10000000,2502454597,361402779,2863857376
4,10000000,2633058339,359217692,2992276031
4,10000000,2859733871,359248386,3218982257
4,10000000,2663152658,359335281,3022487939
4,10000000,2636679207,359425529,2996104736
4,10000000,2537811106,360916763,2898727869
4,10000000,2772118833,360729420,3132848253
4,10000000,2646029842,359644000,3005673842
4,10000000,2654646420,359657677,3014304097
4,10000000,2617886600,359256497,2977143097
4,10000000,2580229130,360898312,2941127442
4,10000000,2612816547,359499925,2972316472
4,10000000,2620360181,359200434,2979560615
4,10000000,2556393529,361058306,2917451835
4,10000000,2620325216,359533675,2979858891
4,10000000,2631541330,359243114,2990784444
4,10000000,2636598470,359173093,2995771563
4,10000000,2523491384,360715134,2884206518
4,10000000,2539906945,363902332,2903809277
4,10000000,2634745825,359199310,2993945135
4,10000000,2660834529,359565938,3020400467
4,10000000,2804800025,359222268,3164022293
4,10000000,2664496651,359473394,3023970045
4,10000000,2591216148,359530948,2950747096
4,10000000,2716561258,359331972,3075893230
4,10000000,2563610802,360328442,2923939244
4,10000000,2528127609,360695170,2888822779
4,10000000,2608119848,359250504,2967370352
4,10000000,2488419415,360830873,2849250288
4,10000000,2725619928,361355063,3086974991
4,10000000,2648832392,359231818,3008064210
4,10000000,2690218680,359119017,3049337697
4,10000000,2918674725,359612198,3278286923
4,10000000,2723065280,360043471,3083108751
4,10000000,2528336568,360732169,2889068737
4,10000000,2497077428,361105914,2858183342
4,10000000,2638372666,359595086,2997967752
4,10000000,3104026313,360946235,3464972548
4,10000000,2654433916,359394617,3013828533
4,10000000,2723274362,359528224,3082802586
4,10000000,2601012783,360939897,2961952680
4,10000000,2752546020,360652050,3113198070
4,10000000,2485638057,360771704,2846409761
4,10000000,2494407859,361534307,2855942166
4,10000000,2668076493,359215785,3027292278
4,10000000,2613733825,359475720,2973209545
4,10000000,2602505570,360727183,2963232753
4,20000000,5137459447,719092816,5856552263
4,20000000,5885151044,719442361,6604593405
4,20000000,5427784757,719429291,6147214048
4,20000000,5104346522,719807239,5824153761
4,20000000,5733248479,719203867,6452452346
4,20000000,5098884554,719270119,5818154673
4,20000000,5468859205,719885447,6188744652
4,20000000,4999767776,719276771,5719044547
4,20000000,5295168731,718626153,6013794884
4,20000000,5099183206,719416289,5818599495
4,20000000,5432943873,719808088,6152751961
4,20000000,5048042946,722935032,5770977978
4,20000000,5000145256,719175627,5719320883
4,20000000,5288224755,719140177,6007364932
4,20000000,5122907820,719940787,5842848607
4,20000000,5299205536,720410454,6019615990
4,20000000,5197706952,718870418,5916577370
4,20000000,5058442866,719141143,5777584009
4,20000000,5556981123,719835058,6276816181
4,20000000,5316895682,718593822,6035489504
4,20000000,5404097064,721137292,6125234356
4,20000000,5295359197,718981337,6014340534
4,20000000,5390304919,718780777,6109085696
4,20000000,5644044878,719287821,6363332699
4,20000000,5301337520,719200530,6020538050
4,20000000,5300628200,719708239,6020336439
4,20000000,5210289730,719999657,5930289387
4,20000000,5215138660,719512619,5934651279
4,20000000,5926191782,719284596,6645476378
4,20000000,5559520231,719189681,6278709912
4,20000000,5029671392,720425107,5750096499
4,20000000,5395078287,720203700,6115281987
4,20000000,5070957541,719290151,5790247692
4,20000000,5239622899,718515629,5958138528
4,20000000,5191212379,720763132,5911975511
4,20000000,5076172624,719391050,5795563674
4,20000000,5140098814,719109590,5859208404
4,20000000,5552190276,719771133,6271961409
4,20000000,5377441058,718938290,6096379348
4,20000000,5645899882,719333519,6365233401
4,20000000,5113938815,719444740,5833383555
4,20000000,5244980316,718512241,5963492557
4,20000000,5125288647,719391551,5844680198
4,20000000,5173715713,719740132,5893455845
4,20000000,5354068907,718555711,6072624618
4,20000000,4945301909,719289923,5664591832
4,20000000,5311613667,719592648,6031206315
4,20000000,5328925497,718612338,6047537835
4,20000000,5304215935,719348641,6023564576
4,20000000,5554131331,719789646,6273920977
4,20000000,4975184558,719644600,5694829158
4,20000000,5614431253,720378850,6334810103
4,20000000,5329088093,718507663,6047595756
4,20000000,5550349741,721752131,6272101872
4,20000000,5203008677,720044574,5923053251
4,20000000,5092360259,719401356,5811761615
4,20000000,5197816919,719093918,5916910837
4,20000000,5188391725,719644705,5908036430
4,20000000,5256715113,718681931,5975397044
4,20000000,5225183227,719234603,5944417830
4,20000000,5301722762,718629904,6020352666
4,20000000,5260249337,718801463,5979050800
4,20000000,5266702960,718558586,5985261546
4,20000000,5282608576,718741508,6001350084
4,20000000,5315804431,718684762,6034489193
4,20000000,5254710030,718961216,5973671246
4,20000000,5196210817,719146747,5915357564
4,20000000,5248166195,720644824,5968811019
4,20000000,5046621316,722308672,5768929988
4,20000000,5254690952,718934682,5973625634
4,20000000,5022502686,719003736,5741506422
4,20000000,5249486659,719564237,5969050896
4,20000000,5226440811,719047241,5945488052
4,20000000,5147670331,718773110,5866443441
4,20000000,5097322056,724695371,5822017427
4,20000000,5356352250,718920505,6075272755
4,20000000,5383723237,719622910,6103346147
4,20000000,4938996720,719409485,5658406205
4,20000000,5527653976,719363699,6247017675
4,20000000,5235002696,719047284,5954049980
4,20000000,5182213407,719243751,5901457158
4,20000000,5130490684,718828326,5849319010
4,20000000,5223016773,719917429,5942934202
4,20000000,5235530014,719794724,5955324738
4,20000000,5358983660,718874075,6077857735
4,20000000,5308722517,718591077,6027313594
4,20000000,4878809020,719335157,5598144177
4,20000000,5275056417,718602042,5993658459
4,20000000,5172181162,718948657,5891129819
4,20000000,5304527170,718910518,6023437688
4,20000000,5290173032,719023136,6009196168
4,20000000,5176825335,719134366,5895959701
4,20000000,5229339346,719131198,5948470544
4,20000000,5341315417,719144291,6060459708
4,20000000,5101618669,719713415,5821332084
4,20000000,5176960225,719562095,5896522320
4,20000000,5278806240,718870346,5997676586
4,20000000,5082599937,719543958,5802143895
4,20000000,5250034493,718752262,5968786755
4,20000000,5272586002,725671814,5998257816
4,20000000,5245705325,718754263,5964459588
4,20000000,5289467595,719402008,6008869603
4,20000000,5040281536,722431191,5762712727
4,20000000,5370440131,718817023,6089257154
4,20000000,5182890519,726439822,5909330341
4,20000000,5309822137,718808869,6028631006
4,20000000,5180345045,719336671,5899681716
4,20000000,5142499987,719148481,5861648468
4,20000000,5186603491,718521941,5905125432
4,20000000,5017813990,719573361,5737387351
4,20000000,5262530153,718824290,5981354443
4,20000000,5149939779,721002329,5870942108
4,20000000,4930873427,720587583,5651461010
4,20000000,5161906292,718987297,5880893589
4,20000000,5332684848,718467779,6051152627
4,30000000,7924130776,1078688719,9002819495
4,30000000,7467034196,1078729256,8545763452
4,30000000,7523266576,1081389513,8604656089
4,30000000,8294180389,1079466258,9373646647
4,30000000,7126335522,1078179315,8204514837
4,30000000,8217489701,1079308554,9296798255
4,30000000,8337782993,1079423418,9417206411
4,30000000,8192711015,1078316349,9271027364
4,30000000,7616484302,1078073345,8694557647
4,30000000,7833598826,1079613299,8913212125
4,30000000,8040759529,1079546684,9120306213
4,30000000,7966638221,1078839724,9045477945
4,30000000,7978572698,1079777783,9058350481
4,30000000,7883494154,1078871622,8962365776
4,30000000,7785984829,1078368236,8864353065
4,30000000,7770946094,1078825116,8849771210
4,30000000,8084470323,1079485174,9163955497
4,30000000,8093917039,1078187843,9172104882
4,30000000,7660117558,1078848603,8738966161
4,30000000,8092659514,1077560069,9170219583
4,30000000,7973489247,1078934660,9052423907
4,30000000,8189429189,1081901831,9271331020
4,30000000,7687482534,1078309538,8765792072
4,30000000,7870050799,1079445387,8949496186
4,30000000,8327755070,1078303265,9406058335
4,30000000,8146814102,1080053949,9226868051
4,30000000,7753706276,1078319600,8832025876
4,30000000,7770698889,1078255542,8848954431
4,30000000,7673867165,1079308884,8753176049
4,30000000,8068530187,1078095880,9146626067
4,30000000,7873959956,1078689933,8952649889
4,30000000,7829535322,1078610797,8908146119
4,30000000,8133939664,1079328165,9213267829
4,30000000,7564499464,1078830201,8643329665
4,30000000,7999252774,1088277647,9087530421
4,30000000,8135587657,1079874336,9215461993
4,30000000,7933955725,1079041239,9012996964
4,30000000,8435193499,1078543129,9513736628
4,30000000,8014764213,1079085795,9093850008
4,30000000,7801620040,1079913218,8881533258
4,30000000,8237545057,1079471812,9317016869
4,30000000,8309545837,1079026490,9388572327
4,30000000,8040316129,1079808464,9120124593
4,30000000,7766613956,1078434072,8845048028
4,30000000,7756277681,1079193298,8835470979
4,30000000,7773147397,1079403420,8852550817
4,30000000,7568464099,1079530901,8647995000
4,30000000,8278387799,1078752872,9357140671
4,30000000,7981215780,1080897958,9062113738
4,30000000,7780550371,1079592153,8860142524
4,30000000,7718748258,1078774719,8797522977
4,30000000,8012408533,1078276643,9090685176
4,30000000,7762415684,1079301624,8841717308
4,30000000,7594616671,1078536210,8673152881
4,30000000,7848523700,1078702927,8927226627
4,30000000,7908110697,1078716301,8986826998
4,30000000,7603597622,1078080287,8681677909
4,30000000,8190486574,1079572433,9270059007
4,30000000,7860258409,1079183506,8939441915
4,30000000,7577002068,1078908504,8655910572
4,30000000,8330652263,1079532936,9410185199
4,30000000,7851130779,1079088751,8930219530
4,30000000,7872932197,1079256843,8952189040
4,30000000,7925252962,1078689418,9003942380
4,30000000,8289655257,1078363743,9368019000
4,30000000,7600950504,1078565740,8679516244
4,30000000,7630500990,1078838820,8709339810
4,30000000,7649105048,1079186848,8728291896
4,30000000,7972582762,1078161231,9050743993
4,30000000,8008269043,1081835722,9090104765
4,30000000,8173984054,1079420418,9253404472
4,30000000,7979252862,1078146132,9057398994
4,30000000,8061299344,1079137025,9140436369
4,30000000,8091553312,1083026251,9174579563
4,30000000,7739433578,1078257256,8817690834
4,30000000,8100610756,1078902597,9179513353
4,30000000,8235457066,1078400222,9313857288
4,30000000,8005215763,1078354147,9083569910
4,30000000,8184679277,1079083976,9263763253
4,30000000,7991172726,1079620921,9070793647
4,30000000,7732627506,1079425515,8812053021
4,30000000,7927564378,1078596341,9006160719
4,30000000,7897124229,1078835294,8975959523
4,30000000,7066067504,1079397650,8145465154
4,30000000,7663702166,1079394511,8743096677
4,30000000,7759524256,1079317616,8838841872
4,30000000,7665297281,1078466668,8743763949
4,30000000,7618484980,1079200899,8697685879
4,30000000,8148117304,1078933210,9227050514
4,30000000,8319734196,1079050656,9398784852
4,30000000,8328006048,1078331935,9406337983
4,30000000,8182342317,1079582778,9261925095
4,30000000,8065108621,1079265399,9144374020
4,30000000,8182597854,1079252875,9261850729
4,30000000,7971040686,1078339499,9049380185
4,30000000,7902920963,1078622598,8981543561
4,30000000,7589774431,1078610349,8668384780
4,30000000,7799199414,1078753751,8877953165
4,30000000,7901185575,1079382525,8980568100
4,30000000,7935637530,1079020193,9014657723
4,30000000,8254140422,1078854524,9332994946
4,30000000,8380607157,1079118275,9459725432
4,30000000,7759561381,1078515499,8838076880
4,30000000,8219165692,1079545237,9298710929
4,30000000,7802638183,1079579406,8882217589
4,30000000,7783249237,1078948493,8862197730
4,30000000,8129831272,1079547917,9209379189
4,30000000,7673253866,1079075689,8752329555
4,30000000,7701654050,1078971414,8780625464
4,30000000,7933878096,1079610263,9013488359
4,30000000,8178600314,1078846479,9257446793
4,30000000,8226192492,1078511563,9304704055
4,30000000,7890198976,1078571453,8968770429
4,30000000,8182058115,1079498350,9261556465
4,30000000,7974104373,1078301230,9052405603
4,40000000,10471840778,1437532381,11909373159
4,40000000,10507283651,1436786111,11944069762
4,40000000,10388472077,1438441642,11826913719
4,40000000,10519847338,1438880049,11958727387
4,40000000,11425489171,1436857966,12862347137
4,40000000,10446197564,1438283368,11884480932
4,40000000,10229530894,1438554773,11668085667
4,40000000,10502932165,1436794093,11939726258
4,40000000,10353498033,1449017473,11802515506
4,40000000,10378582195,1437273702,11815855897
4,40000000,10948483640,1437433437,12385917077
4,40000000,11651025373,1437200777,13088226150
4,40000000,11291526745,1439440103,12730966848
4,40000000,11697790664,1437743605,13135534269
4,40000000,10956801009,1438899101,12395700110
4,40000000,10239675419,1437753774,11677429193
4,40000000,11075104981,1440266112,12515371093
4,40000000,10039028281,1450687024,11489715305
4,40000000,10547239951,1437462673,11984702624
4,40000000,10784930211,1438050233,12222980444
4,40000000,10730754754,1437507720,12168262474
4,40000000,10399453225,1436810558,11836263783
4,40000000,10305866735,1436737189,11742603924
4,40000000,10449989495,1437852110,11887841605
4,40000000,11769950673,1438676817,13208627490
4,40000000,10081573157,1442993935,11524567092
4,40000000,11075900666,1438899431,12514800097
4,40000000,10349611825,1436485769,11786097594
4,40000000,11178416541,1443297767,12621714308
4,40000000,10536342297,1437898965,11974241262
4,40000000,11101948769,1438586230,12540534999
4,40000000,10700673736,1437873965,12138547701
4,40000000,10578322885,1438092342,12016415227
4,40000000,10121207528,1437955412,11559162940
4,40000000,11021971534,1438331897,12460303431
4,40000000,10139779051,1439002508,11578781559
4,40000000,10941182560,1439012993,12380195553
4,40000000,10847094579,1438295430,12285390009
4,40000000,11661153468,1437546875,13098700343
4,40000000,10564637649,1453821065,12018458714
4,40000000,10289029888,1437603107,11726632995
4,40000000,11064269359,1438250480,12502519839
4,40000000,11182306068,1438317976,12620624044
4,40000000,10289037315,1437979583,11727016898
4,40000000,11231331755,1438375916,12669707671
4,40000000,10201949124,1440281896,11642231020
4,40000000,10825989182,1437502123,12263491305
4,40000000,10109605141,1438207706,11547812847
4,40000000,10058347314,1444643069,11502990383
4,40000000,10489073453,1437546649,11926620102
4,40000000,10724817280,1437753059,12162570339
4,40000000,11014226749,1437470529,12451697278
4,40000000,10724686779,1437341762,12162028541
4,40000000,10486195817,1438248318,11924444135
4,40000000,10416481605,1437295892,11853777497
4,40000000,10934892476,1438760029,12373652505
4,40000000,10290723641,1437446842,11728170483
4,40000000,11772730432,1437139028,13209869460
4,40000000,10179540684,1438636792,11618177476
4,40000000,10285652547,1437754377,11723406924
4,40000000,10941139672,1437845442,12378985114
4,40000000,10678280855,1438036269,12116317124
4,40000000,11119508774,1438631466,12558140240
4,40000000,10583796948,1437839691,12021636639
4,40000000,10036389598,1438426900,11474816498
4,40000000,10516899885,1438842071,11955741956
4,40000000,10487198130,1437634272,11924832402
4,40000000,10851105442,1437214569,12288320011
4,40000000,10067046616,1438765852,11505812468
4,40000000,11061311960,1438171115,12499483075
4,40000000,11595051546,1437518358,13032569904
4,40000000,10605577060,1437726725,12043303785
4,40000000,11717927158,1437497102,13155424260
4,40000000,10317798954,1440707744,11758506698
4,40000000,10644323007,1440380114,12084703121
4,40000000,11207722485,1438006783,12645729268
4,40000000,10041360187,1438265087,11479625274
4,40000000,11047369770,1438851115,12486220885
4,40000000,10598080969,1437034205,12035115174
4,40000000,10832876396,1437982190,12270858586
4,40000000,10245688279,1437662969,11683351248
4,40000000,11058426536,1439165629,12497592165
4,40000000,10140988705,1438062310,11579051015
4,40000000,11137239657,1437556273,12574795930
4,40000000,10472015849,1438047470,11910063319
4,40000000,10990431339,1437161301,12427592640
4,40000000,10601505049,1437866620,12039371669
4,40000000,10957636392,1438585641,12396222033
4,40000000,10420550720,1438801858,11859352578
4,40000000,11137555499,1437422453,12574977952
4,40000000,11648060360,1438217237,13086277597
4,40000000,10561662202,1437278957,11998941159
4,40000000,10253768893,1438974693,11692743586
4,40000000,10222717292,1438361189,11661078481
4,40000000,10543525568,1447167128,11990692696
4,40000000,10808525642,1438971978,12247497620
4,40000000,10211036685,1438105955,11649142640
4,40000000,11245968093,1439003143,12684971236
4,40000000,10360070701,1437953974,11798024675
4,40000000,10341561334,1438211946,11779773280
4,40000000,10232378304,1437814839,11670193143
4,40000000,10810090195,1437120086,12247210281
4,40000000,11573674551,1437544186,13011218737
4,40000000,10948312713,1443598198,12391910911
4,40000000,10056239553,1437961231,11494200784
4,40000000,11134333504,1438601845,12572935349
4,40000000,10470252882,1437108302,11907361184
4,40000000,11130352115,1437617560,12567969675
4,40000000,10479569718,1438440256,11918009974
4,40000000,11566089832,1437174419,13003264251
4,40000000,10416348755,1437133007,11853481762
4,40000000,10692650849,1447420456,12140071305
4,40000000,10421134691,1438387880,11859522571
4,40000000,11773471653,1437611551,13211083204
4,40000000,10491867711,1447555250,11939422961
4,50000000,14481485007,1795991115,16277476122
4,50000000,13118207587,1796726962,14914934549
4,50000000,13401149273,1796655352,15197804625
4,50000000,13112286436,1796912726,14909199162
4,50000000,13279654723,1796031525,15075686248
4,50000000,12849157377,1797034047,14646191424
4,50000000,13280973325,1812865893,15093839218
4,50000000,12652768124,1796750883,14449519007
4,50000000,13327018163,1798099899,15125118062
4,50000000,13240036102,1796358791,15036394893
4,50000000,12966937309,1796221966,14763159275
4,50000000,13290595344,1796679960,15087275304
4,50000000,13271431262,1798076780,15069508042
4,50000000,12940622628,1796511065,14737133693
4,50000000,14356921904,1796150921,16153072825
4,50000000,14754403507,1796983654,16551387161
4,50000000,13291039834,1797118753,15088158587
4,50000000,12722797758,1797396174,14520193932
4,50000000,13162046116,1796659183,14958705299
4,50000000,14094174777,1796760347,15890935124
4,50000000,13112275468,1796457661,14908733129
4,50000000,13269393378,1798378268,15067771646
4,50000000,14745347480,1796965507,16542312987
4,50000000,13248732690,1797148070,15045880760
4,50000000,13284692019,1796890012,15081582031
4,50000000,13289419924,1796320398,15085740322
4,50000000,13453787164,1797194124,15250981288
4,50000000,12833822009,1796598553,14630420562
4,50000000,13291180759,1798549799,15089730558
4,50000000,13321029997,1796244212,15117274209
4,50000000,13247166656,1796937877,15044104533
4,50000000,12895727895,1798331632,14694059527
4,50000000,13293080285,1796716333,15089796618
4,50000000,13340252206,1797055111,15137307317
4,50000000,13085159063,1797836309,14882995372
4,50000000,13360829451,1797079039,15157908490
4,50000000,13407621279,1797544708,15205165987
4,50000000,13306468829,1813570287,15120039116
4,50000000,13311574215,1796890709,15108464924
4,50000000,13462994053,1796771027,15259765080
4,50000000,12922177991,1796405768,14718583759
4,50000000,13385459010,1801344965,15186803975
4,50000000,13291391989,1797040719,15088432708
4,50000000,13248968682,1796238513,15045207195
4,50000000,13290690663,1796923254,15087613917
4,50000000,13201776907,1798296911,15000073818
4,50000000,13920537560,1796672808,15717210368
4,50000000,12916570871,1796527374,14713098245
4,50000000,13274741693,1797343787,15072085480
4,50000000,13219980347,1796220184,15016200531
4,50000000,13264693605,1796718434,15061412039
4,50000000,13248892745,1797073473,15045966218
4,50000000,13319053217,1797520932,15116574149
4,50000000,13223771419,1798017880,15021789299
4,50000000,13430389673,1796247677,15226637350
4,50000000,13407138153,1796868728,15204006881
4,50000000,13318550929,1797815585,15116366514
4,50000000,13917534735,1796195539,15713730274
4,50000000,13202086143,1796879013,14998965156
4,50000000,13477183219,1796874966,15274058185
4,50000000,13366841519,1797458227,15164299746
4,50000000,13748814185,1796861276,15545675461
4,50000000,13271666131,1796582025,15068248156
4,50000000,12949040661,1797990983,14747031644
4,50000000,13269239257,1796766398,15066005655
4,50000000,13218384961,1797064335,15015449296
4,50000000,13167020940,1796686756,14963707696
4,50000000,12771984606,1797116439,14569101045
4,50000000,12785011504,1796258470,14581269974
4,50000000,13259005884,1797059633,15056065517
4,50000000,13244481063,1796596705,15041077768
4,50000000,13357079398,1796407479,15153486877
4,50000000,12941921157,1797138919,14739060076
4,50000000,13154610324,1801611750,14956222074
4,50000000,13037561438,1796242007,14833803445
4,50000000,13632225263,1796484913,15428710176
4,50000000,13330358233,1797240784,15127599017
4,50000000,13247188567,1797875482,15045064049
4,50000000,12979262165,1797493222,14776755387
4,50000000,12887419020,1797813272,14685232292
4,50000000,13480833002,1796113221,15276946223
4,50000000,13234302967,1797094731,15031397698
4,50000000,13003820363,1796750895,14800571258
4,50000000,13259601552,1798349303,15057950855
4,50000000,13159314414,1806084086,14965398500
4,50000000,13114788046,1796294459,14911082505
4,50000000,13302365066,1797359350,15099724416
4,50000000,13240922459,1796658142,15037580601
4,50000000,13285386973,1796367163,15081754136
4,50000000,13421282248,1797149854,15218432102
4,50000000,13315709014,1796990696,15112699710
4,50000000,13403780129,1798043233,15201823362
4,50000000,13480498385,1797545365,15278043750
4,50000000,13034215594,1804713293,14838928887
4,50000000,13188146151,1797397330,14985543481
4,50000000,13697363451,1797300016,15494663467
4,50000000,14027917327,1796744497,15824661824
4,50000000,13320780006,1796762277,15117542283
4,50000000,13274024407,1796593114,15070617521
4,50000000,13230243112,1797232657,15027475769
4,50000000,13590910729,1796746438,15387657167
4,50000000,13361638555,1796145018,15157783573
4,50000000,13277718692,1797781811,15075500503
4,50000000,13403213780,1799002243,15202216023
4,50000000,13607401309,1796406325,15403807634
4,50000000,13294800647,1796640463,15091441110
4,50000000,13077261555,1796738902,14874000457
4,50000000,13271718996,1797382603,15069101599
4,50000000,13295943240,1797763459,15093706699
4,50000000,13339483662,1797945238,15137428900
4,50000000,13547228436,1799611558,15346839994
4,50000000,13328640780,1796681425,15125322205
4,50000000,13249500065,1797844547,15047344612
4,50000000,13282940733,1797081874,15080022607
4,50000000,13299244275,1796631374,15095875649
4,60000000,16092180709,2158500324,18250681033
4,60000000,14473787447,2156751729,16630539176
4,60000000,15404825663,2156044146,17560869809
4,60000000,15293225460,2156029275,17449254735
4,60000000,15644887866,2158982577,17803870443
4,60000000,16741958593,2157117175,18899075768
4,60000000,16274343263,2155856488,18430199751
4,60000000,16155419505,2157341644,18312761149
4,60000000,14847812640,2155883765,17003696405
4,60000000,15934210049,2155267058,18089477107
4,60000000,15591505884,2156051703,17747557587
4,60000000,15412899912,2156324572,17569224484
4,60000000,15835091183,2155787841,17990879024
4,60000000,15449962294,2156444371,17606406665
4,60000000,17467984580,2156748212,19624732792
4,60000000,16008682894,2156181300,18164864194
4,60000000,15582004248,2156881450,17738885698
4,60000000,15957148563,2157113290,18114261853
4,60000000,15556493594,2155965172,17712458766
4,60000000,16711773226,2156860014,18868633240
4,60000000,15468222039,2155742903,17623964942
4,60000000,15390146265,2155594085,17545740350
4,60000000,16703895867,2156765363,18860661230
4,60000000,14571811904,2156912015,16728723919
4,60000000,15799078572,2157042182,17956120754
4,60000000,16808664362,2157433048,18966097410
4,60000000,16201773574,2156675291,18358448865
4,60000000,16169308510,2156600362,18325908872
4,60000000,16290557176,2157109843,18447667019
4,60000000,15601725374,2156290849,17758016223
4,60000000,15719804456,2156415918,17876220374
4,60000000,16151365280,2155823396,18307188676
4,60000000,14650245692,2155887489,16806133181
4,60000000,15661786714,2155419957,17817206671
4,60000000,15586709350,2157731969,17744441319
4,60000000,16454617604,2156296409,18610914013
4,60000000,14579738367,2156448045,16736186412
4,60000000,15297227267,2155574739,17452802006
4,60000000,15632009537,2156704326,17788713863
4,60000000,15970187707,2155723015,18125910722
4,60000000,16097090244,2157096137,18254186381
4,60000000,16629197150,2156899916,18786097066
4,60000000,16353861433,2158422366,18512283799
4,60000000,16070670101,2157408658,18228078759
4,60000000,15584830643,2157018670,17741849313
4,60000000,15839399800,2156686177,17996085977
4,60000000,16174430846,2156312036,18330742882
4,60000000,16030655371,2156297727,18186953098
4,60000000,16932454367,2156052067,19088506434
4,60000000,16108562356,2155733196,18264295552
4,60000000,14354932812,2155389525,16510322337
4,60000000,15503725712,2157218814,17660944526
4,60000000,15676679379,2156831542,17833510921
4,60000000,15973244484,2155336088,18128580572
4,60000000,15552287614,2155613182,17707900796
4,60000000,15701603785,2156979424,17858583209
4,60000000,16383141525,2156612204,18539753729
4,60000000,15639569606,2157066707,17796636313
4,60000000,15421352468,2155857490,17577209958
4,60000000,16156000357,2159703780,18315704137
4,60000000,14441766450,2156101184,16597867634
4,60000000,14280498324,2157790888,16438289212
4,60000000,15757296888,2156724192,17914021080
4,60000000,15544331327,2157522864,17701854191
4,60000000,15433576598,2157186819,17590763417
4,60000000,15562077333,2163398483,17725475816
4,60000000,14390159903,2156524481,16546684384
4,60000000,15597118482,2155432900,17752551382
4,60000000,14825834004,2157199417,16983033421
4,60000000,15780954987,2156218184,17937173171
4,60000000,14617590299,2156103870,16773694169
4,60000000,15687715967,2157285968,17845001935
4,60000000,15835689956,2159393842,17995083798
4,60000000,15443582587,2157383117,17600965704
4,60000000,15267872994,2155996263,17423869257
4,60000000,14436353332,2156700871,16593054203
4,60000000,14667432789,2155915467,16823348256
4,60000000,15487100581,2157272685,17644373266
4,60000000,15919024446,2156960650,18075985096
4,60000000,15288142300,2159003330,17447145630
4,60000000,15543440875,2157382035,17700822910
4,60000000,15469460681,2157799123,17627259804
4,60000000,16587332627,2156231004,18743563631
4,60000000,16123395326,2156593891,18279989217
4,60000000,16253412468,2162060537,18415473005
4,60000000,15517053036,2158440474,17675493510
4,60000000,15540313521,2155928162,17696241683
4,60000000,15456952718,2155845324,17612798042
4,60000000,14638230692,2157010658,16795241350
4,60000000,16238762922,2156007017,18394769939
4,60000000,14535011224,2156178703,16691189927
4,60000000,15515967609,2156773125,17672740734
4,60000000,14697011052,2158212284,16855223336
4,60000000,16104443254,2156306463,18260749717
4,60000000,15802887292,2155317874,17958205166
4,60000000,15795128275,2156727340,17951855615
4,60000000,14454132660,2156202691,16610335351
4,60000000,15927715163,2157945951,18085661114
4,60000000,15956255631,2155798810,18112054441
4,60000000,16595888394,2157234465,18753122859
4,60000000,15647331231,2156592728,17803923959
4,60000000,15469547658,2156493725,17626041383
4,60000000,15409417507,2155902709,17565320216
4,60000000,16334674825,2155634245,18490309070
4,60000000,15795514191,2157268016,17952782207
4,60000000,14496965583,2155908322,16652873905
4,60000000,15513721001,2155487316,17669208317
4,60000000,15712560654,2156304653,17868865307
4,60000000,15434787644,2155305884,17590093528
4,60000000,15913661226,2156279914,18069941140
4,60000000,15833876945,2156307289,17990184234
4,60000000,14394796713,2156233492,16551030205
4,60000000,14975910380,2158087809,17133998189
4,60000000,15426520259,2156832371,17583352630
4,60000000,16017277242,2155677406,18172954648
4,70000000,17482085923,2517090312,19999176235
4,70000000,19881617974,2515461701,22397079675
4,70000000,17578555677,2516724538,20095280215
4,70000000,17512326480,2515119013,20027445493
4,70000000,18441073160,2516221979,20957295139
4,70000000,19788134961,2516271805,22304406766
4,70000000,17475723104,2515330861,19991053965
4,70000000,17738815764,2517422393,20256238157
4,70000000,18164684544,2516613212,20681297756
4,70000000,18613227215,2514967041,21128194256
4,70000000,18911897152,2516423191,21428320343
4,70000000,17949273340,2517294787,20466568127
4,70000000,17765795434,2514940730,20280736164
4,70000000,19470692520,2515645601,21986338121
4,70000000,17677610548,2515034657,20192645205
4,70000000,19571769641,2517667321,22089436962
4,70000000,18011185409,2514740862,20525926271
4,70000000,19273352616,2515090790,21788443406
4,70000000,17425846377,2519373054,19945219431
4,70000000,19703667137,2517301817,22220968954
4,70000000,18520072705,2515683035,21035755740
4,70000000,21175209212,2516301948,23691511160
4,70000000,17861911214,2515535165,20377446379
4,70000000,18896243956,2515944921,21412188877
4,70000000,17708813230,2514685245,20223498475
4,70000000,19060244974,2521633163,21581878137
4,70000000,17624817514,2515044047,20139861561
4,70000000,19542003527,2516996978,22059000505
4,70000000,17405376664,2516897941,19922274605
4,70000000,17271333147,2520083771,19791416918
4,70000000,17389903673,2515313247,19905216920
4,70000000,18475803357,2515039121,20990842478
4,70000000,17075335701,2515255965,19590591666
4,70000000,18380772211,2514222031,20894994242
4,70000000,17438464237,2516189249,19954653486
4,70000000,17301859050,2516214554,19818073604
4,70000000,19702427687,2516172374,22218600061
4,70000000,17990355079,2515655917,20506010996
4,70000000,19008009428,2517399495,21525408923
4,70000000,17505659651,2516526673,20022186324
4,70000000,17702090548,2515050168,20217140716
4,70000000,19551145689,2515285679,22066431368
4,70000000,17784327353,2515353046,20299680399
4,70000000,17446669608,2516518753,19963188361
4,70000000,19209417195,2516175581,21725592776
4,70000000,17489950125,2515966924,20005917049
4,70000000,17444772609,2514462961,19959235570
4,70000000,17872962245,2515602602,20388564847
4,70000000,18036794973,2515923826,20552718799
4,70000000,18397503706,2515676902,20913180608
4,70000000,17993894409,2514584527,20508478936
4,70000000,18479520275,2515750654,20995270929
4,70000000,19158679122,2517554734,21676233856
4,70000000,18099635726,2516359215,20615994941
4,70000000,17761262314,2514885076,20276147390
4,70000000,18461868830,2516999688,20978868518
4,70000000,19581584893,2515450732,22097035625
4,70000000,18257982159,2516215941,20774198100
4,70000000,17703221927,2516997438,20220219365
4,70000000,17476042608,2519344866,19995387474
4,70000000,19215750871,2516165080,21731915951
4,70000000,18012557035,2516324465,20528881500
4,70000000,17428646187,2515578980,19944225167
4,70000000,18942915014,2515492678,21458407692
4,70000000,18022868904,2517912660,20540781564
4,70000000,17678911179,2515581156,20194492335
4,70000000,17541687519,2516956206,20058643725
4,70000000,18243650498,2517053231,20760703729
4,70000000,20874649011,2514524921,23389173932
4,70000000,17543804485,2515629785,20059434270
4,70000000,17618161970,2514243477,20132405447
4,70000000,18852541888,2515613497,21368155385
4,70000000,17649305743,2515357839,20164663582
4,70000000,19540541291,2515838433,22056379724
4,70000000,17920338716,2857993024,20778331740
4,70000000,19713707849,2515231566,22228939415
4,70000000,17318729226,2516278383,19835007609
4,70000000,18991838905,2515596683,21507435588
4,70000000,17276774662,2515904010,19792678672
4,70000000,19159508897,2515415705,21674924602
4,70000000,17250092248,2515292323,19765384571
4,70000000,19717672465,2514870629,22232543094
4,70000000,17648878925,2537213061,20186091986
4,70000000,18406370628,2652032647,21058403275
4,70000000,19468940832,2514920278,21983861110
4,70000000,19546853696,2514871852,22061725548
4,70000000,18832617065,2517529178,21350146243
4,70000000,19717810169,2518130366,22235940535
4,70000000,17197776026,2515843924,19713619950
4,70000000,20847761406,2514721376,23362482782
4,70000000,17590038123,2516754921,20106793044
4,70000000,19925915833,2514813949,22440729782
4,70000000,18337349047,2515336532,20852685579
4,70000000,19082159426,2516291014,21598450440
4,70000000,17683308372,2515096616,20198404988
4,70000000,19675455835,2515474929,22190930764
4,70000000,17299011530,2516919346,19815930876
4,70000000,18610036796,2516316995,21126353791
4,70000000,20077268790,2514629000,22591897790
4,70000000,19177362806,2515568093,21692930899
4,70000000,17372556696,2515565315,19888122011
4,70000000,19364383296,2517423741,21881807037
4,70000000,17531108813,2516851928,20047960741
4,70000000,18491802680,2514844931,21006647611
4,70000000,17892241472,2517915875,20410157347
4,70000000,19803088637,2516680186,22319768823
4,70000000,18968015210,2516039344,21484054554
4,70000000,19228325706,2514645070,21742970776
4,70000000,17732796677,2515223506,20248020183
4,70000000,18841403817,2516033072,21357436889
4,70000000,19570751661,2523265287,22094016948
4,70000000,18426749088,2515802340,20942551428
4,70000000,17198324993,2515805614,19714130607
4,70000000,18614628451,2515117595,21129746046
4,70000000,17575630577,2515977951,20091608528
4,80000000,22627751833,2872907583,25500659416
4,80000000,21758011004,2877257035,24635268039
4,80000000,21542277254,2873073588,24415350842
4,80000000,23063457336,2874557919,25938015255
4,80000000,20789542130,2878814422,23668356552
4,80000000,23308566748,2876702893,26185269641
4,80000000,21832743784,2877957047,24710700831
4,80000000,21171048946,2882527016,24053575962
4,80000000,21610462590,2875220659,24485683249
4,80000000,22432268613,2873628635,25305897248
4,80000000,21541853984,2874604228,24416458212
4,80000000,21937065500,2874959848,24812025348
4,80000000,21784079287,2873843563,24657922850
4,80000000,23496439825,2872930208,26369370033
4,80000000,20818972648,2874789599,23693762247
4,80000000,22142419023,2875637677,25018056700
4,80000000,21596111570,2875504487,24471616057
4,80000000,23028029600,2876287402,25904317002
4,80000000,21605059985,2875130883,24480190868
4,80000000,22712789567,2876505239,25589294806
4,80000000,20371910594,2874412557,23246323151
4,80000000,22627163627,2875342596,25502506223
4,80000000,21679872236,2873525522,24553397758
4,80000000,21110094441,2875171916,23985266357
4,80000000,21402316013,2874552874,24276868887
4,80000000,22477114189,2875174651,25352288840
4,80000000,21857075339,2873756431,24730831770
4,80000000,22574694994,2874271304,25448966298
4,80000000,21610758926,2873414002,24484172928
4,80000000,22780912783,2873256133,25654168916
4,80000000,21551860309,2874153135,24426013444
4,80000000,21264081442,2876862428,24140943870
4,80000000,21714715853,2874033954,24588749807
4,80000000,21021402186,2873815209,23895217395
4,80000000,21738259413,2873572377,24611831790
4,80000000,20863786385,2874530014,23738316399
4,80000000,21873085683,2873053092,24746138775
4,80000000,21680630987,2875910098,24556541085
4,80000000,21586526116,2873093199,24459619315
4,80000000,21504906503,2873683583,24378590086
4,80000000,21624552684,2874448481,24499001165
4,80000000,20750649258,2878735279,23629384537
4,80000000,22124018408,2873853316,24997871724
4,80000000,21842988994,2873135804,24716124798
4,80000000,21362627160,2873948602,24236575762
4,80000000,21601074987,2873183698,24474258685
4,80000000,21949098841,2872776258,24821875099
4,80000000,20451394539,2874974495,23326369034
4,80000000,21984237180,2874742593,24858979773
4,80000000,21894444468,2873820099,24768264567
4,80000000,21527516246,2873094016,24400610262
4,80000000,20576586838,2874795362,23451382200
4,80000000,21655476886,2872611708,24528088594
4,80000000,20868117082,2875363897,23743480979
4,80000000,21758668292,2874011653,24632679945
4,80000000,21155868086,2874363504,24030231590
4,80000000,21570528187,2873519396,24444047583
4,80000000,21106361096,2875780920,23982142016
4,80000000,19329938940,2875218333,22205157273
4,80000000,20988495753,2874577598,23863073351
4,80000000,21425558218,2874312168,24299870386
4,80000000,21615113318,2873072746,24488186064
4,80000000,21697426764,2878211689,24575638453
4,80000000,21124526940,2876969986,24001496926
4,80000000,21636470778,2874371208,24510841986
4,80000000,21131212846,2879430141,24010642987
4,80000000,21558349723,2874947804,24433297527
4,80000000,21296197182,2876086728,24172283910
4,80000000,21778028483,2875258038,24653286521
4,80000000,20536760232,2875781696,23412541928
4,80000000,21858983081,2874864670,24733847751
4,80000000,21804326085,2874580366,24678906451
4,80000000,21822166671,2874553144,24696719815
4,80000000,22024382977,2873540757,24897923734
4,80000000,20958270888,2873477274,23831748162
4,80000000,22098261251,2875028242,24973289493
4,80000000,21457639116,2874904364,24332543480
4,80000000,21678661606,2898323969,24576985575
4,80000000,20699711297,2874624745,23574336042
4,80000000,21937216523,2875709950,24812926473
4,80000000,20605591863,2876132496,23481724359
4,80000000,21947880127,2872975645,24820855772
4,80000000,22876557338,2874986752,25751544090
4,80000000,21907496354,2874418965,24781915319
4,80000000,22397650330,2872584822,25270235152
4,80000000,21921393004,2874464396,24795857400
4,80000000,20554623648,2873270459,23427894107
4,80000000,22322883245,2876589009,25199472254
4,80000000,21204554773,2874860303,24079415076
4,80000000,20798461240,2875581365,23674042605
4,80000000,21499207648,2874970881,24374178529
4,80000000,22028108002,2876915044,24905023046
4,80000000,21382444025,2874558259,24257002284
4,80000000,21935361249,2873753246,24809114495
4,80000000,21259588326,2873212132,24132800458
4,80000000,20991576384,2874308581,23865884965
4,80000000,21140686183,2874612607,24015298790
4,80000000,21797802212,2873709928,24671512140
4,80000000,20859949855,2873733935,23733683790
4,80000000,20881543904,2873472553,23755016457
4,80000000,21663992602,2874274875,24538267477
4,80000000,20258368450,2874568892,23132937342
4,80000000,21318569075,2877769743,24196338818
4,80000000,20413320964,2901576736,23314897700
4,80000000,22004173563,2875836714,24880010277
4,80000000,21089743824,2876379430,23966123254
4,80000000,21574066416,2874214173,24448280589
4,80000000,20599038876,2874380288,23473419164
4,80000000,21728173167,2872693602,24600866769
4,80000000,20526196258,2874732900,23400929158
4,80000000,21951160793,2874191906,24825352699
4,80000000,20755548430,2875927973,23631476403
4,80000000,21087566920,2875410730,23962977650
4,80000000,20722310612,2876077492,23598388104
4,80000000,21377816143,2874334383,24252150526
4,90000000,23632558299,3236245409,26868803708
4,90000000,24779635676,3236969368,28016605044
4,90000000,23695511764,3246422963,26941934727
4,90000000,23455623642,3233715695,26689339337
4,90000000,25130668339,3232230305,28362898644
4,90000000,23811518818,3234052146,27045570964
4,90000000,23169842935,3236008410,26405851345
4,90000000,24005330057,3234403201,27239733258
4,90000000,24863508821,3234966136,28098474957
4,90000000,24765410110,3235191935,28000602045
4,90000000,24570647633,3232716010,27803363643
4,90000000,23722885723,3234383439,26957269162
4,90000000,24678795842,3233757004,27912552846
4,90000000,24426671049,3234745571,27661416620
4,90000000,23287299949,3234609834,26521909783
4,90000000,25036832499,3234976412,28271808911
4,90000000,23880344976,3233840033,27114185009
4,90000000,24757509110,3234793400,27992302510
4,90000000,23645641422,3235643361,26881284783
4,90000000,23880978603,3264326869,27145305472
4,90000000,24251774208,3234668975,27486443183
4,90000000,24718673114,3233360600,27952033714
4,90000000,23665567488,3232152545,26897720033
4,90000000,24901223505,3233487821,28134711326
4,90000000,24617349138,3233083739,27850432877
4,90000000,24508546748,3265293433,27773840181
4,90000000,24435921987,3233302416,27669224403
4,90000000,24841251495,3234894744,28076146239
4,90000000,23834354542,3234978765,27069333307
4,90000000,23214240401,3236361547,26450601948
4,90000000,24564019878,3234204573,27798224451
4,90000000,24623488260,3233496516,27856984776
4,90000000,23653669729,3233205162,26886874891
4,90000000,24885293954,3233710267,28119004221
4,90000000,23758960727,3235005935,26993966662
4,90000000,23454053650,3235215246,26689268896
4,90000000,23778057924,3234189148,27012247072
4,90000000,24045103369,3234039743,27279143112
4,90000000,23887895839,3235136250,27123032089
4,90000000,25010631589,3233151116,28243782705
4,90000000,23512182085,3233628726,26745810811
4,90000000,23451707195,3233164302,26684871497
4,90000000,25158921664,3233760102,28392681766
4,90000000,24711131873,3232843933,27943975806
4,90000000,24516445225,3234705542,27751150767
4,90000000,23597104892,3234120045,26831224937
4,90000000,23684747738,3232974392,26917722130
4,90000000,25086440232,3233347540,28319787772
4,90000000,23361018061,3234178048,26595196109
4,90000000,24774031418,3232772732,28006804150
4,90000000,24742048884,3232518148,27974567032
4,90000000,23429930155,3233967313,26663897468
4,90000000,26714895744,3232469343,29947365087
4,90000000,24889370527,3234613109,28123983636
4,90000000,24834461207,3232244242,28066705449
4,90000000,24668411752,3235840033,27904251785
4,90000000,25326768114,3233814846,28560582960
4,90000000,25070043905,3234835275,28304879180
4,90000000,23881951764,3234673982,27116625746
4,90000000,23876461413,3233935204,27110396617
4,90000000,24707058717,3233208270,27940266987
4,90000000,25246869865,3237442361,28484312226
4,90000000,25566959618,3234172280,28801131898
4,90000000,23859334796,3233323371,27092658167
4,90000000,24819828229,3234247432,28054075661
4,90000000,25000211609,3232178031,28232389640
4,90000000,23913899749,3233247738,27147147487
4,90000000,24740829736,3232612397,27973442133
4,90000000,26527678918,3233983442,29761662360
4,90000000,23557909983,3235709366,26793619349
4,90000000,23674968596,3236069090,26911037686
4,90000000,23614930602,3232864779,26847795381
4,90000000,23672073235,3233330258,26905403493
4,90000000,25435004681,3235209102,28670213783
4,90000000,25242627270,3232609216,28475236486
4,90000000,24958949459,3233028947,28191978406
4,90000000,24484605083,3233733092,27718338175
4,90000000,24635459663,3232866734,27868326397
4,90000000,25122233147,3235649772,28357882919
4,90000000,25059187151,3234863084,28294050235
4,90000000,23527817274,3232921389,26760738663
4,90000000,24488391324,3233431917,27721823241
4,90000000,23690760465,3234961051,26925721516
4,90000000,23624043838,3233657163,26857701001
4,90000000,24640442381,3232804860,27873247241
4,90000000,24849462302,3233760239,28083222541
4,90000000,23941703821,3232526286,27174230107
4,90000000,24905195730,3235192024,28140387754
4,90000000,25531866365,3235080486,28766946851
4,90000000,25088716445,3234632926,28323349371
4,90000000,23767475349,3232258908,26999734257
4,90000000,25117660937,3237698197,28355359134
4,90000000,23624645740,3232943916,26857589656
4,90000000,23823343004,3235381754,27058724758
4,90000000,23719011938,3233010513,26952022451
4,90000000,24643278894,3235199752,27878478646
4,90000000,25076209192,3232744621,28308953813
4,90000000,24902335095,3235273713,28137608808
4,90000000,23290639227,3234273893,26524913120
4,90000000,23595821538,3235306521,26831128059
4,90000000,23683713707,3234340525,26918054232
4,90000000,23787132944,3236590403,27023723347
4,90000000,25175155128,3234099578,28409254706
4,90000000,23114138379,3233715042,26347853421
4,90000000,23937274396,3233631022,27170905418
4,90000000,24510261080,3234738791,27744999871
4,90000000,24208919942,3232580382,27441500324
4,90000000,24966026750,3233978700,28200005450
4,90000000,24825847554,3232463552,28058311106
4,90000000,24360082927,3234304031,27594386958
4,90000000,24658032369,3234682563,27892714932
4,90000000,23583866431,3233243718,26817110149
4,90000000,23735141242,3233688992,26968830234
4,90000000,24502142864,3232264618,27734407482
4,90000000,24750003420,3233747468,27983750888
4,100000000,29672169648,3600508504,33272678152
4,100000000,26048787769,3596237656,29645025425
4,100000000,27673243376,3594393809,31267637185
4,100000000,26360304099,3592916939,29953221038
4,100000000,27219158368,3625387092,30844545460
4,100000000,27679435788,3607742421,31287178209
4,100000000,26199832978,3593527208,29793360186
4,100000000,27759285265,3593537785,31352823050
4,100000000,27734415482,3595310551,31329726033
4,100000000,26705019881,3593448121,30298468002
4,100000000,27591317877,3593689854,31185007731
4,100000000,26523555799,3596741520,30120297319
4,100000000,27617568805,3592168419,31209737224
4,100000000,26836478207,3594293510,30430771717
4,100000000,26294700730,3594447980,29889148710
4,100000000,27943552999,3591482396,31535035395
4,100000000,26595601274,3592357060,30187958334
4,100000000,27817543636,3602489641,31420033277
4,100000000,26540217058,3595702139,30135919197
4,100000000,27659542729,3594603462,31254146191
4,100000000,27659844771,3593625451,31253470222
4,100000000,28019259262,3593222559,31612481821
4,100000000,25867543498,3593353164,29460896662
4,100000000,26335269411,3594987075,29930256486
4,100000000,26416086171,3593255736,30009341907
4,100000000,27898458407,3595743244,31494201651
4,100000000,27650307720,3594475016,31244782736
4,100000000,26187198703,3592936754,29780135457
4,100000000,26183824486,3594038749,29777863235
4,100000000,27787548135,3595462408,31383010543
4,100000000,27939575042,3593867190,31533442232
4,100000000,26022208042,3594656901,29616864943
4,100000000,27577112295,3595167276,31172279571
4,100000000,27728585580,3595354352,31323939932
4,100000000,26163240476,3595541489,29758781965
4,100000000,26491413499,3593502282,30084915781
4,100000000,27630298526,3593327353,31223625879
4,100000000,27369128661,3595817517,30964946178
4,100000000,27709987878,3594267350,31304255228
4,100000000,27890227620,3597433777,31487661397
4,100000000,27767583421,3594576667,31362160088
4,100000000,27688850733,3594044940,31282895673
4,100000000,28218553149,3591817134,31810370283
4,100000000,28005100678,3593608136,31598708814
4,100000000,27702953429,3593004346,31295957775
4,100000000,27177413642,3596504379,30773918021
4,100000000,27393165293,3594978964,30988144257
4,100000000,27123865789,3593651470,30717517259
4,100000000,27591850012,3595035321,31186885333
4,100000000,27677345456,3593512302,31270857758
4,100000000,27629444930,3593117909,31222562839
4,100000000,27619293311,3604219942,31223513253
4,100000000,27535541822,3591979239,31127521061
4,100000000,27718493242,3593233404,31311726646
4,100000000,27638678302,3595408736,31234087038
4,100000000,27410041469,3620168352,31030209821
4,100000000,27401895502,3595684405,30997579907
4,100000000,28151205257,3593389585,31744594842
4,100000000,27132693195,3591770352,30724463547
4,100000000,24883879666,3600229082,28484108748
4,100000000,27577745210,3595672794,31173418004
4,100000000,28166337490,3593993393,31760330883
4,100000000,28175745692,3594212710,31769958402
4,100000000,26309517425,3595523621,29905041046
4,100000000,27555218082,3593122685,31148340767
4,100000000,27789079918,3593093670,31382173588
4,100000000,27974437573,3593891091,31568328664
4,100000000,27654278101,3601268317,31255546418
4,100000000,24818382706,3593058643,28411441349
4,100000000,28726109666,3594474246,32320583912
4,100000000,27879907692,3596249014,31476156706
4,100000000,25625439597,3594743586,29220183183
4,100000000,27196857517,3599976156,30796833673
4,100000000,25980155607,3597731399,29577887006
4,100000000,27097010421,3607793612,30704804033
4,100000000,27308152170,3601681068,30909833238
4,100000000,27645862519,3595832870,31241695389
4,100000000,27505751901,3592935080,31098686981
4,100000000,26987809960,3607438891,30595248851
4,100000000,28309430133,3595334635,31904764768
4,100000000,27493123476,3593734276,31086857752
4,100000000,27645494196,3592824275,31238318471
4,100000000,27690593435,3595619980,31286213415
4,100000000,27052010181,3593346259,30645356440
4,100000000,30105859687,3592837607,33698697294
4,100000000,28201492909,3595239066,31796731975
4,100000000,27853323918,3593296382,31446620300
4,100000000,27942058207,3593189448,31535247655
4,100000000,27761414660,3594253281,31355667941
4,100000000,26560362952,3596353156,30156716108
4,100000000,27405835712,3591643016,30997478728
4,100000000,27621830210,3593844590,31215674800
4,100000000,28807875178,3597099961,32404975139
4,100000000,27771708044,3593417656,31365125700
4,100000000,27680852333,3593616680,31274469013
4,100000000,27217014478,3593477555,30810492033
4,100000000,27622629096,3590816227,31213445323
4,100000000,27966859797,3595141955,31562001752
4,100000000,26352228848,3595680411,29947909259
4,100000000,28132456494,3594567617,31727024111
4,100000000,27600981687,3598856628,31199838315
4,100000000,25047720916,3592959686,28640680602
4,100000000,25791947205,3593593854,29385541059
4,100000000,27549810691,3594238883,31144049574
4,100000000,27993267027,3594580784,31587847811
4,100000000,28063870033,3594909813,31658779846
4,100000000,27499741468,3594406794,31094148262
4,100000000,27537712610,3602945128,31140657738
4,100000000,27659230437,3594319374,31253549811
4,100000000,27974378785,3599000876,31573379661
4,100000000,27618421336,3593208301,31211629637
4,100000000,28376702180,3594638413,31971340593
4,100000000,27553456658,3593642049,31147098707
4,100000000,26258080507,3594008112,29852088619
4,100000000,27047384605,3593859353,30641243958
6,1000,3469951,117132,3587083
6,1000,2884908,104254,2989162
6,1000,3342713,105247,3447960
6,1000,2849070,74083,2923153
6,1000,2978886,106246,3085132
6,1000,2690811,108274,2799085
6,1000,2929682,691460,3621142
6,1000,3225741,126081,3351822
6,1000,2827302,79588,2906890
6,1000,2585763,103385,2689148
6,1000,2637425,74442,2711867
6,1000,2921412,125502,3046914
6,1000,2659003,131448,2790451
6,1000,2691977,135497,2827474
6,1000,2953234,77836,3031070
6,1000,2730572,688244,3418816
6,1000,2720370,102714,2823084
6,1000,3283885,107939,3391824
6,1000,2718788,76849,2795637
6,1000,2844810,137228,2982038
6,1000,3230517,75616,3306133
6,1000,3265091,578689,3843780
6,1000,2944334,78774,3023108
6,1000,2855483,137493,2992976
6,1000,2702314,530836,3233150
6,1000,3007689,101170,3108859
6,1000,2995162,104635,3099797
6,1000,2796687,127791,2924478
6,1000,3116459,106094,3222553
6,1000,3154353,74248,3228601
6,1000,2761706,104255,2865961
6,1000,3090973,99812,3190785
6,1000,3631490,105377,3736867
6,1000,3009237,104255,3113492
6,1000,2982971,122328,3105299
6,1000,2740663,105392,2846055
6,1000,3123286,88686,3211972
6,1000,2896791,117078,3013869
6,1000,2799901,100729,2900630
6,1000,2782234,103829,2886063
6,1000,3280007,667141,3947148
6,1000,3270465,95244,3365709
6,1000,3150257,87333,3237590
6,1000,3017400,91887,3109287
6,1000,2614450,108527,2722977
6,1000,3453356,96833,3550189
6,1000,2811860,112516,2924376
6,1000,3146685,106076,3252761
6,1000,3669229,121096,3790325
6,1000,2672304,75688,2747992
6,1000,3851010,97989,3948999
6,1000,3141534,72787,3214321
6,1000,2961192,103984,3065176
6,1000,2911132,113257,3024389
6,1000,2740081,72238,2812319
6,1000,2905648,105967,3011615
6,1000,2636070,116974,2753044
6,1000,2610626,102916,2713542
6,1000,2691344,102425,2793769
6,1000,3296285,106412,3402697
6,1000,2987343,103423,3090766
6,1000,3075956,100187,3176143
6,1000,2779169,102443,2881612
6,1000,3028016,103157,3131173
6,1000,2684918,103619,2788537
6,1000,2963294,102860,3066154
6,1000,2786679,102694,2889373
6,1000,3074777,157417,3232194
6,1000,2762067,104597,2866664
6,1000,2719064,114247,2833311
6,1000,3163264,123042,3286306
6,1000,2968131,106751,3074882
6,1000,2784409,139886,2924295
6,1000,3127549,72367,3199916
6,1000,3119197,101969,3221166
6,1000,3010347,99779,3110126
6,1000,2820203,106141,2926344
6,1000,2639996,88593,2728589
6,1000,3086569,104017,3190586
6,1000,2892322,74647,2966969
6,1000,2827591,101723,2929314
6,1000,2523046,102191,2625237
6,1000,2831368,110191,2941559
6,1000,2912772,72697,2985469
6,1000,2459481,73435,2532916
6,1000,3238718,121991,3360709
6,1000,2558792,100922,2659714
6,1000,2848695,102928,2951623
6,1000,2984554,95621,3080175
6,1000,2846493,118153,2964646
6,1000,3186093,93206,3279299
6,1000,2688389,103127,2791516
6,1000,2823201,113185,2936386
6,1000,3393701,127059,3520760
6,1000,3253450,585933,3839383
6,1000,2679780,120732,2800512
6,1000,2980685,522737,3503422
6,1000,2986526,111676,3098202
6,1000,2872740,106352,2979092
6,1000,2687638,100817,2788455
6,1000,2739620,108172,2847792
6,1000,2776250,106330,2882580
6,1000,3145032,111001,3256033
6,1000,2735938,103543,2839481
6,1000,2736340,82128,2818468
6,1000,2811866,104500,2916366
6,1000,3138291,101936,3240227
6,1000,3008115,112039,3120154
6,1000,2611582,71440,2683022
6,1000,3555268,128918,3684186
6,1000,3109370,136346,3245716
6,1000,2823828,101941,2925769
6,1000,2991806,104887,3096693
6,1000,3030643,118347,3148990
6,1000,3187226,112828,3300054
6,2000,4076672,133725,4210397
6,2000,3578546,146257,3724803
6,2000,3565100,217410,3782510
6,2000,3489374,179120,3668494
6,2000,3749668,211728,3961396
6,2000,3771576,235760,4007336
6,2000,4038113,131310,4169423
6,2000,3564135,190621,3754756
6,2000,3875429,193594,4069023
6,2000,3800504,187756,3988260
6,2000,3504055,183530,3687585
6,2000,3950240,178877,4129117
6,2000,3746774,191231,3938005
6,2000,3271904,188420,3460324
6,2000,3684177,183791,3867968
6,2000,3726868,131709,3858577
6,2000,3780777,142139,3922916
6,2000,3860008,189833,4049841
6,2000,4178813,187952,4366765
6,2000,3372701,184157,3556858
6,2000,3670055,192563,3862618
6,2000,3803746,231367,4035113
6,2000,3958694,130659,4089353
6,2000,3302685,177248,3479933
6,2000,3404771,140387,3545158
6,2000,3639505,198574,3838079
6,2000,3533609,216090,3749699
6,2000,4044215,203614,4247829
6,2000,3540382,190034,3730416
6,2000,3391326,194048,3585374
6,2000,4225225,248665,4473890
6,2000,3380337,193693,3574030
6,2000,3695531,129324,3824855
6,2000,3972637,202056,4174693
6,2000,3954332,210762,4165094
6,2000,3783497,201556,3985053
6,2000,4114035,187520,4301555
6,2000,3457177,213060,3670237
6,2000,4137415,150710,4288125
6,2000,4006349,194119,4200468
6,2000,3289288,185360,3474648
6,2000,3587290,195724,3783014
6,2000,3435756,192739,3628495
6,2000,3543397,145151,3688548
6,2000,3888235,130650,4018885
6,2000,3631007,148772,3779779
6,2000,3502247,134130,3636377
6,2000,3479753,137510,3617263
6,2000,3306991,185021,3492012
6,2000,3740720,152894,3893614
6,2000,3559040,146332,3705372
6,2000,3453050,134318,3587368
6,2000,3717028,211443,3928471
6,2000,3774320,192946,3967266
6,2000,3425437,169437,3594874
6,2000,3926399,209427,4135826
6,2000,3472323,194324,3666647
6,2000,3797515,187355,3984870
6,2000,3536579,215292,3751871
6,2000,3508090,231029,3739119
6,2000,3126964,206137,3333101
6,2000,3615908,188078,3803986
6,2000,3611418,192536,3803954
6,2000,3427770,189283,3617053
6,2000,3890684,211137,4101821
6,2000,3610877,185000,3795877
6,2000,4081505,189278,4270783
6,2000,3527687,191830,3719517
6,2000,3818851,183182,4002033
6,2000,3848368,191084,4039452
6,2000,3841804,133610,3975414
6,2000,3505114,162141,3667255
6,2000,3937089,214146,4151235
6,2000,3647885,132497,3780382
6,2000,4009650,179851,4189501
6,2000,3325832,1131400,4457232
6,2000,3587923,136970,3724893
6,2000,3963740,184856,4148596
6,2000,3822470,211686,4034156
6,2000,3866993,184784,4051777
6,2000,3333617,134724,3468341
6,2000,3079480,134036,3213516
6,2000,3472719,150910,3623629
6,2000,3550366,186587,3736953
6,2000,3763513,132452,3895965
6,2000,3491046,133878,3624924
6,2000,3466756,147631,3614387
6,2000,4147387,192724,4340111
6,2000,3487983,193873,3681856
6,2000,2932275,619355,3551630
6,2000,4354141,209457,4563598
6,2000,3539502,138110,3677612
6,2000,3852346,204814,4057160
6,2000,3296404,126846,3423250
6,2000,3282694,165666,3448360
6,2000,4381286,185602,4566888
6,2000,3647046,168183,3815229
6,2000,3547222,187319,3734541
6,2000,4334756,152716,4487472
6,2000,3717082,193702,3910784
6,2000,3827721,133362,3961083
6,2000,4389460,187468,4576928
6,2000,3561098,185363,3746461
6,2000,3641849,185792,3827641
6,2000,3472486,152468,3624954
6,2000,4276167,191552,4467719
6,2000,3420103,184346,3604449
6,2000,3297102,192761,3489863
6,2000,3753767,133130,3886897
6,2000,4067200,155212,4222412
6,2000,3396477,153337,3549814
6,2000,4286949,187442,4474391
6,2000,4016245,185510,4201755
6,2000,4249496,235907,4485403
6,2000,3644504,184535,3829039
6,3000,4801712,273245,5074957
6,3000,3975088,319160,4294248
6,3000,3958682,209196,4167878
6,3000,3587581,194188,3781769
6,3000,3825658,196009,4021667
6,3000,3682126,269009,3951135
6,3000,3944466,272564,4217030
6,3000,3817554,297167,4114721
6,3000,4020934,209202,4230136
6,3000,3633061,225392,3858453
6,3000,3551350,207276,3758626
6,3000,3622579,193096,3815675
6,3000,3794089,316251,4110340
6,3000,4082942,292716,4375658
6,3000,3863183,193762,4056945
6,3000,3526434,274600,3801034
6,3000,3840179,218115,4058294
6,3000,3572712,283228,3855940
6,3000,3597529,268733,3866262
6,3000,4143555,303890,4447445
6,3000,4038143,198076,4236219
6,3000,4465020,211011,4676031
6,3000,3635302,212258,3847560
6,3000,4102567,276890,4379457
6,3000,3872868,198739,4071607
6,3000,4059599,219111,4278710
6,3000,4395408,279349,4674757
6,3000,4111158,192569,4303727
6,3000,4045023,274677,4319700
6,3000,4897639,219509,5117148
6,3000,3629219,273041,3902260
6,3000,3500390,266541,3766931
6,3000,3745703,316355,4062058
6,3000,3959819,291846,4251665
6,3000,4290924,200263,4491187
6,3000,4463780,290241,4754021
6,3000,3760864,210795,3971659
6,3000,4011447,272318,4283765
6,3000,4123314,294495,4417809
6,3000,4354744,273308,4628052
6,3000,3878728,192460,4071188
6,3000,3673552,277663,3951215
6,3000,3705075,277945,3983020
6,3000,3960470,333451,4293921
6,3000,4350358,279367,4629725
6,3000,3656136,194086,3850222
6,3000,3965993,205051,4171044
6,3000,4255586,200263,4455849
6,3000,3966877,275710,4242587
6,3000,3448784,254124,3702908
6,3000,4426191,274961,4701152
6,3000,3871231,303206,4174437
6,3000,3751951,236683,3988634
6,3000,4495443,239431,4734874
6,3000,4578000,271582,4849582
6,3000,3673568,285260,3958828
6,3000,4163750,212355,4376105
6,3000,3754181,198568,3952749
6,3000,4484838,295449,4780287
6,3000,3599332,274598,3873930
6,3000,4485870,232774,4718644
6,3000,3636492,193864,3830356
6,3000,4735666,284155,5019821
6,3000,3625450,303668,3929118
6,3000,4183165,295206,4478371
6,3000,3659108,303378,3962486
6,3000,4276977,327937,4604914
6,3000,3850639,211195,4061834
6,3000,4767067,293503,5060570
6,3000,4316643,271511,4588154
6,3000,4179713,270080,4449793
6,3000,3991149,274448,4265597
6,3000,3363839,272867,3636706
6,3000,4285242,283423,4568665
6,3000,3936076,245976,4182052
6,3000,3572129,253128,3825257
6,3000,3549994,196048,3746042
6,3000,3842152,271444,4113596
6,3000,3579464,232567,3812031
6,3000,3512577,196324,3708901
6,3000,4774844,266813,5041657
6,3000,4143022,217791,4360813
6,3000,3892777,267740,4160517
6,3000,4090229,286633,4376862
6,3000,4262368,275927,4538295
6,3000,3731964,217631,3949595
6,3000,3887333,309914,4197247
6,3000,3666203,273422,3939625
6,3000,4024797,193079,4217876
6,3000,3768400,291294,4059694
6,3000,4166381,315479,4481860
6,3000,3550851,212898,3763749
6,3000,3833522,209544,4043066
6,3000,3598176,196522,3794698
6,3000,3866921,279514,4146435
6,3000,4832212,277490,5109702
6,3000,3820815,286603,4107418
6,3000,4398282,275242,4673524
6,3000,4686572,301230,4987802
6,3000,3949376,283663,4233039
6,3000,3666470,279404,3945874
6,3000,3939672,219359,4159031
6,3000,3845512,324868,4170380
6,3000,3963107,190816,4153923
6,3000,4050444,207763,4258207
6,3000,3898344,298981,4197325
6,3000,3801056,268634,4069690
6,3000,3586927,293026,3879953
6,3000,3727786,194707,3922493
6,3000,3965665,216101,4181766
6,3000,4468859,273665,4742524
6,3000,3258566,319210,3577776
6,3000,4274427,194980,4469407
6,3000,3980628,269336,4249964
6,3000,4358624,295284,4653908
6,4000,3790100,261635,4051735
6,4000,4307104,307230,4614334
6,4000,3934701,251679,4186380
6,4000,3957903,361579,4319482
6,4000,4307689,359590,4667279
6,4000,4162850,353198,4516048
6,4000,4212241,253503,4465744
6,4000,4358062,357833,4715895
6,4000,4809141,377853,5186994
6,4000,4305718,351440,4657158
6,4000,4937666,269030,5206696
6,4000,4237302,278015,4515317
6,4000,4487227,377082,4864309
6,4000,4078769,254193,4332962
6,4000,4510304,268796,4779100
6,4000,4272011,254424,4526435
6,4000,3837913,272669,4110582
6,4000,4625333,353516,4978849
6,4000,3963881,377322,4341203
6,4000,3928820,262949,4191769
6,4000,4217825,280060,4497885
6,4000,4873061,393470,5266531
6,4000,3924170,362670,4286840
6,4000,4701445,361727,5063172
6,4000,4109128,271763,4380891
6,4000,4570386,400667,4971053
6,4000,4461363,387554,4848917
6,4000,3770729,278257,4048986
6,4000,4203188,385515,4588703
6,4000,4276471,286099,4562570
6,4000,4299605,254334,4553939
6,4000,4276246,394229,4670475
6,4000,4143679,405409,4549088
6,4000,5061072,390416,5451488
6,4000,3991147,358823,4349970
6,4000,3818523,365779,4184302
6,4000,4446810,356473,4803283
6,4000,4447710,289075,4736785
6,4000,3804789,390593,4195382
6,4000,4344982,355127,4700109
6,4000,4623505,382082,5005587
6,4000,4059795,252108,4311903
6,4000,4276345,383418,4659763
6,4000,4235478,279061,4514539
6,4000,3857034,252633,4109667
6,4000,4170632,252714,4423346
6,4000,3917135,379308,4296443
6,4000,3722397,251163,3973560
6,4000,3695597,372601,4068198
6,4000,4198110,352298,4550408
6,4000,3568157,372661,3940818
6,4000,4816672,337378,5154050
6,4000,4161726,264177,4425903
6,4000,3921103,385092,4306195
6,4000,4205754,363172,4568926
6,4000,4366574,331801,4698375
6,4000,3790565,371047,4161612
6,4000,4172558,252684,4425242
6,4000,3912641,266202,4178843
6,4000,4424312,378648,4802960
6,4000,4405758,341799,4747557
6,4000,3969732,358760,4328492
6,4000,4088884,396527,4485411
6,4000,4536924,372730,4909654
6,4000,4406383,309731,4716114
6,4000,4242213,371590,4613803
6,4000,3826336,392573,4218909
6,4000,4174924,355499,4530423
6,4000,4104192,261584,4365776
6,4000,3842356,370014,4212370
6,4000,4803884,363563,5167447
6,4000,4223153,368599,4591752
6,4000,3987075,359246,4346321
6,4000,4442841,261338,4704179
6,4000,3820520,333993,4154513
6,4000,4939901,280859,5220760
6,4000,3639679,250057,3889736
6,4000,4276077,360221,4636298
6,4000,4015515,368797,4384312
6,4000,4400295,377875,4778170
6,4000,4678166,391382,5069548
6,4000,3825078,366097,4191175
6,4000,4651144,354970,5006114
6,4000,3694403,294261,3988664
6,4000,3734562,387641,4122203
6,4000,4111396,395789,4507185
6,4000,4110240,351044,4461284
6,4000,4125679,253911,4379590
6,4000,4225966,358939,4584905
6,4000,5508132,251551,5759683
6,4000,4356523,388563,4745086
6,4000,3933216,256646,4189862
6,4000,4150989,253158,4404147
6,4000,3803183,249114,4052297
6,4000,3513607,252933,3766540
6,4000,4577006,323717,4900723
6,4000,4501140,359339,4860479
6,4000,3936007,396875,4332882
6,4000,4025451,255453,4280904
6,4000,4075557,268946,4344503
6,4000,4151182,357458,4508640
6,4000,4931622,382563,5314185
6,4000,3813576,360028,4173604
6,4000,4241052,277732,4518784
6,4000,4517147,264317,4781464
6,4000,4731385,358100,5089485
6,4000,3987917,257217,4245134
6,4000,4143250,301868,4445118
6,4000,4685456,288139,4973595
6,4000,4205591,250714,4456305
6,4000,4229074,269870,4498944
6,4000,4089332,362419,4451751
6,4000,4032179,250371,4282550
6,4000,4952959,252094,5205053
6,4000,4392071,377499,4769570
6,5000,4178159,312682,4490841
6,5000,4088762,437455,4526217
6,5000,4636961,397021,5033982
6,5000,3972313,319706,4292019
6,5000,4083495,436406,4519901
6,5000,4669377,439835,5109212
6,5000,4189629,458664,4648293
6,5000,4082511,318778,4401289
6,5000,4150117,455178,4605295
6,5000,3694223,405799,4100022
6,5000,3922052,314243,4236295
6,5000,4450326,328717,4779043
6,5000,5439275,464716,5903991
6,5000,3921046,314381,4235427
6,5000,4264024,337398,4601422
6,5000,4396477,372536,4769013
6,5000,4362247,399769,4762016
6,5000,4339642,462939,4802581
6,5000,3932837,312965,4245802
6,5000,4753847,459627,5213474
6,5000,4577313,313067,4890380
6,5000,4028043,452083,4480126
6,5000,4390406,346311,4736717
6,5000,4831792,463831,5295623
6,5000,4196730,357113,4553843
6,5000,3902837,440126,4342963
6,5000,4269253,430956,4700209
6,5000,4049659,445918,4495577
6,5000,4157568,457933,4615501
6,5000,4785883,412666,5198549
6,5000,4263170,456159,4719329
6,5000,4334950,463176,4798126
6,5000,4851806,461586,5313392
6,5000,4556236,326392,4882628
6,5000,3665788,444872,4110660
6,5000,5082462,338191,5420653
6,5000,3857987,455901,4313888
6,5000,4327474,462195,4789669
6,5000,4396834,439889,4836723
6,5000,4309474,460755,4770229
6,5000,5058083,444926,5503009
6,5000,4359875,319217,4679092
6,5000,4315521,376798,4692319
6,5000,4090969,442346,4533315
6,5000,4475257,315866,4791123
6,5000,4017361,326846,4344207
6,5000,5549029,440368,5989397
6,5000,4085621,446820,4532441
6,5000,5358283,475194,5833477
6,5000,4188365,434580,4622945
6,5000,4116947,327858,4444805
6,5000,5003584,463667,5467251
6,5000,4644360,311140,4955500
6,5000,4458621,313586,4772207
6,5000,5411979,438941,5850920
6,5000,4293980,313088,4607068
6,5000,4604362,447001,5051363
6,5000,3910639,324914,4235553
6,5000,4430211,311996,4742207
6,5000,4279008,443392,4722400
6,5000,4976003,316781,5292784
6,5000,4635730,316375,4952105
6,5000,4773413,345279,5118692
6,5000,4827327,335145,5162472
6,5000,4382514,454009,4836523
6,5000,4143187,324412,4467599
6,5000,3882658,441101,4323759
6,5000,4393888,474437,4868325
6,5000,4084463,472200,4556663
6,5000,4460674,435686,4896360
6,5000,4077044,474625,4551669
6,5000,4501706,435797,4937503
6,5000,4124957,321205,4446162
6,5000,4210058,330330,4540388
6,5000,4648313,437966,5086279
6,5000,4692926,446962,5139888
6,5000,4074380,342387,4416767
6,5000,4435672,469287,4904959
6,5000,4846379,443498,5289877
6,5000,3900696,438977,4339673
6,5000,4462623,457444,4920067
6,5000,4485329,416992,4902321
6,5000,4633463,330063,4963526
6,5000,3962704,447605,4410309
6,5000,4553114,444395,4997509
6,5000,3992418,438044,4430462
6,5000,4205832,452632,4658464
6,5000,4300374,464830,4765204
6,5000,4208461,442790,4651251
6,5000,4603573,450136,5053709
6,5000,4028213,451945,4480158
6,5000,4041884,440948,4482832
6,5000,4652164,467394,5119558
6,5000,4951917,366367,5318284
6,5000,4676423,403057,5079480
6,5000,4953202,443248,5396450
6,5000,4543376,366777,4910153
6,5000,5388923,436076,5824999
6,5000,3923662,328509,4252171
6,5000,4364280,342993,4707273
6,5000,4865565,311219,5176784
6,5000,4265633,319880,4585513
6,5000,4436267,459226,4895493
6,5000,4141344,450491,4591835
6,5000,4340996,461425,4802421
6,5000,4093747,445046,4538793
6,5000,4043738,436877,4480615
6,5000,4763570,336363,5099933
6,5000,4080866,455245,4536111
6,5000,4698054,322451,5020505
6,5000,4404778,461670,4866448
6,5000,4758025,324412,5082437
6,5000,4236471,388274,4624745
6,5000,4881030,310613,5191643
6,5000,4158547,330355,4488902
6,6000,4457835,576085,5033920
6,6000,4385765,537340,4923105
6,6000,4507743,479513,4987256
6,6000,4477637,556463,5034100
6,6000,4577558,374013,4951571
6,6000,4640740,497511,5138251
6,6000,4737592,537850,5275442
6,6000,4891046,525443,5416489
6,6000,4715938,373396,5089334
6,6000,4885861,539071,5424932
6,6000,4940282,535741,5476023
6,6000,4290203,461874,4752077
6,6000,4388663,546276,4934939
6,6000,4521864,456813,4978677
6,6000,4844384,373696,5218080
6,6000,4703217,470983,5174200
6,6000,4621231,410637,5031868
6,6000,4345024,382035,4727059
6,6000,5104826,548493,5653319
6,6000,4557681,429977,4987658
6,6000,4479044,378600,4857644
6,6000,4205543,536635,4742178
6,6000,4366062,400544,4766606
6,6000,4306495,433109,4739604
6,6000,4388784,465141,4853925
6,6000,4597169,385605,4982774
6,6000,4692559,524711,5217270
6,6000,4706564,538084,5244648
6,6000,4915192,456670,5371862
6,6000,5172580,545812,5718392
6,6000,4403877,396272,4800149
6,6000,4879944,527705,5407649
6,6000,4727425,521202,5248627
6,6000,4056598,546402,4603000
6,6000,4551400,534382,5085782
6,6000,4425215,378447,4803662
6,6000,4210917,539677,4750594
6,6000,4224022,387333,4611355
6,6000,4424345,530293,4954638
6,6000,4863038,541302,5404340
6,6000,5347841,399824,5747665
6,6000,4411176,536218,4947394
6,6000,4559941,537829,5097770
6,6000,4444766,464794,4909560
6,6000,4377955,381093,4759048
6,6000,5375929,534503,5910432
6,6000,4715613,540324,5255937
6,6000,4892192,394181,5286373
6,6000,4853004,527266,5380270
6,6000,4729288,477197,5206485
6,6000,4434219,550430,4984649
6,6000,5002176,576103,5578279
6,6000,5061489,539125,5600614
6,6000,5128069,535672,5663741
6,6000,4302748,466989,4769737
6,6000,4140599,399638,4540237
6,6000,4372470,533428,4905898
6,6000,4664453,550038,5214491
6,6000,4545306,375124,4920430
6,6000,4381629,529660,4911289
6,6000,4655372,373867,5029239
6,6000,5238796,526108,5764904
6,6000,4305615,392310,4697925
6,6000,4274463,404918,4679381
6,6000,4335475,523828,4859303
6,6000,4392976,538982,4931958
6,6000,4654861,533179,5188040
6,6000,4025255,397217,4422472
6,6000,4496786,545407,5042193
6,6000,4350855,376782,4727637
6,6000,4647971,547035,5195006
6,6000,4378581,536332,4914913
6,6000,4567460,539418,5106878
6,6000,4179836,381207,4561043
6,6000,4203543,403619,4607162
6,6000,4430183,564317,4994500
6,6000,4694659,564491,5259150
6,6000,5184665,534893,5719558
6,6000,5013278,527783,5541061
6,6000,4329459,498019,4827478
6,6000,4764218,408598,5172816
6,6000,4490383,533779,5024162
6,6000,4544702,391577,4936279
6,6000,4503857,374241,4878098
6,6000,4776400,540250,5316650
6,6000,4190760,396201,4586961
6,6000,4611155,551292,5162447
6,6000,4796584,534229,5330813
6,6000,4915892,555999,5471891
6,6000,4017232,383967,4401199
6,6000,4967990,539232,5507222
6,6000,5068594,528871,5597465
6,6000,5044122,403573,5447695
6,6000,4469042,535093,5004135
6,6000,4305436,539800,4845236
6,6000,4407978,545250,4953228
6,6000,4505041,557190,5062231
6,6000,4259680,396875,4656555
6,6000,4781293,526961,5308254
6,6000,5483824,539362,6023186
6,6000,4650554,386637,5037191
6,6000,4221769,389678,4611447
6,6000,4974557,555330,5529887
6,6000,4343382,406384,4749766
6,6000,4565959,556635,5122594
6,6000,4825324,535072,5360396
6,6000,4807478,373627,5181105
6,6000,4484785,541902,5026687
6,6000,5265463,376179,5641642
6,6000,4680493,561692,5242185
6,6000,4546848,540268,5087116
6,6000,4313399,459843,4773242
6,6000,4234719,543283,4778002
6,6000,4343584,390389,4733973
6,6000,4304431,547215,4851646
6,7000,5082297,652217,5734514
6,7000,4807184,445964,5253148
6,7000,4882412,635943,5518355
6,7000,5155122,645369,5800491
6,7000,5071335,639807,5711142
6,7000,5077012,524755,5601767
6,7000,5116717,625972,5742689
6,7000,4577657,441524,5019181
6,7000,4808415,608675,5417090
6,7000,4496862,566399,5063261
6,7000,4792863,632763,5425626
6,7000,4839824,611876,5451700
6,7000,4378966,465792,4844758
6,7000,4889993,614510,5504503
6,7000,5658770,543379,6202149
6,7000,4960296,540495,5500791
6,7000,4589668,612059,5201727
6,7000,4505686,446171,4951857
6,7000,5303837,615805,5919642
6,7000,4791398,650146,5441544
6,7000,4349131,623122,4972253
6,7000,4665278,630690,5295968
6,7000,5064071,654569,5718640
6,7000,5005556,610100,5615656
6,7000,4221604,624823,4846427
6,7000,5142302,630651,5772953
6,7000,4826429,637083,5463512
6,7000,4453893,512697,4966590
6,7000,4422873,484990,4907863
6,7000,5053008,609602,5662610
6,7000,4746403,613540,5359943
6,7000,4495427,605937,5101364
6,7000,4451011,614401,5065412
6,7000,4739442,620423,5359865
6,7000,5174184,651902,5826086
6,7000,4439430,458022,4897452
6,7000,6600752,638634,7239386
6,7000,4720206,495843,5216049
6,7000,4706234,620512,5326746
6,7000,4605925,626203,5232128
6,7000,4383405,450565,4833970
6,7000,4811075,623485,5434560
6,7000,5285820,446915,5732735
6,7000,4925018,435691,5360709
6,7000,4398043,433289,4831332
6,7000,4450965,610415,5061380
6,7000,4599075,612980,5212055
6,7000,4839486,468528,5308014
6,7000,4683944,627965,5311909
6,7000,4756572,433503,5190075
6,7000,5150312,616832,5767144
6,7000,5333352,606767,5940119
6,7000,4836976,610093,5447069
6,7000,4980718,516195,5496913
6,7000,5202910,499114,5702024
6,7000,4930799,434306,5365105
6,7000,4685844,627520,5313364
6,7000,4813809,622042,5435851
6,7000,4908646,620917,5529563
6,7000,4501743,439256,4940999
6,7000,5984565,615808,6600373
6,7000,5464650,539553,6004203
6,7000,5045212,629025,5674237
6,7000,4926365,634129,5560494
6,7000,5001019,618806,5619825
6,7000,4427543,606833,5034376
6,7000,4948087,621931,5570018
6,7000,4033707,441029,4474736
6,7000,5672884,617066,6289950
6,7000,5304864,634080,5938944
6,7000,4782171,617799,5399970
6,7000,5017106,654016,5671122
6,7000,4876644,433893,5310537
6,7000,5705704,619807,6325511
6,7000,4755354,645560,5400914
6,7000,4965690,633232,5598922
6,7000,4621018,628265,5249283
6,7000,5139581,609653,5749234
6,7000,4911657,464403,5376060
6,7000,4616785,539320,5156105
6,7000,4717248,622474,5339722
6,7000,4765155,437057,5202212
6,7000,4963655,619213,5582868
6,7000,5049577,620983,5670560
6,7000,4499699,619803,5119502
6,7000,4306817,431960,4738777
6,7000,5339485,636336,5975821
6,7000,4715382,645272,5360654
6,7000,4481821,610679,5092500
6,7000,4818849,435929,5254778
6,7000,5065430,619690,5685120
6,7000,4626334,610294,5236628
6,7000,5379404,442991,5822395
6,7000,4966167,449815,5415982
6,7000,4813314,432903,5246217
6,7000,4741884,632257,5374141
6,7000,4844483,603449,5447932
6,7000,4667267,623717,5290984
6,7000,4509934,643224,5153158
6,7000,4557031,438991,4996022
6,7000,5214980,606177,5821157
6,7000,4922051,625298,5547349
6,7000,4510150,436676,4946826
6,7000,5472310,479852,5952162
6,7000,4366474,430740,4797214
6,7000,5302971,617299,5920270
6,7000,4658073,623412,5281485
6,7000,5204004,624871,5828875
6,7000,4204841,465690,4670531
6,7000,4394170,461985,4856155
6,7000,4467013,631578,5098591
6,7000,4548508,614683,5163191
6,7000,4773600,440817,5214417
6,7000,4763961,450880,5214841
6,7000,4881377,459084,5340461
6,8000,5561151,701870,6263021
6,8000,4655322,497008,5152330
6,8000,5432648,525301,5957949
6,8000,4660512,717105,5377617
6,8000,4597984,549783,5147767
6,8000,5124504,708481,5832985
6,8000,5666752,576728,6243480
6,8000,5135915,518177,5654092
6,8000,4832678,505983,5338661
6,8000,5429231,690098,6119329
6,8000,5742961,699790,6442751
6,8000,5319238,692954,6012192
6,8000,5098468,514452,5612920
6,8000,4986388,549276,5535664
6,8000,4817889,517824,5335713
6,8000,6233783,706696,6940479
6,8000,4758383,702377,5460760
6,8000,5088637,514573,5603210
6,8000,5953668,513396,6467064
6,8000,6043032,717240,6760272
6,8000,5203717,709497,5913214
6,8000,5162992,506607,5669599
6,8000,4604773,514156,5118929
6,8000,4726389,751140,5477529
6,8000,4882574,709597,5592171
6,8000,4878203,704745,5582948
6,8000,4816856,711649,5528505
6,8000,5086584,713640,5800224
6,8000,5171439,700592,5872031
6,8000,5224848,716892,5941740
6,8000,4612597,501000,5113597
6,8000,5199053,517583,5716636
6,8000,4615062,707506,5322568
6,8000,5241548,492908,5734456
6,8000,4774215,500485,5274700
6,8000,6029829,575036,6604865
6,8000,4319056,725230,5044286
6,8000,4418906,703210,5122116
6,8000,5388573,713916,6102489
6,8000,4616093,504561,5120654
6,8000,5385638,719580,6105218
6,8000,4839248,699074,5538322
6,8000,5598756,582765,6181521
6,8000,4670321,619680,5290001
6,8000,5665257,499324,6164581
6,8000,4702146,707015,5409161
6,8000,4955631,715606,5671237
6,8000,5187303,709224,5896527
6,8000,5283298,513069,5796367
6,8000,5039327,708430,5747757
6,8000,5913085,720090,6633175
6,8000,4745848,570100,5315948
6,8000,4728877,500542,5229419
6,8000,5377903,717534,6095437
6,8000,5041386,509597,5550983
6,8000,4773672,505098,5278770
6,8000,4945246,493913,5439159
6,8000,5138955,501633,5640588
6,8000,4358449,507636,4866085
6,8000,4944252,568186,5512438
6,8000,4459485,719994,5179479
6,8000,4740594,714573,5455167
6,8000,4668590,696253,5364843
6,8000,5710843,715743,6426586
6,8000,5128243,726357,5854600
6,8000,4992841,723405,5716246
6,8000,4594574,501043,5095617
6,8000,4985127,515592,5500719
6,8000,4858144,532814,5390958
6,8000,5180812,718434,5899246
6,8000,5323784,496266,5820050
6,8000,4540380,699043,5239423
6,8000,5143860,692792,5836652
6,8000,5223873,728895,5952768
6,8000,5018606,503674,5522280
6,8000,4877573,713502,5591075
6,8000,5125763,494617,5620380
6,8000,5156461,713325,5869786
6,8000,4914789,543024,5457813
6,8000,4669330,711190,5380520
6,8000,6033252,704278,6737530
6,8000,4764618,499468,5264086
6,8000,5488809,712648,6201457
6,8000,5612001,706226,6318227
6,8000,4521730,522593,5044323
6,8000,5238952,722835,5961787
6,8000,4890683,521879,5412562
6,8000,4600227,696710,5296937
6,8000,5152677,701890,5854567
6,8000,4830318,598200,5428518
6,8000,4851258,488477,5339735
6,8000,4568357,523094,5091451
6,8000,5751013,732143,6483156
6,8000,5926763,714946,6641709
6,8000,4479565,721182,5200747
6,8000,5317629,606374,5924003
6,8000,4778149,700095,5478244
6,8000,4790949,500638,5291587
6,8000,4711072,510404,5221476
6,8000,4659691,719766,5379457
6,8000,5115625,697915,5813540
6,8000,5267137,720515,5987652
6,8000,5505375,704191,6209566
6,8000,5106524,704311,5810835
6,8000,5528346,745489,6273835
6,8000,4953157,612529,5565686
6,8000,5776156,704282,6480438
6,8000,5166312,572803,5739115
6,8000,5035608,696739,5732347
6,8000,5260538,589332,5849870
6,8000,5573446,716284,6289730
6,8000,5117554,524762,5642316
6,8000,5097641,717846,5815487
6,8000,4759655,709783,5469438
6,8000,4793733,506646,5300379
6,9000,5256393,709451,5965844
6,9000,4761855,599360,5361215
6,9000,6025098,780125,6805223
6,9000,5024561,824657,5849218
6,9000,5688171,796605,6484776
6,9000,5214419,560024,5774443
6,9000,5614057,801699,6415756
6,9000,5439844,587511,6027355
6,9000,5082572,577857,5660429
6,9000,5024997,805185,5830182
6,9000,5102114,789961,5892075
6,9000,5008274,562194,5570468
6,9000,5233593,683796,5917389
6,9000,4999050,571292,5570342
6,9000,5573438,672505,6245943
6,9000,4970932,789623,5760555
6,9000,5431149,551289,5982438
6,9000,5844159,787811,6631970
6,9000,6061783,557129,6618912
6,9000,5375548,571556,5947104
6,9000,5404154,811931,6216085
6,9000,5834525,803922,6638447
6,9000,5715997,843645,6559642
6,9000,5568370,812895,6381265
6,9000,5503138,578327,6081465
6,9000,5439106,814380,6253486
6,9000,5308427,792111,6100538
6,9000,5721627,796806,6518433
6,9000,5380977,578551,5959528
6,9000,6093825,776102,6869927
6,9000,5337084,591528,5928612
6,9000,5170539,798171,5968710
6,9000,5396825,556965,5953790
6,9000,5825564,577142,6402706
6,9000,4815848,812025,5627873
6,9000,5503928,804054,6307982
6,9000,5195552,571127,5766679
6,9000,5417345,666687,6084032
6,9000,5175810,799317,5975127
6,9000,5243452,570989,5814441
6,9000,5930326,797617,6727943
6,9000,4942235,787087,5729322
6,9000,5007432,571559,5578991
6,9000,5530940,557772,6088712
6,9000,4747981,821810,5569791
6,9000,5526155,818592,6344747
6,9000,5406126,788755,6194881
6,9000,5407443,807444,6214887
6,9000,4996067,703036,5699103
6,9000,5027436,800607,5828043
6,9000,4621035,802773,5423808
6,9000,4826871,800035,5626906
6,9000,5115589,781250,5896839
6,9000,5035179,788821,5824000
6,9000,5157796,574441,5732237
6,9000,5171396,561376,5732772
6,9000,5113384,784172,5897556
6,9000,5247415,779225,6026640
6,9000,5006808,788594,5795402
6,9000,5667992,774279,6442271
6,9000,5329336,589293,5918629
6,9000,5034672,802866,5837538
6,9000,5365810,792209,6158019
6,9000,5487383,691484,6178867
6,9000,5267534,822610,6090144
6,9000,4808009,801177,5609186
6,9000,5502727,811056,6313783
6,9000,5674670,807939,6482609
6,9000,5839002,794943,6633945
6,9000,4945435,783479,5728914
6,9000,4974599,791767,5766366
6,9000,5054982,565172,5620154
6,9000,4988179,803618,5791797
6,9000,5171058,799163,5970221
6,9000,5538844,797347,6336191
6,9000,5142018,700036,5842054
6,9000,5357162,751594,6108756
6,9000,6076931,799306,6876237
6,9000,4989515,570878,5560393
6,9000,5542994,689171,6232165
6,9000,5169867,575266,5745133
6,9000,5127304,799318,5926622
6,9000,5338085,822053,6160138
6,9000,4978199,594345,5572544
6,9000,5456245,566660,6022905
6,9000,5599916,822830,6422746
6,9000,4984646,636207,5620853
6,9000,5182848,560435,5743283
6,9000,5369704,587800,5957504
6,9000,5721328,580964,6302292
6,9000,4777288,844764,5622052
6,9000,5169963,798820,5968783
6,9000,4899871,624838,5524709
6,9000,5423797,568376,5992173
6,9000,5615643,799605,6415248
6,9000,5539621,815462,6355083
6,9000,4974719,813030,5787749
6,9000,4929782,571868,5501650
6,9000,4684262,586635,5270897
6,9000,5383205,847362,6230567
6,9000,5286268,792519,6078787
6,9000,5178518,562994,5741512
6,9000,5030329,683724,5714053
6,9000,5643454,799569,6443023
6,9000,5187848,559350,5747198
6,9000,5533038,820525,6353563
6,9000,6031997,810159,6842156
6,9000,5193904,815778,6009682
6,9000,4906011,801345,5707356
6,9000,5741363,618454,6359817
6,9000,4921089,795400,5716489
6,9000,5400875,797145,6198020
6,9000,4822117,798799,5620916
6,9000,5313707,653642,5967349
6,9000,5123274,572860,5696134
6,10000,5143325,873749,6017074
6,10000,5708736,685760,6394496
6,10000,5174815,881304,6056119
6,10000,5669482,636048,6305530
6,10000,4826435,907318,5733753
6,10000,5870016,616453,6486469
6,10000,5643800,871925,6515725
6,10000,5806806,862799,6669605
6,10000,5381986,889191,6271177
6,10000,5634247,877901,6512148
6,10000,5343296,627765,5971061
6,10000,5225989,638973,5864962
6,10000,5300629,616891,5917520
6,10000,5676732,879324,6556056
6,10000,5622913,757297,6380210
6,10000,5472012,759019,6231031
6,10000,5419075,869752,6288827
6,10000,5160139,876829,6036968
6,10000,5433340,782540,6215880
6,10000,5033042,866708,5899750
6,10000,5382917,767144,6150061
6,10000,5604549,876757,6481306
6,10000,5198977,880453,6079430
6,10000,5315422,873169,6188591
6,10000,5442943,630757,6073700
6,10000,5007662,883462,5891124
6,10000,5591757,615124,6206881
6,10000,5071748,686649,5758397
6,10000,5408698,880701,6289399
6,10000,5375743,875686,6251429
6,10000,5887776,889779,6777555
6,10000,5875326,748518,6623844
6,10000,5091408,879499,5970907
6,10000,4836384,865466,5701850
6,10000,5630755,882070,6512825
6,10000,5667718,615154,6282872
6,10000,6140024,860594,7000618
6,10000,5900471,858449,6758920
6,10000,6377617,749725,7127342
6,10000,4910791,620143,5530934
6,10000,5535624,871754,6407378
6,10000,4958267,615919,5574186
6,10000,5406109,615697,6021806
6,10000,4890674,889173,5779847
6,10000,4967624,631532,5599156
6,10000,5929314,906737,6836051
6,10000,5627265,874376,6501641
6,10000,5228621,874136,6102757
6,10000,5192903,750169,5943072
6,10000,6124928,874552,6999480
6,10000,4607470,635353,5242823
6,10000,4918003,621820,5539823
6,10000,6057562,858825,6916387
6,10000,5076328,756514,5832842
6,10000,5119381,628789,5748170
6,10000,5569628,871691,6441319
6,10000,5734268,864050,6598318
6,10000,5250223,860457,6110680
6,10000,5127756,878983,6006739
6,10000,5281986,874420,6156406
6,10000,5002863,620149,5623012
6,10000,5369788,874081,6243869
6,10000,5585978,873047,6459025
6,10000,5142942,873613,6016555
6,10000,5274106,913828,6187934
6,10000,5700931,863213,6564144
6,10000,5848468,620369,6468837
6,10000,5487527,878907,6366434
6,10000,5231426,697544,5928970
6,10000,5795271,721008,6516279
6,10000,4874285,872737,5747022
6,10000,5917667,634266,6551933
6,10000,5070537,619192,5689729
6,10000,5092878,868267,5961145
6,10000,5737605,868097,6605702
6,10000,5331999,884062,6216061
6,10000,5360719,902078,6262797
6,10000,5341291,760138,6101429
6,10000,5242827,626194,5869021
6,10000,5120336,630642,5750978
6,10000,5353214,621355,5974569
6,10000,5369949,872267,6242216
6,10000,5521079,878840,6399919
6,10000,5917274,876481,6793755
6,10000,5486431,1002843,6489274
6,10000,5416630,872797,6289427
6,10000,5284138,621865,5906003
6,10000,5501332,867601,6368933
6,10000,5159632,873820,6033452
6,10000,5742559,880834,6623393
6,10000,5457885,877188,6335073
6,10000,5345319,628377,5973696
6,10000,6428176,869567,7297743
6,10000,5628712,770598,6399310
6,10000,5019636,617595,5637231
6,10000,5273466,894249,6167715
6,10000,5249967,621445,5871412
6,10000,5076895,617416,5694311
6,10000,5306166,618380,5924546
6,10000,5187374,861525,6048899
6,10000,5037611,711451,5749062
6,10000,5538210,668736,6206946
6,10000,5528726,866753,6395479
6,10000,5122204,653392,5775596
6,10000,4976985,868337,5845322
6,10000,5329975,750839,6080814
6,10000,5713919,865649,6579568
6,10000,5361658,877255,6238913
6,10000,5379314,878308,6257622
6,10000,5278169,885168,6163337
6,10000,5046434,873950,5920384
6,10000,5638770,893598,6532368
6,10000,6026109,875620,6901729
6,10000,5108757,610166,5718923
6,10000,5440267,895715,6335982
6,10000,4913097,639413,5552510
6,10000,5140442,751043,5891485
6,10000,5209690,619606,5829296
6,10000,5268248,874699,6142947
6,10000,5550207,863794,6414001
6,10000,5398101,610663,6008764
6,10000,5035761,866618,5902379
6,10000,5240132,651257,5891389
6,10000,5335839,881134,6216973
6,10000,5550996,894474,6445470
6,10000,5743969,871871,6615840
6,10000,5352990,618080,5971070
6,10000,5313204,864934,6178138
6,10000,5788340,876163,6664503
6,10000,5015774,618772,5634546
6,10000,4966973,624010,5590983
6,10000,5990150,882874,6873024
6,10000,5826119,757179,6583298
6,10000,5744636,867549,6612185
6,10000,5754432,864929,6619361
6,10000,5388574,607112,5995686
6,10000,4679132,721110,5400242
6,10000,5148430,875851,6024281
6,10000,5907086,634719,6541805
6,10000,5365088,629895,5994983
6,10000,5433592,633260,6066852
6,10000,4956670,619913,5576583
6,10000,5824114,887320,6711434
6,10000,5196373,874117,6070490
6,10000,5486052,879481,6365533
6,10000,5919290,887146,6806436
6,10000,5060284,621385,5681669
6,10000,5450550,857514,6308064
6,10000,5559052,619856,6178908
6,10000,5269385,669244,5938629
6,10000,5847589,869540,6717129
6,10000,5685638,873112,6558750
6,10000,5128025,617878,5745903
6,10000,5075452,889633,5965085
6,10000,5753058,874282,6627340
6,10000,5241128,626413,5867541
6,10000,4940039,627745,5567784
6,10000,6163316,871744,7035060
6,10000,5169500,658867,5828367
6,10000,5076059,614800,5690859
6,10000,5102779,652778,5755557
6,10000,6017349,727534,6744883
6,10000,5774553,626673,6401226
6,10000,5546811,893958,6440769
6,10000,5166814,616337,5783151
6,10000,5579528,886995,6466523
6,10000,5013759,643304,5657063
6,10000,5871140,890154,6761294
6,10000,5160061,615131,5775192
6,10000,5084824,876334,5961158
6,10000,5220160,878135,6098295
6,10000,4922856,615001,5537857
6,10000,5076427,629844,5706271
6,10000,5473904,883974,6357878
6,10000,5613012,868400,6481412
6,10000,5220300,619123,5839423
6,10000,5311923,874028,6185951
6,10000,5473195,881845,6355040
6,10000,4997086,687386,5684472
6,10000,5802090,615763,6417853
6,10000,5530290,666429,6196719
6,10000,5964172,901301,6865473
6,10000,5471594,619321,6090915
6,10000,5803458,884496,6687954
6,10000,5588123,867323,6455446
6,10000,5046229,885063,5931292
6,10000,5374708,621436,5996144
6,10000,5160233,752791,5913024
6,10000,5753452,627718,6381170
6,10000,5462235,658196,6120431
6,10000,5490430,870821,6361251
6,10000,5318016,621048,5939064
6,10000,5494478,610361,6104839
6,10000,4998705,618805,5617510
6,10000,5397685,870499,6268184
6,10000,5074405,886827,5961232
6,10000,5201945,867281,6069226
6,10000,5286812,874432,6161244
6,10000,5952058,615707,6567765
6,10000,5340684,642849,5983533
6,10000,5011759,895239,5906998
6,10000,5771851,886717,6658568
6,10000,5312975,631377,5944352
6,10000,5269230,752704,6021934
6,10000,4850250,872984,5723234
6,10000,5178084,652361,5830445
6,10000,4899200,616981,5516181
6,10000,5040319,888250,5928569
6,10000,5214801,863624,6078425
6,10000,6255676,875814,7131490
6,10000,6287249,867533,7154782
6,10000,5891592,872551,6764143
6,10000,5429268,862067,6291335
6,10000,5789003,866956,6655959
6,10000,5160172,772272,5932444
6,10000,5065139,615026,5680165
6,10000,5766376,624558,6390934
6,10000,5590151,619442,6209593
6,10000,5516189,877348,6393537
6,10000,5163078,877170,6040248
6,10000,5227643,879271,6106914
6,10000,5074338,616174,5690512
6,10000,5416592,871001,6287593
6,10000,5466093,871108,6337201
6,10000,5373439,629317,6002756
6,10000,5934160,866588,6800748
6,10000,5444945,902879,6347824
6,10000,5086623,754486,5841109
6,10000,6426253,873826,7300079
6,10000,5894916,614279,6509195
6,20000,7601574,1739045,9340619
6,20000,7362389,1237833,8600222
6,20000,7821312,1724584,9545896
6,20000,7093459,1728681,8822140
6,20000,8001304,1730650,9731954
6,20000,7707497,1221993,8929490
6,20000,8155553,1725807,9881360
6,20000,7201112,1719574,8920686
6,20000,7982355,1730794,9713149
6,20000,8041555,1722736,9764291
6,20000,8359783,1730743,10090526
6,20000,7404432,1739135,9143567
6,20000,7149960,1241759,8391719
6,20000,7615883,1716617,9332500
6,20000,7282519,1711421,8993940
6,20000,7305707,1726303,9032010
6,20000,6989693,1320807,8310500
6,20000,6965196,1759391,8724587
6,20000,7287574,1724977,9012551
6,20000,6342154,1233002,7575156
6,20000,7806970,1469761,9276731
6,20000,7435433,1719725,9155158
6,20000,7757454,1237609,8995063
6,20000,7632955,1700226,9333181
6,20000,7056969,1232291,8289260
6,20000,7620446,1706783,9327229
6,20000,7301161,1219825,8520986
6,20000,7688443,1220517,8908960
6,20000,7496074,1716713,9212787
6,20000,7832386,1236437,9068823
6,20000,8257592,1727200,9984792
6,20000,7861157,1671215,9532372
6,20000,7755010,1257757,9012767
6,20000,7161766,1318731,8480497
6,20000,8036858,1740204,9777062
6,20000,8007542,1269672,9277214
6,20000,7081395,1698687,8780082
6,20000,8205954,1713020,9918974
6,20000,7017754,1220100,8237854
6,20000,7424820,1722997,9147817
6,20000,8894039,1756604,10650643
6,20000,7083267,1721596,8804863
6,20000,7580825,1743474,9324299
6,20000,7876452,1720910,9597362
6,20000,6662473,1713190,8375663
6,20000,7522631,1370804,8893435
6,20000,7619866,1213873,8833739
6,20000,8352257,1740689,10092946
6,20000,7201468,1221580,8423048
6,20000,8212559,1726612,9939171
6,20000,8269241,1571916,9841157
6,20000,6676168,1227495,7903663
6,20000,7836250,1730953,9567203
6,20000,8424430,1736866,10161296
6,20000,7703773,1234398,8938171
6,20000,8451776,1726045,10177821
6,20000,7267217,1769734,9036951
6,20000,7476017,1735758,9211775
6,20000,8635607,1731001,10366608
6,20000,7307357,1739163,9046520
6,20000,7916989,1718626,9635615
6,20000,8620860,1721498,10342358
6,20000,7791037,1727621,9518658
6,20000,7168801,1716823,8885624
6,20000,7137542,1252569,8390111
6,20000,8358063,1728050,10086113
6,20000,7446659,1722436,9169095
6,20000,7802180,1230574,9032754
6,20000,7225472,1751661,8977133
6,20000,7679778,1241444,8921222
6,20000,7142138,1716449,8858587
6,20000,7565412,1229238,8794650
6,20000,7952629,1757521,9710150
6,20000,7299753,1637417,8937170
6,20000,8102416,1715357,9817773
6,20000,7443521,1729999,9173520
6,20000,7179534,1731925,8911459
6,20000,7010708,1726073,8736781
6,20000,7388837,1730238,9119075
6,20000,7262841,1220389,8483230
6,20000,7715292,1720539,9435831
6,20000,7681960,1215427,8897387
6,20000,7273756,1729726,9003482
6,20000,7558085,1725370,9283455
6,20000,8004682,1730509,9735191
6,20000,7811989,1723993,9535982
6,20000,7806289,1716383,9522672
6,20000,7582126,1743129,9325255
6,20000,7335219,1711664,9046883
6,20000,8412716,1477251,9889967
6,20000,6916720,1727230,8643950
6,20000,7690136,1739190,9429326
6,20000,7448269,1719013,9167282
6,20000,7675522,1714583,9390105
6,20000,9023437,1721478,10744915
6,20000,7120092,1717534,8837626
6,20000,8196418,1479388,9675806
6,20000,7529204,1220194,8749398
6,20000,7514876,1216339,8731215
6,20000,7861563,1724593,9586156
6,20000,7218461,1713287,8931748
6,20000,6933181,1724044,8657225
6,20000,8030328,1733671,9763999
6,20000,7203648,1265043,8468691
6,20000,8063859,1223848,9287707
6,20000,7418804,1306678,8725482
6,20000,7916902,1729225,9646127
6,20000,8303360,1731333,10034693
6,20000,7244532,1739865,8984397
6,20000,7976202,1438908,9415110
6,20000,7437487,1711454,9148941
6,20000,7990661,1708730,9699391
6,20000,6658790,1292488,7951278
6,20000,7367237,1726300,9093537
6,20000,8447100,1738967,10186067
6,30000,10808885,2602052,13410937
6,30000,10790387,2574309,13364696
6,30000,11032012,2564045,13596057
6,30000,10558899,2597109,13156008
6,30000,10708257,1863861,12572118
6,30000,11760930,2578804,14339734
6,30000,10473795,2584008,13057803
6,30000,10874057,2608720,13482777
6,30000,10524918,2582049,13106967
6,30000,12545569,2598603,15144172
6,30000,10947635,1859349,12806984
6,30000,10328137,2594439,12922576
6,30000,10537203,2590902,13128105
6,30000,10162798,2583183,12745981
6,30000,10723531,2571783,13295314
6,30000,10488954,2594471,13083425
6,30000,10810135,2574106,13384241
6,30000,10214786,1821135,12035921
6,30000,11932901,2610672,14543573
6,30000,9830519,2580939,12411458
6,30000,10321419,2589345,12910764
6,30000,12011365,2617206,14628571
6,30000,10338353,1855165,12193518
6,30000,10428531,2630093,13058624
6,30000,11218516,2570365,13788881
6,30000,11067494,1838444,12905938
6,30000,10748618,1836680,12585298
6,30000,10659425,2620874,13280299
6,30000,11088903,2612941,13701844
6,30000,9807015,2599467,12406482
6,30000,9791729,1822977,11614706
6,30000,10289556,2571373,12860929
6,30000,10792894,2601731,13394625
6,30000,10918440,2600033,13518473
6,30000,10261933,2586441,12848374
6,30000,10182303,2023288,12205591
6,30000,10250594,2605199,12855793
6,30000,11438597,2578830,14017427
6,30000,9788438,1838704,11627142
6,30000,10263399,2611460,12874859
6,30000,11403172,2560255,13963427
6,30000,9927949,2275489,12203438
6,30000,10779849,2611705,13391554
6,30000,10462417,2577202,13039619
6,30000,12335664,2572327,14907991
6,30000,10551406,1858353,12409759
6,30000,9880775,2503773,12384548
6,30000,11940959,2553476,14494435
6,30000,11972498,2628241,14600739
6,30000,11699472,2586495,14285967
6,30000,10452066,2604539,13056605
6,30000,12042078,2572432,14614510
6,30000,9804979,1857981,11662960
6,30000,11042446,2648462,13690908
6,30000,10430754,2586813,13017567
6,30000,11392723,2607378,14000101
6,30000,9868390,1852708,11721098
6,30000,10116926,2601746,12718672
6,30000,10380527,2645870,13026397
6,30000,11471059,2602601,14073660
6,30000,10687598,2460312,13147910
6,30000,10804412,2562872,13367284
6,30000,10879411,2616662,13496073
6,30000,11223460,2599394,13822854
6,30000,10430798,2599214,13030012
6,30000,11883940,1852031,13735971
6,30000,10092409,2577852,12670261
6,30000,10582096,2601066,13183162
6,30000,11139054,2597888,13736942
6,30000,10920825,2641025,13561850
6,30000,10905480,2582769,13488249
6,30000,10740633,2579374,13320007
6,30000,10418501,2598675,13017176
6,30000,10939641,1842680,12782321
6,30000,10332770,2597234,12930004
6,30000,11273595,2583811,13857406
6,30000,10620293,2579602,13199895
6,30000,10966498,2582027,13548525
6,30000,12109447,2591360,14700807
6,30000,10332524,1862025,12194549
6,30000,10481467,2576413,13057880
6,30000,11280210,2574707,13854917
6,30000,10137538,2566250,12703788
6,30000,10799807,2611760,13411567
6,30000,10873582,2605817,13479399
6,30000,10626568,1855233,12481801
6,30000,11271291,2590148,13861439
6,30000,9875719,2562872,12438591
6,30000,10940770,2562179,13502949
6,30000,11918352,2596283,14514635
6,30000,10854193,2592394,13446587
6,30000,10946347,2575264,13521611
6,30000,10852005,2635046,13487051
6,30000,10691476,2559542,13251018
6,30000,11751409,2604038,14355447
6,30000,10257268,2205951,12463219
6,30000,10930897,2599335,13530232
6,30000,10101975,1995798,12097773
6,30000,10644072,2604729,13248801
6,30000,10578314,2577007,13155321
6,30000,10248701,2625363,12874064
6,30000,11740313,2598489,14338802
6,30000,11622974,2576776,14199750
6,30000,10005594,2623069,12628663
6,30000,10003689,1847824,11851513
6,30000,11826730,2612426,14439156
6,30000,11818938,2573380,14392318
6,30000,10807196,2602868,13410064
6,30000,12076756,2602097,14678853
6,30000,10493052,2598620,13091672
6,30000,12129195,2622985,14752180
6,30000,12199211,2617792,14817003
6,30000,11342071,2569834,13911905
6,30000,10770406,2580499,13350905
6,30000,12354478,2579319,14933797
6,40000,14480890,3465107,17945997
6,40000,14486850,3462394,17949244
6,40000,13031335,3446237,16477572
6,40000,13495729,3501857,16997586
6,40000,13267078,3049937,16317015
6,40000,13843791,3449003,17292794
6,40000,14561778,3497560,18059338
6,40000,12626102,3463348,16089450
6,40000,13078057,3496979,16575036
6,40000,13088330,3437445,16525775
6,40000,12210121,3445995,15656116
6,40000,13074354,3447767,16522121
6,40000,14436261,3442992,17879253
6,40000,12798053,3487058,16285111
6,40000,14141060,3460041,17601101
6,40000,13064866,3468694,16533560
6,40000,14704863,3451220,18156083
6,40000,14070752,3483543,17554295
6,40000,14132818,3456881,17589699
6,40000,13258182,3430299,16688481
6,40000,15310733,3456626,18767359
6,40000,13543926,3463213,17007139
6,40000,12990522,3450662,16441184
6,40000,13448851,3463795,16912646
6,40000,13821127,3488454,17309581
6,40000,14232866,3480524,17713390
6,40000,14337490,3478401,17815891
6,40000,13099518,3461365,16560883
6,40000,13154791,3342792,16497583
6,40000,13927689,3481478,17409167
6,40000,12711635,3444528,16156163
6,40000,13214696,3453729,16668425
6,40000,13376914,2749033,16125947
6,40000,14172088,3465754,17637842
6,40000,11965942,2452464,14418406
6,40000,12891255,3498062,16389317
6,40000,13526898,3453369,16980267
6,40000,13468547,3461993,16930540
6,40000,12598042,3474826,16072868
6,40000,13954913,3491863,17446776
6,40000,13739546,3386115,17125661
6,40000,14267760,3475795,17743555
6,40000,12368198,3495751,15863949
6,40000,13072663,3467320,16539983
6,40000,13477569,3488147,16965716
6,40000,12923357,3449184,16372541
6,40000,13638021,3440507,17078528
6,40000,12298711,3430908,15729619
6,40000,13581504,3492221,17073725
6,40000,14353569,3487355,17840924
6,40000,13805894,3485771,17291665
6,40000,13138507,3439297,16577804
6,40000,13691171,3453446,17144617
6,40000,13707049,3441603,17148652
6,40000,12435790,3067382,15503172
6,40000,13625112,3461239,17086351
6,40000,12105736,3309318,15415054
6,40000,12086604,2470100,14556704
6,40000,13388708,3445553,16834261
6,40000,13143377,3441296,16584673
6,40000,12766300,3465293,16231593
6,40000,14087284,3489863,17577147
6,40000,13927718,3463989,17391707
6,40000,13568834,3476196,17045030
6,40000,13113654,3442080,16555734
6,40000,13961134,3463756,17424890
6,40000,13535183,3442769,16977952
6,40000,13582890,3444147,17027037
6,40000,13746429,3456625,17203054
6,40000,13062877,3456199,16519076
6,40000,14049226,3447404,17496630
6,40000,12950815,3449681,16400496
6,40000,13584062,3488532,17072594
6,40000,13142151,3492579,16634730
6,40000,14072233,3443247,17515480
6,40000,12677381,3447065,16124446
6,40000,13113204,3451898,16565102
6,40000,13942550,3468144,17410694
6,40000,13848561,3483084,17331645
6,40000,12028911,2553572,14582483
6,40000,13231431,3430721,16662152
6,40000,13182805,3273072,16455877
6,40000,13512402,3509295,17021697
6,40000,14030216,3437618,17467834
6,40000,13611269,3395118,17006387
6,40000,12500483,3487976,15988459
6,40000,12760921,2507962,15268883
6,40000,13405023,3445318,16850341
6,40000,13563566,3479781,17043347
6,40000,13532775,3520581,17053356
6,40000,13504450,3455956,16960406
6,40000,11879297,2564329,14443626
6,40000,14367536,3482547,17850083
6,40000,13971228,3494915,17466143
6,40000,13361539,3489372,16850911
6,40000,13022674,3473502,16496176
6,40000,13446458,3475077,16921535
6,40000,12582923,3503423,16086346
6,40000,13127213,3469732,16596945
6,40000,12585001,2624674,15209675
6,40000,12103995,2464497,14568492
6,40000,12844211,3463720,16307931
6,40000,13783838,3438612,17222450
6,40000,12477073,2859067,15336140
6,40000,12429554,3342366,15771920
6,40000,14246801,3441521,17688322
6,40000,13700781,3447719,17148500
6,40000,14103066,3443918,17546984
6,40000,14046093,3471943,17518036
6,40000,12622360,3481736,16104096
6,40000,13193956,3490862,16684818
6,40000,14146177,3239879,17386056
6,40000,13647910,3456962,17104872
6,40000,13417951,3067901,16485852
6,40000,14311969,2764392,17076361
6,50000,15226000,4304051,19530051
6,50000,16054788,3421453,19476241
6,50000,15229427,4276522,19505949
6,50000,15033168,4262828,19295996
6,50000,14330782,4301837,18632619
6,50000,14807487,4258395,19065882
6,50000,15474877,4286608,19761485
6,50000,14389183,3740838,18130021
6,50000,15293558,4267462,19561020
6,50000,14540387,3927694,18468081
6,50000,16367427,3627582,19995009
6,50000,14249652,4283272,18532924
6,50000,16410649,4256513,20667162
6,50000,16611200,4273907,20885107
6,50000,16416326,4256711,20673037
6,50000,14559733,3864092,18423825
6,50000,15591979,4248159,19840138
6,50000,15527421,4262302,19789723
6,50000,16402272,4249964,20652236
6,50000,15568117,4266046,19834163
6,50000,17232751,4267030,21499781
6,50000,14911473,4266058,19177531
6,50000,15621696,4272952,19894648
6,50000,17036430,4288773,21325203
6,50000,15094591,4262361,19356952
6,50000,15633332,4247634,19880966
6,50000,15973329,4240038,20213367
6,50000,14559365,4280834,18840199
6,50000,15223218,4270710,19493928
6,50000,14060571,4256684,18317255
6,50000,15312301,3636802,18949103
6,50000,13858283,4272067,18130350
6,50000,16036746,4248201,20284947
6,50000,15820115,4211880,20031995
6,50000,17166787,4269373,21436160
6,50000,17298017,4267342,21565359
6,50000,15239155,3988008,19227163
6,50000,15573775,4264291,19838066
6,50000,15354536,4276872,19631408
6,50000,17262757,3026672,20289429
6,50000,15004948,4272314,19277262
6,50000,14869732,4251868,19121600
6,50000,16265897,4294806,20560703
6,50000,14597845,4265513,18863358
6,50000,14627421,4259439,18886860
6,50000,14212501,4294277,18506778
6,50000,15273185,4437743,19710928
6,50000,15328535,3033118,18361653
6,50000,16085685,4280787,20366472
6,50000,14833934,3989625,18823559
6,50000,14768373,4276760,19045133
6,50000,15624816,4252188,19877004
6,50000,15567739,4266734,19834473
6,50000,16239044,4301612,20540656
6,50000,14800630,4268466,19069096
6,50000,15546264,4275112,19821376
6,50000,14982421,3525549,18507970
6,50000,15300194,3897423,19197617
6,50000,16760425,4311553,21071978
6,50000,17359511,4259770,21619281
6,50000,15775018,4281663,20056681
6,50000,14128818,4313888,18442706
6,50000,15683002,4267949,19950951
6,50000,18000918,4265564,22266482
6,50000,15884505,4323801,20208306
6,50000,15717040,4279002,19996042
6,50000,14277507,4306541,18584048
6,50000,15478122,4265871,19743993
6,50000,14041901,4280783,18322684
6,50000,15633368,4282009,19915377
6,50000,16610841,4268821,20879662
6,50000,15835885,4255262,20091147
6,50000,15346958,4255532,19602490
6,50000,15431198,4260842,19692040
6,50000,14575877,4257602,18833479
6,50000,13989722,3668290,17658012
6,50000,14601685,3054657,17656342
6,50000,15355327,4128641,19483968
6,50000,15982320,3024686,19007006
6,50000,14106840,3928773,18035613
6,50000,15026455,4277605,19304060
6,50000,14641462,4245192,18886654
6,50000,15236032,4287810,19523842
6,50000,15786288,3621702,19407990
6,50000,15128879,4254750,19383629
6,50000,15453305,4030408,19483713
6,50000,15916714,4249553,20166267
6,50000,14365137,3163256,17528393
6,50000,16183737,3883339,20067076
6,50000,15180716,4074780,19255496
6,50000,14385802,3608895,17994697
6,50000,16210801,4304998,20515799
6,50000,14564313,4319941,18884254
6,50000,16763256,4322794,21086050
6,50000,14868917,4320992,19189909
6,50000,16250680,4277589,20528269
6,50000,14961899,4017661,18979560
6,50000,16039443,4271191,20310634
6,50000,16215261,4272331,20487592
6,50000,15316930,4253387,19570317
6,50000,15998055,4275841,20273896
6,50000,15195376,4279026,19474402
6,50000,14937239,4254702,19191941
6,50000,14864373,4282620,19146993
6,50000,15029896,3682432,18712328
6,50000,14777634,4277514,19055148
6,50000,15302016,4261070,19563086
6,50000,14860124,4263222,19123346
6,50000,15469226,4265686,19734912
6,50000,16071062,4319015,20390077
6,50000,14334935,4261060,18595995
6,50000,15783078,4262402,20045480
6,50000,14207028,4275617,18482645
6,50000,16314503,4265431,20579934
6,50000,15092893,4262656,19355549
6,60000,17639231,5223269,22862500
6,60000,17008461,3734014,20742475
6,60000,17728390,5243626,22972016
6,60000,19234422,5229018,24463440
6,60000,17167077,5292438,22459515
6,60000,17194737,5270952,22465689
6,60000,18585697,5278586,23864283
6,60000,16973190,5254320,22227510
6,60000,17262242,5224418,22486660
6,60000,16618070,5227808,21845878
6,60000,21167192,5275430,26442622
6,60000,17528260,4524151,22052411
6,60000,17049439,5276342,22325781
6,60000,16851173,5280773,22131946
6,60000,17321410,5253936,22575346
6,60000,18339189,5278325,23617514
6,60000,18179691,4409430,22589121
6,60000,17458661,5238191,22696852
6,60000,17096512,5281013,22377525
6,60000,17703483,5217005,22920488
6,60000,17866998,3957092,21824090
6,60000,16876369,5283857,22160226
6,60000,17407907,5250086,22657993
6,60000,16507158,4813652,21320810
6,60000,21954425,5210983,27165408
6,60000,17145020,5246288,22391308
6,60000,17753825,5270399,23024224
6,60000,17860063,5090377,22950440
6,60000,18938209,5237246,24175455
6,60000,17117838,5271356,22389194
6,60000,17302542,5253951,22556493
6,60000,17195632,5232766,22428398
6,60000,16630124,5274310,21904434
6,60000,18313832,5245087,23558919
6,60000,18922937,5254815,24177752
6,60000,17127487,4967870,22095357
6,60000,18011174,4780292,22791466
6,60000,17962961,5233303,23196264
6,60000,18044214,5243836,23288050
6,60000,17368342,5249443,22617785
6,60000,17285029,5263599,22548628
6,60000,16319302,5252230,21571532
6,60000,17660446,5253414,22913860
6,60000,16203782,5227957,21431739
6,60000,18424413,5225739,23650152
6,60000,18052526,5248949,23301475
6,60000,18917527,5284774,24202301
6,60000,18795399,3830714,22626113
6,60000,17687615,5113349,22800964
6,60000,16148705,3789254,19937959
6,60000,17716202,3709313,21425515
6,60000,18260393,5273444,23533837
6,60000,17843446,4542016,22385462
6,60000,17723107,5265643,22988750
6,60000,18349954,3738383,22088337
6,60000,18096985,5247936,23344921
6,60000,19485609,5279019,24764628
6,60000,16620289,4453499,21073788
6,60000,21204669,5279546,26484215
6,60000,18089754,4849165,22938919
6,60000,16357065,5267538,21624603
6,60000,16471659,5274181,21745840
6,60000,17342291,5256463,22598754
6,60000,16944961,5276761,22221722
6,60000,18470111,5278448,23748559
6,60000,16261664,5257041,21518705
6,60000,16387062,3731418,20118480
6,60000,17524057,4159096,21683153
6,60000,19810223,5281163,25091386
6,60000,17348494,3929888,21278382
6,60000,17224276,5265885,22490161
6,60000,16376903,5252185,21629088
6,60000,17894675,5285340,23180015
6,60000,16612312,5259048,21871360
6,60000,16309371,5251113,21560484
6,60000,18672104,5247109,23919213
6,60000,16806111,5215496,22021607
6,60000,17665817,5258557,22924374
6,60000,17579271,4481167,22060438
6,60000,17645380,5227029,22872409
6,60000,18049402,5242579,23291981
6,60000,17537846,5009733,22547579
6,60000,16227113,5267668,21494781
6,60000,17174453,3755060,20929513
6,60000,17114607,5269163,22383770
6,60000,15546888,3733326,19280214
6,60000,17909991,5407250,23317241
6,60000,17568328,5284297,22852625
6,60000,17701852,5268875,22970727
6,60000,17997909,5241527,23239436
6,60000,16797122,5172048,21969170
6,60000,18422062,5265732,23687794
6,60000,18805375,4809359,23614734
6,60000,16655097,5144134,21799231
6,60000,16766143,5260759,22026902
6,60000,17669576,5262706,22932282
6,60000,16550709,5247666,21798375
6,60000,16772633,5265900,22038533
6,60000,19150110,5283080,24433190
6,60000,17461149,5217131,22678280
6,60000,17065059,3840542,20905601
6,60000,17673368,5236276,22909644
6,60000,16281785,5248720,21530505
6,60000,16791873,5235413,22027286
6,60000,18689895,5243284,23933179
6,60000,17532549,5279220,22811769
6,60000,18565610,5264874,23830484
6,60000,18234073,5279291,23513364
6,60000,18089282,5278772,23368054
6,60000,16820779,5218351,22039130
6,60000,18658415,5265623,23924038
6,60000,17848205,5224766,23072971
6,60000,17084825,5267108,22351933
6,60000,17251871,5251952,22503823
6,60000,18346808,5249054,23595862
6,70000,20176784,5705978,25882762
6,70000,19129783,5863974,24993757
6,70000,21359823,5898291,27258114
6,70000,18155919,4238189,22394108
6,70000,20382926,6470705,26853631
6,70000,19358388,5963389,25321777
6,70000,19766936,6446190,26213126
6,70000,19087282,5963362,25050644
6,70000,17770456,5920092,23690548
6,70000,18517457,6412615,24930072
6,70000,20595075,5834408,26429483
6,70000,19898826,5973835,25872661
6,70000,21399879,5370538,26770417
6,70000,20529329,5978326,26507655
6,70000,20560715,5984489,26545204
6,70000,18731784,5960527,24692311
6,70000,20192246,6037701,26229947
6,70000,18848374,5892058,24740432
6,70000,19996637,4790964,24787601
6,70000,19317096,5841006,25158102
6,70000,21697270,5410738,27108008
6,70000,19241879,6453615,25695494
6,70000,21954661,5967869,27922530
6,70000,20975849,5961726,26937575
6,70000,20907008,4253598,25160606
6,70000,20745614,5958211,26703825
6,70000,23650697,4909843,28560540
6,70000,19183288,5960958,25144246
6,70000,20192338,6410467,26602805
6,70000,22189894,6009700,28199594
6,70000,20293662,5905365,26199027
6,70000,19142309,5998352,25140661
6,70000,19566405,5084397,24650802
6,70000,19941091,5937547,25878638
6,70000,19679495,5655161,25334656
6,70000,20228144,5806333,26034477
6,70000,18904120,6378529,25282649
6,70000,20711635,5985627,26697262
6,70000,20404888,4242171,24647059
6,70000,20420204,6471841,26892045
6,70000,20347399,4724001,25071400
6,70000,24177980,6373960,30551940
6,70000,20991827,5943080,26934907
6,70000,19926912,6434248,26361160
6,70000,19346001,6448057,25794058
6,70000,20040257,6376432,26416689
6,70000,21728813,4580646,26309459
6,70000,21047598,5490446,26538044
6,70000,18964033,5762599,24726632
6,70000,21165121,6403542,27568663
6,70000,20350490,4233223,24583713
6,70000,20803929,5724591,26528520
6,70000,19651200,6014906,25666106
6,70000,20820880,5955743,26776623
6,70000,21012796,4743574,25756370
6,70000,19887403,5489034,25376437
6,70000,19416044,5969885,25385929
6,70000,18822743,6375593,25198336
6,70000,19346014,5977623,25323637
6,70000,19609387,4259065,23868452
6,70000,18450002,4237029,22687031
6,70000,20441222,6392323,26833545
6,70000,19181377,6121626,25303003
6,70000,20665665,6543810,27209475
6,70000,19860598,5964136,25824734
6,70000,20398757,5977368,26376125
6,70000,20601323,6309179,26910502
6,70000,22873309,6381079,29254388
6,70000,18840024,6296674,25136698
6,70000,20366959,6425179,26792138
6,70000,24322250,5957354,30279604
6,70000,18168402,6517157,24685559
6,70000,19527432,4244682,23772114
6,70000,19690822,5910332,25601154
6,70000,19674071,6395194,26069265
6,70000,20773267,5493387,26266654
6,70000,22782490,5972817,28755307
6,70000,21370934,5994266,27365200
6,70000,19199073,5960132,25159205
6,70000,20259215,5445214,25704429
6,70000,19078334,5759197,24837531
6,70000,18798630,5993816,24792446
6,70000,20027321,5957214,25984535
6,70000,19390571,5968261,25358832
6,70000,21533850,5966804,27500654
6,70000,19300600,4246722,23547322
6,70000,19976830,4253825,24230655
6,70000,19734820,6428665,26163485
6,70000,19874566,5998289,25872855
6,70000,19938262,5744087,25682349
6,70000,19091299,5408404,24499703
6,70000,20437764,5979629,26417393
6,70000,20877755,5972272,26850027
6,70000,20404407,5963783,26368190
6,70000,21524335,5696033,27220368
6,70000,18823217,6338723,25161940
6,70000,21752879,5987829,27740708
6,70000,19840477,4962612,24803089
6,70000,19741302,5765467,25506769
6,70000,20069932,6393312,26463244
6,70000,20941146,4235733,25176879
6,70000,20449042,5976465,26425507
6,70000,17572461,5954781,23527242
6,70000,19611820,4742661,24354481
6,70000,18671257,5959605,24630862
6,70000,19542205,6384100,25926305
6,70000,19729970,5608742,25338712
6,70000,20061447,5612627,25674074
6,70000,19328445,5974422,25302867
6,70000,18422209,4749811,23172020
6,70000,18943358,5998908,24942266
6,70000,22897501,6457200,29354701
6,70000,19840819,5973724,25814543
6,70000,20923161,6451689,27374850
6,70000,22363852,5973295,28337147
6,80000,22577414,7246345,29823759
6,80000,22868470,7246788,30115258
6,80000,24504876,7203436,31708312
6,80000,22622605,5781799,28404404
6,80000,21926012,6834737,28760749
6,80000,22753444,7333536,30086980
6,80000,25640664,6544871,32185535
6,80000,21774034,5267121,27041155
6,80000,26308406,7245895,33554301
6,80000,24994963,7176099,32171062
6,80000,24981599,5410331,30391930
6,80000,23770108,5320784,29090892
6,80000,22598487,7144474,29742961
6,80000,25957705,7264507,33222212
6,80000,23988307,7236691,31224998
6,80000,22514189,5959067,28473256
6,80000,22918927,7242370,30161297
6,80000,23548613,7315640,30864253
6,80000,23388581,7280449,30669030
6,80000,22685246,5992920,28678166
6,80000,24312151,7328601,31640752
6,80000,23185038,7253867,30438905
6,80000,22846326,5415401,28261727
6,80000,22621359,7230951,29852310
6,80000,21715885,5284570,27000455
6,80000,22896760,5468067,28364827
6,80000,23052467,5269284,28321751
6,80000,21652161,6000199,27652360
6,80000,24756256,7385211,32141467
6,80000,21064862,7166889,28231751
6,80000,22760661,5342209,28102870
6,80000,23229237,5414331,28643568
6,80000,22089020,7262288,29351308
6,80000,22779384,5215363,27994747
6,80000,22178074,7231561,29409635
6,80000,26847668,7298155,34145823
6,80000,22871311,7273433,30144744
6,80000,21770879,7210490,28981369
6,80000,23175742,5666820,28842562
6,80000,23334400,7281436,30615836
6,80000,25849473,7241990,33091463
6,80000,23266719,7225664,30492383
6,80000,24458223,7221561,31679784
6,80000,23025697,5316380,28342077
6,80000,21356419,7252724,28609143
6,80000,23284588,7263707,30548295
6,80000,24672886,5345762,30018648
6,80000,24473007,7191175,31664182
6,80000,26307924,5304178,31612102
6,80000,25203819,7253109,32456928
6,80000,22569484,7243291,29812775
6,80000,25037098,7137014,32174112
6,80000,22808574,7254199,30062773
6,80000,24293253,7213709,31506962
6,80000,23403019,5360732,28763751
6,80000,21816771,7029179,28845950
6,80000,23580724,7195369,30776093
6,80000,26348116,7275479,33623595
6,80000,22646499,7222034,29868533
6,80000,22985794,7284822,30270616
6,80000,25678980,7338482,33017462
6,80000,23824506,5306082,29130588
6,80000,24282810,6425291,30708101
6,80000,24117884,7377165,31495049
6,80000,21682141,6928150,28610291
6,80000,22269728,5360588,27630316
6,80000,20942349,5241490,26183839
6,80000,22742328,6382630,29124958
6,80000,23547413,7292556,30839969
6,80000,26321553,6134956,32456509
6,80000,21813103,5294175,27107278
6,80000,24600093,7276864,31876957
6,80000,22737010,7221825,29958835
6,80000,21761116,7366294,29127410
6,80000,23995910,7230656,31226566
6,80000,22354660,7223268,29577928
6,80000,22296056,6853172,29149228
6,80000,22082506,7242213,29324719
6,80000,24734291,7185260,31919551
6,80000,22227026,7308101,29535127
6,80000,21387576,5994375,27381951
6,80000,24063287,7242933,31306220
6,80000,22497835,7236934,29734769
6,80000,22799309,7699564,30498873
6,80000,22992278,7231498,30223776
6,80000,25244368,5325686,30570054
6,80000,26649082,6693487,33342569
6,80000,24099187,7326307,31425494
6,80000,24721014,5306071,30027085
6,80000,23644033,6818713,30462746
6,80000,22711842,7278535,29990377
6,80000,23494966,7257315,30752281
6,80000,21532320,7229263,28761583
6,80000,23411861,7663462,31075323
6,80000,22965185,6784810,29749995
6,80000,22212458,5178640,27391098
6,80000,24657585,7249717,31907302
6,80000,23879795,7259237,31139032
6,80000,24344273,5330539,29674812
6,80000,22739060,7118097,29857157
6,80000,23870697,7245244,31115941
6,80000,22534476,6807484,29341960
6,80000,23359939,7226814,30586753
6,80000,23188290,5391542,28579832
6,80000,24551982,5552946,30104928
6,80000,23856564,7232087,31088651
6,80000,23975665,7156129,31131794
6,80000,20935449,7237270,28172719
6,80000,21292080,4846534,26138614
6,80000,22529374,7278413,29807787
6,80000,23726827,7133693,30860520
6,80000,22963893,6036203,29000096
6,80000,23751935,7574824,31326759
6,80000,23902119,7248975,31151094
6,80000,23377492,7259190,30636682
6,90000,25670733,7719776,33390509
6,90000,27932749,7687554,35620303
6,90000,27285486,6845169,34130655
6,90000,27643124,7641204,35284328
6,90000,26145187,7730936,33876123
6,90000,24790197,7736767,32526964
6,90000,25207470,6191982,31399452
6,90000,26395398,7741699,34137097
6,90000,25358297,5429947,30788244
6,90000,25695620,5485655,31181275
6,90000,25096073,5656281,30752354
6,90000,25173596,6892948,32066544
6,90000,27464308,7483658,34947966
6,90000,25946363,8173365,34119728
6,90000,27903887,7714783,35618670
6,90000,26200247,6816464,33016711
6,90000,27200273,7708809,34909082
6,90000,26080148,7471647,33551795
6,90000,26795661,5491814,32287475
6,90000,28633880,6724912,35358792
6,90000,25218882,7570090,32788972
6,90000,28812292,6550773,35363065
6,90000,24018600,7746868,31765468
6,90000,27189854,7145425,34335279
6,90000,26328980,7403852,33732832
6,90000,25442483,7715941,33158424
6,90000,24927179,7815032,32742211
6,90000,26356834,6891449,33248283
6,90000,25385010,7648718,33033728
6,90000,23277803,5498800,28776603
6,90000,26106658,5531068,31637726
6,90000,26439892,7658815,34098707
6,90000,29576533,7737821,37314354
6,90000,27715071,5543916,33258987
6,90000,25908269,7717484,33625753
6,90000,27617143,7443065,35060208
6,90000,27213686,7663246,34876932
6,90000,25074933,7691444,32766377
6,90000,26743941,7570515,34314456
6,90000,25764912,5498071,31262983
6,90000,27406503,7662739,35069242
6,90000,25962143,7083018,33045161
6,90000,24717476,7755679,32473155
6,90000,24914136,7711417,32625553
6,90000,24615933,5479222,30095155
6,90000,25779566,5521566,31301132
6,90000,27818529,7132407,34950936
6,90000,26493317,7721966,34215283
6,90000,24934705,7704275,32638980
6,90000,25951761,7655018,33606779
6,90000,25114708,7686608,32801316
6,90000,26640409,7741816,34382225
6,90000,24449150,8465889,32915039
6,90000,26404026,7691207,34095233
6,90000,26590517,6862333,33452850
6,90000,25534727,5515668,31050395
6,90000,25880087,7708516,33588603
6,90000,26159035,7546179,33705214
6,90000,27048094,7751457,34799551
6,90000,28391845,7649224,36041069
6,90000,28484553,7748858,36233411
6,90000,25301791,7652581,32954372
6,90000,26889139,7702157,34591296
6,90000,23088032,7761512,30849544
6,90000,28782525,7755738,36538263
6,90000,25395612,7698788,33094400
6,90000,23875763,5466508,29342271
6,90000,28772832,7669517,36442349
6,90000,25959873,5462559,31422432
6,90000,25255045,7335759,32590804
6,90000,26836982,5560833,32397815
6,90000,25906082,7705573,33611655
6,90000,26890518,7689166,34579684
6,90000,28311924,5507646,33819570
6,90000,24678750,6460181,31138931
6,90000,27675497,7726857,35402354
6,90000,26848681,7468134,34316815
6,90000,29796409,7649540,37445949
6,90000,26978041,7713556,34691597
6,90000,28477304,7652301,36129605
6,90000,27722225,7772313,35494538
6,90000,25818345,7122878,32941223
6,90000,23812267,5494180,29306447
6,90000,27275894,7748848,35024742
6,90000,26306846,7639883,33946729
6,90000,25216047,5457598,30673645
6,90000,25311804,7622311,32934115
6,90000,28652313,7659911,36312224
6,90000,29224390,7680014,36904404
6,90000,27355867,7749278,35105145
6,90000,25151063,7399029,32550092
6,90000,26309883,7521138,33831021
6,90000,24020304,5466337,29486641
6,90000,26820877,5596898,32417775
6,90000,30905799,7277193,38182992
6,90000,24694096,5496568,30190664
6,90000,26206985,5467600,31674585
6,90000,25821308,7659793,33481101
6,90000,26239943,5769324,32009267
6,90000,26709510,5520366,32229876
6,90000,25870383,7736801,33607184
6,90000,27701381,7101503,34802884
6,90000,25440878,7704857,33145735
6,90000,26258011,5426679,31684690
6,90000,27861374,7758483,35619857
6,90000,28767489,5326809,34094298
6,90000,27858683,6935792,34794475
6,90000,25527489,7491812,33019301
6,90000,24115607,5471448,29587055
6,90000,25430611,7620679,33051290
6,90000,24657891,7716479,32374370
6,90000,29940034,7705046,37645080
6,90000,25674285,7686116,33360401
6,90000,28848900,5522620,34371520
6,90000,27809861,5433054,33242915
6,100000,28094130,7469515,35563645
6,100000,27775099,6849443,34624542
6,100000,27075874,7515332,34591206
6,100000,25701069,5838303,31539372
6,100000,28260634,6277917,34538551
6,100000,28829378,8563862,37393240
6,100000,28720578,8581710,37302288
6,100000,27914587,8514806,36429393
6,100000,29433343,8492362,37925705
6,100000,28624772,9020266,37645038
6,100000,29775548,5933992,35709540
6,100000,27285679,8249824,35535503
6,100000,26719280,6787656,33506936
6,100000,28110807,6262297,34373104
6,100000,31231669,6071361,37303030
6,100000,27239548,6061611,33301159
6,100000,28443324,7254925,35698249
6,100000,27858468,6183258,34041726
6,100000,27488645,8537210,36025855
6,100000,28780181,7928530,36708711
6,100000,27039966,8540987,35580953
6,100000,27147248,8523764,35671012
6,100000,27480517,6091465,33571982
6,100000,29901876,6792225,36694101
6,100000,25900823,8543618,34444441
6,100000,26977755,6085633,33063388
6,100000,27312002,6065340,33377342
6,100000,29812141,8557225,38369366
6,100000,32094687,8151849,40246536
6,100000,28506325,6051165,34557490
6,100000,26933591,6118257,33051848
6,100000,26717096,8528273,35245369
6,100000,27030965,8569760,35600725
6,100000,25960447,5920960,31881407
6,100000,28580309,7354320,35934629
6,100000,25880836,8517792,34398628
6,100000,27283502,7609909,34893411
6,100000,28835093,8596294,37431387
6,100000,26971720,6187377,33159097
6,100000,26747333,8571469,35318802
6,100000,30922510,8550526,39473036
6,100000,30506308,8515884,39022192
6,100000,29496098,7426457,36922555
6,100000,26761231,6116881,32878112
6,100000,30874948,8493911,39368859
6,100000,31892214,8177830,40070044
6,100000,26634049,6304233,32938282
6,100000,28523587,8338336,36861923
6,100000,28003756,6111611,34115367
6,100000,27887937,8496444,36384381
6,100000,28770549,8504396,37274945
6,100000,27772031,7026223,34798254
6,100000,27350758,8497284,35848042
6,100000,27022416,6307279,33329695
6,100000,30974121,7164284,38138405
6,100000,25502719,7207347,32710066
6,100000,27880617,8506753,36387370
6,100000,28236653,6067899,34304552
6,100000,27713971,8479074,36193045
6,100000,27124238,8517862,35642100
6,100000,29248180,7310060,36558240
6,100000,28863212,8486811,37350023
6,100000,30083901,8501594,38585495
6,100000,28331014,6490595,34821609
6,100000,26354433,8517896,34872329
6,100000,30148695,6153726,36302421
6,100000,29392471,8551603,37944074
6,100000,30106220,8539049,38645269
6,100000,28829632,8123992,36953624
6,100000,27857798,7152968,35010766
6,100000,29335394,8568122,37903516
6,100000,27418692,8567572,35986264
6,100000,32768998,6049792,38818790
6,100000,28173124,8284216,36457340
6,100000,29668710,8501364,38170074
6,100000,26402115,7124896,33527011
6,100000,24822906,6108833,30931739
6,100000,29025469,8542606,37568075
6,100000,27982538,8555436,36537974
6,100000,29913498,8512185,38425683
6,100000,27976217,7420351,35396568
6,100000,31188697,8503731,39692428
6,100000,27811912,8569473,36381385
6,100000,27247332,6059578,33306910
6,100000,27321015,8489916,35810931
6,100000,29374685,8518280,37892965
6,100000,28698143,6041656,34739799
6,100000,27294752,8518212,35812964
6,100000,28260024,6718872,34978896
6,100000,27310349,8518903,35829252
6,100000,29714262,8324599,38038861
6,100000,27938328,8507825,36446153
6,100000,30060232,6048518,36108750
6,100000,27252768,7470062,34722830
6,100000,29695591,6054793,35750384
6,100000,28602645,8501520,37104165
6,100000,27615471,6542786,34158257
6,100000,27927967,6022027,33949994
6,100000,26996502,6692848,33689350
6,100000,28728678,6977687,35706365
6,100000,31247196,8489547,39736743
6,100000,28967756,6109467,35077223
6,100000,29239009,8546054,37785063
6,100000,28176261,6113180,34289441
6,100000,34554235,6080186,40634421
6,100000,27549875,6065171,33615046
6,100000,28009957,7378677,35388634
6,100000,27958266,8516109,36474375
6,100000,27666113,7251549,34917662
6,100000,31948562,8575427,40523989
6,100000,27313324,8588239,35901563
6,100000,31674811,6090430,37765241
6,100000,26978461,8565408,35543869
6,100000,28858426,8095401,36953827
6,100000,28681785,8565540,37247325
6,100000,28818529,7696634,36515163
6,100000,30478761,8517577,38996338
6,100000,29520714,8037412,37558126
6,100000,26866980,6094857,32961837
6,100000,25367200,6076577,31443777
6,100000,30551294,8513322,39064616
6,100000,27257909,8622444,35880353
6,100000,28451229,8547055,36998284
6,100000,26733384,7903291,34636675
6,100000,27615124,7190182,34805306
6,100000,31400575,8582501,39983076
6,100000,26886572,6106700,32993272
6,100000,26523450,6105193,32628643
6,100000,29893307,8583963,38477270
6,100000,27485092,8504661,35989753
6,100000,27818324,6103479,33921803
6,100000,29551564,8484674,38036238
6,100000,29304236,8511087,37815323
6,100000,27549452,6058819,33608271
6,100000,29258568,6049181,35307749
6,100000,31044160,8553640,39597800
6,100000,27271552,8164072,35435624
6,100000,28796284,8497535,37293819
6,100000,27228324,8507341,35735665
6,100000,30270642,8511589,38782231
6,100000,27198499,6458656,33657155
6,100000,28498940,8597956,37096896
6,100000,27286747,6036855,33323602
6,100000,28429206,8546829,36976035
6,100000,28526325,8046658,36572983
6,100000,29081963,8418732,37500695
6,100000,28989896,8580275,37570171
6,100000,30070717,8489175,38559892
6,100000,30702252,8516814,39219066
6,100000,27028693,8582915,35611608
6,100000,29783860,6074213,35858073
6,100000,27086543,8530958,35617501
6,100000,27924417,8495467,36419884
6,100000,26011294,8546288,34557582
6,100000,27645353,6069501,33714854
6,100000,29123516,8490307,37613823
6,100000,26653503,6178135,32831638
6,100000,33301727,6043832,39345559
6,100000,29824474,7746110,37570584
6,100000,27196633,6072252,33268885
6,100000,27092528,8496554,35589082
6,100000,29268029,8472145,37740174
6,100000,31107809,6789191,37897000
6,100000,28220011,6047203,34267214
6,100000,27397974,6039476,33437450
6,100000,25421511,8506317,33927828
6,100000,30232816,7653892,37886708
6,100000,27884754,8517645,36402399
6,100000,26512858,8578114,35090972
6,100000,27233099,7579636,34812735
6,100000,30361639,8561971,38923610
6,100000,29497246,8478789,37976035
6,100000,24984222,6098287,31082509
6,100000,27295577,8479704,35775281
6,100000,29372312,8522380,37894692
6,100000,26117654,6052360,32170014
6,100000,27138026,6068871,33206897
6,100000,26400978,7562863,33963841
6,100000,26653363,6244185,32897548
6,100000,27019763,8150075,35169838
6,100000,27323479,8510320,35833799
6,100000,27792432,8521496,36313928
6,100000,27810701,8549890,36360591
6,100000,27163370,8510612,35673982
6,100000,27393134,6140277,33533411
6,100000,27418200,8500849,35919049
6,100000,27798246,8479869,36278115
6,100000,28433418,8502518,36935936
6,100000,25669515,6048187,31717702
6,100000,26939647,6201722,33141369
6,100000,27253076,5894686,33147762
6,100000,28395591,7889191,36284782
6,100000,26894620,8499170,35393790
6,100000,29677450,6064663,35742113
6,100000,26317266,6175846,32493112
6,100000,26836424,6138453,32974877
6,100000,29077172,8560714,37637886
6,100000,27004223,5916489,32920712
6,100000,37131098,6100032,43231130
6,100000,27467186,7326770,34793956
6,100000,29485594,8550866,38036460
6,100000,25992551,6086623,32079174
6,100000,31891048,8567128,40458176
6,100000,29048995,7758049,36807044
6,100000,27431178,8167829,35599007
6,100000,30105151,8547296,38652447
6,100000,27974567,8503907,36478474
6,100000,28643890,8576415,37220305
6,100000,28111634,8528116,36639750
6,100000,28267962,6178508,34446470
6,100000,28946904,6633927,35580831
6,100000,27399631,7521567,34921198
6,100000,27125731,7598597,34724328
6,100000,26301400,7482750,33784150
6,100000,28831458,6650751,35482209
6,100000,27822658,8259565,36082223
6,100000,27853631,6108726,33962357
6,100000,27438272,8490236,35928508
6,100000,32663423,6102778,38766201
6,100000,26022221,6039590,32061811
6,100000,28263230,6059952,34323182
6,100000,26906611,8581289,35487900
6,100000,30030578,8371106,38401684
6,100000,28544230,8479501,37023731
6,100000,30310089,8509705,38819794
6,100000,27453781,7595931,35049712
6,100000,27043109,8623284,35666393
6,100000,28928038,6618739,35546777
6,100000,27019219,6441546,33460765
6,100000,28091874,8895640,36987514
6,200000,49506962,12123166,61630128
6,200000,54013711,12190494,66204205
6,200000,54895538,16221179,71116717
6,200000,53089914,12137027,65226941
6,200000,49361559,12515428,61876987
6,200000,51572628,13181048,64753676
6,200000,56306858,13769827,70076685
6,200000,53068809,12196762,65265571
6,200000,55031441,14440422,69471863
6,200000,52985163,12296520,65281683
6,200000,49592780,12174480,61767260
6,200000,52876432,12681813,65558245
6,200000,56532750,12332762,68865512
6,200000,48521834,14927230,63449064
6,200000,48481417,12246942,60728359
6,200000,47886860,12047887,59934747
6,200000,47275527,12244833,59520360
6,200000,56576304,12126228,68702532
6,200000,52438772,12200569,64639341
6,200000,49532409,12256954,61789363
6,200000,54321037,14762784,69083821
6,200000,53019513,11706891,64726404
6,200000,51659343,14474345,66133688
6,200000,47235972,12116646,59352618
6,200000,52982189,15341732,68323921
6,200000,53622695,12175117,65797812
6,200000,52638180,12310043,64948223
6,200000,53735511,14031150,67766661
6,200000,52806521,15465407,68271928
6,200000,52833358,14722001,67555359
6,200000,51870605,12248150,64118755
6,200000,55843624,14511145,70354769
6,200000,54906866,17015459,71922325
6,200000,56368172,15254264,71622436
6,200000,50345049,12811117,63156166
6,200000,52841215,12874915,65716130
6,200000,53552995,12198205,65751200
6,200000,50961234,12356732,63317966
6,200000,55374488,12195059,67569547
6,200000,52517607,12152221,64669828
6,200000,50993779,13749712,64743491
6,200000,53420045,14917318,68337363
6,200000,53348904,13984742,67333646
6,200000,51853408,12256390,64109798
6,200000,54288160,14277136,68565296
6,200000,47323821,12274217,59598038
6,200000,51064556,12891410,63955966
6,200000,54040830,15211516,69252346
6,200000,50931016,12044253,62975269
6,200000,52103057,17005765,69108822
6,200000,52442095,14617655,67059750
6,200000,49687867,15103930,64791797
6,200000,52102755,12212172,64314927
6,200000,49981420,12151618,62133038
6,200000,50030265,15121990,65152255
6,200000,50969448,14536774,65506222
6,200000,54736519,13273898,68010417
6,200000,52214809,12307127,64521936
6,200000,57448178,12162646,69610824
6,200000,49606729,12050724,61657453
6,200000,55091040,14551888,69642928
6,200000,50776769,16772285,67549054
6,200000,56648332,13564271,70212603
6,200000,54691598,14857605,69549203
6,200000,47327976,12209915,59537891
6,200000,52369557,12194896,64564453
6,200000,60666358,14064818,74731176
6,200000,53995553,15296342,69291895
6,200000,49984788,13512965,63497753
6,200000,51838747,12138653,63977400
6,200000,56771482,12180874,68952356
6,200000,57323392,12262872,69586264
6,200000,51188555,12237909,63426464
6,200000,52809125,12598067,65407192
6,200000,54174586,12262501,66437087
6,200000,52870010,15406115,68276125
6,200000,50229197,13084477,63313674
6,200000,53059566,12175450,65235016
6,200000,55094151,12507274,67601425
6,200000,52177295,17120460,69297755
6,200000,49953315,13429622,63382937
6,200000,49996014,12261765,62257779
6,200000,51598738,14911207,66509945
6,200000,51716051,12847461,64563512
6,200000,50417602,15083445,65501047
6,200000,50195353,12116609,62311962
6,200000,56664189,13348324,70012513
6,200000,51593325,12261194,63854519
6,200000,56672502,16160183,72832685
6,200000,55234779,12220763,67455542
6,200000,49839965,12187674,62027639
6,200000,49356201,12237990,61594191
6,200000,54967630,13877147,68844777
6,200000,51477438,12526049,64003487
6,200000,57798171,15551406,73349577
6,200000,51120766,15141129,66261895
6,200000,50083296,13107107,63190403
6,200000,53964648,12205558,66170206
6,200000,56370993,13359969,69730962
6,200000,48780363,12366744,61147107
6,200000,53455253,12335847,65791100
6,200000,49557485,12162339,61719824
6,200000,53936299,12815333,66751632
6,200000,49182040,16474307,65656347
6,200000,51372155,12612903,63985058
6,200000,54044275,14283389,68327664
6,200000,52564278,12344055,64908333
6,200000,58280850,12154189,70435039
6,200000,54876212,14547093,69423305
6,200000,55168978,12239822,67408800
6,200000,55247199,12196578,67443777
6,200000,51275300,13935402,65210702
6,200000,51834311,12243180,64077491
6,200000,56563966,15157664,71721630
6,200000,54441257,12156070,66597327
6,300000,75335485,18169800,93505285
6,300000,70756473,18297240,89053713
6,300000,81136582,19426864,100563446
6,300000,71239088,18338946,89578034
6,300000,69934783,18297261,88232044
6,300000,75434930,18641246,94076176
6,300000,68465130,18336796,86801926
6,300000,76192813,18311229,94504042
6,300000,76552239,18889230,95441469
6,300000,68297523,18121130,86418653
6,300000,76899276,18275600,95174876
6,300000,74856823,18400697,93257520
6,300000,73398365,18205195,91603560
6,300000,73519238,18303852,91823090
6,300000,80929790,18256809,99186599
6,300000,69036678,18255141,87291819
6,300000,73494385,20319007,93813392
6,300000,74195237,19000279,93195516
6,300000,77229912,18232325,95462237
6,300000,76720586,19072586,95793172
6,300000,78315080,18261804,96576884
6,300000,72881612,18401066,91282678
6,300000,73478258,18326206,91804464
6,300000,78386823,19425880,97812703
6,300000,72698421,18217422,90915843
6,300000,72176545,20638940,92815485
6,300000,78125884,20957812,99083696
6,300000,79603147,20472819,100075966
6,300000,75015578,19020137,94035715
6,300000,74049121,18179860,92228981
6,300000,77891585,21322933,99214518
6,300000,75393941,20017156,95411097
6,300000,75295794,19569928,94865722
6,300000,78108854,18971859,97080713
6,300000,76051560,18221006,94272566
6,300000,76464557,18242629,94707186
6,300000,76481921,18278633,94760554
6,300000,79876840,18201829,98078669
6,300000,82246521,18305333,100551854
6,300000,74062724,21233588,95296312
6,300000,73555642,18426581,91982223
6,300000,72459467,18759299,91218766
6,300000,70137559,19310778,89448337
6,300000,72465412,20879688,93345100
6,300000,68401208,17569485,85970693
6,300000,76834106,18344022,95178128
6,300000,79188010,18388054,97576064
6,300000,83230636,21331699,104562335
6,300000,75591047,20742100,96333147
6,300000,68858732,18234499,87093231
6,300000,79357387,18668224,98025611
6,300000,73745455,19449780,93195235
6,300000,83886641,18441492,102328133
6,300000,71527583,17600671,89128254
6,300000,77142859,21442581,98585440
6,300000,77877432,21518964,99396396
6,300000,77547464,18275771,95823235
6,300000,73402776,18755692,92158468
6,300000,77183164,18227098,95410262
6,300000,73775433,18193592,91969025
6,300000,76847200,18458635,95305835
6,300000,74081020,18167740,92248760
6,300000,70378628,18236146,88614774
6,300000,78277355,18265036,96542391
6,300000,83381665,17670557,101052222
6,300000,70902977,17603866,88506843
6,300000,80638445,18372934,99011379
6,300000,77266700,18343671,95610371
6,300000,70049537,18259483,88309020
6,300000,72934628,20776513,93711141
6,300000,73176525,18215774,91392299
6,300000,71508913,18187612,89696525
6,300000,76976309,20434295,97410604
6,300000,79046353,19909260,98955613
6,300000,71518047,18390866,89908913
6,300000,77217932,18580900,95798832
6,300000,73430567,17724601,91155168
6,300000,67849833,18234454,86084287
6,300000,70757371,18171590,88928961
6,300000,75268139,18313420,93581559
6,300000,79599863,21799963,101399826
6,300000,71114252,21540091,92654343
6,300000,76684738,18188789,94873527
6,300000,72524100,17901880,90425980
6,300000,74219275,17708613,91927888
6,300000,74716250,18125553,92841803
6,300000,73409828,18089773,91499601
6,300000,77964795,18269476,96234271
6,300000,75713212,18299986,94013198
6,300000,80110458,20849470,100959928
6,300000,74130781,22265112,96395893
6,300000,66495351,17727436,84222787
6,300000,76871595,19235448,96107043
6,300000,79218874,18171338,97390212
6,300000,71489141,18223516,89712657
6,300000,73624684,18305956,91930640
6,300000,83450539,18350856,101801395
6,300000,71169557,17630422,88799979
6,300000,80877665,18724859,99602524
6,300000,69228273,21292753,90521026
6,300000,83340599,18279569,101620168
6,300000,75546189,19486035,95032224
6,300000,69652864,21492558,91145422
6,300000,72340814,21982213,94323027
6,300000,79183228,18286574,97469802
6,300000,69449240,20019591,89468831
6,300000,82315030,20224430,102539460
6,300000,75028006,18248803,93276809
6,300000,75913996,18258987,94172983
6,300000,78702369,18296781,96999150
6,300000,78395015,18295323,96690338
6,300000,76997918,18347664,95345582
6,300000,70480970,17820340,88301310
6,300000,70660772,18306990,88967762
6,300000,71965372,20113950,92079322
6,400000,103557342,23736160,127293502
6,400000,106534096,23746945,130281041
6,400000,88521288,23690592,112211880
6,400000,92324240,23692077,116016317
6,400000,96558424,24289917,120848341
6,400000,103324846,23783792,127108638
6,400000,97949607,24089387,122038994
6,400000,94204652,23730501,117935153
6,400000,95256794,24066556,119323350
6,400000,93937953,23671339,117609292
6,400000,97945905,23701272,121647177
6,400000,95446186,23622528,119068714
6,400000,90231846,24856202,115088048
6,400000,100061087,24090239,124151326
6,400000,96523063,26304549,122827612
6,400000,104433111,24197569,128630680
6,400000,95664277,23687366,119351643
6,400000,101933378,24176984,126110362
6,400000,103295650,25183402,128479052
6,400000,89913065,23661803,113574868
6,400000,96839108,24330909,121170017
6,400000,95067859,23586755,118654614
6,400000,102988409,23642675,126631084
6,400000,90108038,23835203,113943241
6,400000,91655938,23748123,115404061
6,400000,98793653,23788343,122581996
6,400000,95092994,23688452,118781446
6,400000,101758239,26633846,128392085
6,400000,91588200,23643906,115232106
6,400000,93232208,24200610,117432818
6,400000,91050648,26694439,117745087
6,400000,102526745,23954685,126481430
6,400000,88207443,23757515,111964958
6,400000,90048612,26083143,116131755
6,400000,95804841,23692151,119496992
6,400000,97353012,23937737,121290749
6,400000,88983501,23683045,112666546
6,400000,97357434,23904931,121262365
6,400000,93969714,24069491,118039205
6,400000,110361910,24146937,134508847
6,400000,107286303,24155151,131441454
6,400000,93104827,23682799,116787626
6,400000,86119765,23800334,109920099
6,400000,101936172,23804347,125740519
6,400000,100174955,23665963,123840918
6,400000,92881220,23621723,116502943
6,400000,91639813,23754902,115394715
6,400000,103364636,24226279,127590915
6,400000,100345737,23635898,123981635
6,400000,114061206,23718387,137779593
6,400000,101279679,24324468,125604147
6,400000,92386685,23687580,116074265
6,400000,90692822,24301265,114994087
6,400000,106683148,23815481,130498629
6,400000,99140462,23752974,122893436
6,400000,91265428,26399879,117665307
6,400000,90874368,24097882,114972250
6,400000,92811607,23699105,116510712
6,400000,99628308,23707271,123335579
6,400000,102588163,23949615,126537778
6,400000,95037080,23885614,118922694
6,400000,87791188,23771391,111562579
6,400000,103630970,27549507,131180477
6,400000,89558888,23665185,113224073
6,400000,94930567,24233212,119163779
6,400000,95592635,23650593,119243228
6,400000,92041448,23599654,115641102
6,400000,90317333,23849219,114166552
6,400000,96482006,23688577,120170583
6,400000,93203652,23731924,116935576
6,400000,92581095,24149490,116730585
6,400000,103645868,23670592,127316460
6,400000,106931636,24121824,131053460
6,400000,99232318,24183761,123416079
6,400000,89373262,23639194,113012456
6,400000,103954342,23623573,127577915
6,400000,100011922,23746885,123758807
6,400000,110165668,24252789,134418457
6,400000,91252092,23603232,114855324
6,400000,103293873,23723659,127017532
6,400000,95776574,23704063,119480637
6,400000,102936781,23624616,126561397
6,400000,110773570,23826602,134600172
6,400000,97831364,25355048,123186412
6,400000,101260854,23668054,124928908
6,400000,87726691,23717096,111443787
6,400000,102624385,23647179,126271564
6,400000,97273778,26187808,123461586
6,400000,97696230,24223013,121919243
6,400000,100964602,26732899,127697501
6,400000,107928309,23529794,131458103
6,400000,89056193,25579348,114635541
6,400000,90641979,23534340,114176319
6,400000,98689066,25133385,123822451
6,400000,94258674,24157591,118416265
6,400000,109424044,23863707,133287751
6,400000,88427366,24109833,112537199
6,400000,94368032,24114363,118482395
6,400000,112925340,23775467,136700807
6,400000,108545543,23943597,132489140
6,400000,102126178,23594489,125720667
6,400000,96284665,25621415,121906080
6,400000,92648614,26600248,119248862
6,400000,92042867,23670566,115713433
6,400000,89088102,24219701,113307803
6,400000,93770596,23828176,117598772
6,400000,96853774,25299387,122153161
6,400000,95972206,23658896,119631102
6,400000,88392102,23693103,112085205
6,400000,90781556,23855406,114636962
6,400000,96947958,24087738,121035696
6,400000,111967353,24511625,136478978
6,400000,100826373,26262593,127088966
6,400000,85977094,23626838,109603932
6,400000,94762600,24243693,119006293
6,500000,132658125,29766031,162424156
6,500000,121313442,29670724,150984166
6,500000,123546080,29743971,153290051
6,500000,129254204,29748653,159002857
6,500000,125712118,29308992,155021110
6,500000,116341581,29433382,145774963
6,500000,133304706,29764756,163069462
6,500000,120662611,29288222,149950833
6,500000,116193300,31775042,147968342
6,500000,113871392,29325725,143197117
6,500000,117619853,29793440,147413293
6,500000,125179565,30154108,155333673
6,500000,111573105,29827491,141400596
6,500000,112337094,29332380,141669474
6,500000,117690791,31440094,149130885
6,500000,114815070,29215405,144030475
6,500000,114867768,29348720,144216488
6,500000,123050255,30340918,153391173
6,500000,118093619,29314707,147408326
6,500000,116008535,29627238,145635773
6,500000,109956624,29607903,139564527
6,500000,113709171,29681308,143390479
6,500000,114089887,29681887,143771774
6,500000,111798960,29348304,141147264
6,500000,115824873,29719055,145543928
6,500000,120907109,29206817,150113926
6,500000,115970835,29177775,145148610
6,500000,110809770,29310953,140120723
6,500000,133703903,31546601,165250504
6,500000,116615414,29861132,146476546
6,500000,118445160,29690411,148135571
6,500000,113184444,29341938,142526382
6,500000,119656222,29676332,149332554
6,500000,124398563,29543614,153942177
6,500000,130631488,29285294,159916782
6,500000,116105294,30338851,146444145
6,500000,119590706,29669560,149260266
6,500000,118291503,29300426,147591929
6,500000,115850174,29868209,145718383
6,500000,113274853,29579948,142854801
6,500000,108416060,29358819,137774879
6,500000,114275951,29624248,143900199
6,500000,127454698,29686731,157141429
6,500000,114909078,29801611,144710689
6,500000,115293749,29305120,144598869
6,500000,119871843,29232880,149104723
6,500000,124306794,29710331,154017125
6,500000,129355794,29670886,159026680
6,500000,127008711,29109101,156117812
6,500000,115699217,29750851,145450068
6,500000,137250012,29780912,167030924
6,500000,113987836,29659540,143647376
6,500000,136763442,29677079,166440521
6,500000,116444980,29694333,146139313
6,500000,113797293,29339780,143137073
6,500000,118708710,29649939,148358649
6,500000,118547272,31315266,149862538
6,500000,116334042,29327318,145661360
6,500000,110443906,29899371,140343277
6,500000,120086957,30518732,150605689
6,500000,127765439,29285150,157050589
6,500000,113280293,29749294,143029587
6,500000,118620433,29246335,147866768
6,500000,119447250,29162281,148609531
6,500000,121282145,29689371,150971516
6,500000,115553690,29337866,144891556
6,500000,118364570,29334647,147699217
6,500000,113356456,29812885,143169341
6,500000,117668891,29675050,147343941
6,500000,133174078,30692231,163866309
6,500000,123880575,29730143,153610718
6,500000,116284296,29455253,145739549
6,500000,108756415,29698345,138454760
6,500000,115608738,29332389,144941127
6,500000,114221114,29781488,144002602
6,500000,122182741,29366917,151549658
6,500000,122330157,29353731,151683888
6,500000,130135964,29830212,159966176
6,500000,114765633,29746344,144511977
6,500000,132290401,29355254,161645655
6,500000,108708303,29705506,138413809
6,500000,115092793,29688937,144781730
6,500000,111925283,29715570,141640853
6,500000,131349191,29754477,161103668
6,500000,110990993,29631154,140622147
6,500000,117258625,29530120,146788745
6,500000,126763025,30274587,157037612
6,500000,118166150,29665655,147831805
6,500000,113939060,29223603,143162663
6,500000,112008406,30323233,142331639
6,500000,114401693,29592030,143993723
6,500000,121486359,30746272,152232631
6,500000,125930650,29652512,155583162
6,500000,117074692,29965719,147040411
6,500000,126361288,29260560,155621848
6,500000,121826487,29672335,151498822
6,500000,118969195,29680863,148650058
6,500000,120754020,29289584,150043604
6,500000,121955343,29686600,151641943
6,500000,117084298,29789205,146873503
6,500000,113169041,31215183,144384224
6,500000,107024764,29286280,136311044
6,500000,114885472,29684929,144570401
6,500000,124176180,29645925,153822105
6,500000,117366651,29349105,146715756
6,500000,112339575,29474287,141813862
6,500000,117399677,29805010,147204687
6,500000,112606651,29223431,141830082
6,500000,115356315,29676913,145033228
6,500000,114698399,29887911,144586310
6,500000,115543088,29651128,145194216
6,500000,118946553,29274698,148221251
6,500000,119048815,29359236,148408051
6,500000,122210697,30455456,152666153
6,500000,114686192,29165468,143851660
6,600000,134385408,37658835,172044243
6,600000,130355386,36159184,166514570
6,600000,142109719,36326349,178436068
6,600000,133597377,35995625,169593002
6,600000,138763295,36232935,174996230
6,600000,138180629,35939163,174119792
6,600000,144025359,36176952,180202311
6,600000,139840456,36033296,175873752
6,600000,129951627,36177188,166128815
6,600000,146651521,36147865,182799386
6,600000,132263838,36221473,168485311
6,600000,130630146,36305431,166935577
6,600000,126936792,35950439,162887231
6,600000,135443826,36219382,171663208
6,600000,133515876,36057978,169573854
6,600000,135071958,36170904,171242862
6,600000,144979310,36316056,181295366
6,600000,137901400,36187836,174089236
6,600000,145660458,36328185,181988643
6,600000,148322016,35990094,184312110
6,600000,140354489,38064979,178419468
6,600000,137916220,36170986,174087206
6,600000,132520118,36120132,168640250
6,600000,141975492,36280329,178255821
6,600000,136541751,35452432,171994183
6,600000,141236372,36127601,177363973
6,600000,139003295,35899581,174902876
6,600000,145439183,36048127,181487310
6,600000,142957836,36201794,179159630
6,600000,136549808,36032024,172581832
6,600000,135621377,35602949,171224326
6,600000,145458811,36276966,181735777
6,600000,145102107,36364819,181466926
6,600000,143166648,36672219,179838867
6,600000,137541338,36190101,173731439
6,600000,137555822,35589094,173144916
6,600000,141996240,35814948,177811188
6,600000,139249129,36192428,175441557
6,600000,138856316,35861829,174718145
6,600000,150006471,36256276,186262747
6,600000,146185114,36200590,182385704
6,600000,145867028,39581045,185448073
6,600000,131156074,36301361,167457435
6,600000,136673036,37110535,173783571
6,600000,143199133,36096101,179295234
6,600000,139963307,36052279,176015586
6,600000,137460734,36359160,173819894
6,600000,134877100,37414222,172291322
6,600000,145809405,36313896,182123301
6,600000,139344542,36354203,175698745
6,600000,142419695,36140353,178560048
6,600000,141603282,36915312,178518594
6,600000,131510171,38319899,169830070
6,600000,137142588,36040332,173182920
6,600000,138654270,36253017,174907287
6,600000,144725885,35710324,180436209
6,600000,135058621,35916061,170974682
6,600000,144689186,36382717,181071903
6,600000,142855659,36026415,178882074
6,600000,132994690,36019090,169013780
6,600000,143304204,36468126,179772330
6,600000,137399544,36135375,173534919
6,600000,144647204,36183900,180831104
6,600000,138422560,36081728,174504288
6,600000,133396666,36254946,169651612
6,600000,136844620,36586117,173430737
6,600000,128670578,36086258,164756836
6,600000,141446153,36243404,177689557
6,600000,132359668,35795290,168154958
6,600000,133698014,36301440,169999454
6,600000,138314082,36108045,174422127
6,600000,132399459,36139960,168539419
6,600000,137199268,36308989,173508257
6,600000,132447447,36186506,168633953
6,600000,134962211,36128003,171090214
6,600000,143002818,35727088,178729906
6,600000,132646285,35835847,168482132
6,600000,134581194,36169023,170750217
6,600000,141107612,35875547,176983159
6,600000,135975542,35913573,171889115
6,600000,134205017,36284172,170489189
6,600000,136894051,36321031,173215082
6,600000,128834128,36388519,165222647
6,600000,139301275,36252751,175554026
6,600000,132856151,36177217,169033368
6,600000,140686081,36103654,176789735
6,600000,134470396,36595601,171065997
6,600000,131257647,36099454,167357101
6,600000,146313069,36231049,182544118
6,600000,131757016,36237435,167994451
6,600000,132754330,35970815,168725145
6,600000,130828081,36222893,167050974
6,600000,133363178,36210469,169573647
6,600000,145433806,36349582,181783388
6,600000,129444538,36200564,165645102
6,600000,141380236,36248199,177628435
6,600000,137745217,36301784,174047001
6,600000,145508672,36217208,181725880
6,600000,139561431,36329632,175891063
6,600000,142998876,35835322,178834198
6,600000,145810308,36042025,181852333
6,600000,139971886,36348655,176320541
6,600000,141965385,35546444,177511829
6,600000,130673385,36264067,166937452
6,600000,134926168,36311760,171237928
6,600000,141180531,36021484,177202015
6,600000,132818731,36279702,169098433
6,600000,125756843,35767386,161524229
6,600000,135686528,36085136,171771664
6,600000,135342545,36447033,171789578
6,600000,139855162,38396346,178251508
6,600000,134743053,36166554,170909607
6,600000,137088949,35933771,173022720
6,600000,131378805,36051049,167429854
6,600000,130278536,36323086,166601622
6,700000,151140561,42522615,193663176
6,700000,157773001,42591989,200364990
6,700000,153843744,42716822,196560566
6,700000,166047901,42538272,208586173
6,700000,146453856,42896529,189350385
6,700000,157236172,42975205,200211377
6,700000,152612600,42592763,195205363
6,700000,151039313,42777753,193817066
6,700000,155562024,42800914,198362938
6,700000,151030525,42576022,193606547
6,700000,151545361,42783465,194328826
6,700000,151273760,42694543,193968303
6,700000,151279205,42671220,193950425
6,700000,148554229,42803405,191357634
6,700000,145927346,42881784,188809130
6,700000,152092176,42420041,194512217
6,700000,153776700,43749123,197525823
6,700000,150991564,42831905,193823469
6,700000,144326288,42517669,186843957
6,700000,155195679,44394007,199589686
6,700000,149539198,42553804,192093002
6,700000,150313745,42696173,193009918
6,700000,152132763,42817549,194950312
6,700000,149608533,42576278,192184811
6,700000,151645786,42700213,194345999
6,700000,159594954,43025935,202620889
6,700000,154020541,42947913,196968454
6,700000,149125841,42729806,191855647
6,700000,149268529,42871864,192140393
6,700000,149619416,42629431,192248847
6,700000,148686792,45705708,194392500
6,700000,149035320,42766118,191801438
6,700000,178966921,44810559,223777480
6,700000,145381370,42538263,187919633
6,700000,149360259,42731364,192091623
6,700000,149180927,43122323,192303250
6,700000,149704486,42366933,192071419
6,700000,150001900,42608720,192610620
6,700000,155431162,42627553,198058715
6,700000,145023730,42825141,187848871
6,700000,153017038,42616123,195633161
6,700000,151448824,42478571,193927395
6,700000,153521981,42893706,196415687
6,700000,146215122,44085674,190300796
6,700000,159914650,42064690,201979340
6,700000,142812793,42739665,185552458
6,700000,153842501,42566391,196408892
6,700000,143761417,42930007,186691424
6,700000,143518167,42580701,186098868
6,700000,162085601,42795586,204881187
6,700000,156587272,42604354,199191626
6,700000,153160009,42436200,195596209
6,700000,142979591,42748273,185727864
6,700000,150318639,42437770,192756409
6,700000,149281927,42585026,191866953
6,700000,143988072,42652558,186640630
6,700000,146141439,42686668,188828107
6,700000,142692302,42865819,185558121
6,700000,151790437,42668045,194458482
6,700000,148102507,45609489,193711996
6,700000,142236850,42819555,185056405
6,700000,141875370,42578935,184454305
6,700000,157021606,42796298,199817904
6,700000,153225541,42599473,195825014
6,700000,145086136,42738539,187824675
6,700000,148704347,42601523,191305870
6,700000,149148443,44756557,193905000
6,700000,154144232,44189376,198333608
6,700000,155706400,42653702,198360102
6,700000,150789359,42480040,193269399
6,700000,159481453,42341285,201822738
6,700000,160948482,42811934,203760416
6,700000,149000372,42516368,191516740
6,700000,160407533,42519558,202927091
6,700000,162591717,42643670,205235387
6,700000,152975993,42854648,195830641
6,700000,157286298,42492285,199778583
6,700000,149364175,42575949,191940124
6,700000,144643314,44112902,188756216
6,700000,146738858,42550892,189289750
6,700000,157256174,42600728,199856902
6,700000,143456344,42514476,185970820
6,700000,147249656,42670422,189920078
6,700000,143732384,42656088,186388472
6,700000,146966384,42475153,189441537
6,700000,149181106,42659637,191840743
6,700000,153573480,42779945,196353425
6,700000,153958195,42347402,196305597
6,700000,165202643,43414473,208617116
6,700000,159813023,42546797,202359820
6,700000,151792356,42745254,194537610
6,700000,142714493,42758378,185472871
6,700000,150939153,42570376,193509529
6,700000,155256058,43478186,198734244
6,700000,143827525,42478340,186305865
6,700000,154583789,42756382,197340171
6,700000,149047433,42550055,191597488
6,700000,149383280,42807926,192191206
6,700000,152904422,42663023,195567445
6,700000,145683204,42411729,188094933
6,700000,152637375,42804401,195441776
6,700000,152336677,42628324,194965001
6,700000,155421713,42742403,198164116
6,700000,143426462,42604536,186030998
6,700000,145193800,42793305,187987105
6,700000,163911718,42605125,206516843
6,700000,151206875,45707304,196914179
6,700000,157245091,42375439,199620530
6,700000,146586351,42737780,189324131
6,700000,152242375,42788640,195031015
6,700000,143591585,42766993,186358578
6,700000,154726336,42590042,197316378
6,700000,145793205,42264436,188057641
6,700000,152328354,42731642,195059996
6,700000,148466628,46588908,195055536
6,800000,178917045,47234124,226151169
6,800000,179206406,47261755,226468161
6,800000,171006046,47205286,218211332
6,800000,172781977,48552134,221334111
6,800000,163787488,47231236,211018724
6,800000,165410688,51352221,216762909
6,800000,188621713,47149129,235770842
6,800000,184886665,46590587,231477252
6,800000,180931599,47186651,228118250
6,800000,164855060,47192786,212047846
6,800000,193844568,47165777,241010345
6,800000,165144951,47241969,212386920
6,800000,173176470,47113558,220290028
6,800000,177163394,47223938,224387332
6,800000,165929359,47271724,213201083
6,800000,175875383,47188616,223063999
6,800000,172736093,47120712,219856805
6,800000,184428539,47128800,231557339
6,800000,164531317,47276491,211807808
6,800000,175858071,47422210,223280281
6,800000,189110746,47159609,236270355
6,800000,176208056,47180780,223388836
6,800000,165046438,47165978,212212416
6,800000,184424446,47232471,231656917
6,800000,165928331,47330709,213259040
6,800000,172342556,47218838,219561394
6,800000,169302334,47252987,216555321
6,800000,164252553,47229707,211482260
6,800000,167059285,47225303,214284588
6,800000,161273841,47424458,208698299
6,800000,178022761,47212347,225235108
6,800000,163246243,47160457,210406700
6,800000,163434282,46609890,210044172
6,800000,175316353,49277185,224593538
6,800000,172298422,47284808,219583230
6,800000,167869415,47176104,215045519
6,800000,169054682,47197054,216251736
6,800000,166649787,46840622,213490409
6,800000,163484823,48536170,212020993
6,800000,171894072,47171593,219065665
6,800000,185152011,47182753,232334764
6,800000,175926524,47352779,223279303
6,800000,175901973,47212328,223114301
6,800000,181891273,47138046,229029319
6,800000,171833887,47222158,219056045
6,800000,171189471,47099588,218289059
6,800000,171745803,50525267,222271070
6,800000,158187808,49844454,208032262
6,800000,169898884,47084745,216983629
6,800000,174372148,46721878,221094026
6,800000,166402367,47118932,213521299
6,800000,193054685,47151726,240206411
6,800000,163223560,47154910,210378470
6,800000,170449731,47292029,217741760
6,800000,159692993,47004449,206697442
6,800000,190098147,47289788,237387935
6,800000,168607999,47178075,215786074
6,800000,175193939,47207943,222401882
6,800000,158287740,47222978,205510718
6,800000,175413987,47293382,222707369
6,800000,168878277,47203822,216082099
6,800000,176777030,48260070,225037100
6,800000,164929602,47246098,212175700
6,800000,170526233,47126173,217652406
6,800000,171965886,47579021,219544907
6,800000,177122619,47161682,224284301
6,800000,165248257,47156185,212404442
6,800000,169575987,47171240,216747227
6,800000,170506950,47350030,217856980
6,800000,176201017,47101945,223302962
6,800000,186870238,47472562,234342800
6,800000,181409266,47095440,228504706
6,800000,161668070,47252467,208920537
6,800000,167865919,47154853,215020772
6,800000,157155461,47281145,204436606
6,800000,168397219,47186353,215583572
6,800000,178377561,47247449,225625010
6,800000,167306316,47165384,214471700
6,800000,163303006,47328019,210631025
6,800000,168153217,47290983,215444200
6,800000,164298032,47233050,211531082
6,800000,171795793,47188843,218984636
6,800000,160263555,47193380,207456935
6,800000,166681368,46765630,213446998
6,800000,167809609,47068024,214877633
6,800000,168069064,47178917,215247981
6,800000,172125451,47123946,219249397
6,800000,187973952,47201974,235175926
6,800000,174366876,47298285,221665161
6,800000,178116613,47214272,225330885
6,800000,173474569,47249291,220723860
6,800000,180379680,47406798,227786478
6,800000,173328854,47205012,220533866
6,800000,169620850,50491221,220112071
6,800000,186114035,47221478,233335513
6,800000,169962864,47142821,217105685
6,800000,161921541,47205708,209127249
6,800000,169786181,47316934,217103115
6,800000,169512805,47139922,216652727
6,800000,170822896,47310374,218133270
6,800000,168109183,47300657,215409840
6,800000,178564893,47318797,225883690
6,800000,191280348,47160445,238440793
6,800000,170702533,47161686,217864219
6,800000,168391379,47134191,215525570
6,800000,168917613,47278392,216196005
6,800000,175874672,48479336,224354008
6,800000,159914049,46777242,206691291
6,800000,174606581,47104656,221711237
6,800000,184231440,47156996,231388436
6,800000,166921098,47277233,214198331
6,800000,193597038,47065851,240662889
6,800000,175692998,47135623,222828621
6,800000,175574584,47276035,222850619
6,800000,169618690,47177934,216796624
6,900000,184953733,52840801,237794534
6,900000,218864618,52620118,271484736
6,900000,197204947,52951912,250156859
6,900000,218647107,55052632,273699739
6,900000,201681030,52798509,254479539
6,900000,214962458,53124408,268086866
6,900000,230273651,52668942,282942593
6,900000,208106698,52878548,260985246
6,900000,180782407,52607592,233389999
6,900000,192099729,52761737,244861466
6,900000,212312689,52749270,265061959
6,900000,178896139,52745849,231641988
6,900000,184521514,53027018,237548532
6,900000,197203221,53383038,250586259
6,900000,192289871,52813164,245103035
6,900000,193599954,52975642,246575596
6,900000,203844078,52691184,256535262
6,900000,198924755,52978349,251903104
6,900000,225026242,52756087,277782329
6,900000,218319579,52743243,271062822
6,900000,187302917,53041292,240344209
6,900000,189134194,52618316,241752510
6,900000,195484289,52829054,248313343
6,900000,208850554,52965669,261816223
6,900000,197305173,52691953,249997126
6,900000,183513145,52462948,235976093
6,900000,217512338,52509114,270021452
6,900000,193152873,52704336,245857209
6,900000,212089750,52802178,264891928
6,900000,189652279,52778891,242431170
6,900000,189031349,52612545,241643894
6,900000,227119699,52694063,279813762
6,900000,192815356,52815843,245631199
6,900000,187519858,52692313,240212171
6,900000,207272800,52751081,260023881
6,900000,192714242,53415504,246129746
6,900000,200704574,53249583,253954157
6,900000,191848663,52773033,244621696
6,900000,192852733,52642122,245494855
6,900000,191348993,52630816,243979809
6,900000,177488449,52837830,230326279
6,900000,211349281,52707803,264057084
6,900000,195173743,52872839,248046582
6,900000,199643950,52717734,252361684
6,900000,191444230,52612761,244056991
6,900000,186755043,52798621,239553664
6,900000,186943807,52759666,239703473
6,900000,213343618,53482888,266826506
6,900000,191708423,52915389,244623812
6,900000,183512897,52843279,236356176
6,900000,184421257,55767421,240188678
6,900000,210857229,53220973,264078202
6,900000,183216549,52675237,235891786
6,900000,211927859,52665851,264593710
6,900000,219266621,52658236,271924857
6,900000,195773558,52924324,248697882
6,900000,219916853,52657437,272574290
6,900000,182001667,52717435,234719102
6,900000,212455323,52674124,265129447
6,900000,206838187,52682792,259520979
6,900000,185233890,52838543,238072433
6,900000,224556614,53385735,277942349
6,900000,190398858,52881866,243280724
6,900000,184789004,52827508,237616512
6,900000,186313088,52770105,239083193
6,900000,190638942,53259390,243898332
6,900000,205072239,52717720,257789959
6,900000,216434865,52825292,269260157
6,900000,194169057,53614393,247783450
6,900000,215209102,52602708,267811810
6,900000,188576135,52849131,241425266
6,900000,191710785,52754495,244465280
6,900000,198450374,52654367,251104741
6,900000,225978701,52596788,278575489
6,900000,190019306,52658119,242677425
6,900000,191332590,52670246,244002836
6,900000,187598210,52607832,240206042
6,900000,184314114,52962685,237276799
6,900000,185459025,53069406,238528431
6,900000,189353434,53283072,242636506
6,900000,189192595,52899540,242092135
6,900000,194086504,52887241,246973745
6,900000,199147420,53076081,252223501
6,900000,210720945,52635178,263356123
6,900000,180962684,52949279,233911963
6,900000,188049385,54466643,242516028
6,900000,192160495,52549126,244709621
6,900000,199804082,52448158,252252240
6,900000,185000633,53389185,238389818
6,900000,192470754,52800433,245271187
6,900000,190598178,52670843,243269021
6,900000,186119896,53308997,239428893
6,900000,179552202,52958072,232510274
6,900000,191822782,52590827,244413609
6,900000,189620800,52671850,242292650
6,900000,214269525,52841271,267110796
6,900000,185332127,54405924,239738051
6,900000,198224895,52788280,251013175
6,900000,205263603,52638751,257902354
6,900000,206741834,52577545,259319379
6,900000,187776938,52593580,240370518
6,900000,203759849,52856538,256616387
6,900000,189008457,52699099,241707556
6,900000,238771454,52623139,291394593
6,900000,195538453,52743801,248282254
6,900000,181610816,52765863,234376679
6,900000,200147739,52604052,252751791
6,900000,194874227,52619675,247493902
6,900000,197181699,52715471,249897170
6,900000,221689302,52652683,274341985
6,900000,182888613,52657931,235546544
6,900000,185196240,53141741,238337981
6,900000,187210385,53030725,240241110
6,900000,198855239,53050108,251905347
6,900000,205817785,52701791,258519576
6,1000000,247846079,59054982,306901061
6,1000000,208597002,59022396,267619398
6,1000000,229013986,58958651,287972637
6,1000000,227934793,59466248,287401041
6,1000000,273073734,59063052,332136786
6,1000000,209105742,59102735,268208477
6,1000000,205597004,59278689,264875693
6,1000000,216157663,58400497,274558160
6,1000000,207883459,59064354,266947813
6,1000000,198371650,59234038,257605688
6,1000000,219626117,58834867,278460984
6,1000000,228856087,58872560,287728647
6,1000000,236954935,58728252,295683187
6,1000000,206133258,59328987,265462245
6,1000000,235430234,59109748,294539982
6,1000000,215782058,58832433,274614491
6,1000000,219427158,59089249,278516407
6,1000000,222096345,58956321,281052666
6,1000000,233178155,58764958,291943113
6,1000000,219875499,58935723,278811222
6,1000000,224208086,59181871,283389957
6,1000000,215422462,59074598,274497060
6,1000000,207294568,58974640,266269208
6,1000000,228913209,58717879,287631088
6,1000000,219051636,59242715,278294351
6,1000000,205683506,59140775,264824281
6,1000000,223755811,58918496,282674307
6,1000000,240883807,58924725,299808532
6,1000000,206823472,58396715,265220187
6,1000000,214955361,59116235,274071596
6,1000000,208878924,58726885,267605809
6,1000000,216661056,59682087,276343143
6,1000000,228289611,58996462,287286073
6,1000000,221054765,58959674,280014439
6,1000000,209417076,58913302,268330378
6,1000000,215139723,58923934,274063657
6,1000000,219715733,58994940,278710673
6,1000000,208976582,58943991,267920573
6,1000000,229143391,58469305,287612696
6,1000000,225788663,59512185,285300848
6,1000000,207488336,58836077,266324413
6,1000000,215371183,58712186,274083369
6,1000000,222889477,59079263,281968740
6,1000000,207956489,59430244,267386733
6,1000000,209482662,59819002,269301664
6,1000000,228090613,61346221,289436834
6,1000000,242242093,58968440,301210533
6,1000000,238126117,58560698,296686815
6,1000000,235990607,58850517,294841124
6,1000000,216481669,59159822,275641491
6,1000000,210966371,58991874,269958245
6,1000000,213155733,59074735,272230468
6,1000000,232880759,58938890,291819649
6,1000000,254401233,58954906,313356139
6,1000000,209764780,59260554,269025334
6,1000000,231144344,58908354,290052698
6,1000000,207309907,58980051,266289958
6,1000000,210642052,58792115,269434167
6,1000000,227064656,59720930,286785586
6,1000000,211880895,58976949,270857844
6,1000000,244927563,58675796,303603359
6,1000000,223045409,60075613,283121022
6,1000000,232644570,59189723,291834293
6,1000000,203309069,59021094,262330163
6,1000000,223159377,59346632,282506009
6,1000000,213838637,58702327,272540964
6,1000000,217752343,58917871,276670214
6,1000000,217300740,58656546,275957286
6,1000000,224068584,58803454,282872038
6,1000000,254024195,59008284,313032479
6,1000000,201539190,58478652,260017842
6,1000000,208102677,58988850,267091527
6,1000000,210444567,58486082,268930649
6,1000000,229521752,58954649,288476401
6,1000000,246321030,59535990,305857020
6,1000000,237839451,59653056,297492507
6,1000000,201918504,58793592,260712096
6,1000000,223451668,59076356,282528024
6,1000000,205818154,59248303,265066457
6,1000000,226500871,58723182,285224053
6,1000000,210287789,59043488,269331277
6,1000000,203573312,58953149,262526461
6,1000000,219802793,59057678,278860471
6,1000000,212286356,58985428,271271784
6,1000000,198579573,59026401,257605974
6,1000000,221556366,59411626,280967992
6,1000000,232569326,59179904,291749230
6,1000000,221633410,58443431,280076841
6,1000000,206843698,58753738,265597436
6,1000000,219112201,59001912,278114113
6,1000000,197210707,58776896,255987603
6,1000000,223948114,58928443,282876557
6,1000000,220832593,59327549,280160142
6,1000000,218947218,58711898,277659116
6,1000000,239285354,60386077,299671431
6,1000000,206873796,58883988,265757784
6,1000000,213063203,58870402,271933605
6,1000000,218024781,58598266,276623047
6,1000000,247924220,58902132,306826352
6,1000000,216463279,58747664,275210943
6,1000000,219380512,59125117,278505629
6,1000000,255617682,58958149,314575831
6,1000000,214786292,58333998,273120290
6,1000000,224407867,58777851,283185718
6,1000000,204401568,58759514,263161082
6,1000000,210021963,58720680,268742643
6,1000000,211724162,59008828,270732990
6,1000000,213267045,59205808,272472853
6,1000000,212730991,58864133,271595124
6,1000000,228095984,59054215,287150199
6,1000000,220376371,59142061,279518432
6,1000000,205078371,59380387,264458758
6,1000000,231158557,58911330,290069887
6,1000000,239548420,60275527,299823947
6,1000000,212328157,59118934,271447091
6,1000000,219470898,58947014,278417912
6,1000000,213572175,59153595,272725770
6,1000000,233942514,58571907,292514421
6,1000000,234761188,59513639,294274827
6,1000000,207301514,58881538,266183052
6,1000000,204366720,58891873,263258593
6,1000000,218396239,58839616,277235855
6,1000000,206108567,58822160,264930727
6,1000000,222198353,58355577,280553930
6,1000000,224807330,59043015,283850345
6,1000000,226546981,59373644,285920625
6,1000000,220447046,58839370,279286416
6,1000000,223859850,59243225,283103075
6,1000000,226884506,58979142,285863648
6,1000000,222836244,58739936,281576180
6,1000000,210909025,58909103,269818128
6,1000000,216407738,58665358,275073096
6,1000000,215628981,59181043,274810024
6,1000000,215159035,59073500,274232535
6,1000000,219188673,59101466,278290139
6,1000000,212052675,59143769,271196444
6,1000000,229110742,58913629,288024371
6,1000000,227463428,59536707,287000135
6,1000000,218404901,58956587,277361488
6,1000000,214666415,58943229,273609644
6,1000000,220592471,58975287,279567758
6,1000000,214646029,58928938,273574967
6,1000000,222769108,58947164,281716272
6,1000000,236855035,58515444,295370479
6,1000000,219138293,59195579,278333872
6,1000000,221752242,58785363,280537605
6,1000000,229302389,58908179,288210568
6,1000000,247384183,59096632,306480815
6,1000000,208196859,58644167,266841026
6,1000000,216421881,59108767,275530648
6,1000000,211057978,58970382,270028360
6,1000000,214607500,58682222,273289722
6,1000000,232468894,59253709,291722603
6,1000000,233851178,59338059,293189237
6,1000000,236174891,59295089,295469980
6,1000000,209770758,61569488,271340246
6,1000000,235287683,59044981,294332664
6,1000000,240021289,58904783,298926072
6,1000000,226762855,62012230,288775085
6,1000000,219465488,59069073,278534561
6,1000000,207360259,58860540,266220799
6,1000000,227719322,59194421,286913743
6,1000000,214497369,59338994,273836363
6,1000000,226022679,58634094,284656773
6,1000000,232338914,58841619,291180533
6,1000000,220907169,59146500,280053669
6,1000000,216392285,59076323,275468608
6,1000000,214554479,58997191,273551670
6,1000000,219009045,59048258,278057303
6,1000000,232180738,58978206,291158944
6,1000000,218155380,58792914,276948294
6,1000000,225717215,59230580,284947795
6,1000000,237857769,58845681,296703450
6,1000000,200325201,58967884,259293085
6,1000000,218217893,59202136,277420029
6,1000000,214874737,58710928,273585665
6,1000000,202181608,59197055,261378663
6,1000000,223140153,58675363,281815516
6,1000000,240128230,58626391,298754621
6,1000000,218431968,58904979,277336947
6,1000000,252302249,58801517,311103766
6,1000000,216151172,58984028,275135200
6,1000000,212933536,59039810,271973346
6,1000000,211194816,59170502,270365318
6,1000000,218582848,58884606,277467454
6,1000000,240353498,58799097,299152595
6,1000000,217702750,58847145,276549895
6,1000000,211897663,58990027,270887690
6,1000000,209720452,58555376,268275828
6,1000000,215663322,59332862,274996184
6,1000000,212083267,58666821,270750088
6,1000000,208042415,58955982,266998397
6,1000000,225785550,58856352,284641902
6,1000000,206907826,59337295,266245121
6,1000000,209737753,58461144,268198897
6,1000000,209976642,58471001,268447643
6,1000000,200553205,59457397,260010602
6,1000000,211831096,58324729,270155825
6,1000000,203090603,59155523,262246126
6,1000000,215360674,58511751,273872425
6,1000000,205221187,58475760,263696947
6,1000000,221968860,58998883,280967743
6,1000000,246973505,59423990,306397495
6,1000000,240458535,58790438,299248973
6,1000000,216080419,58754367,274834786
6,1000000,233169229,58804722,291973951
6,1000000,221654044,58866997,280521041
6,1000000,229919862,59380231,289300093
6,1000000,219903892,60622186,280526078
6,1000000,208379332,59443549,267822881
6,1000000,219683309,58851708,278535017
6,1000000,215294983,58942451,274237434
6,1000000,231529866,59179518,290709384
6,1000000,210538270,58673569,269211839
6,1000000,225751533,58929180,284680713
6,1000000,229257839,58685830,287943669
6,1000000,214889509,58728455,273617964
6,1000000,221187489,58756353,279943842
6,1000000,228111659,59392434,287504093
6,1000000,212475321,58872700,271348021
6,1000000,218341925,58258500,276600425
6,1000000,223907386,58930012,282837398
6,1000000,234580158,59453346,294033504
6,1000000,219604986,58849203,278454189
6,1000000,233600637,58954701,292555338
6,1000000,211467073,59154871,270621944
6,1000000,211778400,59044173,270822573
6,1000000,223101612,58783989,281885601
6,1000000,221434274,59060236,280494510
6,1000000,217966695,59324107,277290802
6,2000000,444506288,116994106,561500394
6,2000000,438899899,117349687,556249586
6,2000000,401696308,116427337,518123645
6,2000000,462780043,116296974,579077017
6,2000000,400919340,116555957,517475297
6,2000000,386280203,116424462,502704665
6,2000000,443552515,116486859,560039374
6,2000000,394323852,116493134,510816986
6,2000000,435299960,116861254,552161214
6,2000000,393194453,116501074,509695527
6,2000000,420492791,116935545,537428336
6,2000000,390928960,118312468,509241428
6,2000000,398796870,116524212,515321082
6,2000000,387364596,116812284,504176880
6,2000000,404763991,117079176,521843167
6,2000000,405719477,116209327,521928804
6,2000000,417485208,116814595,534299803
6,2000000,420390667,116944797,537335464
6,2000000,396882513,116492933,513375446
6,2000000,410930946,116670073,527601019
6,2000000,419036766,116574407,535611173
6,2000000,447242801,116896879,564139680
6,2000000,396598483,116707926,513306409
6,2000000,406865643,116095463,522961106
6,2000000,391953069,116187596,508140665
6,2000000,436795542,116127780,552923322
6,2000000,403847105,116930998,520778103
6,2000000,379243065,117077687,496320752
6,2000000,399190680,116194990,515385670
6,2000000,409917749,116389214,526306963
6,2000000,434651656,116342754,550994410
6,2000000,421267543,116891970,538159513
6,2000000,410492565,116488422,526980987
6,2000000,420926913,116819969,537746882
6,2000000,435058803,119173846,554232649
6,2000000,401947022,118480339,520427361
6,2000000,446917945,116814417,563732362
6,2000000,400464098,116520036,516984134
6,2000000,396540104,116276299,512816403
6,2000000,405730228,116002949,521733177
6,2000000,406281551,116514056,522795607
6,2000000,417082701,116847281,533929982
6,2000000,428121174,117473230,545594404
6,2000000,406820636,116567237,523387873
6,2000000,400951142,116891398,517842540
6,2000000,421128979,116715175,537844154
6,2000000,627545328,116579309,744124637
6,2000000,391533740,116637194,508170934
6,2000000,408452949,117030008,525482957
6,2000000,435169935,117280269,552450204
6,2000000,399790599,116172395,515962994
6,2000000,421396002,116996847,538392849
6,2000000,460019706,116784899,576804605
6,2000000,395083209,116064175,511147384
6,2000000,420111969,116408162,536520131
6,2000000,424322044,117028757,541350801
6,2000000,402945573,116572068,519517641
6,2000000,424034875,117000739,541035614
6,2000000,436477960,116653241,553131201
6,2000000,454201129,116610916,570812045
6,2000000,439857191,116660957,556518148
6,2000000,440329155,116845808,557174963
6,2000000,416900599,116951993,533852592
6,2000000,402492962,116479819,518972781
6,2000000,427025472,116993009,544018481
6,2000000,406680774,116689529,523370303
6,2000000,406611264,116953603,523564867
6,2000000,434024563,117011196,551035759
6,2000000,417534804,116281702,533816506
6,2000000,408861691,116223767,525085458
6,2000000,417783764,116109435,533893199
6,2000000,391407682,117718805,509126487
6,2000000,442541849,116110249,558652098
6,2000000,411761703,116118700,527880403
6,2000000,414371701,116927934,531299635
6,2000000,419831209,116880817,536712026
6,2000000,390081417,116868508,506949925
6,2000000,407676072,116159600,523835672
6,2000000,396164998,116373819,512538817
6,2000000,395309480,116543709,511853189
6,2000000,393503202,117012024,510515226
6,2000000,395870093,116247818,512117911
6,2000000,404589294,116857863,521447157
6,2000000,401681249,116139747,517820996
6,2000000,384651451,116552763,501204214
6,2000000,408039267,116031932,524071199
6,2000000,416947234,116418844,533366078
6,2000000,389304117,116998789,506302906
6,2000000,413053538,116619281,529672819
6,2000000,390075183,119496191,509571374
6,2000000,423381678,117126540,540508218
6,2000000,404341788,116197167,520538955
6,2000000,404803018,117134350,521937368
6,2000000,401051114,116030522,517081636
6,2000000,400809717,116484464,517294181
6,2000000,387042046,116835634,503877680
6,2000000,415300359,116634444,531934803
6,2000000,440647785,116957471,557605256
6,2000000,416726945,116795751,533522696
6,2000000,439264761,117090600,556355361
6,2000000,405444429,116646629,522091058
6,2000000,393000893,116188625,509189518
6,2000000,412799793,116401336,529201129
6,2000000,414859171,116553614,531412785
6,2000000,423419714,117092653,540512367
6,2000000,387940902,116053358,503994260
6,2000000,417706303,117291938,534998241
6,2000000,439709682,116497146,556206828
6,2000000,451237308,116456680,567693988
6,2000000,396079831,116337306,512417137
6,2000000,404222861,116658115,520880976
6,2000000,379110228,116155504,495265732
6,2000000,400881137,117065633,517946770
6,2000000,398525853,116802003,515327856
6,2000000,415723478,116822677,532546155
6,3000000,598847024,174448499,773295523
6,3000000,583168313,174479870,757648183
6,3000000,606567057,175024338,781591395
6,3000000,620372232,174457876,794830108
6,3000000,571903893,175473697,747377590
6,3000000,582957657,174443247,757400904
6,3000000,603404295,175063714,778468009
6,3000000,581202108,174842899,756045007
6,3000000,584454142,174489641,758943783
6,3000000,556201751,174512682,730714433
6,3000000,563666573,174300861,737967434
6,3000000,590275863,174544003,764819866
6,3000000,599687387,175149506,774836893
6,3000000,595245448,175050010,770295458
6,3000000,590028610,174817153,764845763
6,3000000,607295557,174595960,781891517
6,3000000,605113967,174664552,779778519
6,3000000,562319932,174658181,736978113
6,3000000,623877670,175604552,799482222
6,3000000,604753493,175076756,779830249
6,3000000,604000290,174958018,778958308
6,3000000,585863109,174480096,760343205
6,3000000,603645999,174551296,778197295
6,3000000,576633670,175098202,751731872
6,3000000,587953960,175674323,763628283
6,3000000,611897029,174844641,786741670
6,3000000,613963835,174549203,788513038
6,3000000,622263828,174832983,797096811
6,3000000,614287868,174582880,788870748
6,3000000,576993923,175067755,752061678
6,3000000,802125495,174931404,977056899
6,3000000,637696226,174471818,812168044
6,3000000,577679417,174587885,752267302
6,3000000,584849648,174763253,759612901
6,3000000,590196477,174620048,764816525
6,3000000,572056548,174749653,746806201
6,3000000,576680170,175060779,751740949
6,3000000,635435578,174897264,810332842
6,3000000,578702983,174420800,753123783
6,3000000,589589887,174491686,764081573
6,3000000,592088368,174496016,766584384
6,3000000,584462214,175303300,759765514
6,3000000,600456445,175046931,775503376
6,3000000,581466859,174909245,756376104
6,3000000,601197776,174490380,775688156
6,3000000,568300896,174888297,743189193
6,3000000,631100732,174382237,805482969
6,3000000,609144473,174504732,783649205
6,3000000,623792787,174847264,798640051
6,3000000,606110145,174895864,781006009
6,3000000,581095030,174861543,755956573
6,3000000,597410498,174959539,772370037
6,3000000,595810298,175041852,770852150
6,3000000,583194344,175042055,758236399
6,3000000,622005724,174411889,796417613
6,3000000,601472048,174490375,775962423
6,3000000,582472105,174971912,757444017
6,3000000,602812732,174451404,777264136
6,3000000,594568640,175150297,769718937
6,3000000,582649091,174656062,757305153
6,3000000,599623054,174873911,774496965
6,3000000,608228346,174512107,782740453
6,3000000,576262682,174403303,750665985
6,3000000,579155916,175021666,754177582
6,3000000,809702759,175221225,984923984
6,3000000,577228552,175668107,752896659
6,3000000,611229272,174770441,785999713
6,3000000,576845141,175121861,751967002
6,3000000,582608569,175547476,758156045
6,3000000,591538316,174713422,766251738
6,3000000,587087949,174812550,761900499
6,3000000,593262977,175005265,768268242
6,3000000,609807008,173988871,783795879
6,3000000,563739840,174529252,738269092
6,3000000,620239430,174679911,794919341
6,3000000,613510758,174446309,787957067
6,3000000,604334119,174905256,779239375
6,3000000,586848781,174879711,761728492
6,3000000,610105503,174872853,784978356
6,3000000,564239144,174756412,738995556
6,3000000,625340896,174856011,800196907
6,3000000,612989013,174791082,787780095
6,3000000,606599261,174958376,781557637
6,3000000,579555210,174909954,754465164
6,3000000,679568198,174929801,854497999
6,3000000,574506046,174851208,749357254
6,3000000,578404694,175019794,753424488
6,3000000,589763260,174856683,764619943
6,3000000,585032047,174958571,759990618
6,3000000,589605326,175035007,764640333
6,3000000,604869154,174999517,779868671
6,3000000,589520768,176100538,765621306
6,3000000,572792612,174781142,747573754
6,3000000,602121596,175187634,777309230
6,3000000,571622823,174841896,746464719
6,3000000,652384283,174587472,826971755
6,3000000,589960685,174461131,764421816
6,3000000,573343740,174751398,748095138
6,3000000,584007334,174870302,758877636
6,3000000,582309905,174843644,757153549
6,3000000,587667703,174300074,761967777
6,3000000,621197670,174925519,796123189
6,3000000,556303661,174498852,730802513
6,3000000,611401767,174626166,786027933
6,3000000,564814899,174895507,739710406
6,3000000,566696182,174530963,741227145
6,3000000,579122971,174459820,753582791
6,3000000,569426350,174429866,743856216
6,3000000,582778371,174567732,757346103
6,3000000,593153253,174499044,767652297
6,3000000,598368594,174980973,773349567
6,3000000,612647752,174519458,787167210
6,3000000,595980203,174786013,770766216
6,3000000,584272953,175509671,759782624
6,3000000,602680874,174967191,777648065
6,4000000,773638738,233049695,1006688433
6,4000000,903868173,232762927,1136631100
6,4000000,805023530,232106137,1037129667
6,4000000,808392312,232711138,1041103450
6,4000000,734767038,232023408,966790446
6,4000000,767904204,232729723,1000633927
6,4000000,891584215,232864438,1124448653
6,4000000,870736444,233457182,1104193626
6,4000000,765589787,232646506,998236293
6,4000000,806465182,232161099,1038626281
6,4000000,789712165,232899692,1022611857
6,4000000,849861357,232777273,1082638630
6,4000000,988396619,232735716,1221132335
6,4000000,767436002,232782058,1000218060
6,4000000,765765039,232974271,998739310
6,4000000,773864790,232813557,1006678347
6,4000000,814485821,231957818,1046443639
6,4000000,754256891,232188737,986445628
6,4000000,996023520,231601518,1227625038
6,4000000,914741703,232120682,1146862385
6,4000000,1007413026,232050265,1239463291
6,4000000,926689685,232679300,1159368985
6,4000000,807908278,232654989,1040563267
6,4000000,989856484,232567574,1222424058
6,4000000,817257777,232191614,1049449391
6,4000000,742010339,232746872,974757211
6,4000000,856969245,232647351,1089616596
6,4000000,774576932,232045346,1006622278
6,4000000,769557603,232074009,1001631612
6,4000000,862360633,232722922,1095083555
6,4000000,901704132,232722533,1134426665
6,4000000,778641940,232692635,1011334575
6,4000000,788203749,232151456,1020355205
6,4000000,778220492,232186293,1010406785
6,4000000,909344488,232758887,1142103375
6,4000000,778412491,232800285,1011212776
6,4000000,794193399,232558209,1026751608
6,4000000,771959549,232229019,1004188568
6,4000000,762329585,232148517,994478102
6,4000000,1024932747,232693386,1257626133
6,4000000,943903743,232974263,1176878006
6,4000000,914990784,232791444,1147782228
6,4000000,796560305,232680690,1029240995
6,4000000,767500694,232030530,999531224
6,4000000,954924746,232830832,1187755578
6,4000000,753679959,231984528,985664487
6,4000000,857746385,232024628,1089771013
6,4000000,1026421068,232676176,1259097244
6,4000000,910460777,232889808,1143350585
6,4000000,792010158,231870646,1023880804
6,4000000,996311505,231996434,1228307939
6,4000000,962346964,232797755,1195144719
6,4000000,833484677,232761108,1066245785
6,4000000,794117039,232749315,1026866354
6,4000000,872971947,233125236,1106097183
6,4000000,793418916,231949440,1025368356
6,4000000,781807283,232594232,1014401515
6,4000000,769969598,232222416,1002192014
6,4000000,793985760,232122584,1026108344
6,4000000,995821819,232818168,1228639987
6,4000000,796875207,233366738,1030241945
6,4000000,832437080,232778143,1065215223
6,4000000,794035686,232200590,1026236276
6,4000000,851318685,232883051,1084201736
6,4000000,747897675,232666442,980564117
6,4000000,784352017,232778151,1017130168
6,4000000,751915104,232864110,984779214
6,4000000,812482608,232978822,1045461430
6,4000000,886505944,232094412,1118600356
6,4000000,874323712,232433508,1106757220
6,4000000,776119913,232687928,1008807841
6,4000000,802777650,232886206,1035663856
6,4000000,891679640,232609344,1124288984
6,4000000,794368868,232922048,1027290916
6,4000000,740786377,232755827,973542204
6,4000000,1004772551,232241712,1237014263
6,4000000,791718633,234865031,1026583664
6,4000000,979727268,232668128,1212395396
6,4000000,773159954,232666385,1005826339
6,4000000,1159762249,232687029,1392449278
6,4000000,950713720,232800523,1183514243
6,4000000,885889444,232602033,1118491477
6,4000000,889208621,232797337,1122005958
6,4000000,924182858,232760456,1156943314
6,4000000,903734327,232740260,1136474587
6,4000000,938418764,232729739,1171148503
6,4000000,793527602,233194989,1026722591
6,4000000,781031886,232656272,1013688158
6,4000000,875113129,232747929,1107861058
6,4000000,796563367,233260430,1029823797
6,4000000,809724513,232644528,1042369041
6,4000000,758835379,232629608,991464987
6,4000000,794374730,232825211,1027199941
6,4000000,799242795,232677786,1031920581
6,4000000,799794859,232646146,1032441005
6,4000000,848648549,232630267,1081278816
6,4000000,792416252,232776163,1025192415
6,4000000,765641535,231952406,997593941
6,4000000,783708491,232991646,1016700137
6,4000000,811999784,232550875,1044550659
6,4000000,786378319,232646394,1019024713
6,4000000,822446067,232591271,1055037338
6,4000000,800197243,232620200,1032817443
6,4000000,898201797,232038232,1130240029
6,4000000,811913467,232663899,1044577366
6,4000000,781819617,233006867,1014826484
6,4000000,775447101,232718470,1008165571
6,4000000,790155260,232747416,1022902676
6,4000000,826185198,232235956,1058421154
6,4000000,778972161,232783680,1011755841
6,4000000,786557410,231909087,1018466497
6,4000000,815321746,232602072,1047923818
6,4000000,850833309,232768108,1083601417
6,4000000,743727899,232668929,976396828
6,4000000,793859936,232719999,1026579935
6,5000000,1146925427,290671608,1437597035
6,5000000,1023688383,290548574,1314236957
6,5000000,987404009,290800946,1278204955
6,5000000,1139682740,290827946,1430510686
6,5000000,1027558712,291430655,1318989367
6,5000000,1020826167,290678246,1311504413
6,5000000,1018419916,290754774,1309174690
6,5000000,1059711066,290765066,1350476132
6,5000000,1064896139,290544915,1355441054
6,5000000,1037497336,290548398,1328045734
6,5000000,1057421137,290542971,1347964108
6,5000000,956584146,290635088,1247219234
6,5000000,1332204206,291046749,1623250955
6,5000000,1002381049,290701855,1293082904
6,5000000,1055415572,290636408,1346051980
6,5000000,1044228770,290725536,1334954306
6,5000000,965273206,290736174,1256009380
6,5000000,1018962258,290689329,1309651587
6,5000000,1033939209,290669400,1324608609
6,5000000,1029206537,290920283,1320126820
6,5000000,1223220345,290830737,1514051082
6,5000000,1134491258,290959987,1425451245
6,5000000,1007872821,290637252,1298510073
6,5000000,955237241,291829265,1247066506
6,5000000,1068283766,290691414,1358975180
6,5000000,953419891,291210170,1244630061
6,5000000,1015118390,290740419,1305858809
6,5000000,1017047976,290851843,1307899819
6,5000000,1001616442,290826132,1292442574
6,5000000,1067123771,290644513,1357768284
6,5000000,1075341377,290627627,1365969004
6,5000000,1183304541,290787345,1474091886
6,5000000,1191296440,291086442,1482382882
6,5000000,1100130670,290512431,1390643101
6,5000000,1270303016,290926454,1561229470
6,5000000,1022663276,290702128,1313365404
6,5000000,1017844254,290561625,1308405879
6,5000000,1030150963,290877639,1321028602
6,5000000,1058571096,291321239,1349892335
6,5000000,1051704064,290796037,1342500101
6,5000000,1044130459,290740048,1334870507
6,5000000,985703595,290925788,1276629383
6,5000000,1033242782,292159057,1325401839
6,5000000,1130121497,290803304,1420924801
6,5000000,969781584,290793362,1260574946
6,5000000,1076575683,290831295,1367406978
6,5000000,1071790770,290697624,1362488394
6,5000000,1214959640,290802964,1505762604
6,5000000,959234963,290838239,1250073202
6,5000000,1001927694,290739912,1292667606
6,5000000,974430832,290771179,1265202011
6,5000000,1050492316,290588027,1341080343
6,5000000,1089691975,290732965,1380424940
6,5000000,1276961636,290779465,1567741101
6,5000000,1162763724,291013775,1453777499
6,5000000,1096264022,290702493,1386966515
6,5000000,999883775,290815606,1290699381
6,5000000,1186017300,291234355,1477251655
6,5000000,981205733,290525251,1271730984
6,5000000,1062759812,290890687,1353650499
6,5000000,1190007436,291233401,1481240837
6,5000000,1027726849,290773441,1318500290
6,5000000,1047131056,290666166,1337797222
6,5000000,973864271,290683059,1264547330
6,5000000,1150288051,291044160,1441332211
6,5000000,1008237958,290931647,1299169605
6,5000000,974478229,290763846,1265242075
6,5000000,1053447136,291286323,1344733459
6,5000000,1046583324,290715851,1337299175
6,5000000,1062676262,290657232,1353333494
6,5000000,1001138705,290585252,1291723957
6,5000000,974959136,290754914,1265714050
6,5000000,1116163625,290556220,1406719845
6,5000000,1026692808,290729561,1317422369
6,5000000,1081576881,291759870,1373336751
6,5000000,1046970172,290640591,1337610763
6,5000000,1110213344,290191029,1400404373
6,5000000,1193944419,290829180,1484773599
6,5000000,1036440565,290900955,1327341520
6,5000000,1042328140,290665911,1332994051
6,5000000,1008032500,291021799,1299054299
6,5000000,1136357663,290506931,1426864594
6,5000000,1126354149,291019176,1417373325
6,5000000,1058036447,290832351,1348868798
6,5000000,1007515179,290544419,1298059598
6,5000000,979955046,290634816,1270589862
6,5000000,1007817292,290804450,1298621742
6,5000000,1027109914,290778447,1317888361
6,5000000,1019552862,290983314,1310536176
6,5000000,972486806,290568744,1263055550
6,5000000,1035059528,291037941,1326097469
6,5000000,1085336020,290734026,1376070046
6,5000000,1015494690,290720640,1306215330
6,5000000,976312389,291026958,1267339347
6,5000000,1131203544,290944697,1422148241
6,5000000,1024570805,290764215,1315335020
6,5000000,1053142259,290873303,1344015562
6,5000000,966734847,290784707,1257519554
6,5000000,968289716,290803549,1259093265
6,5000000,999954257,290957880,1290912137
6,5000000,1161338499,290912573,1452251072
6,5000000,1062314003,290480667,1352794670
6,5000000,1044269759,290527053,1334796812
6,5000000,1033964054,291310154,1325274208
6,5000000,1046708115,290704611,1337412726
6,5000000,1140668892,290905833,1431574725
6,5000000,1032989541,290989515,1323979056
6,5000000,1033741921,290871786,1324613707
6,5000000,1139637816,290752793,1430390609
6,5000000,1049429958,290585047,1340015005
6,5000000,1241265285,291205296,1532470581
6,5000000,1095544379,290757292,1386301671
6,5000000,1044212994,290998765,1335211759
6,5000000,1002123507,290852242,1292975749
6,5000000,1058510211,291033848,1349544059
6,6000000,1180168553,348495498,1528664051
6,6000000,1368026237,348976252,1717002489
6,6000000,1246261842,348580121,1594841963
6,6000000,1140047970,348987624,1489035594
6,6000000,1209631856,349036235,1558668091
6,6000000,1231562601,348421111,1579983712
6,6000000,1174279941,348011775,1522291716
6,6000000,1224816777,348675776,1573492553
6,6000000,1268591154,348252312,1616843466
6,6000000,1204129806,348330403,1552460209
6,6000000,1466915883,348928827,1815844710
6,6000000,1133189770,348267497,1481457267
6,6000000,1401526841,350764274,1752291115
6,6000000,1132735933,348657249,1481393182
6,6000000,1142928975,348567702,1491496677
6,6000000,1270844516,348206892,1619051408
6,6000000,1224001511,348907303,1572908814
6,6000000,1276460266,348238933,1624699199
6,6000000,1361106345,348856085,1709962430
6,6000000,1165178194,348839647,1514017841
6,6000000,1160048360,348836522,1508884882
6,6000000,1172896474,348371299,1521267773
6,6000000,1184699142,348455849,1533154991
6,6000000,1413590625,349072081,1762662706
6,6000000,1131939383,348256030,1480195413
6,6000000,1189697594,348393362,1538090956
6,6000000,1224486166,349003603,1573489769
6,6000000,1172696662,348610616,1521307278
6,6000000,1225273257,348509591,1573782848
6,6000000,1173137050,348632607,1521769657
6,6000000,1229520089,348658572,1578178661
6,6000000,1316916484,348177361,1665093845
6,6000000,1377133787,348468433,1725602220
6,6000000,1188520362,348579410,1537099772
6,6000000,1285587745,349057990,1634645735
6,6000000,1351553551,349089551,1700643102
6,6000000,1122579771,348321767,1470901538
6,6000000,1133517298,348341257,1481858555
6,6000000,1170557754,348328307,1518886061
6,6000000,1256446018,348878559,1605324577
6,6000000,1295522023,349001168,1644523191
6,6000000,1175967514,348247361,1524214875
6,6000000,1216889823,350375173,1567264996
6,6000000,1164170568,348958328,1513128896
6,6000000,1229884511,349805440,1579689951
6,6000000,1160735867,348582024,1509317891
6,6000000,1353859695,348670483,1702530178
6,6000000,1318889925,348528269,1667418194
6,6000000,1224304884,348788473,1573093357
6,6000000,1339124861,348158473,1687283334
6,6000000,1294872632,348249530,1643122162
6,6000000,1162285121,348852457,1511137578
6,6000000,1184051054,348453174,1532504228
6,6000000,1126644252,348601426,1475245678
6,6000000,1183972011,349138200,1533110211
6,6000000,1230513199,348838988,1579352187
6,6000000,1216315133,348958679,1565273812
6,6000000,1156287319,351180355,1507467674
6,6000000,1333797186,348576156,1682373342
6,6000000,1126245565,348239300,1474484865
6,6000000,1175729070,348580046,1524309116
6,6000000,1168652183,351591051,1520243234
6,6000000,1135930838,348319474,1484250312
6,6000000,1169098874,348798742,1517897616
6,6000000,1186720102,348732228,1535452330
6,6000000,1320357811,348450119,1668807930
6,6000000,1177524064,348518902,1526042966
6,6000000,1223681088,348780963,1572462051
6,6000000,1236324236,348991977,1585316213
6,6000000,1399581665,349516942,1749098607
6,6000000,1173513621,348764294,1522277915
6,6000000,1375098376,348717811,1723816187
6,6000000,1379330292,349088030,1728418322
6,6000000,1195990270,348722410,1544712680
6,6000000,1219973983,348745566,1568719549
6,6000000,1270302189,349257182,1619559371
6,6000000,1186035471,348438187,1534473658
6,6000000,1196442312,350117053,1546559365
6,6000000,1161938356,348788102,1510726458
6,6000000,1163336885,348291319,1511628204
6,6000000,1129323467,348309228,1477632695
6,6000000,1172021275,349161552,1521182827
6,6000000,1291476859,348731179,1640208038
6,6000000,1207520932,349882725,1557403657
6,6000000,1297661669,348237332,1645899001
6,6000000,1356167720,348375286,1704543006
6,6000000,1313438912,348433278,1661872190
6,6000000,1236308332,348318266,1584626598
6,6000000,1243033065,348294343,1591327408
6,6000000,1337447870,348670004,1686117874
6,6000000,1221409849,348634957,1570044806
6,6000000,1199141487,348878437,1548019924
6,6000000,1428636017,348671186,1777307203
6,6000000,1223757356,350433996,1574191352
6,6000000,1161099031,348143826,1509242857
6,6000000,1162093581,349046470,1511140051
6,6000000,1320191192,348692748,1668883940
6,6000000,1211410382,348663989,1560074371
6,6000000,1173648726,348740888,1522389614
6,6000000,1385699518,348634711,1734334229
6,6000000,1208000105,348875141,1556875246
6,6000000,1218449833,348962789,1567412622
6,6000000,1185481021,348591676,1534072697
6,6000000,1415958191,348757462,1764715653
6,6000000,1222257976,348905300,1571163276
6,6000000,1334754360,348178905,1682933265
6,6000000,1328919817,348403835,1677323652
6,6000000,1346500857,348600936,1695101793
6,6000000,1187120794,348418294,1535539088
6,6000000,1265882471,348149429,1614031900
6,6000000,1495425230,348581729,1844006959
6,6000000,1156300188,349486768,1505786956
6,6000000,1167469144,349189428,1516658572
6,6000000,1375683207,348245707,1723928914
6,6000000,1183118429,348521358,1531639787
6,7000000,1346043582,407160307,1753203889
6,7000000,1315436407,407429282,1722865689
6,7000000,1328906053,407171908,1736077961
6,7000000,1333412133,407174190,1740586323
6,7000000,1345076527,406236853,1751313380
6,7000000,1299762345,407180314,1706942659
6,7000000,1355292832,407029130,1762321962
6,7000000,1420566203,407008899,1827575102
6,7000000,1343140054,407143627,1750283681
6,7000000,1393681998,406989820,1800671818
6,7000000,1390290026,407305158,1797595184
6,7000000,1534556946,406871948,1941428894
6,7000000,1430649524,406977739,1837627263
6,7000000,1342229519,406728089,1748957608
6,7000000,1300352007,407507855,1707859862
6,7000000,1418633926,407097265,1825731191
6,7000000,1402350033,406585789,1808935822
6,7000000,1396619523,408339286,1804958809
6,7000000,1312157585,406792397,1718949982
6,7000000,1333950758,407001154,1740951912
6,7000000,1366819474,406499465,1773318939
6,7000000,1332511045,408654518,1741165563
6,7000000,1345530448,406868744,1752399192
6,7000000,1484777482,406953255,1891730737
6,7000000,1343778634,407078696,1750857330
6,7000000,1521099741,407386437,1928486178
6,7000000,1374620484,408202088,1782822572
6,7000000,1586082684,407069949,1993152633
6,7000000,1329228716,406805221,1736033937
6,7000000,1426457061,406791915,1833248976
6,7000000,1362185834,406937172,1769123006
6,7000000,1393750446,406963054,1800713500
6,7000000,1330739055,407650423,1738389478
6,7000000,1317377603,406772725,1724150328
6,7000000,1307553474,407157387,1714710861
6,7000000,1395427045,406575802,1802002847
6,7000000,1351294322,408034942,1759329264
6,7000000,1312666459,407561572,1720228031
6,7000000,1533452014,407105328,1940557342
6,7000000,1269786783,406235613,1676022396
6,7000000,1344810888,406271736,1751082624
6,7000000,1401827552,407585385,1809412937
6,7000000,1394415727,406403351,1800819078
6,7000000,1437622829,407952667,1845575496
6,7000000,1417271043,406514417,1823785460
6,7000000,1377327995,407678067,1785006062
6,7000000,1331411549,406758088,1738169637
6,7000000,1383782015,407433626,1791215641
6,7000000,1336923656,407186586,1744110242
6,7000000,1363489865,407022969,1770512834
6,7000000,1505700540,406861898,1912562438
6,7000000,1328159630,406464828,1734624458
6,7000000,1339252571,406975926,1746228497
6,7000000,1383298512,406722559,1790021071
6,7000000,1362901111,407088995,1769990106
6,7000000,1428210064,406875979,1835086043
6,7000000,1279832349,406761764,1686594113
6,7000000,1420223711,407454132,1827677843
6,7000000,1314282567,406942965,1721225532
6,7000000,1372146596,406357884,1778504480
6,7000000,1467339429,406717665,1874057094
6,7000000,1324356900,407159772,1731516672
6,7000000,1323945305,406908390,1730853695
6,7000000,1385828368,407043527,1792871895
6,7000000,1416263804,406942096,1823205900
6,7000000,1295829173,407127517,1702956690
6,7000000,1317019922,406694221,1723714143
6,7000000,1403033117,406990306,1810023423
6,7000000,1385185083,406885274,1792070357
6,7000000,1323630573,407067183,1730697756
6,7000000,1362784779,407055940,1769840719
6,7000000,1303633716,408619082,1712252798
6,7000000,1335226073,406418218,1741644291
6,7000000,1314745500,406826273,1721571773
6,7000000,1350821909,406945905,1757767814
6,7000000,1350166355,406579781,1756746136
6,7000000,1369233669,407078322,1776311991
6,7000000,1308938611,406998722,1715937333
6,7000000,1417558493,407256332,1824814825
6,7000000,1311725499,406196121,1717921620
6,7000000,1424898546,406950413,1831848959
6,7000000,1333192449,406275038,1739467487
6,7000000,1462309945,408172136,1870482081
6,7000000,1288941149,407103989,1696045138
6,7000000,1422058695,407349223,1829407918
6,7000000,1323220633,407087384,1730308017
6,7000000,1433652798,406964605,1840617403
6,7000000,1342949124,407006064,1749955188
6,7000000,1372999408,406596807,1779596215
6,7000000,1501735053,408021860,1909756913
6,7000000,1297145891,407177154,1704323045
6,7000000,1358558139,406934358,1765492497
6,7000000,1359365064,406608002,1765973066
6,7000000,1463796382,406967856,1870764238
6,7000000,1748534275,407557066,2156091341
6,7000000,1376239049,406728519,1782967568
6,7000000,1336149215,406225848,1742375063
6,7000000,1408202764,407102982,1815305746
6,7000000,1387541550,406579003,1794120553
6,7000000,1451840874,406240328,1858081202
6,7000000,1576129759,407730446,1983860205
6,7000000,1424501631,407061359,1831562990
6,7000000,1407262650,406377228,1813639878
6,7000000,1390815041,407673288,1798488329
6,7000000,1358176195,406652834,1764829029
6,7000000,1558640622,407156001,1965796623
6,7000000,1351512210,407081108,1758593318
6,7000000,1509272250,407115338,1916387588
6,7000000,1488100404,406381642,1894482046
6,7000000,1357824280,407255123,1765079403
6,7000000,1333463949,406969899,1740433848
6,7000000,1382887824,406545444,1789433268
6,7000000,1335465375,407097639,1742563014
6,7000000,1412819368,407384812,1820204180
6,7000000,1358278438,406722951,1765001389
6,8000000,1517251367,464448481,1981699848
6,8000000,1731805029,464141645,2195946674
6,8000000,1620340947,464808804,2085149751
6,8000000,1623925302,464470309,2088395611
6,8000000,1555323196,464798576,2020121772
6,8000000,1551017117,464454646,2015471763
6,8000000,1642467759,464810973,2107278732
6,8000000,1569806886,464116039,2033922925
6,8000000,1605094703,463967664,2069062367
6,8000000,1557978767,464171893,2022150660
6,8000000,1703015152,466961271,2169976423
6,8000000,1611329484,464723337,2076052821
6,8000000,1675894442,463959025,2139853467
6,8000000,1569322726,464080885,2033403611
6,8000000,1650050634,464536977,2114587611
6,8000000,1586176939,464240545,2050417484
6,8000000,1779521059,464941549,2244462608
6,8000000,1713683582,464242132,2177925714
6,8000000,1599620267,464106554,2063726821
6,8000000,1558487738,464745142,2023232880
6,8000000,1546498836,464120712,2010619548
6,8000000,1544237179,464892241,2009129420
6,8000000,1507252079,464633140,1971885219
6,8000000,1763015714,464939676,2227955390
6,8000000,1760634705,467798366,2228433071
6,8000000,1480509719,464284161,1944793880
6,8000000,1632945722,464093919,2097039641
6,8000000,1519530301,465035555,1984565856
6,8000000,1649292052,466141964,2115434016
6,8000000,1530244488,464379481,1994623969
6,8000000,1746512698,464353134,2210865832
6,8000000,1577167892,464288584,2041456476
6,8000000,1581926638,464045438,2045972076
6,8000000,1776333451,464516506,2240849957
6,8000000,1651282035,463594859,2114876894
6,8000000,1709881388,464458217,2174339605
6,8000000,1548004584,466378818,2014383402
6,8000000,1572352538,464111143,2036463681
6,8000000,1569197014,464222560,2033419574
6,8000000,1841875770,464524287,2306400057
6,8000000,1505826491,464516772,1970343263
6,8000000,1743282041,464950875,2208232916
6,8000000,1765695108,464360950,2230056058
6,8000000,1618965148,464272313,2083237461
6,8000000,1549480092,464681580,2014161672
6,8000000,1842345280,464747281,2307092561
6,8000000,1544500242,464235636,2008735878
6,8000000,1619571173,464232274,2083803447
6,8000000,1610256662,464059148,2074315810
6,8000000,1784961438,464003432,2248964870
6,8000000,1569643497,464301465,2033944962
6,8000000,1542516651,464030620,2006547271
6,8000000,1589265403,465169290,2054434693
6,8000000,1505181287,464091860,1969273147
6,8000000,1706541957,464288926,2170830883
6,8000000,1678751709,464539860,2143291569
6,8000000,1560507885,464241864,2024749749
6,8000000,1574752772,464370523,2039123295
6,8000000,1485271093,463957172,1949228265
6,8000000,1542929926,463960425,2006890351
6,8000000,1475125496,464475906,1939601402
6,8000000,1643626456,464919870,2108546326
6,8000000,1597066418,464369281,2061435699
6,8000000,1591068522,464667105,2055735627
6,8000000,1471019370,464646944,1935666314
6,8000000,1522415275,465188992,1987604267
6,8000000,1590205123,464013133,2054218256
6,8000000,1553368189,464607294,2017975483
6,8000000,1553399710,464204128,2017603838
6,8000000,1573739018,464174262,2037913280
6,8000000,1528458543,464431476,1992890019
6,8000000,1765311830,464732999,2230044829
6,8000000,1632145503,464059703,2096205206
6,8000000,1562971809,464597461,2027569270
6,8000000,1639953539,464553330,2104506869
6,8000000,1499993191,465160429,1965153620
6,8000000,1559601286,464449023,2024050309
6,8000000,1775124847,464278246,2239403093
6,8000000,1476986178,464343587,1941329765
6,8000000,1534031515,464190982,1998222497
6,8000000,1493644419,464395447,1958039866
6,8000000,1502291943,463905188,1966197131
6,8000000,1536252477,465686244,2001938721
6,8000000,1458242947,464835588,1923078535
6,8000000,1745933651,464330593,2210264244
6,8000000,1769196552,464374242,2233570794
6,8000000,1704439266,464768841,2169208107
6,8000000,1667013411,463876928,2130890339
6,8000000,1623648165,464376899,2088025064
6,8000000,1592584406,464550596,2057135002
6,8000000,1605003986,464238220,2069242206
6,8000000,1516076908,464013676,1980090584
6,8000000,1518952353,464109577,1983061930
6,8000000,1528020363,464302042,1992322405
6,8000000,1623001672,463966987,2086968659
6,8000000,1731448585,464253884,2195702469
6,8000000,1505620069,464730128,1970350197
6,8000000,1554717913,464603165,2019321078
6,8000000,1572238277,464125602,2036363879
6,8000000,1557740886,464291829,2022032715
6,8000000,1586766550,464301104,2051067654
6,8000000,1564936152,463289972,2028226124
6,8000000,1575390151,464420786,2039810937
6,8000000,1471769137,464401969,1936171106
6,8000000,1487486818,464938157,1952424975
6,8000000,1528361670,464495225,1992856895
6,8000000,1526768843,464009811,1990778654
6,8000000,1585678481,465075672,2050754153
6,8000000,1728834929,464922248,2193757177
6,8000000,1594611562,464174516,2058786078
6,8000000,1478072747,463960953,1942033700
6,8000000,1547022411,464185636,2011208047
6,8000000,1583063845,464120698,2047184543
6,8000000,1619320255,464474100,2083794355
6,8000000,1766172881,464193259,2230366140
6,9000000,1833810335,523490735,2357301070
6,9000000,1881057659,522959569,2404017228
6,9000000,1801109726,522431004,2323540730
6,9000000,1756451139,523099093,2279550232
6,9000000,1798517214,522891529,2321408743
6,9000000,1912869538,522472149,2435341687
6,9000000,1850566294,522280893,2372847187
6,9000000,1766306675,522727793,2289034468
6,9000000,1761209313,523076174,2284285487
6,9000000,1863052107,522868925,2385921032
6,9000000,1948378658,522793979,2471172637
6,9000000,1733593248,522341658,2255934906
6,9000000,1811117401,522208222,2333325623
6,9000000,1952405974,522037975,2474443949
6,9000000,1820634408,522420451,2343054859
6,9000000,1745569935,522622424,2268192359
6,9000000,1943916313,734516338,2678432651
6,9000000,1978274422,523182221,2501456643
6,9000000,1771825581,522614118,2294439699
6,9000000,1808921195,522367304,2331288499
6,9000000,2013493846,522444359,2535938205
6,9000000,1812358338,522293056,2334651394
6,9000000,1891867489,522257323,2414124812
6,9000000,1874805295,522615228,2397420523
6,9000000,1795377527,522342595,2317720122
6,9000000,1730625718,522620891,2253246609
6,9000000,1833157407,523379324,2356536731
6,9000000,1805292454,523030602,2328323056
6,9000000,1849946858,522475731,2372422589
6,9000000,1900766521,522739050,2423505571
6,9000000,1830283560,522388660,2352672220
6,9000000,1998753247,523072879,2521826126
6,9000000,1780962221,522933478,2303895699
6,9000000,1697134002,522540305,2219674307
6,9000000,1743449346,522561445,2266010791
6,9000000,2088447430,522478794,2610926224
6,9000000,1976374449,522225063,2498599512
6,9000000,1905451684,521126120,2426577804
6,9000000,1787227983,521748459,2308976442
6,9000000,1732362154,522260655,2254622809
6,9000000,1808040924,523398694,2331439618
6,9000000,1972741482,522312138,2495053620
6,9000000,1976731960,523188532,2499920492
6,9000000,1711312357,522268238,2233580595
6,9000000,1835436199,522536144,2357972343
6,9000000,1849756846,523016146,2372772992
6,9000000,1902297007,522806506,2425103513
6,9000000,1872484120,523761928,2396246048
6,9000000,1873103052,522451073,2395554125
6,9000000,1882610941,522144200,2404755141
6,9000000,1869313760,522462826,2391776586
6,9000000,1714708769,522973303,2237682072
6,9000000,1904323157,522496025,2426819182
6,9000000,1941677398,522614393,2464291791
6,9000000,1847294784,522288247,2369583031
6,9000000,1795326253,523044487,2318370740
6,9000000,1931214357,523022340,2454236697
6,9000000,1722435780,522308277,2244744057
6,9000000,1718993219,522367769,2241360988
6,9000000,1766361426,522860724,2289222150
6,9000000,1728538651,523101362,2251640013
6,9000000,1747389483,522772464,2270161947
6,9000000,1763743813,523530056,2287273869
6,9000000,1805333533,522361259,2327694792
6,9000000,1832367055,522625013,2354992068
6,9000000,1781536419,522693216,2304229635
6,9000000,1980638102,523347784,2503985886
6,9000000,1810138091,522667754,2332805845
6,9000000,1795174088,522541370,2317715458
6,9000000,1776317349,522373678,2298691027
6,9000000,1718143251,522462949,2240606200
6,9000000,1832025797,522404534,2354430331
6,9000000,1827435081,522589771,2350024852
6,9000000,1858345444,523107576,2381453020
6,9000000,1797637724,523501412,2321139136
6,9000000,1720091865,525565849,2245657714
6,9000000,1865590896,522533453,2388124349
6,9000000,1904572435,522684442,2427256877
6,9000000,1734760563,522779835,2257540398
6,9000000,1863492322,522635567,2386127889
6,9000000,1733010678,522281518,2255292196
6,9000000,1864427041,522289715,2386716756
6,9000000,1786665254,522537635,2309202889
6,9000000,1980378816,522511782,2502890598
6,9000000,1709525406,522150777,2231676183
6,9000000,1920182106,522883288,2443065394
6,9000000,1954850744,522399967,2477250711
6,9000000,1917091619,522416899,2439508518
6,9000000,1761917585,523208313,2285125898
6,9000000,1821254165,522352464,2343606629
6,9000000,1730186374,522844549,2253030923
6,9000000,1895766251,522424306,2418190557
6,9000000,1938984690,522359753,2461344443
6,9000000,1745893806,522336555,2268230361
6,9000000,1774528844,522716768,2297245612
6,9000000,1863778301,522615035,2386393336
6,9000000,1753228803,522113804,2275342607
6,9000000,1827022470,522743000,2349765470
6,9000000,1806906971,523673748,2330580719
6,9000000,1887163491,522269198,2409432689
6,9000000,1880899873,521925480,2402825353
6,9000000,1781936536,522236399,2304172935
6,9000000,1794282961,522258565,2316541526
6,9000000,1838362479,522477879,2360840358
6,9000000,1800630266,522671038,2323301304
6,9000000,1829822175,522131509,2351953684
6,9000000,1763742189,522415354,2286157543
6,9000000,1798766975,522181305,2320948280
6,9000000,1771163194,522449356,2293612550
6,9000000,1831581389,522541100,2354122489
6,9000000,1840668179,522734112,2363402291
6,9000000,1798896038,522567633,2321463671
6,9000000,1903687513,522260698,2425948211
6,9000000,1812908885,521888728,2334797613
6,9000000,1958064574,522370241,2480434815
6,10000000,2216215817,580238345,2796454162
6,10000000,2095606238,581174446,2676780684
6,10000000,1945113138,581290889,2526404027
6,10000000,2082415559,581365964,2663781523
6,10000000,1945065481,580672830,2525738311
6,10000000,2002901291,582470919,2585372210
6,10000000,1978883172,581281316,2560164488
6,10000000,1937978840,581338490,2519317330
6,10000000,2029131544,581508062,2610639606
6,10000000,2068882676,581164106,2650046782
6,10000000,1961046303,579891221,2540937524
6,10000000,2013909166,581247803,2595156969
6,10000000,2105326288,581208190,2686534478
6,10000000,2216103540,581487468,2797591008
6,10000000,2136397837,581294854,2717692691
6,10000000,1899989318,581284411,2481273729
6,10000000,2026789911,580942161,2607732072
6,10000000,1974032617,581074232,2555106849
6,10000000,2062127265,581124328,2643251593
6,10000000,2275165263,581118732,2856283995
6,10000000,2038697058,581081504,2619778562
6,10000000,1921941706,581381039,2503322745
6,10000000,2101932959,581947875,2683880834
6,10000000,2039230850,582016982,2621247832
6,10000000,2066276139,581554831,2647830970
6,10000000,2005749417,579320304,2585069721
6,10000000,2132656976,580545781,2713202757
6,10000000,2039636705,580090545,2619727250
6,10000000,2084277991,581399717,2665677708
6,10000000,1892013394,581223305,2473236699
6,10000000,1918143778,581168838,2499312616
6,10000000,2006133891,581301849,2587435740
6,10000000,1942004882,581172654,2523177536
6,10000000,2057193133,581251415,2638444548
6,10000000,1976486368,580401303,2556887671
6,10000000,1947101410,581070664,2528172074
6,10000000,2121368132,581180386,2702548518
6,10000000,1907619253,581321205,2488940458
6,10000000,1994307202,581011131,2575318333
6,10000000,1937907767,580018235,2517926002
6,10000000,1915136069,581321438,2496457507
6,10000000,2093667750,581155460,2674823210
6,10000000,2022487055,581087150,2603574205
6,10000000,2138951376,581748764,2720700140
6,10000000,2149559668,580626569,2730186237
6,10000000,1955854869,580375581,2536230450
6,10000000,1985271142,582150256,2567421398
6,10000000,1963942125,580212135,2544154260
6,10000000,1954960767,581263851,2536224618
6,10000000,2111125384,581356825,2692482209
6,10000000,1982540118,581304318,2563844436
6,10000000,1940773597,581047619,2521821216
6,10000000,1932779540,581155160,2513934700
6,10000000,1992751578,581218060,2573969638
6,10000000,2005267497,581239484,2586506981
6,10000000,1930234294,581373413,2511607707
6,10000000,2085099660,581413649,2666513309
6,10000000,2029821603,581226942,2611048545
6,10000000,1942255322,580990904,2523246226
6,10000000,2158564251,581445399,2740009650
6,10000000,2091668365,581019949,2672688314
6,10000000,1966435338,581508403,2547943741
6,10000000,2010861445,581045043,2591906488
6,10000000,1941816124,581349633,2523165757
6,10000000,2146471302,581128602,2727599904
6,10000000,2056417930,580507814,2636925744
6,10000000,2132248468,582110766,2714359234
6,10000000,2217671010,581778542,2799449552
6,10000000,2034684015,581220229,2615904244
6,10000000,2039571771,582249524,2621821295
6,10000000,2179169645,581126880,2760296525
6,10000000,2045187793,582174300,2627362093
6,10000000,2027172130,581247925,2608420055
6,10000000,1999715616,581131609,2580847225
6,10000000,1907510959,580524257,2488035216
6,10000000,1907683795,581280725,2488964520
6,10000000,2094085811,581119888,2675205699
6,10000000,2107124697,580599419,2687724116
6,10000000,1925932003,581147722,2507079725
6,10000000,2030626257,582023605,2612649862
6,10000000,2054398130,581348005,2635746135
6,10000000,2015751010,581515212,2597266222
6,10000000,1962984509,579672566,2542657075
6,10000000,2096000604,581195574,2677196178
6,10000000,2030061380,580679399,2610740779
6,10000000,2113112830,580765150,2693877980
6,10000000,2040620535,581730210,2622350745
6,10000000,2036812765,581264206,2618076971
6,10000000,2061094139,581295544,2642389683
6,10000000,2118448616,581455945,2699904561
6,10000000,2136878304,581427304,2718305608
6,10000000,1976940945,581250423,2558191368
6,10000000,2194237472,580776539,2775014011
6,10000000,2075381625,581384346,2656765971
6,10000000,2071444330,581305845,2652750175
6,10000000,2031145657,581480624,2612626281
6,10000000,1958738690,581180591,2539919281
6,10000000,1992284319,581303535,2573587854
6,10000000,2015538657,579984697,2595523354
6,10000000,2021082121,581231566,2602313687
6,10000000,2023855955,581599374,2605455329
6,10000000,1980494536,581287412,2561781948
6,10000000,2009920704,581247616,2591168320
6,10000000,2062817581,580407456,2643225037
6,10000000,2086288048,580987739,2667275787
6,10000000,2088413005,581197211,2669610216
6,10000000,1978410995,581138639,2559549634
6,10000000,2115618875,581389065,2697007940
6,10000000,2089515424,581247103,2670762527
6,10000000,2008724371,581404894,2590129265
6,10000000,2054936062,581129001,2636065063
6,10000000,2052375120,580798802,2633173922
6,10000000,1974408219,580449503,2554857722
6,10000000,2106584293,581241296,2687825589
6,10000000,1988989410,581237877,2570227287
6,10000000,2140670880,581391855,2722062735
6,10000000,2137706179,580699200,2718405379
6,10000000,2327875475,581368934,2909244409
6,10000000,1997873500,581102574,2578976074
6,10000000,2010068511,581033659,2591102170
6,10000000,2111425385,581340078,2692765463
6,10000000,2072071764,581478351,2653550115
6,10000000,2047743541,581396617,2629140158
6,10000000,1973568946,581344926,2554913872
6,10000000,2188502809,580528566,2769031375
6,10000000,2041947455,581872265,2623819720
6,10000000,2202878906,580468358,2783347264
6,10000000,2206444698,580102012,2786546710
6,10000000,1999259737,581056193,2580315930
6,10000000,2105853233,581022120,2686875353
6,10000000,1941824385,581015233,2522839618
6,10000000,1981181904,580230793,2561412697
6,10000000,1981216804,581592723,2562809527
6,10000000,2081617567,581148857,2662766424
6,10000000,2017367060,581100575,2598467635
6,10000000,2037574474,580584306,2618158780
6,10000000,2124272419,581219579,2705491998
6,10000000,2103157877,581239548,2684397425
6,10000000,2032945611,580341202,2613286813
6,10000000,2026019086,580717694,2606736780
6,10000000,2204033911,581230935,2785264846
6,10000000,2112615534,581591162,2694206696
6,10000000,2022130467,581137326,2603267793
6,10000000,2042426728,580708920,2623135648
6,10000000,1918649772,580616434,2499266206
6,10000000,2009113809,581883842,2590997651
6,10000000,2129976751,582109472,2712086223
6,10000000,2036442545,581199983,2617642528
6,10000000,1965136613,581072821,2546209434
6,10000000,2060683095,581128161,2641811256
6,10000000,2171906845,581296104,2753202949
6,10000000,2092981820,581609093,2674590913
6,10000000,1985254131,581202895,2566457026
6,10000000,2207519852,581113414,2788633266
6,10000000,2070140567,581311178,2651451745
6,10000000,1996825474,581197534,2578023008
6,10000000,2012806338,581080920,2593887258
6,10000000,2027050028,581032531,2608082559
6,10000000,2004678683,580644578,2585323261
6,10000000,1997312970,581100916,2578413886
6,10000000,2160040782,579901445,2739942227
6,10000000,1927198504,581431531,2508630035
6,10000000,2004434093,581066412,2585500505
6,10000000,2353211597,581197936,2934409533
6,10000000,2129301105,581313131,2710614236
6,10000000,1952090218,581145577,2533235795
6,10000000,1941252104,581408822,2522660926
6,10000000,2132252880,580487602,2712740482
6,10000000,2044650201,581196436,2625846637
6,10000000,2108063501,582846231,2690909732
6,10000000,2132256717,581137839,2713394556
6,10000000,2203677934,581379011,2785056945
6,10000000,1974849517,581010941,2555860458
6,10000000,1974499805,581356584,2555856389
6,10000000,2083157777,581421904,2664579681
6,10000000,2098340111,580515355,2678855466
6,10000000,2098911527,581188565,2680100092
6,10000000,1966012404,581202233,2547214637
6,10000000,2107708072,581854625,2689562697
6,10000000,1936125091,581390834,2517515925
6,10000000,2007328430,581393293,2588721723
6,10000000,2074998634,582016444,2657015078
6,10000000,2059231155,581367220,2640598375
6,10000000,2108379344,580284255,2688663599
6,10000000,1937134546,581343003,2518477549
6,10000000,2026858376,581242833,2608101209
6,10000000,2118544233,581109997,2699654230
6,10000000,2066973761,580240996,2647214757
6,10000000,2046921509,581662470,2628583979
6,10000000,2012360500,581572308,2593932808
6,10000000,1973795279,581236090,2555031369
6,10000000,1990277350,581163581,2571440931
6,10000000,1963203112,581281918,2544485030
6,10000000,2011278630,581513466,2592792096
6,10000000,2151627640,580562905,2732190545
6,10000000,2029212982,581059205,2610272187
6,10000000,2091560004,580487154,2672047158
6,10000000,2143492186,580615614,2724107800
6,10000000,2063484177,581028863,2644513040
6,10000000,1945717527,581624932,2527342459
6,10000000,2153637722,582012156,2735649878
6,10000000,2155298293,580294088,2735592381
6,10000000,2127959137,580396476,2708355613
6,10000000,2088482606,582187903,2670670509
6,10000000,1941547608,581330759,2522878367
6,10000000,2223667396,581774790,2805442186
6,10000000,2012267113,581415834,2593682947
6,10000000,1926476381,580065906,2506542287
6,10000000,2184253653,580361442,2764615095
6,10000000,2022438725,580090217,2602528942
6,10000000,1945247366,582989932,2528237298
6,10000000,2114943299,579949914,2694893213
6,10000000,2225067835,580644397,2805712232
6,10000000,2022605892,581235863,2603841755
6,10000000,1974511232,581368447,2555879679
6,10000000,2097253123,580156324,2677409447
6,10000000,2057566103,581709169,2639275272
6,10000000,2100866049,581281447,2682147496
6,10000000,1946084551,581506105,2527590656
6,10000000,2031399065,580429204,2611828269
6,10000000,2044119395,581054945,2625174340
6,10000000,2200682611,581431833,2782114444
6,10000000,2062940936,581152708,2644093644
6,10000000,1951435684,581262534,2532698218
6,10000000,2039683120,581007428,2620690548
6,10000000,2043701280,581270177,2624971457
6,10000000,1992783817,581264597,2574048414
6,10000000,2097187020,581254788,2678441808
6,10000000,1985064025,581411875,2566475900
6,10000000,2112388520,581247153,2693635673
6,20000000,4251735656,1160605844,5412341500
6,20000000,4132864430,1159964787,5292829217
6,20000000,4172007671,1161202923,5333210594
6,20000000,4008641073,1161189009,5169830082
6,20000000,3965779470,1160007927,5125787397
6,20000000,4179579664,1159460812,5339040476
6,20000000,4113722070,1159724513,5273446583
6,20000000,4006699259,1159403430,5166102689
6,20000000,4100372724,1159648324,5260021048
6,20000000,3811829387,1161140557,4972969944
6,20000000,4004640819,1159400221,5164041040
6,20000000,3729042324,1160208624,4889250948
6,20000000,4405601757,1160025963,5565627720
6,20000000,3916729170,1159462241,5076191411
6,20000000,4467807514,1159892135,5627699649
6,20000000,3921237322,1159909684,5081147006
6,20000000,4157265368,1159923732,5317189100
6,20000000,3888754941,1160486958,5049241899
6,20000000,4044368120,1159873290,5204241410
6,20000000,3996529074,1160083198,5156612272
6,20000000,3985780833,1160186282,5145967115
6,20000000,3972424849,1160418683,5132843532
6,20000000,3821110047,1159356497,4980466544
6,20000000,3839044339,1159645726,4998690065
6,20000000,4333569140,1159828083,5493397223
6,20000000,3965205207,1159813348,5125018555
6,20000000,4358001424,1163095095,5521096519
6,20000000,4014780347,1160630700,5175411047
6,20000000,4260119461,1161719467,5421838928
6,20000000,4272259073,1160246862,5432505935
6,20000000,3956357657,1159537518,5115895175
6,20000000,3754340075,1160423031,4914763106
6,20000000,3903615442,1161434276,5065049718
6,20000000,4002798969,1159867116,5162666085
6,20000000,3971741138,1159684537,5131425675
6,20000000,4010163253,1160076927,5170240180
6,20000000,4090694062,1159741317,5250435379
6,20000000,3816827108,1160473143,4977300251
6,20000000,4171588914,1160911132,5332500046
6,20000000,4050156890,1160167013,5210323903
6,20000000,4432097824,1160666672,5592764496
6,20000000,4417909253,1159860952,5577770205
6,20000000,4006146077,1159580243,5165726320
6,20000000,4109940875,1160374339,5270315214
6,20000000,4205194982,1161492180,5366687162
6,20000000,4025191925,1160608126,5185800051
6,20000000,4207120739,1159871889,5366992628
6,20000000,4114974556,1160083770,5275058326
6,20000000,4003292506,1159288004,5162580510
6,20000000,4290870042,1160202402,5451072444
6,20000000,4245221810,1160200729,5405422539
6,20000000,3939058437,1160167873,5099226310
6,20000000,4315566030,1159843694,5475409724
6,20000000,4289463788,1160371248,5449835036
6,20000000,4052397195,1160505717,5212902912
6,20000000,4090616541,1159505497,5250122038
6,20000000,3889449683,1159803725,5049253408
6,20000000,3968968642,1159660736,5128629378
6,20000000,4184676700,1160216150,5344892850
6,20000000,4263118651,1161806601,5424925252
6,20000000,4130664571,1160666815,5291331386
6,20000000,4007999359,1160743390,5168742749
6,20000000,4452761220,1160294430,5613055650
6,20000000,4010100871,1164160481,5174261352
6,20000000,4209573426,1161395348,5370968774
6,20000000,4121401041,1160132906,5281533947
6,20000000,4269665296,1161085885,5430751181
6,20000000,4451630793,1159997450,5611628243
6,20000000,3960407811,1159974514,5120382325
6,20000000,3887641295,1159470600,5047111895
6,20000000,3863543801,1160978853,5024522654
6,20000000,3952642028,1159569234,5112211262
6,20000000,3922692103,1159559991,5082252094
6,20000000,4243737018,1159492870,5403229888
6,20000000,4212440180,1160469282,5372909462
6,20000000,3914133531,1160697841,5074831372
6,20000000,4034687938,1160514002,5195201940
6,20000000,4058275055,1159896211,5218171266
6,20000000,4170793977,1160188163,5330982140
6,20000000,4067747304,1159981367,5227728671
6,20000000,4021232272,1161214731,5182447003
6,20000000,4498040671,1160733805,5658774476
6,20000000,4198108903,1168969849,5367078752
6,20000000,4199817402,1160118370,5359935772
6,20000000,4349466780,1160164332,5509631112
6,20000000,4166073639,1160179934,5326253573
6,20000000,3994945317,1160387277,5155332594
6,20000000,4254855184,1159370017,5414225201
6,20000000,4276938062,1160991830,5437929892
6,20000000,3986036289,1160320329,5146356618
6,20000000,3835182710,1159576485,4994759195
6,20000000,4355069925,1160615220,5515685145
6,20000000,4239956652,1160432829,5400389481
6,20000000,4268623386,1160685820,5429309206
6,20000000,4132226838,1160185388,5292412226
6,20000000,3839666936,1161041409,5000708345
6,20000000,4018928297,1159477462,5178405759
6,20000000,3947809279,1160582553,5108391832
6,20000000,3966541661,1160575370,5127117031
6,20000000,4196134142,1159896299,5356030441
6,20000000,3906380878,1160270758,5066651636
6,20000000,3998484925,1162788874,5161273799
6,20000000,3865412764,1160241843,5025654607
6,20000000,4137489610,1160105157,5297594767
6,20000000,4019517984,1160314014,5179831998
6,20000000,4027314139,1160456310,5187770449
6,20000000,3985229597,1160308907,5145538504
6,20000000,3998062978,1160895343,5158958321
6,20000000,4220140196,1342665388,5562805584
6,20000000,4045164817,1159730376,5204895193
6,20000000,4234137586,1160419770,5394557356
6,20000000,3945766759,1161133736,5106900495
6,20000000,4202519703,1160312183,5362831886
6,20000000,3853098982,1160485371,5013584353
6,20000000,3964612603,1160114516,5124727119
6,30000000,6482223652,1740651975,8222875627
6,30000000,5780994549,1741944312,7522938861
6,30000000,5954931115,1741260907,7696192022
6,30000000,5981602294,1740100241,7721702535
6,30000000,6811063779,1740464318,8551528097
6,30000000,6276983127,1740192959,8017176086
6,30000000,6853298258,1740332133,8593630391
6,30000000,6044593584,1741508424,7786102008
6,30000000,6491034525,1740823447,8231857972
6,30000000,5855143832,1740680012,7595823844
6,30000000,6193672713,1740867020,7934539733
6,30000000,5922181353,1744105729,7666287082
6,30000000,6313594027,1740769354,8054363381
6,30000000,6342780755,1739755300,8082536055
6,30000000,7084250704,1740291421,8824542125
6,30000000,6168571184,1740772391,7909343575
6,30000000,6205914833,1741347811,7947262644
6,30000000,6113549534,1744409460,7857958994
6,30000000,6908957074,1740254000,8649211074
6,30000000,5870051009,1741308180,7611359189
6,30000000,6508851674,1740668247,8249519921
6,30000000,5952920494,1741936886,7694857380
6,30000000,6980556246,1739932413,8720488659
6,30000000,6534899645,1740768689,8275668334
6,30000000,6287304534,1741265025,8028569559
6,30000000,5987485330,1740783207,7728268537
6,30000000,6296376772,1741545955,8037922727
6,30000000,5986262825,1740642264,7726905089
6,30000000,6145068875,1741531490,7886600365
6,30000000,6458712910,1740124559,8198837469
6,30000000,5806856570,1744216903,7551073473
6,30000000,6204840788,1741073935,7945914723
6,30000000,6867946423,1741462243,8609408666
6,30000000,5933986437,1741306648,7675293085
6,30000000,6139677140,1741230329,7880907469
6,30000000,6101550656,1740462173,7842012829
6,30000000,5951002836,1741082587,7692085423
6,30000000,6765365426,1744699947,8510065373
6,30000000,6961983644,1741301759,8703285403
6,30000000,6238957506,1741842429,7980799935
6,30000000,6472034386,1741085021,8213119407
6,30000000,5869052801,1741195268,7610248069
6,30000000,6231055392,1740563371,7971618763
6,30000000,5911194826,1741978427,7653173253
6,30000000,6025318320,1740449520,7765767840
6,30000000,5981390138,1740249092,7721639230
6,30000000,6085326891,1740789057,7826115948
6,30000000,5716432650,1741756012,7458188662
6,30000000,6824961383,1739971751,8564933134
6,30000000,5705901054,1740315688,7446216742
6,30000000,5762268773,1741111814,7503380587
6,30000000,5695361252,1747112097,7442473349
6,30000000,5663261571,1740617321,7403878892
6,30000000,5874051571,1740393996,7614445567
6,30000000,6009574605,1741209051,7750783656
6,30000000,6552257763,1740551677,8292809440
6,30000000,5700265914,1740828868,7441094782
6,30000000,5925636473,1742274611,7667911084
6,30000000,5860020138,1741290169,7601310307
6,30000000,6113866167,1741332511,7855198678
6,30000000,6590204178,1740116127,8330320305
6,30000000,6590680167,1743266221,8333946388
6,30000000,6303021765,1740345066,8043366831
6,30000000,5958591445,1742027734,7700619179
6,30000000,6586937144,1741889818,8328826962
6,30000000,5744825538,1740940273,7485765811
6,30000000,6028868869,1741985105,7770853974
6,30000000,6014101366,1742826383,7756927749
6,30000000,6103817405,1740763203,7844580608
6,30000000,5882148379,1742230341,7624378720
6,30000000,5980421373,1741509115,7721930488
6,30000000,6407843926,1740282341,8148126267
6,30000000,5992304238,1740759678,7733063916
6,30000000,6166736562,1740059953,7906796515
6,30000000,6099184759,1741042529,7840227288
6,30000000,5742421925,1740200429,7482622354
6,30000000,6754735452,1740941576,8495677028
6,30000000,6210693039,1740824008,7951517047
6,30000000,5976556169,1741481803,7718037972
6,30000000,6579756022,1741634472,8321390494
6,30000000,5955309934,1739952718,7695262652
6,30000000,6441682616,1740208376,8181890992
6,30000000,5991593848,1740530253,7732124101
6,30000000,5477633611,1740524249,7218157860
6,30000000,5988718990,1742765998,7731484988
6,30000000,6788908362,1741007156,8529915518
6,30000000,5818946145,1740815560,7559761705
6,30000000,6559175695,1741291590,8300467285
6,30000000,6000749856,1742090523,7742840379
6,30000000,6430179027,1740339160,8170518187
6,30000000,5683575211,1742079368,7425654579
6,30000000,6039435654,1741587655,7781023309
6,30000000,5648120619,1741072762,7389193381
6,30000000,6033655443,1741180354,7774835797
6,30000000,5776399735,1741170875,7517570610
6,30000000,5685483165,1741904901,7427388066
6,30000000,6288020634,1743977955,8031998589
6,30000000,5644677057,1739877939,7384554996
6,30000000,6260099767,1740966373,8001066140
6,30000000,6035272479,1741129484,7776401963
6,30000000,6396934052,1740494608,8137428660
6,30000000,6722241981,1740720166,8462962147
6,30000000,5850863414,1741670202,7592533616
6,30000000,6478518813,1740888728,8219407541
6,30000000,6278125614,1740314349,8018439963
6,30000000,6335583879,1741513789,8077097668
6,30000000,5901687737,1741179214,7642866951
6,30000000,5828698005,1741378900,7570076905
6,30000000,6098933398,1740416378,7839349776
6,30000000,6079188138,1739736816,7818924954
6,30000000,5591557413,1740465359,7332022772
6,30000000,5940304395,1741976434,7682280829
6,30000000,5630942475,1740864624,7371807099
6,30000000,6868268398,1741082139,8609350537
6,30000000,6037220690,1741619026,7778839716
6,40000000,8117612148,2319395040,10437007188
6,40000000,8217170987,2319029041,10536200028
6,40000000,8217853875,2320226937,10538080812
6,40000000,7698717945,2319241042,10017958987
6,40000000,7798149416,2321392223,10119541639
6,40000000,8416454641,2319681796,10736136437
6,40000000,8640965074,2321494264,10962459338
6,40000000,7921695086,2319149102,10240844188
6,40000000,8431730371,2318742723,10750473094
6,40000000,7842044893,2320260594,10162305487
6,40000000,8470494815,2320420593,10790915408
6,40000000,8238354853,2318867491,10557222344
6,40000000,7915894203,2314269057,10230163260
6,40000000,7966744599,2320011083,10286755682
6,40000000,8663104352,2318661506,10981765858
6,40000000,8733862879,2319029583,11052892462
6,40000000,8151514964,2319903439,10471418403
6,40000000,8530658976,2320125765,10850784741
6,40000000,8851663517,2319778200,11171441717
6,40000000,8225427650,2319138494,10544566144
6,40000000,8220021489,2319806272,10539827761
6,40000000,8391614029,2318943457,10710557486
6,40000000,8269023575,2319538539,10588562114
6,40000000,8484075282,2319141647,10803216929
6,40000000,8354291800,2319299971,10673591771
6,40000000,7850078220,2319490964,10169569184
6,40000000,7883993531,2319946480,10203940011
6,40000000,8418091628,2319173624,10737265252
6,40000000,7793667048,2319871809,10113538857
6,40000000,8465648458,2320337948,10785986406
6,40000000,8519358276,2319943199,10839301475
6,40000000,8443926636,2320159172,10764085808
6,40000000,8342877864,2319234426,10662112290
6,40000000,8363778483,2320674288,10684452771
6,40000000,8346323021,2319679837,10666002858
6,40000000,8473335998,2319742251,10793078249
6,40000000,8226266686,2318757823,10545024509
6,40000000,8033188872,2320133537,10353322409
6,40000000,8382234010,2319388452,10701622462
6,40000000,7520668888,2320707451,9841376339
6,40000000,7937720405,2319294737,10257015142
6,40000000,8027171845,2319643303,10346815148
6,40000000,8212988695,2320587387,10533576082
6,40000000,7584472199,2320681128,9905153327
6,40000000,8807466595,2319529946,11126996541
6,40000000,7707111987,2319143705,10026255692
6,40000000,7922384568,2320110118,10242494686
6,40000000,8245547730,2320129078,10565676808
6,40000000,8647224162,2320458404,10967682566
6,40000000,8275109653,2319689262,10594798915
6,40000000,8014002765,2319379096,10333381861
6,40000000,7802005117,2319861671,10121866788
6,40000000,8322825295,2320894942,10643720237
6,40000000,7880381429,2320389375,10200770804
6,40000000,8042932888,2319071524,10362004412
6,40000000,8340483869,2319483599,10659967468
6,40000000,8088864039,2319117460,10407981499
6,40000000,8072908249,2319726543,10392634792
6,40000000,8117604034,2320137063,10437741097
6,40000000,8119576879,2319811366,10439388245
6,40000000,7886185822,2321386753,10207572575
6,40000000,8586912747,2320302609,10907215356
6,40000000,8393488031,2319829229,10713317260
6,40000000,8838561152,2319633722,11158194874
6,40000000,8156836821,2319540150,10476376971
6,40000000,8352183918,2320291279,10672475197
6,40000000,7964655915,2319375648,10284031563
6,40000000,7999151161,2319977862,10319129023
6,40000000,8671236740,2318856147,10990092887
6,40000000,8409563539,2319670428,10729233967
6,40000000,8845516791,2320211282,11165728073
6,40000000,8677217021,2319358062,10996575083
6,40000000,8652273593,2319704033,10971977626
6,40000000,8087732968,2319032302,10406765270
6,40000000,7973532013,2322812420,10296344433
6,40000000,8118207672,2321706425,10439914097
6,40000000,8278526219,2322174575,10600700794
6,40000000,7947742572,2318750093,10266492665
6,40000000,8118979279,2321471283,10440450562
6,40000000,8814735342,2321490399,11136225741
6,40000000,7718426997,2321029481,10039456478
6,40000000,8226647415,2319730185,10546377600
6,40000000,8246840234,2319235374,10566075608
6,40000000,8879821287,2318939175,11198760462
6,40000000,8137213251,2321053339,10458266590
6,40000000,7840106185,2319522967,10159629152
6,40000000,8035209281,2318958697,10354167978
6,40000000,8529292506,2320620195,10849912701
6,40000000,8194343398,2320243203,10514586601
6,40000000,8680019135,2320408975,11000428110
6,40000000,8386983943,2319994650,10706978593
6,40000000,8174468008,2319768264,10494236272
6,40000000,8146529732,2319035194,10465564926
6,40000000,7796084584,2322735039,10118819623
6,40000000,8568921476,2320013848,10888935324
6,40000000,8386993242,2318737144,10705730386
6,40000000,8131175460,2319258706,10450434166
6,40000000,8179206438,2319262440,10498468878
6,40000000,8256192747,2319792359,10575985106
6,40000000,8107758879,2320807949,10428566828
6,40000000,8644835084,2320173435,10965008519
6,40000000,8543011898,2318861315,10861873213
6,40000000,8170903747,2320122927,10491026674
6,40000000,8478678856,2320808532,10799487388
6,40000000,8255330305,2321778855,10577109160
6,40000000,7872968430,2319201464,10192169894
6,40000000,8253590033,2319198297,10572788330
6,40000000,8257248104,2319800612,10577048716
6,40000000,8021643547,2320758555,10342402102
6,40000000,8483936218,2319607025,10803543243
6,40000000,7705333989,2320214880,10025548869
6,40000000,8098310871,2320223607,10418534478
6,40000000,8088316487,2319907404,10408223891
6,40000000,7887264797,2322872363,10210137160
6,40000000,7768075089,2319690070,10087765159
6,50000000,10379072857,2996390422,13375463279
6,50000000,9615718163,2991033694,12606751857
6,50000000,9807464102,3000924796,12808388898
6,50000000,11080311411,2970540286,14050851697
6,50000000,10086086583,2979249457,13065336040
6,50000000,11564303945,2986832318,14551136263
6,50000000,11427481974,2992547638,14420029612
6,50000000,9960032839,2975271156,12935303995
6,50000000,9599827269,2997044267,12596871536
6,50000000,10314930536,2972862016,13287792552
6,50000000,10113055507,2993564164,13106619671
6,50000000,10165531106,2961337848,13126868954
6,50000000,9537541687,2969155537,12506697224
6,50000000,9813889605,2946642966,12760532571
6,50000000,9841940954,2992304488,12834245442
6,50000000,10285459636,2979578656,13265038292
6,50000000,10054521011,2949157157,13003678168
6,50000000,10756907229,2998736271,13755643500
6,50000000,9902060300,2960642560,12862702860
6,50000000,9719318003,2997042251,12716360254
6,50000000,9803328931,2963758510,12767087441
6,50000000,9623234384,2996468025,12619702409
6,50000000,9463861305,3011484976,12475346281
6,50000000,10109033495,2996347799,13105381294
6,50000000,10133794994,3010691823,13144486817
6,50000000,9910019791,2976546678,12886566469
6,50000000,9340098939,2998983523,12339082462
6,50000000,10075147131,3001276470,13076423601
6,50000000,9748593356,2996567004,12745160360
6,50000000,10239322411,3001065836,13240388247
6,50000000,9756163349,2997623268,12753786617
6,50000000,9728228428,2997635334,12725863762
6,50000000,10632756350,2979569377,13612325727
6,50000000,11185764281,2965215406,14150979687
6,50000000,10850077609,2988665512,13838743121
6,50000000,9784141694,2979189275,12763330969
6,50000000,9606526035,2993940723,12600466758
6,50000000,9908658525,3006793373,12915451898
6,50000000,10400939332,2996145218,13397084550
6,50000000,10114277891,2992492034,13106769925
6,50000000,10601769315,2997424225,13599193540
6,50000000,10670267883,3001493096,13671760979
6,50000000,9325290474,2960709756,12286000230
6,50000000,10220050448,2959579144,13179629592
6,50000000,9914498457,2999272105,12913770562
6,50000000,9953826281,2993591951,12947418232
6,50000000,9885283140,2997501349,12882784489
6,50000000,9728400471,2997789159,12726189630
6,50000000,9348745577,2981618298,12330363875
6,50000000,9451568616,2980617340,12432185956
6,50000000,10584173317,2996815778,13580989095
6,50000000,10035314444,2975430414,13010744858
6,50000000,11506814556,2990365339,14497179895
6,50000000,10094173439,2985197364,13079370803
6,50000000,11528346837,2984370173,14512717010
6,50000000,10162399581,2917778641,13080178222
6,50000000,11569759938,2996166258,14565926196
6,50000000,10041501922,2960895136,13002397058
6,50000000,10878408509,2997023532,13875432041
6,50000000,11320054303,2964225780,14284280083
6,50000000,9941709825,2997761871,12939471696
6,50000000,10599507280,2996956723,13596464003
6,50000000,9787346778,2981758956,12769105734
6,50000000,10136572173,2916282095,13052854268
6,50000000,10730419688,2960186450,13690606138
6,50000000,10168043895,2997163748,13165207643
6,50000000,10123272312,2972658910,13095931222
6,50000000,9625124104,2997017572,12622141676
6,50000000,9426121493,2959290397,12385411890
6,50000000,10306713757,2997003382,13303717139
6,50000000,9750343888,2992633662,12742977550
6,50000000,11097603984,3001395923,14098999907
6,50000000,10453553538,2959637733,13413191271
6,50000000,10452858532,2996283667,13449142199
6,50000000,11031045471,2991602114,14022647585
6,50000000,10336849442,2973103882,13309953324
6,50000000,9452637492,2997650773,12450288265
6,50000000,10081757678,2998144105,13079901783
6,50000000,9845449746,2987148222,12832597968
6,50000000,9463028511,3002258604,12465287115
6,50000000,10082491706,2980941857,13063433563
6,50000000,11408221852,2998091753,14406313605
6,50000000,10357327166,2997507103,13354834269
6,50000000,9804300054,2998452967,12802753021
6,50000000,10040484372,2931314092,12971798464
6,50000000,9835925899,2986567132,12822493031
6,50000000,9473752592,2974919375,12448671967
6,50000000,10219537356,2958998103,13178535459
6,50000000,9260563382,2997614674,12258178056
6,50000000,9678974115,2959970959,12638945074
6,50000000,10577220971,2959061164,13536282135
6,50000000,10439630594,2996492846,13436123440
6,50000000,10500067456,3001427231,13501494687
6,50000000,10612863678,2973093659,13585957337
6,50000000,9778061006,2974931317,12752992323
6,50000000,11230144223,2999696971,14229841194
6,50000000,9992098430,2969198008,12961296438
6,50000000,11103965277,2991199369,14095164646
6,50000000,10987208699,2950068309,13937277008
6,50000000,9689971319,2996161292,12686132611
6,50000000,10232935802,2997567904,13230503706
6,50000000,11364600596,2980211956,14344812552
6,50000000,11241970664,2995819273,14237789937
6,50000000,11226269637,2999100474,14225370111
6,50000000,10555471291,2965613011,13521084302
6,50000000,11990998119,2964587864,14955585983
6,50000000,10461113295,2976865574,13437978869
6,50000000,10490935426,2996763834,13487699260
6,50000000,9747956186,2960143207,12708099393
6,50000000,10282632266,2976870519,13259502785
6,50000000,9612426505,2966795468,12579221973
6,50000000,10490576571,2995808205,13486384776
6,50000000,9962762977,2977948677,12940711654
6,50000000,11386200390,2957990877,14344191267
6,50000000,10783378192,2964176999,13747555191
6,60000000,12224071659,3482412230,15706483889
6,60000000,11436726087,3480414714,14917140801
6,60000000,11310986497,3479789836,14790776333
6,60000000,11790085426,3479735071,15269820497
6,60000000,11769795872,3478508377,15248304249
6,60000000,12195417315,3484450333,15679867648
6,60000000,11576794132,3479699221,15056493353
6,60000000,11941983750,3480565013,15422548763
6,60000000,12221187529,3479636926,15700824455
6,60000000,12537374991,3478385743,16015760734
6,60000000,13896845265,3478795913,17375641178
6,60000000,12212797201,3484774195,15697571396
6,60000000,11979843608,3479844223,15459687831
6,60000000,12156022034,3483063645,15639085679
6,60000000,12296075762,3480152950,15776228712
6,60000000,13045415144,3480069381,16525484525
6,60000000,11852136035,3480213941,15332349976
6,60000000,13765521410,3479949243,17245470653
6,60000000,13056694291,3479903005,16536597296
6,60000000,11587628061,3479711110,15067339171
6,60000000,13399868042,3480543132,16880411174
6,60000000,11699068129,3479428569,15178496698
6,60000000,12946205760,3480015482,16426221242
6,60000000,12666382891,3480909396,16147292287
6,60000000,11415466214,3481588914,14897055128
6,60000000,12260990697,3477905428,15738896125
6,60000000,12051771723,3478810228,15530581951
6,60000000,12692055603,3480092141,16172147744
6,60000000,11357924618,3483308172,14841232790
6,60000000,13072674187,3481209008,16553883195
6,60000000,11939908862,3481562917,15421471779
6,60000000,13088712122,3479771425,16568483547
6,60000000,11792812827,3480167730,15272980557
6,60000000,12180623372,3480955310,15661578682
6,60000000,12051204005,3479826782,15531030787
6,60000000,12622848668,3480693758,16103542426
6,60000000,12866553515,3479925631,16346479146
6,60000000,11931005621,3479355675,15410361296
6,60000000,12939952310,3480102572,16420054882
6,60000000,13372354665,3479145166,16851499831
6,60000000,12853052691,3479187444,16332240135
6,60000000,11713042647,3478569618,15191612265
6,60000000,11395323871,3481294088,14876617959
6,60000000,11474494499,3481953219,14956447718
6,60000000,12459551475,3479889569,15939441044
6,60000000,12363452890,3480855459,15844308349
6,60000000,11645841134,3479322281,15125163415
6,60000000,12285534389,3482892261,15768426650
6,60000000,11853649780,3480100869,15333750649
6,60000000,11785164335,3480826644,15265990979
6,60000000,12031283012,3480028282,15511311294
6,60000000,12349789681,3478664392,15828454073
6,60000000,12034068481,3478910332,15512978813
6,60000000,11582199255,3478617337,15060816592
6,60000000,12022799017,3488700169,15511499186
6,60000000,11448414401,3479064870,14927479271
6,60000000,11371954729,3479977420,14851932149
6,60000000,11695246300,3482220631,15177466931
6,60000000,13135030807,3479292666,16614323473
6,60000000,13100936470,3480245783,16581182253
6,60000000,11770918144,3479364363,15250282507
6,60000000,12278875241,3480346091,15759221332
6,60000000,11426344417,3481523721,14907868138
6,60000000,11702646874,3480247557,15182894431
6,60000000,12183757540,3480895861,15664653401
6,60000000,12252698513,3480382185,15733080698
6,60000000,11825796852,3480695072,15306491924
6,60000000,11499020079,3479900787,14978920866
6,60000000,12931687535,3478395153,16410082688
6,60000000,13443183246,3807846687,17251029933
6,60000000,12044863892,3479400339,15524264231
6,60000000,13631513104,3480134026,17111647130
6,60000000,12941071243,3478417262,16419488505
6,60000000,12059326903,3480755285,15540082188
6,60000000,12121085923,3479646925,15600732848
6,60000000,11900874391,3479190496,15380064887
6,60000000,12535864065,3479837643,16015701708
6,60000000,12385432094,3481336588,15866768682
6,60000000,11852583824,3479586913,15332170737
6,60000000,13821633618,3479391100,17301024718
6,60000000,12510554580,3479752603,15990307183
6,60000000,13908466728,3480537734,17389004462
6,60000000,11593624344,3487912359,15081536703
6,60000000,11586121321,3479360762,15065482083
6,60000000,11836471398,3480682737,15317154135
6,60000000,13021336831,3478461271,16499798102
6,60000000,11786773798,3480396880,15267170678
6,60000000,12372990244,3478633590,15851623834
6,60000000,13525586628,3484946435,17010533063
6,60000000,12169662214,3479921520,15649583734
6,60000000,11944457199,3480677354,15425134553
6,60000000,12190521212,3478393139,15668914351
6,60000000,12190954188,3480558004,15671512192
6,60000000,13304926944,3479501412,16784428356
6,60000000,11469787885,3480862329,14950650214
6,60000000,13327295668,3479262775,16806558443
6,60000000,13493478941,3480205854,16973684795
6,60000000,12029794942,3479604860,15509399802
6,60000000,12212979917,3481323247,15694303164
6,60000000,12979564778,3480164123,16459728901
6,60000000,13282000904,3480258057,16762258961
6,60000000,13754034730,3479793557,17233828287
6,60000000,11739565656,3479155038,15218720694
6,60000000,12897110968,3478893827,16376004795
6,60000000,13912681449,3480628514,17393309963
6,60000000,11807055109,3478954152,15286009261
6,60000000,12026882755,3480948099,15507830854
6,60000000,11337087486,3478835420,14815922906
6,60000000,12075847179,3481822727,15557669906
6,60000000,12201242552,3481459223,15682701775
6,60000000,12459956588,3479501732,15939458320
6,60000000,12251297983,3494471183,15745769166
6,60000000,11522850754,3480475807,15003326561
6,60000000,11785107886,3480348981,15265456867
6,60000000,11762432723,3479683399,15242116122
6,70000000,13536753157,4058777864,17595531021
6,70000000,14604100414,4060658710,18664759124
6,70000000,13992237786,4059763546,18052001332
6,70000000,14194095454,4058450169,18252545623
6,70000000,14825730746,4059447107,18885177853
6,70000000,15335506458,4058631336,19394137794
6,70000000,13666063153,4060389402,17726452555
6,70000000,15238904825,4058935751,19297840576
6,70000000,13602686383,4059178248,17661864631
6,70000000,15568218960,4058801389,19627020349
6,70000000,13519512828,4059947702,17579460530
6,70000000,13577101361,4059981247,17637082608
6,70000000,14056827064,4059393880,18116220944
6,70000000,13615272981,4060474046,17675747027
6,70000000,14785700144,4059497486,18845197630
6,70000000,14832754753,4060245051,18892999804
6,70000000,13415985154,4067710172,17483695326
6,70000000,15570127625,4060000173,19630127798
6,70000000,14215429507,4058516968,18273946475
6,70000000,14735634978,4060532502,18796167480
6,70000000,14226971819,4062133948,18289105767
6,70000000,15217100117,4060804826,19277904943
6,70000000,15219492067,4058174220,19277666287
6,70000000,13946053057,4066289096,18012342153
6,70000000,14956386448,4059942499,19016328947
6,70000000,15451580727,4059516940,19511097667
6,70000000,14137544692,4059983007,18197527699
6,70000000,14904114832,4060627969,18964742801
6,70000000,13846273577,4060646014,17906919591
6,70000000,13648046332,4059963447,17708009779
6,70000000,14360963581,4060788163,18421751744
6,70000000,14624671541,4058902331,18683573872
6,70000000,15304950650,4060024883,19364975533
6,70000000,14624119304,4059985451,18684104755
6,70000000,14201377112,4058193573,18259570685
6,70000000,14702102146,4059257929,18761360075
6,70000000,14235686260,4059821276,18295507536
6,70000000,14534974485,4059888975,18594863460
6,70000000,15454829805,4058290567,19513120372
6,70000000,15090765142,4058800638,19149565780
6,70000000,14291948242,4059701803,18351650045
6,70000000,13488401896,4060828273,17549230169
6,70000000,14820908134,4060958545,18881866679
6,70000000,14011431985,4059688248,18071120233
6,70000000,15874224933,4062078639,19936303572
6,70000000,14041200303,4059948827,18101149130
6,70000000,14181625073,4060688510,18242313583
6,70000000,13862065933,4058679393,17920745326
6,70000000,14183922252,4060230147,18244152399
6,70000000,15547554345,4059159297,19606713642
6,70000000,13619633375,4058853159,17678486534
6,70000000,14420519682,4051023186,18471542868
6,70000000,15204341345,4060133133,19264474478
6,70000000,15419280283,4057675546,19476955829
6,70000000,13602513996,4058258676,17660772672
6,70000000,13955612192,4059603172,18015215364
6,70000000,15298174225,4059465914,19357640139
6,70000000,14181341395,4060470301,18241811696
6,70000000,13328524090,4059396622,17387920712
6,70000000,15550657266,4059037459,19609694725
6,70000000,15269406167,4058034594,19327440761
6,70000000,14103143380,4057564475,18160707855
6,70000000,14191155744,4060938193,18252093937
6,70000000,13453106891,4059671538,17512778429
6,70000000,13392352057,4060252441,17452604498
6,70000000,15287593051,4062302301,19349895352
6,70000000,14777673535,4060953715,18838627250
6,70000000,14415057442,4059811045,18474868487
6,70000000,14809060268,4059391558,18868451826
6,70000000,13990404534,4062083744,18052488278
6,70000000,15279835264,4061724671,19341559935
6,70000000,15279668933,4060004688,19339673621
6,70000000,14788600289,4061496078,18850096367
6,70000000,15199717862,4058389518,19258107380
6,70000000,14711060640,4060226036,18771286676
6,70000000,13067673559,4058971301,17126644860
6,70000000,14191441993,4059709391,18251151384
6,70000000,13248993724,4061119308,17310113032
6,70000000,15264695718,4060660105,19325355823
6,70000000,14664530246,4059640777,18724171023
6,70000000,15373242721,4060097599,19433340320
6,70000000,15147395227,4059651575,19207046802
6,70000000,13201574790,4058122644,17259697434
6,70000000,15736659924,4060513340,19797173264
6,70000000,15363546269,4061221652,19424767921
6,70000000,13233163441,4060990085,17294153526
6,70000000,12814344771,4061987853,16876332624
6,70000000,15653838303,4060311444,19714149747
6,70000000,14994266981,4059082004,19053348985
6,70000000,13070398007,4058766262,17129164269
6,70000000,15354349635,4060060456,19414410091
6,70000000,15831358859,4059392161,19890751020
6,70000000,14224185670,4060696388,18284882058
6,70000000,15128053918,4060343363,19188397281
6,70000000,12654294963,4059289482,16713584445
6,70000000,14875805730,4059405082,18935210812
6,70000000,13145674760,4060350936,17206025696
6,70000000,13359437057,4061578556,17421015613
6,70000000,15077198403,4059538197,19136736600
6,70000000,15202221683,4057612908,19259834591
6,70000000,12957873361,4058640189,17016513550
6,70000000,14897097617,4059317074,18956414691
6,70000000,15480458412,4059584823,19540043235
6,70000000,14332184129,4059694887,18391879016
6,70000000,13226496711,4059077876,17285574587
6,70000000,13890139651,4059673354,17949813005
6,70000000,13693968268,4058422643,17752390911
6,70000000,14744347024,4059536186,18803883210
6,70000000,14733569137,4061727394,18795296531
6,70000000,14811287814,4059849623,18871137437
6,70000000,15019629024,4060782710,19080411734
6,70000000,15221196834,4058221166,19279418000
6,70000000,14961866152,4059361830,19021227982
6,70000000,13902702144,4060754516,17963456660
6,70000000,15455736606,4059870704,19515607310
6,80000000,16912189311,4637325206,21549514517
6,80000000,17729022785,4638106538,22367129323
6,80000000,15792630017,4638657073,20431287090
6,80000000,17140253291,4637520969,21777774260
6,80000000,15898109340,4638573414,20536682754
6,80000000,17013866870,4638719604,21652586474
6,80000000,15910139492,4637390816,20547530308
6,80000000,15851199670,4636793523,20487993193
6,80000000,16123156473,4636541040,20759697513
6,80000000,17454045842,4636737847,22090783689
6,80000000,16139532207,4637091149,20776623356
6,80000000,16689892457,4638044674,21327937131
6,80000000,15554927989,4636851848,20191779837
6,80000000,17158787965,4637457064,21796245029
6,80000000,15699180998,4638545957,20337726955
6,80000000,17020318005,4640373765,21660691770
6,80000000,17094714285,4639752729,21734467014
6,80000000,16290251605,4640543362,20930794967
6,80000000,17207625390,4637932192,21845557582
6,80000000,16313094886,4639599541,20952694427
6,80000000,17575729023,4641119269,22216848292
6,80000000,16588058065,4640950255,21229008320
6,80000000,15551682373,4637811608,20189493981
6,80000000,16546139881,4639827474,21185967355
6,80000000,15804917611,4638691917,20443609528
6,80000000,15227144039,4638641702,19865785741
6,80000000,16201472881,4638196882,20839669763
6,80000000,16959450273,4637225742,21596676015
6,80000000,15911654308,4640413425,20552067733
6,80000000,16106826120,4640325122,20747151242
6,80000000,16255605507,4638036740,20893642247
6,80000000,15027149799,4638941434,19666091233
6,80000000,16204689058,4637988449,20842677507
6,80000000,16780080265,4639363462,21419443727
6,80000000,16971929408,4638268792,21610198200
6,80000000,15934099985,4637996838,20572096823
6,80000000,16100756511,4637431938,20738188449
6,80000000,16397409488,4638218100,21035627588
6,80000000,16869037377,4638147636,21507185013
6,80000000,17075626527,4639167342,21714793869
6,80000000,16232221282,4638048640,20870269922
6,80000000,17303807325,4638999869,21942807194
6,80000000,15334242204,4637845216,19972087420
6,80000000,17663408784,4638908736,22302317520
6,80000000,17142158130,4637586983,21779745113
6,80000000,16447513223,4637903459,21085416682
6,80000000,16091702700,4637886727,20729589427
6,80000000,17624090290,4638027791,22262118081
6,80000000,16350560023,4638684180,20989244203
6,80000000,17277309651,4638185673,21915495324
6,80000000,17215955487,4638911904,21854867391
6,80000000,17015377171,4638161357,21653538528
6,80000000,15734987836,4640138765,20375126601
6,80000000,16531707938,4638789474,21170497412
6,80000000,15147406761,4642235361,19789642122
6,80000000,15912133143,4639086924,20551220067
6,80000000,17277408653,4639115749,21916524402
6,80000000,15527290923,4637310766,20164601689
6,80000000,16033331429,4639349911,20672681340
6,80000000,15803637435,4638764182,20442401617
6,80000000,16086213275,4637231808,20723445083
6,80000000,17223080060,4638607725,21861687785
6,80000000,15896831711,4640101193,20536932904
6,80000000,16672345916,4639426016,21311771932
6,80000000,15829076360,4638042089,20467118449
6,80000000,15750918880,4637233665,20388152545
6,80000000,15841774496,4638406519,20480181015
6,80000000,16717997721,4638736379,21356734100
6,80000000,18019115726,4636852693,22655968419
6,80000000,15468516879,4638526977,20107043856
6,80000000,16591282053,4638861269,21230143322
6,80000000,16295754589,4636999759,20932754348
6,80000000,17518761281,4636763082,22155524363
6,80000000,16713886598,4637020759,21350907357
6,80000000,15532083604,4639267948,20171351552
6,80000000,16650892069,4639654123,21290546192
6,80000000,17773325385,4643364924,22416690309
6,80000000,16078984476,4638739009,20717723485
6,80000000,17973104597,4638306027,22611410624
6,80000000,15853044458,4638245455,20491289913
6,80000000,17446378366,4637031398,22083409764
6,80000000,15655657769,4638269773,20293927542
6,80000000,15864128656,4638470510,20502599166
6,80000000,15957151473,4640078152,20597229625
6,80000000,15633719253,4642451495,20276170748
6,80000000,16501362587,4639083847,21140446434
6,80000000,15893711689,4638816038,20532527727
6,80000000,15941642634,4640306769,20581949403
6,80000000,16086467084,4638619274,20725086358
6,80000000,16633568426,4639294650,21272863076
6,80000000,17326472709,4639641405,21966114114
6,80000000,15855448009,4639737378,20495185387
6,80000000,15592315689,4642716523,20235032212
6,80000000,17710032321,4638935589,22348967910
6,80000000,15537268698,4641636214,20178904912
6,80000000,16572614491,4638143219,21210757710
6,80000000,16953835802,4640676946,21594512748
6,80000000,16169677741,4637878731,20807556472
6,80000000,17328817770,4639919501,21968737271
6,80000000,16257510407,4638331933,20895842340
6,80000000,16208471930,4639561194,20848033124
6,80000000,17109700788,4637599038,21747299826
6,80000000,16688918654,4638187666,21327106320
6,80000000,17131754637,4636830000,21768584637
6,80000000,16276501490,4636948095,20913449585
6,80000000,16009167573,4637589561,20646757134
6,80000000,15179621195,4637806129,19817427324
6,80000000,17206328205,4637632818,21843961023
6,80000000,17032503640,4638267829,21670771469
6,80000000,18015345419,4637478580,22652823999
6,80000000,16446845504,4638060103,21084905607
6,80000000,15749366158,4638921339,20388287497
6,80000000,15718285264,4637240637,20355525901
6,80000000,17089688680,4638393311,21728081991
6,80000000,14869205286,4639749014,19508954300
6,90000000,20798522785,5216976944,26015499729
6,90000000,19456891691,5219046424,24675938115
6,90000000,17551352920,5218836112,22770189032
6,90000000,18276652692,5217102992,23493755684
6,90000000,18367143295,5219151396,23586294691
6,90000000,17993190168,5218384098,23211574266
6,90000000,17820833208,5217801234,23038634442
6,90000000,16936056253,5219640397,22155696650
6,90000000,18007269725,5220279671,23227549396
6,90000000,19115319346,5218720226,24334039572
6,90000000,18690383527,5220448444,23910831971
6,90000000,17669130530,5219623849,22888754379
6,90000000,17655515056,5221411866,22876926922
6,90000000,17561236904,5218897803,22780134707
6,90000000,19340600984,5216764400,24557365384
6,90000000,18984888828,5219229609,24204118437
6,90000000,19441899932,5331228857,24773128789
6,90000000,18201032332,5219564125,23420596457
6,90000000,18987474261,5217330345,24204804606
6,90000000,18258130914,5221772678,23479903592
6,90000000,18050041266,5217498458,23267539724
6,90000000,17724025045,5222160571,22946185616
6,90000000,18828802370,5218900422,24047702792
6,90000000,19178968469,5218942790,24397911259
6,90000000,18327785667,5217483174,23545268841
6,90000000,18421568812,5216960951,23638529763
6,90000000,18333077315,5216207407,23549284722
6,90000000,17796269233,5219054936,23015324169
6,90000000,18267311814,5220152309,23487464123
6,90000000,17315283057,5219074587,22534357644
6,90000000,20249881417,5222544456,25472425873
6,90000000,18027174911,5220347660,23247522571
6,90000000,18093902091,5216369046,23310271137
6,90000000,18480185856,5219301235,23699487091
6,90000000,18065444930,5218014194,23283459124
6,90000000,17316821928,5218818977,22535640905
6,90000000,18695448639,5218576471,23914025110
6,90000000,17765429349,5219758984,22985188333
6,90000000,18808387363,5217675737,24026063100
6,90000000,19859539771,5218290327,25077830098
6,90000000,18021173123,5217764489,23238937612
6,90000000,17843976413,5218791164,23062767577
6,90000000,18591985145,5223286637,23815271782
6,90000000,20704849898,5216984102,25921834000
6,90000000,20102529909,5218958727,25321488636
6,90000000,19118652434,5220135407,24338787841
6,90000000,19162389521,5221900108,24384289629
6,90000000,18073363223,5218714293,23292077516
6,90000000,20599895355,5216632676,25816528031
6,90000000,17625598588,5218080914,22843679502
6,90000000,18690249119,5219857907,23910107026
6,90000000,17734737611,5223288918,22958026529
6,90000000,18866709668,5221626655,24088336323
6,90000000,19898150155,5220903228,25119053383
6,90000000,20677661723,5218565236,25896226959
6,90000000,18840740732,5218678325,24059419057
6,90000000,17878168053,5218752627,23096920680
6,90000000,18138418513,5219875051,23358293564
6,90000000,17549615389,5207304863,22756920252
6,90000000,18771570715,5218024840,23989595555
6,90000000,18312411245,5218022637,23530433882
6,90000000,21146679601,5218331798,26365011399
6,90000000,17619710109,5218947008,22838657117
6,90000000,18984188427,5224009625,24208198052
6,90000000,17677399805,5218566916,22895966721
6,90000000,18292240437,5217238489,23509478926
6,90000000,19542292400,5218460431,24760752831
6,90000000,18159893840,5217625894,23377519734
6,90000000,18145048981,5217272141,23362321122
6,90000000,18339162467,5219498946,23558661413
6,90000000,19719220083,5217925227,24937145310
6,90000000,18002810082,5217585585,23220395667
6,90000000,18826705273,5222578408,24049283681
6,90000000,17688693746,5218091287,22906785033
6,90000000,18583194835,5224278793,23807473628
6,90000000,20186746888,5216625365,25403372253
6,90000000,18378169926,5218055881,23596225807
6,90000000,18969809878,5218461250,24188271128
6,90000000,18252427498,5218277424,23470704922
6,90000000,18870856605,5216660958,24087517563
6,90000000,17732745720,5217101066,22949846786
6,90000000,18170601966,5218955786,23389557752
6,90000000,18462936991,5219769472,23682706463
6,90000000,19018635873,5217278363,24235914236
6,90000000,18478684949,5219651423,23698336372
6,90000000,18475657835,5222372607,23698030442
6,90000000,19837427118,5218666475,25056093593
6,90000000,17897455772,5220127034,23117582806
6,90000000,21710603186,5217644832,26928248018
6,90000000,18386014205,5218442670,23604456875
6,90000000,18230496395,5219695190,23450191585
6,90000000,17798313469,5219460729,23017774198
6,90000000,18060136338,5218859233,23278995571
6,90000000,17584591401,5218402326,22802993727
6,90000000,21158265990,5219974305,26378240295
6,90000000,18489068624,5222014616,23711083240
6,90000000,18341026220,5209669439,23550695659
6,90000000,18904977696,5220100395,24125078091
6,90000000,19477343552,5218780642,24696124194
6,90000000,18833909484,5216914978,24050824462
6,90000000,18879091915,5217484096,24096576011
6,90000000,20736607764,5218429054,25955036818
6,90000000,18191709407,5219227540,23410936947
6,90000000,18450248803,5219533580,23669782383
6,90000000,18142573590,5220157452,23362731042
6,90000000,18064081104,5221304515,23285385619
6,90000000,17596251655,5220741943,22816993598
6,90000000,20136523380,5219881822,25356405202
6,90000000,18815555009,5219210964,24034765973
6,90000000,18459338632,5218096000,23677434632
6,90000000,18102656853,5219806299,23322463152
6,90000000,18118562522,5218433570,23336996092
6,90000000,17701583274,5220760442,22922343716
6,90000000,18920954227,5217868152,24138822379
6,90000000,18004407599,5217719553,23222127152
6,100000000,19306428325,5866504759,25172933084
6,100000000,22151398787,5866082390,28017481177
6,100000000,22075108456,5832778206,27907886662
6,100000000,23115269776,5885448933,29000718709
6,100000000,19856400899,5882307967,25738708866
6,100000000,20503425920,5861390510,26364816430
6,100000000,20844993610,5880523490,26725517100
6,100000000,19610573689,5831286492,25441860181
6,100000000,19907124688,5850316648,25757441336
6,100000000,19297458160,5865748569,25163206729
6,100000000,19935933401,5799156109,25735089510
6,100000000,22710533954,5877735108,28588269062
6,100000000,19255898172,5863358180,25119256352
6,100000000,22906143120,5881001611,28787144731
6,100000000,19296547075,5810396424,25106943499
6,100000000,20972847061,5886681653,26859528714
6,100000000,20724041213,5863749084,26587790297
6,100000000,19273341682,5881563337,25154905019
6,100000000,20552352023,5832071609,26384423632
6,100000000,18977058528,5833491156,24810549684
6,100000000,22092078857,5831829243,27923908100
6,100000000,20592895678,5880955987,26473851665
6,100000000,21662181686,5880823007,27543004693
6,100000000,19462779889,5881904428,25344684317
6,100000000,20537335644,5884113100,26421448744
6,100000000,22507596423,5879067918,28386664341
6,100000000,19991262428,5832288134,25823550562
6,100000000,19718472795,5820711486,25539184281
6,100000000,20169160727,5862440253,26031600980
6,100000000,20433626708,5849036703,26282663411
6,100000000,19429305955,5884523796,25313829751
6,100000000,19261191889,5845988520,25107180409
6,100000000,19446045051,5865707727,25311752778
6,100000000,19017392670,5831220971,24848613641
6,100000000,18753328648,5832134325,24585462973
6,100000000,20639769765,5834488832,26474258597
6,100000000,19829163980,5879651885,25708815865
6,100000000,22785478187,5844394676,28629872863
6,100000000,20324638076,5828886081,26153524157
6,100000000,19133810826,5849779545,24983590371
6,100000000,20738098883,5843293869,26581392752
6,100000000,20241205908,5884431506,26125637414
6,100000000,19657687942,5849570097,25507258039
6,100000000,21469223907,5879721193,27348945100
6,100000000,19683613386,5865802660,25549416046
6,100000000,19485199187,5867025603,25352224790
6,100000000,19713167293,5863764672,25576931965
6,100000000,23918435367,5863711905,29782147272
6,100000000,20089630131,5886554014,25976184145
6,100000000,20780484122,5864916952,26645401074
6,100000000,19891507240,5850150172,25741657412
6,100000000,20219395611,5880496066,26099891677
6,100000000,20679284897,5850572861,26529857758
6,100000000,20539964351,5865603506,26405567857
6,100000000,19343125771,5810360720,25153486491
6,100000000,20402230370,5862264349,26264494719
6,100000000,19295946822,5866034918,25161981740
6,100000000,20060592438,5864006603,25924599041
6,100000000,19352823605,5816719748,25169543353
6,100000000,22766928417,5865508834,28632437251
6,100000000,19403838790,5830556487,25234395277
6,100000000,20694061400,5878861961,26572923361
6,100000000,19195274500,5833312270,25028586770
6,100000000,22510763349,5880883770,28391647119
6,100000000,20350119707,5838205807,26188325514
6,100000000,20480417742,5881918803,26362336545
6,100000000,20479386850,5829186115,26308572965
6,100000000,23527984232,5850155080,29378139312
6,100000000,19722620042,5864024363,25586644405
6,100000000,20369960945,5866720537,26236681482
6,100000000,22701577533,5819583135,28521160668
6,100000000,23033710790,5881563894,28915274684
6,100000000,19040619544,5835079616,24875699160
6,100000000,19877348278,5886256478,25763604756
6,100000000,20140518314,5866219303,26006737617
6,100000000,20538942365,5829210539,26368152904
6,100000000,20908972561,5882776932,26791749493
6,100000000,19854836849,5830777065,25685613914
6,100000000,20873288821,5866605680,26739894501
6,100000000,20579233588,5833858184,26413091772
6,100000000,19803807913,5868124654,25671932567
6,100000000,18944778925,5845245114,24790024039
6,100000000,22612152770,5865118353,28477271123
6,100000000,19397880751,5828852103,25226732854
6,100000000,18994880617,5848921288,24843801905
6,100000000,19022680456,5846741037,24869421493
6,100000000,20829638763,5882389003,26712027766
6,100000000,21713431072,5845070049,27558501121
6,100000000,20613126584,5878912871,26492039455
6,100000000,20107169783,5832702787,25939872570
6,100000000,19376809960,5887853737,25264663697
6,100000000,19524549260,5799949056,25324498316
6,100000000,21561182334,5852421308,27413603642
6,100000000,20615841248,5812811528,26428652776
6,100000000,20876488045,5884492217,26760980262
6,100000000,19959653871,5849442174,25809096045
6,100000000,20605398740,5865311863,26470710603
6,100000000,19221024883,5879972252,25100997135
6,100000000,18886475700,5832549833,24719025533
6,100000000,20653880906,5865317743,26519198649
6,100000000,20580934604,5837861567,26418796171
6,100000000,19251196791,5885847939,25137044730
6,100000000,22447380886,5865635068,28313015954
6,100000000,19850401035,5850841223,25701242258
6,100000000,20856361112,5862901442,26719262554
6,100000000,20508316134,5843882275,26352198409
6,100000000,22572570131,5835355506,28407925637
6,100000000,19031893998,5879125276,24911019274
6,100000000,19987586996,5867019824,25854606820
6,100000000,22722629899,5845465686,28568095585
6,100000000,21075210003,5863096144,26938306147
6,100000000,22151841037,5878934250,28030775287
6,100000000,19251592164,5856252654,25107844818
6,100000000,22344614656,5861595033,28206209689
6,100000000,19348726090,5878938034,25227664124
8,1000,3729374,112330,3841704
8,1000,3289741,137042,3426783
8,1000,3925025,150715,4075740
8,1000,3645186,91454,3736640
8,1000,3645177,148306,3793483
8,1000,3463673,134283,3597956
8,1000,3464266,120637,3584903
8,1000,3873170,140327,4013497
8,1000,3540344,137750,3678094
8,1000,3985342,99448,4084790
8,1000,3726881,123105,3849986
8,1000,3802573,152932,3955505
8,1000,3211330,88827,3300157
8,1000,3739250,98819,3838069
8,1000,3886825,109309,3996134
8,1000,3369171,126828,3495999
8,1000,3669162,122370,3791532
8,1000,3298839,134403,3433242
8,1000,3508957,94172,3603129
8,1000,3144533,130008,3274541
8,1000,3599823,139910,3739733
8,1000,3617613,130316,3747929
8,1000,3555663,108190,3663853
8,1000,3292498,92868,3385366
8,1000,3817830,154193,3972023
8,1000,3345999,97286,3443285
8,1000,3119245,95231,3214476
8,1000,4136347,96188,4232535
8,1000,4284150,151933,4436083
8,1000,3758223,139370,3897593
8,1000,3427029,134892,3561921
8,1000,3877502,101760,3979262
8,1000,4109266,165223,4274489
8,1000,3393662,93077,3486739
8,1000,3742624,154795,3897419
8,1000,4008647,127005,4135652
8,1000,4205579,133677,4339256
8,1000,3529435,133929,3663364
8,1000,3779114,135777,3914891
8,1000,3912087,131390,4043477
8,1000,3747035,93924,3840959
8,1000,3218903,92781,3311684
8,1000,3359692,100018,3459710
8,1000,4074273,142178,4216451
8,1000,3145817,179496,3325313
8,1000,3178951,130604,3309555
8,1000,3658376,139211,3797587
8,1000,3306632,124530,3431162
8,1000,3383757,141011,3524768
8,1000,4447959,151081,4599040
8,1000,3732756,89087,3821843
8,1000,3011046,181121,3192167
8,1000,3186423,133818,3320241
8,1000,3521961,128637,3650598
8,1000,3473534,128316,3601850
8,1000,3292618,135237,3427855
8,1000,3774045,89966,3864011
8,1000,3710530,146687,3857217
8,1000,3383806,136697,3520503
8,1000,3904069,90842,3994911
8,1000,3775965,111094,3887059
8,1000,3538900,131175,3670075
8,1000,3803263,126675,3929938
8,1000,3853579,129125,3982704
8,1000,3662326,130462,3792788
8,1000,3888160,137243,4025403
8,1000,3555851,132077,3687928
8,1000,3766547,132143,3898690
8,1000,3548147,152480,3700627
8,1000,3546864,127367,3674231
8,1000,4033592,128781,4162373
8,1000,3976003,129243,4105246
8,1000,4152228,135195,4287423
8,1000,3511664,125085,3636749
8,1000,3932183,164341,4096524
8,1000,4674090,126441,4800531
8,1000,3252913,126828,3379741
8,1000,4939623,147995,5087618
8,1000,4202309,130023,4332332
8,1000,3489255,158460,3647715
8,1000,4024800,136220,4161020
8,1000,3616823,91182,3708005
8,1000,3556977,88703,3645680
8,1000,3085293,136962,3222255
8,1000,3281306,137996,3419302
8,1000,4003478,125068,4128546
8,1000,3735953,134385,3870338
8,1000,3276062,150097,3426159
8,1000,3395019,129549,3524568
8,1000,3336042,143452,3479494
8,1000,3554960,109048,3664008
8,1000,3799732,128648,3928380
8,1000,3660128,118390,3778518
8,1000,3623245,130458,3753703
8,1000,6694687,145426,6840113
8,1000,3398162,131496,3529658
8,1000,3671727,126312,3798039
8,1000,3734384,141344,3875728
8,1000,3928297,167742,4096039
8,1000,3564306,96776,3661082
8,1000,3923783,124803,4048586
8,1000,3380406,85624,3466030
8,1000,3720121,146998,3867119
8,1000,3772146,133184,3905330
8,1000,3859656,124836,3984492
8,1000,3577056,124848,3701904
8,1000,3519252,140252,3659504
8,1000,4188559,128460,4317019
8,1000,3399599,121453,3521052
8,1000,4022409,131868,4154277
8,1000,3748192,123729,3871921
8,1000,3659567,94443,3754010
8,1000,4529115,105914,4635029
8,1000,3907442,128433,4035875
8,1000,3826682,95252,3921934
8,2000,4493208,254703,4747911
8,2000,4025709,241840,4267549
8,2000,4016298,254544,4270842
8,2000,3985507,270191,4255698
8,2000,4165196,273401,4438597
8,2000,3722142,266185,3988327
8,2000,4099081,181733,4280814
8,2000,4395222,247341,4642563
8,2000,4032776,227270,4260046
8,2000,3831482,194240,4025722
8,2000,3732986,174315,3907301
8,2000,3815841,259319,4075160
8,2000,3793691,243585,4037276
8,2000,4017142,253102,4270244
8,2000,3993797,173865,4167662
8,2000,3962764,245998,4208762
8,2000,3564647,302744,3867391
8,2000,3882580,177566,4060146
8,2000,3636558,171591,3808149
8,2000,3566135,174855,3740990
8,2000,3685974,252405,3938379
8,2000,3638419,207256,3845675
8,2000,4156014,245595,4401609
8,2000,3874145,192934,4067079
8,2000,3648941,275693,3924634
8,2000,3437105,250128,3687233
8,2000,3960212,278167,4238379
8,2000,3861984,248067,4110051
8,2000,3705656,177818,3883474
8,2000,4940725,191570,5132295
8,2000,4505129,271634,4776763
8,2000,3463131,270569,3733700
8,2000,3744569,242472,3987041
8,2000,3574913,242884,3817797
8,2000,3790646,246445,4037091
8,2000,3709462,244645,3954107
8,2000,3838966,265001,4103967
8,2000,3732983,260742,3993725
8,2000,4063842,179637,4243479
8,2000,3550172,255172,3805344
8,2000,3592570,196036,3788606
8,2000,3980763,250275,4231038
8,2000,3768993,250845,4019838
8,2000,3782636,247272,4029908
8,2000,4308088,257816,4565904
8,2000,3718005,281983,3999988
8,2000,3839146,263388,4102534
8,2000,4162821,180461,4343282
8,2000,4199160,246297,4445457
8,2000,4432534,273953,4706487
8,2000,3782915,245581,4028496
8,2000,3684159,265295,3949454
8,2000,4304336,212703,4517039
8,2000,4975835,244274,5220109
8,2000,3957553,249619,4207172
8,2000,3723408,242155,3965563
8,2000,4156487,262748,4419235
8,2000,3172509,173453,3345962
8,2000,4130255,175224,4305479
8,2000,3752627,252432,4005059
8,2000,4067532,177404,4244936
8,2000,3763760,244024,4007784
8,2000,4132282,245542,4377824
8,2000,3691797,173913,3865710
8,2000,4898324,281100,5179424
8,2000,3851931,179849,4031780
8,2000,3647643,267389,3915032
8,2000,4337426,263571,4600997
8,2000,3685797,179990,3865787
8,2000,4476589,273520,4750109
8,2000,3598520,240943,3839463
8,2000,4903914,267648,5171562
8,2000,4060204,255153,4315357
8,2000,3632197,252374,3884571
8,2000,4502285,244408,4746693
8,2000,3825590,265200,4090790
8,2000,3678594,246043,3924637
8,2000,3914731,194626,4109357
8,2000,3905787,277568,4183355
8,2000,3586684,189323,3776007
8,2000,3591840,284074,3875914
8,2000,3780668,173472,3954140
8,2000,3511198,243697,3754895
8,2000,4775953,266696,5042649
8,2000,5226446,266546,5492992
8,2000,4015432,250644,4266076
8,2000,4459371,304793,4764164
8,2000,4320915,253864,4574779
8,2000,3527544,176705,3704249
8,2000,5244784,269579,5514363
8,2000,3935256,172278,4107534
8,2000,4314133,191341,4505474
8,2000,4380899,248859,4629758
8,2000,3953969,205911,4159880
8,2000,3503854,246943,3750797
8,2000,3612809,173026,3785835
8,2000,3569442,244498,3813940
8,2000,3656351,252684,3909035
8,2000,3629617,246252,3875869
8,2000,3628756,254013,3882769
8,2000,3922965,172581,4095546
8,2000,3930637,246973,4177610
8,2000,4236123,246889,4483012
8,2000,4637176,270317,4907493
8,2000,4255315,252841,4508156
8,2000,3839374,178571,4017945
8,2000,3935167,269321,4204488
8,2000,3668878,243243,3912121
8,2000,4376736,248724,4625460
8,2000,4178214,248493,4426707
8,2000,3586240,252384,3838624
8,2000,4653406,281821,4935227
8,2000,3913930,244420,4158350
8,2000,3474372,243808,3718180
8,2000,3934080,252030,4186110
8,3000,4171828,361787,4533615
8,3000,4428112,286617,4714729
8,3000,3628012,374322,4002334
8,3000,5201227,307014,5508241
8,3000,4167854,354617,4522471
8,3000,4933676,313628,5247304
8,3000,3815937,267527,4083464
8,3000,4286039,252645,4538684
