t,n,SortTime,CombineTime,TotalTime
1,1000,372165,21821,393986
1,1000,466131,22471,488602
1,1000,430081,22135,452216
1,1000,444601,168972,613573
1,1000,475421,27610,503031
1,1000,484173,25879,510052
1,1000,519794,21805,541599
1,1000,362370,23157,385527
1,1000,347540,21901,369441
1,1000,462661,28584,491245
1,1000,490485,22911,513396
1,1000,399046,23401,422447
1,1000,472103,24994,497097
1,1000,523987,22649,546636
1,1000,402889,22657,425546
1,1000,475017,21690,496707
1,1000,470098,22508,492606
1,1000,431658,22064,453722
1,1000,411926,25427,437353
1,1000,349128,25537,374665
1,1000,354723,20857,375580
1,1000,490666,23141,513807
1,1000,435144,22505,457649
1,1000,453074,24684,477758
1,1000,453803,21319,475122
1,1000,407312,22879,430191
1,1000,344540,22444,366984
1,1000,443143,22210,465353
1,1000,481238,25156,506394
1,1000,517958,112057,630015
1,1000,452545,30159,482704
1,1000,457004,21706,478710
1,1000,400177,22894,423071
1,1000,452534,23618,476152
1,1000,486425,22420,508845
1,1000,448695,24903,473598
1,1000,473205,22008,495213
1,1000,327684,21958,349642
1,1000,459495,22439,481934
1,1000,465878,24089,489967
1,1000,465854,23128,488982
1,1000,347478,21020,368498
1,1000,391201,24290,415491
1,1000,454036,22257,476293
1,1000,451346,25270,476616
1,1000,384396,30475,414871
1,1000,422963,24550,447513
1,1000,447544,25714,473258
1,1000,377472,23074,400546
1,1000,441651,32538,474189
1,1000,341471,20852,362323
1,1000,463357,22037,485394
1,1000,458287,23174,481461
1,1000,421868,22239,444107
1,1000,469159,22773,491932
1,1000,447642,21915,469557
1,1000,472423,24382,496805
1,1000,484869,23022,507891
1,1000,349544,19513,369057
1,1000,524139,24889,549028
1,1000,466438,25339,491777
1,1000,477449,24851,502300
1,1000,483886,28837,512723
1,1000,452029,25580,477609
1,1000,386185,22388,408573
1,1000,415654,25633,441287
1,1000,348014,21538,369552
1,1000,422884,22777,445661
1,1000,467866,23473,491339
1,1000,372498,24095,396593
1,1000,349032,23108,372140
1,1000,348516,20514,369030
1,1000,558899,22418,581317
1,1000,472439,27716,500155
1,1000,378400,26183,404583
1,1000,350423,22746,373169
1,1000,453019,22124,475143
1,1000,409234,22733,431967
1,1000,470931,22564,493495
1,1000,469897,21493,491390
1,1000,440102,22496,462598
1,1000,468640,24013,492653
1,1000,475124,24996,500120
1,1000,430079,22458,452537
1,1000,452113,23428,475541
1,1000,451487,22835,474322
1,1000,420552,21681,442233
1,1000,457724,87579,545303
1,1000,452093,26590,478683
1,1000,486321,22547,508868
1,1000,451346,118511,569857
1,1000,423882,21116,444998
1,1000,415503,22335,437838
1,1000,479674,22429,502103
1,1000,335863,21926,357789
1,1000,506976,22609,529585
1,1000,486219,21579,507798
1,1000,450180,23013,473193
1,1000,346322,22006,368328
1,1000,346793,24322,371115
1,1000,451569,32683,484252
1,1000,461644,25656,487300
1,1000,476704,22655,499359
1,1000,413877,22681,436558
1,1000,400430,22470,422900
1,1000,464044,24047,488091
1,1000,357343,26993,384336
1,1000,468282,25278,493560
1,1000,420095,24926,445021
1,1000,468698,22949,491647
1,1000,485231,21468,506699
1,1000,453033,22890,475923
1,1000,451829,26839,478668
1,1000,437309,25571,462880
1,1000,458496,22795,481291
1,2000,686087,35860,721947
1,2000,751918,35445,787363
1,2000,676204,37555,713759
1,2000,760637,34516,795153
1,2000,755364,34367,789731
1,2000,728743,35230,763973
1,2000,652166,34542,686708
1,2000,748886,31707,780593
1,2000,752803,35107,787910
1,2000,731655,41774,773429
1,2000,751286,35639,786925
1,2000,778330,37940,816270
1,2000,725020,35087,760107
1,2000,662896,39665,702561
1,2000,739479,37095,776574
1,2000,735851,36157,772008
1,2000,642232,34755,676987
1,2000,638157,33517,671674
1,2000,650455,34567,685022
1,2000,668126,37958,706084
1,2000,665186,31904,697090
1,2000,740668,42639,783307
1,2000,748009,35116,783125
1,2000,731924,41477,773401
1,2000,754325,31553,785878
1,2000,754148,35039,789187
1,2000,726869,39158,766027
1,2000,642043,36832,678875
1,2000,744862,34333,779195
1,2000,703527,34413,737940
1,2000,678568,31650,710218
1,2000,652336,34948,687284
1,2000,649062,30737,679799
1,2000,678885,36408,715293
1,2000,641486,32816,674302
1,2000,745125,36825,781950
1,2000,693364,33195,726559
1,2000,686067,36304,722371
1,2000,753277,31669,784946
1,2000,643284,35281,678565
1,2000,635971,34580,670551
1,2000,739160,36489,775649
1,2000,763381,36422,799803
1,2000,644130,31516,675646
1,2000,735079,38079,773158
1,2000,684504,33423,717927
1,2000,627694,33553,661247
1,2000,642768,32386,675154
1,2000,690603,32317,722920
1,2000,661961,34177,696138
1,2000,730069,36386,766455
1,2000,639924,33915,673839
1,2000,732932,37187,770119
1,2000,800428,38994,839422
1,2000,651618,34321,685939
1,2000,775801,38927,814728
1,2000,757990,32224,790214
1,2000,748906,33955,782861
1,2000,739953,37352,777305
1,2000,642432,31175,673607
1,2000,742834,32933,775767
1,2000,657804,32844,690648
1,2000,730476,38161,768637
1,2000,749348,37444,786792
1,2000,726417,33891,760308
1,2000,746110,34387,780497
1,2000,751557,33543,785100
1,2000,646117,33967,680084
1,2000,756955,31632,788587
1,2000,626669,36846,663515
1,2000,741105,38748,779853
1,2000,682775,35400,718175
1,2000,650436,33858,684294
1,2000,746654,32783,779437
1,2000,758729,41484,800213
1,2000,747669,37085,784754
1,2000,745499,37222,782721
1,2000,749437,36795,786232
1,2000,599010,34583,633593
1,2000,752893,34691,787584
1,2000,644691,33390,678081
1,2000,633458,38439,671897
1,2000,605248,33801,639049
1,2000,723835,35676,759511
1,2000,729069,42723,771792
1,2000,767589,36080,803669
1,2000,744974,34754,779728
1,2000,755805,34297,790102
1,2000,753691,52196,805887
1,2000,635907,34392,670299
1,2000,762926,32782,795708
1,2000,648854,32892,681746
1,2000,679652,34542,714194
1,2000,753334,41750,795084
1,2000,754224,35967,790191
1,2000,637705,37348,675053
1,2000,759161,34273,793434
1,2000,697735,34955,732690
1,2000,649190,32885,682075
1,2000,704756,33004,737760
1,2000,743570,31238,774808
1,2000,671432,34486,705918
1,2000,751500,32293,783793
1,2000,756693,40243,796936
1,2000,734947,43430,778377
1,2000,747733,32006,779739
1,2000,686403,34348,720751
1,2000,629936,39043,668979
1,2000,724980,39869,764849
1,2000,735374,39838,775212
1,2000,749663,38200,787863
1,2000,726088,34308,760396
1,2000,762199,32115,794314
1,2000,643066,34273,677339
1,2000,635458,32294,667752
1,3000,979318,51137,1030455
1,3000,1043570,42336,1085906
1,3000,1028958,47797,1076755
1,3000,1052286,45136,1097422
1,3000,927538,41632,969170
1,3000,1032301,47620,1079921
1,3000,1045634,46410,1092044
1,3000,923616,50787,974403
1,3000,937362,46312,983674
1,3000,1085803,198247,1284050
1,3000,935668,48259,983927
1,3000,1049188,49190,1098378
1,3000,1125211,45252,1170463
1,3000,1074276,48356,1122632
1,3000,955561,48415,1003976
1,3000,970039,45179,1015218
1,3000,1039135,45627,1084762
1,3000,1029741,44616,1074357
1,3000,970644,45401,1016045
1,3000,1038923,45321,1084244
1,3000,1094941,45224,1140165
1,3000,1038765,48004,1086769
1,3000,928534,49213,977747
1,3000,1112591,46660,1159251
1,3000,1034198,47401,1081599
1,3000,1044482,45357,1089839
1,3000,971828,46988,1018816
1,3000,1032484,49664,1082148
1,3000,983960,49768,1033728
1,3000,967822,46521,1014343
1,3000,982214,53468,1035682
1,3000,1090249,46950,1137199
1,3000,985749,45086,1030835
1,3000,1077309,47331,1124640
1,3000,1034986,47643,1082629
1,3000,1041998,214827,1256825
1,3000,1035193,46015,1081208
1,3000,1137567,46331,1183898
1,3000,960624,53283,1013907
1,3000,1038285,43364,1081649
1,3000,1060327,46448,1106775
1,3000,1055736,46723,1102459
1,3000,1032831,46163,1078994
1,3000,933776,46122,979898
1,3000,931838,48474,980312
1,3000,1093366,45771,1139137
1,3000,1045789,46447,1092236
1,3000,1092180,49301,1141481
1,3000,1054029,43399,1097428
1,3000,976492,51518,1028010
1,3000,1080511,46139,1126650
1,3000,1038325,45940,1084265
1,3000,983103,52029,1035132
1,3000,1045090,45149,1090239
1,3000,1029217,187222,1216439
1,3000,1058064,42924,1100988
1,3000,1156986,48874,1205860
1,3000,958353,46419,1004772
1,3000,1052432,42398,1094830
1,3000,966580,46757,1013337
1,3000,1079473,46405,1125878
1,3000,1097448,46534,1143982
1,3000,1048420,48799,1097219
1,3000,1091811,49725,1141536
1,3000,1043468,41816,1085284
1,3000,987416,51117,1038533
1,3000,970547,49572,1020119
1,3000,1072524,46009,1118533
1,3000,1046539,46806,1093345
1,3000,974113,45671,1019784
1,3000,1037831,43322,1081153
1,3000,1030419,45250,1075669
1,3000,1040749,46461,1087210
1,3000,1035796,43565,1079361
1,3000,1072514,46971,1119485
1,3000,1045352,48062,1093414
1,3000,1044146,45709,1089855
1,3000,1053951,43104,1097055
1,3000,971839,210057,1181896
1,3000,967697,46142,1013839
1,3000,909097,49466,958563
1,3000,1050655,46565,1097220
1,3000,933344,48760,982104
1,3000,1028981,45772,1074753
1,3000,1032978,48437,1081415
1,3000,943097,45798,988895
1,3000,1044704,49169,1093873
1,3000,1029613,45510,1075123
1,3000,934944,47765,982709
1,3000,988128,48095,1036223
1,3000,1037337,46555,1083892
1,3000,1105016,45497,1150513
1,3000,1176970,48184,1225154
1,3000,1051310,46417,1097727
1,3000,1039892,48991,1088883
1,3000,937546,43597,981143
1,3000,957375,45756,1003131
1,3000,1106861,46485,1153346
1,3000,980938,53739,1034677
1,3000,1115042,49948,1164990
1,3000,1114643,48057,1162700
1,3000,1034866,41765,1076631
1,3000,938587,44750,983337
1,3000,933524,44014,977538
1,3000,1043060,45909,1088969
1,3000,953396,45543,998939
1,3000,1055520,43314,1098834
1,3000,1046125,49120,1095245
1,3000,1048557,48459,1097016
1,3000,930458,47789,978247
1,3000,1034714,45249,1079963
1,3000,1045861,45175,1091036
1,3000,1034342,47541,1081883
1,3000,995098,48987,1044085
1,3000,1039960,43602,1083562
1,4000,1336856,58064,1394920
1,4000,1233663,58524,1292187
1,4000,1334999,64926,1399925
1,4000,1395275,58908,1454183
1,4000,1399660,56372,1456032
1,4000,1333597,53083,1386680
1,4000,1431191,51943,1483134
1,4000,1403689,87397,1491086
1,4000,1277213,57825,1335038
1,4000,1266039,61173,1327212
1,4000,1273602,58366,1331968
1,4000,1324925,67242,1392167
1,4000,1375888,58318,1434206
1,4000,1384872,55298,1440170
1,4000,1397287,53404,1450691
1,4000,1396903,54883,1451786
1,4000,1397922,56596,1454518
1,4000,1346841,58459,1405300
1,4000,1343917,59753,1403670
1,4000,1351255,56552,1407807
1,4000,1337354,71782,1409136
1,4000,1385115,56026,1441141
1,4000,1263555,62331,1325886
1,4000,1337174,63074,1400248
1,4000,1367322,51794,1419116
1,4000,1369888,62908,1432796
1,4000,1394878,56964,1451842
1,4000,1351879,95602,1447481
1,4000,1364601,66058,1430659
1,4000,1327994,59734,1387728
1,4000,1350338,53697,1404035
1,4000,1339880,65651,1405531
1,4000,1382823,58835,1441658
1,4000,1344265,57580,1401845
1,4000,1362588,56558,1419146
1,4000,1229831,59660,1289491
1,4000,1345594,64641,1410235
1,4000,1340716,60741,1401457
1,4000,1399128,60888,1460016
1,4000,1354147,63271,1417418
1,4000,1360898,65917,1426815
1,4000,1348340,53975,1402315
1,4000,1241758,63074,1304832
1,4000,1330915,53555,1384470
1,4000,1342540,57653,1400193
1,4000,1229640,55193,1284833
1,4000,1327909,60511,1388420
1,4000,1412179,55049,1467228
1,4000,1336951,61739,1398690
1,4000,1325806,65677,1391483
1,4000,1353125,61474,1414599
1,4000,1261174,54439,1315613
1,4000,1332173,122428,1454601
1,4000,1393602,56118,1449720
1,4000,1372472,61945,1434417
1,4000,1336369,66403,1402772
1,4000,1337008,55611,1392619
1,4000,1405150,52328,1457478
1,4000,1225904,60366,1286270
1,4000,1382336,59766,1442102
1,4000,1232394,64515,1296909
1,4000,1287659,64597,1352256
1,4000,1258509,63784,1322293
1,4000,1359746,62835,1422581
1,4000,1335162,60406,1395568
1,4000,1366212,53249,1419461
1,4000,1245702,59856,1305558
1,4000,1364594,52843,1417437
1,4000,1329688,57334,1387022
1,4000,1339486,134867,1474353
1,4000,1343312,58126,1401438
1,4000,1342201,65021,1407222
1,4000,1338761,57700,1396461
1,4000,1279327,57496,1336823
1,4000,1352988,55940,1408928
1,4000,1323541,63226,1386767
1,4000,1358253,55193,1413446
1,4000,1339306,68648,1407954
1,4000,1352756,132251,1485007
1,4000,1277325,63403,1340728
1,4000,1234899,64704,1299603
1,4000,1344325,64709,1409034
1,4000,1250542,70361,1320903
1,4000,1361170,65548,1426718
1,4000,1324337,63058,1387395
1,4000,1259465,56309,1315774
1,4000,1348584,59921,1408505
1,4000,1228915,228467,1457382
1,4000,1390318,58718,1449036
1,4000,1324324,58435,1382759
1,4000,1333593,58901,1392494
1,4000,1224668,58674,1283342
1,4000,1397437,58751,1456188
1,4000,1394067,55873,1449940
1,4000,1293338,235174,1528512
1,4000,1360256,254637,1614893
1,4000,1313826,58887,1372713
1,4000,1366559,65116,1431675
1,4000,1387131,57499,1444630
1,4000,1281742,57112,1338854
1,4000,1397391,59214,1456605
1,4000,1351256,53793,1405049
1,4000,1341576,59084,1400660
1,4000,1454996,59572,1514568
1,4000,1326525,65203,1391728
1,4000,1287242,60140,1347382
1,4000,1355683,203782,1559465
1,4000,1331421,68892,1400313
1,4000,1271012,60445,1331457
1,4000,1332907,75081,1407988
1,4000,1347552,60165,1407717
1,4000,1365832,60024,1425856
1,4000,1224718,57425,1282143
1,4000,1343857,60714,1404571
1,4000,1361557,67988,1429545
1,5000,1665768,62114,1727882
1,5000,1683737,75901,1759638
1,5000,1688840,69590,1758430
1,5000,1694945,176916,1871861
1,5000,1701241,75645,1776886
1,5000,1595168,67408,1662576
1,5000,1574262,69305,1643567
1,5000,1648248,78775,1727023
1,5000,1598199,66530,1664729
1,5000,1661279,73499,1734778
1,5000,1557195,67291,1624486
1,5000,1698999,66255,1765254
1,5000,1653387,87197,1740584
1,5000,1768378,75768,1844146
1,5000,1651779,82964,1734743
1,5000,1716716,72084,1788800
1,5000,1651979,68080,1720059
1,5000,1688001,67645,1755646
1,5000,1784119,71171,1855290
1,5000,1573837,74239,1648076
1,5000,1659636,66427,1726063
1,5000,1582191,70004,1652195
1,5000,1635217,73941,1709158
1,5000,1684692,67679,1752371
1,5000,1712816,72411,1785227
1,5000,1656222,70239,1726461
1,5000,1655337,73062,1728399
1,5000,1659060,70959,1730019
1,5000,1674425,64450,1738875
1,5000,1678668,70622,1749290
1,5000,1661887,68496,1730383
1,5000,1668169,72775,1740944
1,5000,1667366,70316,1737682
1,5000,1648202,69882,1718084
1,5000,1683706,66293,1749999
1,5000,1708535,75722,1784257
1,5000,1564920,62275,1627195
1,5000,1661326,78217,1739543
1,5000,1660471,72457,1732928
1,5000,1680259,71738,1751997
1,5000,1590909,70713,1661622
1,5000,1666528,68196,1734724
1,5000,1702055,77585,1779640
1,5000,1688634,76612,1765246
1,5000,1709500,68923,1778423
1,5000,1662886,65233,1728119
1,5000,1671391,65154,1736545
1,5000,1695635,65404,1761039
1,5000,1639175,87031,1726206
1,5000,1666883,135521,1802404
1,5000,1599466,68143,1667609
1,5000,1554206,64093,1618299
1,5000,1587055,70450,1657505
1,5000,1673482,69478,1742960
1,5000,1644275,71076,1715351
1,5000,1762354,81086,1843440
1,5000,1644441,76014,1720455
1,5000,1601579,71041,1672620
1,5000,1718892,75537,1794429
1,5000,1590315,84422,1674737
1,5000,1711017,76501,1787518
1,5000,1717371,114496,1831867
1,5000,1577359,69523,1646882
1,5000,1664221,63412,1727633
1,5000,1554812,148777,1703589
1,5000,1676579,71127,1747706
1,5000,1585696,137930,1723626
1,5000,1662890,68918,1731808
1,5000,1557979,65860,1623839
1,5000,1589406,73228,1662634
1,5000,1690247,63073,1753320
1,5000,1649300,72120,1721420
1,5000,1776993,73870,1850863
1,5000,1661643,79328,1740971
1,5000,1666613,70660,1737273
1,5000,1671072,68096,1739168
1,5000,1680384,65035,1745419
1,5000,1565217,67608,1632825
1,5000,1676854,70892,1747746
1,5000,1510056,68879,1578935
1,5000,1676768,74527,1751295
1,5000,1658452,75576,1734028
1,5000,1632219,78654,1710873
1,5000,1652472,71687,1724159
1,5000,1719744,70164,1789908
1,5000,1554059,71753,1625812
1,5000,1536706,64326,1601032
1,5000,1568436,67737,1636173
1,5000,1722272,72611,1794883
1,5000,1548586,69950,1618536
1,5000,1649953,68843,1718796
1,5000,1548721,67662,1616383
1,5000,1694679,68852,1763531
1,5000,1622234,65079,1687313
1,5000,1671105,64818,1735923
1,5000,1664563,69703,1734266
1,5000,1671899,68309,1740208
1,5000,1574055,70931,1644986
1,5000,1628454,134388,1762842
1,5000,1672666,67354,1740020
1,5000,1688336,73358,1761694
1,5000,1608858,71210,1680068
1,5000,1571375,62113,1633488
1,5000,1698908,73621,1772529
1,5000,1775106,73009,1848115
1,5000,1601121,70903,1672024
1,5000,1683226,67850,1751076
1,5000,1669079,68065,1737144
1,5000,1674647,70946,1745593
1,5000,1590383,72203,1662586
1,5000,1658544,68678,1727222
1,5000,1610641,74893,1685534
1,5000,1709940,66793,1776733
1,5000,1635863,69667,1705530
1,5000,1670524,61604,1732128
1,6000,2010109,75909,2086018
1,6000,1921591,81732,2003323
1,6000,1835532,92642,1928174
1,6000,1975929,80312,2056241
1,6000,1920337,71191,1991528
1,6000,1838970,74073,1913043
1,6000,1998009,79380,2077389
1,6000,1943390,91061,2034451
1,6000,1956033,81921,2037954
1,6000,1978493,80498,2058991
1,6000,1862895,81609,1944504
1,6000,1978078,81148,2059226
1,6000,1979204,85187,2064391
1,6000,1976887,86220,2063107
1,6000,1996423,76385,2072808
1,6000,1967153,88912,2056065
1,6000,2002980,82853,2085833
1,6000,1953888,73495,2027383
1,6000,2014527,74094,2088621
1,6000,1862501,78528,1941029
1,6000,2019000,74525,2093525
1,6000,2008623,75770,2084393
1,6000,1950351,82728,2033079
1,6000,1982686,74151,2056837
1,6000,1916440,80004,1996444
1,6000,1968412,74680,2043092
1,6000,1998471,81148,2079619
1,6000,1943470,81807,2025277
1,6000,2009408,83515,2092923
1,6000,1959608,84214,2043822
1,6000,1964633,73061,2037694
1,6000,1859573,86937,1946510
1,6000,1899629,86056,1985685
1,6000,2013386,72807,2086193
1,6000,1979874,79107,2058981
1,6000,1969974,76692,2046666
1,6000,1989416,77743,2067159
1,6000,1978190,75646,2053836
1,6000,1968651,77083,2045734
1,6000,1824938,83449,1908387
1,6000,1994462,90898,2085360
1,6000,1951212,85944,2037156
1,6000,1959424,88196,2047620
1,6000,1847608,87143,1934751
1,6000,1991470,84244,2075714
1,6000,1963611,75025,2038636
1,6000,1904310,91825,1996135
1,6000,2012713,81726,2094439
1,6000,2008473,77884,2086357
1,6000,1973645,78823,2052468
1,6000,2219480,82024,2301504
1,6000,2017568,80472,2098040
1,6000,1939280,84144,2023424
1,6000,1959902,79606,2039508
1,6000,1835862,209998,2045860
1,6000,1871456,81768,1953224
1,6000,1965637,80548,2046185
1,6000,1971905,84802,2056707
1,6000,1876210,75349,1951559
1,6000,1881988,73794,1955782
1,6000,1876094,81116,1957210
1,6000,2001169,82282,2083451
1,6000,2017980,84800,2102780
1,6000,1971524,83565,2055089
1,6000,1989532,80549,2070081
1,6000,1974929,76193,2051122
1,6000,1907680,80507,1988187
1,6000,1970503,236068,2206571
1,6000,1971052,218112,2189164
1,6000,1962175,216136,2178311
1,6000,1998285,138977,2137262
1,6000,1876818,75994,1952812
1,6000,1943783,86548,2030331
1,6000,2001210,82563,2083773
1,6000,1857414,79832,1937246
1,6000,1976049,75373,2051422
1,6000,1980891,82213,2063104
1,6000,1986011,80447,2066458
1,6000,1975210,81345,2056555
1,6000,1989323,74726,2064049
1,6000,2225375,79667,2305042
1,6000,1929195,93925,2023120
1,6000,1967615,84332,2051947
1,6000,1984740,84339,2069079
1,6000,1809023,92532,1901555
1,6000,1960422,77646,2038068
1,6000,2072893,79648,2152541
1,6000,1977304,78526,2055830
1,6000,2014512,76863,2091375
1,6000,1887568,73476,1961044
1,6000,1985016,79352,2064368
1,6000,1981312,78308,2059620
1,6000,1972965,80663,2053628
1,6000,1957418,80963,2038381
1,6000,1907684,84680,1992364
1,6000,1968518,79416,2047934
1,6000,1974321,84014,2058335
1,6000,1954409,82806,2037215
1,6000,1925922,89922,2015844
1,6000,2013656,77951,2091607
1,6000,2010570,81627,2092197
1,6000,1895019,77869,1972888
1,6000,1894029,93561,1987590
1,6000,1936968,81562,2018530
1,6000,1870465,86338,1956803
1,6000,1983236,78886,2062122
1,6000,1927131,78926,2006057
1,6000,1962370,78669,2041039
1,6000,2020948,75133,2096081
1,6000,1963600,79666,2043266
1,6000,1965434,80064,2045498
1,6000,1865132,82200,1947332
1,6000,1992462,86075,2078537
1,6000,1879753,76148,1955901
1,6000,1898913,81930,1980843
1,7000,2199650,386284,2585934
1,7000,2346393,251642,2598035
1,7000,2258538,394326,2652864
1,7000,2287501,389489,2676990
1,7000,2294777,274681,2569458
1,7000,2317867,373238,2691105
1,7000,2309027,264108,2573135
1,7000,2251993,288444,2540437
1,7000,2317468,381895,2699363
1,7000,2277642,296680,2574322
1,7000,2270996,399976,2670972
1,7000,2554491,305489,2859980
1,7000,2304139,330124,2634263
1,7000,2296901,308026,2604927
1,7000,2254997,280409,2535406
1,7000,2308088,357258,2665346
1,7000,2474899,297779,2772678
1,7000,2320502,307453,2627955
1,7000,2337033,345435,2682468
1,7000,2351419,240189,2591608
1,7000,2287794,389952,2677746
1,7000,2322424,315701,2638125
1,7000,2291269,244512,2535781
1,7000,2313950,312707,2626657
1,7000,2242042,349089,2591131
1,7000,2325402,359269,2684671
1,7000,2265006,304373,2569379
1,7000,2208162,273558,2481720
1,7000,2293153,275169,2568322
1,7000,2297253,300831,2598084
1,7000,2333162,391834,2724996
1,7000,2264063,364429,2628492
1,7000,2204097,312051,2516148
1,7000,2344404,355255,2699659
1,7000,2215505,368601,2584106
1,7000,2193932,283152,2477084
1,7000,2246995,273799,2520794
1,7000,2255873,354924,2610797
1,7000,2319074,317773,2636847
1,7000,2302180,317857,2620037
1,7000,2281122,340686,2621808
1,7000,2281661,336199,2617860
1,7000,2306359,251957,2558316
1,7000,2240216,272356,2512572
1,7000,2277730,327316,2605046
1,7000,2199775,290101,2489876
1,7000,2326834,378422,2705256
1,7000,2343127,241291,2584418
1,7000,2272040,376852,2648892
1,7000,2254173,297311,2551484
1,7000,2231560,336841,2568401
1,7000,2312465,246912,2559377
1,7000,2278944,290399,2569343
1,7000,2140848,279175,2420023
1,7000,2337478,276891,2614369
1,7000,2316238,363497,2679735
1,7000,2316415,376674,2693089
1,7000,2174177,268380,2442557
1,7000,2318629,372494,2691123
1,7000,2318389,386858,2705247
1,7000,2171110,313628,2484738
1,7000,2323233,311404,2634637
1,7000,2284617,351632,2636249
1,7000,2314467,298529,2612996
1,7000,2334226,278394,2612620
1,7000,2313753,379353,2693106
1,7000,2277613,296847,2574460
1,7000,2314654,323806,2638460
1,7000,2288690,404781,2693471
1,7000,2524021,316123,2840144
1,7000,2301607,261452,2563059
1,7000,2408229,268231,2676460
1,7000,2289439,347707,2637146
1,7000,2321515,248685,2570200
1,7000,2320876,348621,2669497
1,7000,2347304,273389,2620693
1,7000,2318116,367551,2685667
1,7000,2312654,368968,2681622
1,7000,2192168,279384,2471552
1,7000,2318371,395066,2713437
1,7000,2311080,355964,2667044
1,7000,2323004,324397,2647401
1,7000,2306937,373362,2680299
1,7000,2314078,357674,2671752
1,7000,2296630,394928,2691558
1,7000,2290694,388964,2679658
1,7000,2281195,344826,2626021
1,7000,2317138,380703,2697841
1,7000,2193807,307995,2501802
1,7000,2327866,376930,2704796
1,7000,2267653,350250,2617903
1,7000,2297085,347858,2644943
1,7000,2272728,237547,2510275
1,7000,2290750,404047,2694797
1,7000,2228603,346878,2575481
1,7000,2312038,395949,2707987
1,7000,2244216,274722,2518938
1,7000,2248401,395414,2643815
1,7000,2323340,320862,2644202
1,7000,2294711,251111,2545822
1,7000,2320661,322529,2643190
1,7000,2215233,331720,2546953
1,7000,2233968,252055,2486023
1,7000,2226322,302271,2528593
1,7000,2239232,297151,2536383
1,7000,2191655,327804,2519459
1,7000,2324571,268739,2593310
1,7000,2279647,378902,2658549
1,7000,2299786,386182,2685968
1,7000,2178930,283047,2461977
1,7000,2342669,309435,2652104
1,7000,2333204,329902,2663106
1,7000,2242978,313225,2556203
1,7000,2321071,305912,2626983
1,7000,2303908,324539,2628447
1,8000,3000751,314197,3314948
1,8000,2613908,386346,3000254
1,8000,2616196,316520,2932716
1,8000,2552697,417825,2970522
1,8000,2646755,425986,3072741
1,8000,2662840,322132,2984972
1,8000,2651694,390527,3042221
1,8000,2518997,370902,2889899
1,8000,2999780,323611,3323391
1,8000,2650334,317034,2967368
1,8000,2586439,316905,2903344
1,8000,2479260,314008,2793268
1,8000,2573321,312268,2885589
1,8000,2658755,301404,2960159
1,8000,2622579,353063,2975642
1,8000,2637912,310363,2948275
1,8000,2655004,318917,2973921
1,8000,2621624,344892,2966516
1,8000,2507188,314248,2821436
1,8000,2522215,275977,2798192
1,8000,2575954,343415,2919369
1,8000,2649547,251948,2901495
1,8000,2643648,377490,3021138
1,8000,2588127,377735,2965862
1,8000,2662605,293636,2956241
1,8000,2558925,378198,2937123
1,8000,2550988,292188,2843176
1,8000,2643528,355750,2999278
1,8000,2550839,364928,2915767
1,8000,2600665,323517,2924182
1,8000,2642894,371060,3013954
1,8000,2603896,367201,2971097
1,8000,2688845,327104,3015949
1,8000,2642084,257550,2899634
1,8000,2555092,287186,2842278
1,8000,2666736,356244,3022980
1,8000,2590245,332384,2922629
1,8000,2663713,370516,3034229
1,8000,2639145,345575,2984720
1,8000,2588247,391621,2979868
1,8000,2670863,303091,2973954
1,8000,2634933,280475,2915408
1,8000,2600005,409715,3009720
1,8000,2501998,314353,2816351
1,8000,2652794,292638,2945432
1,8000,2657648,287330,2944978
1,8000,2633235,332879,2966114
1,8000,2565151,324392,2889543
1,8000,2675870,313171,2989041
1,8000,2604042,359519,2963561
1,8000,2646465,371460,3017925
1,8000,2569608,297081,2866689
1,8000,2641909,342166,2984075
1,8000,2545978,371119,2917097
1,8000,2587825,393639,2981464
1,8000,2646609,369952,3016561
1,8000,2637551,345677,2983228
1,8000,2585191,371408,2956599
1,8000,2678669,322156,3000825
1,8000,2641457,278686,2920143
1,8000,2614470,263765,2878235
1,8000,2582741,372136,2954877
1,8000,2655812,320614,2976426
1,8000,2669359,274797,2944156
1,8000,2575090,350551,2925641
1,8000,2571887,300786,2872673
1,8000,2574990,386159,2961149
1,8000,2630548,253179,2883727
1,8000,2634643,258053,2892696
1,8000,2620109,378067,2998176
1,8000,2670359,317204,2987563
1,8000,2646215,343256,2989471
1,8000,2461455,362388,2823843
1,8000,2586166,303284,2889450
1,8000,2640920,361095,3002015
1,8000,2613067,310077,2923144
1,8000,2508582,385886,2894468
1,8000,2548724,365934,2914658
1,8000,2608762,298256,2907018
1,8000,2684968,278221,2963189
1,8000,2559745,412874,2972619
1,8000,2629691,366407,2996098
1,8000,2560297,330248,2890545
1,8000,2614738,395346,3010084
1,8000,2644032,288372,2932404
1,8000,2577551,316699,2894250
1,8000,2662479,376861,3039340
1,8000,2635232,282888,2918120
1,8000,2680409,299562,2979971
1,8000,2551081,399594,2950675
1,8000,2632937,355547,2988484
1,8000,2602417,373352,2975769
1,8000,2626476,366910,2993386
1,8000,2643852,330947,2974799
1,8000,2608805,318002,2926807
1,8000,2660522,295525,2956047
1,8000,2599271,393522,2992793
1,8000,2665658,315211,2980869
1,8000,2585942,408558,2994500
1,8000,2631685,382213,3013898
1,8000,2502168,339798,2841966
1,8000,2649652,322766,2972418
1,8000,2556335,302666,2859001
1,8000,2654728,298193,2952921
1,8000,2671494,311744,2983238
1,8000,2552640,356109,2908749
1,8000,2614244,367169,2981413
1,8000,2657167,298913,2956080
1,8000,2519562,317160,2836722
1,8000,2579767,366380,2946147
1,8000,2642443,311750,2954193
1,8000,2762020,252504,3014524
1,8000,2617565,337978,2955543
1,8000,2601609,362618,2964227
1,8000,2515773,363878,2879651
1,9000,2975709,355952,3331661
1,9000,2934140,267005,3201145
1,9000,2991176,334988,3326164
1,9000,2857101,342363,3199464
1,9000,3309247,505084,3814331
1,9000,3022114,260269,3282383
1,9000,2939245,378741,3317986
1,9000,2928063,256010,3184073
1,9000,2974191,316818,3291009
1,9000,2983675,326404,3310079
1,9000,2912370,360397,3272767
1,9000,2991823,342834,3334657
1,9000,2925448,392079,3317527
1,9000,3302347,322523,3624870
1,9000,2967779,284966,3252745
1,9000,2885687,418815,3304502
1,9000,2965565,379565,3345130
1,9000,2952856,401755,3354611
1,9000,2785904,280782,3066686
1,9000,2892981,404956,3297937
1,9000,3003535,310696,3314231
1,9000,2962474,420421,3382895
1,9000,2886554,366327,3252881
1,9000,2885835,412377,3298212
1,9000,2916155,360108,3276263
1,9000,2923355,335095,3258450
1,9000,2965513,395265,3360778
1,9000,2918472,425705,3344177
1,9000,2888494,312617,3201111
1,9000,2843473,307689,3151162
1,9000,2851203,283635,3134838
1,9000,2985307,295754,3281061
1,9000,2988358,412383,3400741
1,9000,2899624,403238,3302862
1,9000,3002666,282199,3284865
1,9000,2966772,324937,3291709
1,9000,2866550,366650,3233200
1,9000,2900498,427099,3327597
1,9000,2867184,428944,3296128
1,9000,2984950,310001,3294951
1,9000,2952346,364062,3316408
1,9000,2949998,349218,3299216
1,9000,2898543,383245,3281788
1,9000,3339868,331303,3671171
1,9000,2954582,416076,3370658
1,9000,2834935,349482,3184417
1,9000,2834885,370004,3204889
1,9000,2962856,358281,3321137
1,9000,2920579,381352,3301931
1,9000,3217373,326411,3543784
1,9000,2886064,391120,3277184
1,9000,2863854,357649,3221503
1,9000,2969797,307833,3277630
1,9000,3335476,470676,3806152
1,9000,2955054,318148,3273202
1,9000,2965323,373062,3338385
1,9000,2996767,369310,3366077
1,9000,2980871,305260,3286131
1,9000,2919970,426610,3346580
1,9000,2832795,375981,3208776
1,9000,2967377,521408,3488785
1,9000,2859198,347969,3207167
1,9000,2894615,357687,3252302
1,9000,2952232,286985,3239217
1,9000,2848242,256107,3104349
1,9000,2844278,272851,3117129
1,9000,2858301,267738,3126039
1,9000,2895015,416445,3311460
1,9000,2836978,270016,3106994
1,9000,2871377,384884,3256261
1,9000,2887114,349346,3236460
1,9000,2993187,341259,3334446
1,9000,3305134,317169,3622303
1,9000,2968956,407472,3376428
1,9000,2988864,285515,3274379
1,9000,2881938,361167,3243105
1,9000,2990527,302112,3292639
1,9000,2860795,387135,3247930
1,9000,2879845,316424,3196269
1,9000,2866641,373803,3240444
1,9000,2869375,338620,3207995
1,9000,2916686,377096,3293782
1,9000,2926025,413881,3339906
1,9000,2924108,339412,3263520
1,9000,2863191,406918,3270109
1,9000,2988815,325400,3314215
1,9000,2957646,369013,3326659
1,9000,2922913,400433,3323346
1,9000,2963934,277780,3241714
1,9000,2879760,310283,3190043
1,9000,2923279,358007,3281286
1,9000,3208666,361279,3569945
1,9000,2951211,325921,3277132
1,9000,2859441,403502,3262943
1,9000,2983217,300710,3283927
1,9000,2968686,397397,3366083
1,9000,2843323,280607,3123930
1,9000,2927507,348382,3275889
1,9000,2985876,360562,3346438
1,9000,2985386,305043,3290429
1,9000,2867753,379344,3247097
1,9000,2965622,335242,3300864
1,9000,2898023,401268,3299291
1,9000,2929183,368599,3297782
1,9000,2980950,296899,3277849
1,9000,2961445,276401,3237846
1,9000,2868312,381418,3249730
1,9000,2869836,345815,3215651
1,9000,2853730,348282,3202012
1,9000,2810480,363375,3173855
1,9000,2979391,315733,3295124
1,9000,2978592,379808,3358400
1,9000,2919384,270708,3190092
1,9000,2806870,360870,3167740
1,9000,3253892,525275,3779167
1,10000,3360376,188914,3549290
1,10000,3304742,211900,3516642
1,10000,3431679,199885,3631564
1,10000,3367182,240000,3607182
1,10000,3422548,191162,3613710
1,10000,3364928,251689,3616617
1,10000,3447750,279034,3726784
1,10000,3361827,265243,3627070
1,10000,3396708,196353,3593061
1,10000,3495393,141909,3637302
1,10000,3877538,132504,4010042
1,10000,3331940,258674,3590614
1,10000,3422082,269591,3691673
1,10000,3379975,191519,3571494
1,10000,3479412,192109,3671521
1,10000,3459012,171735,3630747
1,10000,3886618,147684,4034302
1,10000,3558864,201181,3760045
1,10000,3284558,208904,3493462
1,10000,3468467,244999,3713466
1,10000,3561348,187441,3748789
1,10000,3399535,212651,3612186
1,10000,3439437,209100,3648537
1,10000,3388219,255893,3644112
1,10000,3875747,199107,4074854
1,10000,3865418,223962,4089380
1,10000,3351466,225977,3577443
1,10000,3382517,210329,3592846
1,10000,3932341,200767,4133108
1,10000,3398799,167392,3566191
1,10000,3440149,231690,3671839
1,10000,3429384,191831,3621215
1,10000,3362907,252925,3615832
1,10000,3312063,205462,3517525
1,10000,3379124,254933,3634057
1,10000,3419818,212132,3631950
1,10000,3298465,214513,3512978
1,10000,3410605,167900,3578505
1,10000,3369134,209247,3578381
1,10000,3437833,209653,3647486
1,10000,3356224,270957,3627181
1,10000,3708710,165937,3874647
1,10000,3260345,215158,3475503
1,10000,3357966,201348,3559314
1,10000,3380428,260139,3640567
1,10000,3433331,265027,3698358
1,10000,3314108,205158,3519266
1,10000,3873768,164746,4038514
1,10000,3429785,205768,3635553
1,10000,3425906,192784,3618690
1,10000,3403833,254928,3658761
1,10000,3444456,189645,3634101
1,10000,3889450,195493,4084943
1,10000,3419593,182087,3601680
1,10000,3481022,192950,3673972
1,10000,3406177,207344,3613521
1,10000,3892417,207903,4100320
1,10000,3323528,127304,3450832
1,10000,3491024,262092,3753116
1,10000,3359304,237439,3596743
1,10000,3458098,173547,3631645
1,10000,3390557,152729,3543286
1,10000,3932061,207304,4139365
1,10000,3439161,209854,3649015
1,10000,3439871,205761,3645632
1,10000,3811318,202153,4013471
1,10000,3446599,197013,3643612
1,10000,3892998,212514,4105512
1,10000,3408657,207636,3616293
1,10000,3303735,204128,3507863
1,10000,3910099,205669,4115768
1,10000,3394968,201462,3596430
1,10000,3356330,181406,3537736
1,10000,3914601,218517,4133118
1,10000,3390580,260217,3650797
1,10000,3350391,199079,3549470
1,10000,3406933,211308,3618241
1,10000,3390492,263892,3654384
1,10000,3860184,201846,4062030
1,10000,3306779,189084,3495863
1,10000,3359400,201812,3561212
1,10000,3452079,183976,3636055
1,10000,3414990,203371,3618361
1,10000,3705364,309719,4015083
1,10000,3315591,208007,3523598
1,10000,3414363,193048,3607411
1,10000,3877314,202583,4079897
1,10000,3324558,273281,3597839
1,10000,3337559,208067,3545626
1,10000,3902786,230455,4133241
1,10000,3433898,253581,3687479
1,10000,3470293,206623,3676916
1,10000,3392325,261951,3654276
1,10000,3338126,219066,3557192
1,10000,3822578,195907,4018485
1,10000,3708595,203791,3912386
1,10000,3460448,126444,3586892
1,10000,3388428,264396,3652824
1,10000,3456487,259107,3715594
1,10000,3391489,248221,3639710
1,10000,3434464,266226,3700690
1,10000,3342227,270133,3612360
1,10000,3438787,192737,3631524
1,10000,3418317,206539,3624856
1,10000,3456851,210759,3667610
1,10000,3350243,259433,3609676
1,10000,3407469,129998,3537467
1,10000,3450952,272042,3722994
1,10000,3435989,167913,3603902
1,10000,3431780,215961,3647741
1,10000,3302075,205528,3507603
1,10000,3457932,193750,3651682
1,10000,3420958,249132,3670090
1,10000,3438893,153644,3592537
1,10000,3419556,213167,3632723
1,10000,3400158,177002,3577160
1,10000,3425469,217821,3643290
1,10000,3434427,274633,3709060
1,10000,3287106,202657,3489763
1,10000,3386767,271562,3658329
1,10000,3896777,206351,4103128
1,10000,3353060,240051,3593111
1,10000,3335691,196330,3532021
1,10000,3400545,203282,3603827
1,10000,3421712,184921,3606633
1,10000,3306780,260111,3566891
1,10000,3426260,182666,3608926
1,10000,3291252,213673,3504925
1,10000,3269571,206574,3476145
1,10000,3447891,154512,3602403
1,10000,3347259,134762,3482021
1,10000,3442453,145455,3587908
1,10000,3450235,192455,3642690
1,10000,3440781,232326,3673107
1,10000,3880545,203544,4084089
1,10000,3436334,211375,3647709
1,10000,3358492,213187,3571679
1,10000,3430783,256652,3687435
1,10000,3326782,210485,3537267
1,10000,3408548,207075,3615623
1,10000,3419254,265662,3684916
1,10000,3436257,208556,3644813
1,10000,3319050,204244,3523294
1,10000,3306264,196296,3502560
1,10000,3321186,204890,3526076
1,10000,3441010,142457,3583467
1,10000,3863834,207982,4071816
1,10000,3383260,295007,3678267
1,10000,3442561,241495,3684056
1,10000,3604754,230683,3835437
1,10000,3411898,197912,3609810
1,10000,3400496,185344,3585840
1,10000,3398300,200560,3598860
1,10000,3387587,258549,3646136
1,10000,3398408,152370,3550778
1,10000,3431760,221442,3653202
1,10000,3309710,229326,3539036
1,10000,3377379,217152,3594531
1,10000,3392402,192648,3585050
1,10000,3744771,234271,3979042
1,10000,3396676,165014,3561690
1,10000,3402554,238342,3640896
1,10000,3770152,192524,3962676
1,10000,3302400,199990,3502390
1,10000,3351608,193352,3544960
1,10000,3445340,226689,3672029
1,10000,3451055,289927,3740982
1,10000,3873714,202258,4075972
1,10000,3783341,222666,4006007
1,10000,3821063,202434,4023497
1,10000,3418489,190246,3608735
1,10000,3382317,202173,3584490
1,10000,3336531,266603,3603134
1,10000,3826272,235876,4062148
1,10000,3413706,183322,3597028
1,10000,3864815,187415,4052230
1,10000,3840718,155130,3995848
1,10000,3382733,201616,3584349
1,10000,3404913,210502,3615415
1,10000,3419611,203019,3622630
1,10000,3390962,227320,3618282
1,10000,3466202,197097,3663299
1,10000,3850287,201039,4051326
1,10000,3434799,286704,3721503
1,10000,3456874,122309,3579183
1,10000,3406039,278528,3684567
1,10000,3428072,190083,3618155
1,10000,3370938,194912,3565850
1,10000,3371225,266890,3638115
1,10000,3388881,263956,3652837
1,10000,3457987,144730,3602717
1,10000,3417480,215642,3633122
1,10000,3309295,197583,3506878
1,10000,3422285,151921,3574206
1,10000,3372634,204287,3576921
1,10000,3386496,257064,3643560
1,10000,3275198,183909,3459107
1,10000,3491559,132315,3623874
1,10000,3440963,205392,3646355
1,10000,3859463,235673,4095136
1,10000,3403069,263643,3666712
1,10000,3320028,264059,3584087
1,10000,3338586,257024,3595610
1,10000,3434415,262559,3696974
1,10000,3367713,259291,3627004
1,10000,3407869,226562,3634431
1,10000,3391881,186454,3578335
1,10000,3833972,248979,4082951
1,10000,3434115,231969,3666084
1,10000,3296018,225459,3521477
1,10000,3297954,239538,3537492
1,10000,3386143,293640,3679783
1,10000,3828905,210108,4039013
1,10000,3351658,214010,3565668
1,10000,3451161,239431,3690592
1,10000,3710958,320498,4031456
1,10000,3450113,184049,3634162
1,10000,3394256,188104,3582360
1,10000,3612177,144601,3756778
1,10000,3956743,200339,4157082
1,10000,3329109,202571,3531680
1,10000,3311982,257589,3569571
1,10000,3414528,191202,3605730
1,10000,3431209,198106,3629315
1,10000,3887042,192282,4079324
1,10000,3871988,264479,4136467
1,10000,3397035,232221,3629256
1,10000,3410618,206847,3617465
1,10000,3395382,283380,3678762
1,10000,3500566,139470,3640036
1,20000,6754048,334603,7088651
1,20000,6799715,287300,7087015
1,20000,6696319,481751,7178070
1,20000,7805905,322845,8128750
1,20000,7877579,332928,8210507
1,20000,6738453,323444,7061897
1,20000,7535832,317384,7853216
1,20000,6738087,305274,7043361
1,20000,6820862,304828,7125690
1,20000,6827906,350357,7178263
1,20000,7707822,351911,8059733
1,20000,6793276,295820,7089096
1,20000,6762832,326362,7089194
1,20000,7674475,315195,7989670
1,20000,6736994,356742,7093736
1,20000,6740158,279206,7019364
1,20000,7665206,348639,8013845
1,20000,6695404,294685,6990089
1,20000,6691749,325945,7017694
1,20000,6788511,323707,7112218
1,20000,7439677,330566,7770243
1,20000,6673920,363380,7037300
1,20000,6785993,501716,7287709
1,20000,7635917,340609,7976526
1,20000,6761393,363652,7125045
1,20000,6751319,342405,7093724
1,20000,7772652,313968,8086620
1,20000,6704679,314707,7019386
1,20000,6722838,371106,7093944
1,20000,6807793,266305,7074098
1,20000,6766064,267505,7033569
1,20000,7531259,313057,7844316
1,20000,6828965,378662,7207627
1,20000,6698267,317834,7016101
1,20000,6678944,281144,6960088
1,20000,6783971,342919,7126890
1,20000,6677460,324742,7002202
1,20000,7546123,347119,7893242
1,20000,6786130,319867,7105997
1,20000,6730568,345545,7076113
1,20000,6763519,333199,7096718
1,20000,6799206,428330,7227536
1,20000,6776618,291766,7068384
1,20000,6813216,332500,7145716
1,20000,6828083,297163,7125246
1,20000,7777038,338857,8115895
1,20000,7559911,336805,7896716
1,20000,7808141,317139,8125280
1,20000,7654044,331722,7985766
1,20000,6750238,333148,7083386
1,20000,6731589,326068,7057657
1,20000,6826780,316755,7143535
1,20000,7618818,331081,7949899
1,20000,7593179,417573,8010752
1,20000,7814227,358930,8173157
1,20000,6715815,383058,7098873
1,20000,7672517,357421,8029938
1,20000,6675077,355097,7030174
1,20000,6857763,286801,7144564
1,20000,6844625,331475,7176100
1,20000,7571880,328574,7900454
1,20000,6800397,450723,7251120
1,20000,7619528,332746,7952274
1,20000,7552891,313848,7866739
1,20000,6804774,311518,7116292
1,20000,7714020,520747,8234767
1,20000,6771083,320698,7091781
1,20000,6718379,343971,7062350
1,20000,7535949,327362,7863311
1,20000,7510277,337572,7847849
1,20000,7680408,329965,8010373
1,20000,6751955,375349,7127304
1,20000,6836852,323843,7160695
1,20000,6816382,346642,7163024
1,20000,6761351,332481,7093832
1,20000,7748728,333962,8082690
1,20000,6755910,378802,7134712
1,20000,7834632,313105,8147737
1,20000,6777958,394734,7172692
1,20000,7950554,335941,8286495
1,20000,6819738,396346,7216084
1,20000,6646191,353660,6999851
1,20000,6788692,317388,7106080
1,20000,6748441,369212,7117653
1,20000,6824687,270626,7095313
1,20000,6826945,381844,7208789
1,20000,6763726,440955,7204681
1,20000,7602055,335116,7937171
1,20000,6838865,306061,7144926
1,20000,6716182,347585,7063767
1,20000,7802646,314986,8117632
1,20000,6831790,300845,7132635
1,20000,7668189,318912,7987101
1,20000,6648604,334573,6983177
1,20000,6778433,281724,7060157
1,20000,7758016,308693,8066709
1,20000,6755750,386073,7141823
1,20000,6812042,279167,7091209
1,20000,6822799,282797,7105596
1,20000,7549476,393810,7943286
1,20000,6720319,323474,7043793
1,20000,6834922,296836,7131758
1,20000,6790803,320281,7111084
1,20000,6775092,369376,7144468
1,20000,6680416,328802,7009218
1,20000,6684200,338770,7022970
1,20000,6775225,319927,7095152
1,20000,7607948,339551,7947499
1,20000,6732272,388249,7120521
1,20000,6741616,292886,7034502
1,20000,6753530,383021,7136551
1,20000,6756494,299202,7055696
1,20000,6650091,294502,6944593
1,20000,7591970,405625,7997595
1,20000,6799245,304329,7103574
1,30000,11871478,434628,12306106
1,30000,11817449,334745,12152194
1,30000,10324492,378999,10703491
1,30000,10455903,448449,10904352
1,30000,10522347,395906,10918253
1,30000,10495049,383432,10878481
1,30000,10385600,453090,10838690
1,30000,10447728,352622,10800350
1,30000,10388283,341628,10729911
1,30000,11924472,334835,12259307
1,30000,10689622,495382,11185004
1,30000,10429170,489255,10918425
1,30000,11737946,361247,12099193
1,30000,12017023,615044,12632067
1,30000,10504780,367503,10872283
1,30000,10315602,484790,10800392
1,30000,10437223,365635,10802858
1,30000,10511761,370422,10882183
1,30000,10427699,556269,10983968
1,30000,10459114,395049,10854163
1,30000,10553050,456243,11009293
1,30000,10410467,360996,10771463
1,30000,11867344,561698,12429042
1,30000,11996849,356596,12353445
1,30000,10490333,384766,10875099
1,30000,11759395,391583,12150978
1,30000,10479473,339843,10819316
1,30000,12047553,361151,12408704
1,30000,11992529,333974,12326503
1,30000,10516271,366387,10882658
1,30000,10452090,368944,10821034
1,30000,12040362,512735,12553097
1,30000,10557354,460789,11018143
1,30000,10308439,489467,10797906
1,30000,10444188,415080,10859268
1,30000,10434138,424973,10859111
1,30000,10458365,386886,10845251
1,30000,10357723,409123,10766846
1,30000,12052051,572692,12624743
1,30000,11803450,490625,12294075
1,30000,11911989,346017,12258006
1,30000,10423625,493999,10917624
1,30000,11943520,450348,12393868
1,30000,10388673,358560,10747233
1,30000,10447858,442151,10890009
1,30000,10455299,355927,10811226
1,30000,10465761,417551,10883312
1,30000,10346352,373594,10719946
1,30000,10363526,403642,10767168
1,30000,10419588,380404,10799992
1,30000,10451726,356711,10808437
1,30000,10362988,399621,10762609
1,30000,10596038,490173,11086211
1,30000,10489169,388984,10878153
1,30000,10366138,463794,10829932
1,30000,11993542,594953,12588495
1,30000,10373762,441155,10814917
1,30000,10515142,493493,11008635
1,30000,10476840,433805,10910645
1,30000,10480876,432331,10913207
1,30000,10479246,471186,10950432
1,30000,10485955,360383,10846338
1,30000,10375191,352013,10727204
1,30000,10469199,351320,10820519
1,30000,10427850,363788,10791638
1,30000,10497939,355642,10853581
1,30000,11881674,360683,12242357
1,30000,11639154,587781,12226935
1,30000,10468901,432348,10901249
1,30000,10503304,362252,10865556
1,30000,10504029,363765,10867794
1,30000,10381945,432363,10814308
1,30000,11860729,568126,12428855
1,30000,11954751,340994,12295745
1,30000,11852324,431754,12284078
1,30000,11898745,596356,12495101
1,30000,10479734,529615,11009349
1,30000,10445365,488313,10933678
1,30000,12049047,643831,12692878
1,30000,10440470,489046,10929516
1,30000,10413298,356443,10769741
1,30000,11856487,363680,12220167
1,30000,10511691,378236,10889927
1,30000,10446930,419982,10866912
1,30000,10480317,494043,10974360
1,30000,10437152,391155,10828307
1,30000,10469357,500754,10970111
1,30000,11945543,572005,12517548
1,30000,10492660,362372,10855032
1,30000,10433938,418671,10852609
1,30000,11863135,654214,12517349
1,30000,11971407,533439,12504846
1,30000,10384321,459295,10843616
1,30000,10461934,360308,10822242
1,30000,10473594,532422,11006016
1,30000,11996050,609011,12605061
1,30000,11957056,451402,12408458
1,30000,10414335,410588,10824923
1,30000,10513456,370437,10883893
1,30000,11880966,326607,12207573
1,30000,11868997,461402,12330399
1,30000,10391724,611225,11002949
1,30000,10482747,368685,10851432
1,30000,10470818,374222,10845040
1,30000,10522232,350503,10872735
1,30000,10504248,359999,10864247
1,30000,10453832,369985,10823817
1,30000,11757324,640058,12397382
1,30000,10630574,374190,11004764
1,30000,11995398,362837,12358235
1,30000,11769389,344214,12113603
1,30000,11885161,426365,12311526
1,30000,10388363,367916,10756279
1,30000,10636382,516572,11152954
1,30000,10326189,425134,10751323
1,40000,14295772,621267,14917039
1,40000,14234856,573089,14807945
1,40000,14277206,490717,14767923
1,40000,16412376,660652,17073028
1,40000,14319961,511825,14831786
1,40000,16317044,687252,17004296
1,40000,14337021,569738,14906759
1,40000,16284713,709142,16993855
1,40000,14490895,633887,15124782
1,40000,16411904,560550,16972454
1,40000,14345588,574634,14920222
1,40000,14533085,632387,15165472
1,40000,14396004,567151,14963155
1,40000,14537645,642592,15180237
1,40000,14314622,599236,14913858
1,40000,14345527,590684,14936211
1,40000,16157019,761764,16918783
1,40000,16342932,780913,17123845
1,40000,14307632,542631,14850263
1,40000,16358987,698320,17057307
1,40000,14350594,585235,14935829
1,40000,16462300,689705,17152005
1,40000,14351345,517499,14868844
1,40000,14358653,586412,14945065
1,40000,14219106,599961,14819067
1,40000,14493335,644983,15138318
1,40000,16272700,783099,17055799
1,40000,14460488,576728,15037216
1,40000,14334500,628744,14963244
1,40000,14449706,589474,15039180
1,40000,14265698,609174,14874872
1,40000,14522037,636184,15158221
1,40000,14485190,555022,15040212
1,40000,14275866,568656,14844522
1,40000,16379353,704542,17083895
1,40000,14140014,534479,14674493
1,40000,14365801,646054,15011855
1,40000,16220186,486936,16707122
1,40000,16366167,689325,17055492
1,40000,14354384,583522,14937906
1,40000,14386811,623991,15010802
1,40000,14350812,595529,14946341
1,40000,16379885,681245,17061130
1,40000,15931315,710216,16641531
1,40000,14387822,581041,14968863
1,40000,14540323,573699,15114022
1,40000,14192826,590916,14783742
1,40000,14251257,507701,14758958
1,40000,14216618,585880,14802498
1,40000,16325265,747550,17072815
1,40000,14406386,555013,14961399
1,40000,16430188,725534,17155722
1,40000,14387537,594277,14981814
1,40000,14233905,534950,14768855
1,40000,14463877,625423,15089300
1,40000,14156903,498318,14655221
1,40000,14371443,596784,14968227
1,40000,14228053,541332,14769385
1,40000,14278543,538444,14816987
1,40000,14234426,595939,14830365
1,40000,14399513,560641,14960154
1,40000,14425945,622295,15048240
1,40000,14306404,500127,14806531
1,40000,14255628,560492,14816120
1,40000,14223475,544412,14767887
1,40000,14514491,573145,15087636
1,40000,16338986,734841,17073827
1,40000,14239273,569058,14808331
1,40000,14339345,621731,14961076
1,40000,15959439,723863,16683302
1,40000,14548384,512436,15060820
1,40000,14208729,545929,14754658
1,40000,16304295,735859,17040154
1,40000,16285379,728171,17013550
1,40000,16199433,689863,16889296
1,40000,14332295,506595,14838890
1,40000,14362606,626478,14989084
1,40000,14207267,562382,14769649
1,40000,14346129,560723,14906852
1,40000,16250921,543936,16794857
1,40000,16116775,714057,16830832
1,40000,14446004,708893,15154897
1,40000,14399879,577499,14977378
1,40000,16382345,726579,17108924
1,40000,18110359,707322,18817681
1,40000,14290316,566475,14856791
1,40000,16324126,678552,17002678
1,40000,14301363,517346,14818709
1,40000,14392338,594164,14986502
1,40000,14074912,522269,14597181
1,40000,14377167,588653,14965820
1,40000,16350113,712795,17062908
1,40000,14225343,515374,14740717
1,40000,16281464,694069,16975533
1,40000,16321367,725133,17046500
1,40000,14341453,586246,14927699
1,40000,14323058,595338,14918396
1,40000,14371228,538656,14909884
1,40000,14237858,571292,14809150
1,40000,14215151,553889,14769040
1,40000,14172733,621494,14794227
1,40000,14456876,553022,15009898
1,40000,16452309,722954,17175263
1,40000,14278199,590077,14868276
1,40000,14211528,606631,14818159
1,40000,14280979,548988,14829967
1,40000,14310256,576219,14886475
1,40000,14303994,604319,14908313
1,40000,14304718,623779,14928497
1,40000,14479250,617371,15096621
1,40000,14339107,736739,15075846
1,40000,14374679,550239,14924918
1,40000,14203322,571058,14774380
1,40000,14280459,615730,14896189
1,40000,14473209,607503,15080712
1,50000,20506935,533931,21040866
1,50000,20470158,586577,21056735
1,50000,18290929,569355,18860284
1,50000,18244306,582307,18826613
1,50000,18335586,738050,19073636
1,50000,20758841,812464,21571305
1,50000,18036060,743651,18779711
1,50000,20534324,826409,21360733
1,50000,18435743,581178,19016921
1,50000,18179963,681054,18861017
1,50000,18191077,713391,18904468
1,50000,18242787,739015,18981802
1,50000,20549495,886148,21435643
1,50000,18159886,629885,18789771
1,50000,18301424,548081,18849505
1,50000,18145916,682036,18827952
1,50000,18228208,638545,18866753
1,50000,18131812,621582,18753394
1,50000,18171926,704794,18876720
1,50000,18277489,590160,18867649
1,50000,18309348,587714,18897062
1,50000,20759421,692266,21451687
1,50000,20558506,682461,21240967
1,50000,18005540,596579,18602119
1,50000,20742437,721322,21463759
1,50000,20590324,793957,21384281
1,50000,18265667,604726,18870393
1,50000,20482769,586641,21069410
1,50000,20753645,783130,21536775
1,50000,20551196,656780,21207976
1,50000,18307121,575935,18883056
1,50000,20693773,859943,21553716
1,50000,18388938,610575,18999513
1,50000,17971749,756466,18728215
1,50000,18161486,561148,18722634
1,50000,18122309,629947,18752256
1,50000,18305699,590615,18896314
1,50000,18364012,575330,18939342
1,50000,18311427,682538,18993965
1,50000,18226321,600765,18827086
1,50000,18084294,672557,18756851
1,50000,20588411,772545,21360956
1,50000,18113224,605082,18718306
1,50000,20894902,594162,21489064
1,50000,20711739,653882,21365621
1,50000,18243579,623611,18867190
1,50000,18286497,719794,19006291
1,50000,18329073,604112,18933185
1,50000,18132640,686444,18819084
1,50000,18193083,629620,18822703
1,50000,18248563,582680,18831243
1,50000,18234769,633148,18867917
1,50000,18109308,584881,18694189
1,50000,20737035,595790,21332825
1,50000,18039176,634187,18673363
1,50000,18120304,603515,18723819
1,50000,18277315,596580,18873895
1,50000,18206192,619123,18825315
1,50000,20543197,591196,21134393
1,50000,18175665,766542,18942207
1,50000,20854265,691209,21545474
1,50000,18297052,577298,18874350
1,50000,18005313,821934,18827247
1,50000,18051084,617214,18668298
1,50000,18179405,609575,18788980
1,50000,18336580,690871,19027451
1,50000,20694694,677668,21372362
1,50000,18280295,731425,19011720
1,50000,18137495,684885,18822380
1,50000,20864233,855527,21719760
1,50000,18206266,684274,18890540
1,50000,20492838,564314,21057152
1,50000,18278486,585386,18863872
1,50000,20706582,762820,21469402
1,50000,18208614,574329,18782943
1,50000,20649704,650908,21300612
1,50000,18160405,693169,18853574
1,50000,18186839,617028,18803867
1,50000,18333255,721024,19054279
1,50000,18336898,686784,19023682
1,50000,18310022,584582,18894604
1,50000,18144965,618458,18763423
1,50000,18253869,626944,18880813
1,50000,18044085,714056,18758141
1,50000,18328103,719806,19047909
1,50000,18105712,721930,18827642
1,50000,18063030,717421,18780451
1,50000,18141370,674862,18816232
1,50000,18229880,713928,18943808
1,50000,18136366,620057,18756423
1,50000,20613102,722894,21335996
1,50000,18260645,698012,18958657
1,50000,18155817,615836,18771653
1,50000,18301886,715605,19017491
1,50000,18138715,695308,18834023
1,50000,18307889,607008,18914897
1,50000,18275674,589249,18864923
1,50000,18305926,606106,18912032
1,50000,20653819,740507,21394326
1,50000,18071908,581628,18653536
1,50000,18217542,727200,18944742
1,50000,18039670,578460,18618130
1,50000,20540795,574870,21115665
1,50000,17944225,674937,18619162
1,50000,18150154,659932,18810086
1,50000,18206490,611285,18817775
1,50000,18097845,564924,18662769
1,50000,18147512,591381,18738893
1,50000,18281757,722229,19003986
1,50000,18098193,589875,18688068
1,50000,20643223,770236,21413459
1,50000,18164386,606506,18770892
1,50000,20734246,871619,21605865
1,50000,18206862,749544,18956406
1,50000,20864391,778855,21643246
1,60000,25174556,792779,25967335
1,60000,25150052,947045,26097097
1,60000,22116103,788962,22905065
1,60000,25170958,935473,26106431
1,60000,25175427,885616,26061043
1,60000,21967882,847759,22815641
1,60000,22077936,780692,22858628
1,60000,25136713,1023302,26160015
1,60000,25223095,924160,26147255
1,60000,22050334,790732,22841066
1,60000,21920641,766173,22686814
1,60000,25185869,966921,26152790
1,60000,25139299,895609,26034908
1,60000,21998197,769313,22767510
1,60000,25245197,982725,26227922
1,60000,25068517,924231,25992748
1,60000,22030651,778003,22808654
1,60000,22044912,848546,22893458
1,60000,22155737,774515,22930252
1,60000,25105260,953341,26058601
1,60000,25114718,949828,26064546
1,60000,25091478,899585,25991063
1,60000,25171282,899317,26070599
1,60000,25168292,971367,26139659
1,60000,22166142,829960,22996102
1,60000,22277900,737471,23015371
1,60000,22224757,786336,23011093
1,60000,22176625,817694,22994319
1,60000,21980592,841795,22822387
1,60000,21993926,841154,22835080
1,60000,22162953,821077,22984030
1,60000,21867832,853401,22721233
1,60000,25279314,912239,26191553
1,60000,22175749,783839,22959588
1,60000,24943948,964134,25908082
1,60000,22085155,801189,22886344
1,60000,25080311,895059,25975370
1,60000,25088830,883154,25971984
1,60000,24881207,903213,25784420
1,60000,22046301,927859,22974160
1,60000,21963894,845988,22809882
1,60000,22012858,881956,22894814
1,60000,22015867,853970,22869837
1,60000,22265930,871008,23136938
1,60000,22068624,724350,22792974
1,60000,25039649,972708,26012357
1,60000,22119908,743453,22863361
1,60000,22109715,888612,22998327
1,60000,21959687,848912,22808599
1,60000,22182559,866916,23049475
1,60000,22214829,870014,23084843
1,60000,25216360,896959,26113319
1,60000,22192138,797437,22989575
1,60000,22031030,830679,22861709
1,60000,25074030,967989,26042019
1,60000,22056739,956623,23013362
1,60000,22248316,833245,23081561
1,60000,25057327,895842,25953169
1,60000,24951743,1048951,26000694
1,60000,24998717,961755,25960472
1,60000,22019446,814560,22834006
1,60000,25051497,932519,25984016
1,60000,25123696,912796,26036492
1,60000,22009320,845854,22855174
1,60000,22164624,837401,23002025
1,60000,22085377,761914,22847291
1,60000,25109605,946219,26055824
1,60000,25280445,922982,26203427
1,60000,25186181,969611,26155792
1,60000,25148994,927827,26076821
1,60000,22120502,786160,22906662
1,60000,25432760,969306,26402066
1,60000,22131887,810420,22942307
1,60000,22114671,819690,22934361
1,60000,25151555,899085,26050640
1,60000,25042602,954441,25997043
1,60000,25249826,887758,26137584
1,60000,22158691,835871,22994562
1,60000,25034022,893252,25927274
1,60000,25242076,726686,25968762
1,60000,22085762,862949,22948711
1,60000,22020679,741025,22761704
1,60000,22133769,824107,22957876
1,60000,24891085,958831,25849916
1,60000,22191756,743825,22935581
1,60000,25070932,923028,25993960
1,60000,21983666,779638,22763304
1,60000,22016937,846627,22863564
1,60000,22129547,794394,22923941
1,60000,22142130,735644,22877774
1,60000,22124799,831395,22956194
1,60000,25056832,949487,26006319
1,60000,25051628,863019,25914647
1,60000,21986514,730968,22717482
1,60000,22299219,824939,23124158
1,60000,22131951,805634,22937585
1,60000,25142165,946376,26088541
1,60000,22258065,765078,23023143
1,60000,22032881,833777,22866658
1,60000,21936224,838688,22774912
1,60000,22141830,805966,22947796
1,60000,22134039,798378,22932417
1,60000,22107133,803167,22910300
1,60000,22098986,904690,23003676
1,60000,25209942,975499,26185441
1,60000,22090946,828409,22919355
1,60000,21961556,848990,22810546
1,60000,22018690,831269,22849959
1,60000,22040247,809729,22849976
1,60000,21897509,793574,22691083
1,60000,25227797,766891,25994688
1,60000,24989550,953844,25943394
1,60000,22118467,755189,22873656
1,60000,22182019,796782,22978801
1,60000,22164043,764670,22928713
1,70000,26099763,1088295,27188058
1,70000,26087486,941858,27029344
1,70000,29561616,1048978,30610594
1,70000,26263276,900261,27163537
1,70000,26145930,945235,27091165
1,70000,26164495,997826,27162321
1,70000,26100504,1007357,27107861
1,70000,25910123,905023,26815146
1,70000,29524986,1144133,30669119
1,70000,26104332,932928,27037260
1,70000,26066108,920081,26986189
1,70000,26004000,872140,26876140
1,70000,29805547,1039671,30845218
1,70000,26088231,993780,27082011
1,70000,26167095,894304,27061399
1,70000,29539238,953866,30493104
1,70000,29792366,938611,30730977
1,70000,26030081,885170,26915251
1,70000,26091543,918430,27009973
1,70000,26007883,905018,26912901
1,70000,29665184,998019,30663203
1,70000,26060076,883717,26943793
1,70000,26233478,930286,27163764
1,70000,26115856,935443,27051299
1,70000,29746344,1073356,30819700
1,70000,29598415,1009574,30607989
1,70000,25917624,936201,26853825
1,70000,29547390,808479,30355869
1,70000,26015464,874000,26889464
1,70000,26171854,884687,27056541
1,70000,25998041,964908,26962949
1,70000,29998849,1083173,31082022
1,70000,26186597,946612,27133209
1,70000,26004280,894828,26899108
1,70000,25926044,953762,26879806
1,70000,26074028,966757,27040785
1,70000,26200393,902408,27102801
1,70000,25862759,801545,26664304
1,70000,26293595,1009722,27303317
1,70000,25971171,901595,26872766
1,70000,26162012,899344,27061356
1,70000,29730366,1009998,30740364
1,70000,29699238,1005343,30704581
1,70000,25988382,950606,26938988
1,70000,26194729,984264,27178993
1,70000,26052583,820661,26873244
1,70000,26016703,898866,26915569
1,70000,26262517,918327,27180844
1,70000,29481510,1004590,30486100
1,70000,29708310,1010342,30718652
1,70000,26135687,1020803,27156490
1,70000,25956673,801900,26758573
1,70000,26248735,1014942,27263677
1,70000,29767840,1030954,30798794
1,70000,25877686,849534,26727220
1,70000,29678902,1108816,30787718
1,70000,26018342,927779,26946121
1,70000,26106681,903115,27009796
1,70000,26145262,903765,27049027
1,70000,26188460,962735,27151195
1,70000,26095894,933388,27029282
1,70000,25996523,884764,26881287
1,70000,25992529,857975,26850504
1,70000,26099643,915926,27015569
1,70000,26117287,868945,26986232
1,70000,26099905,1071481,27171386
1,70000,26058422,860718,26919140
1,70000,29916547,1066897,30983444
1,70000,25965130,905379,26870509
1,70000,26098456,913025,27011481
1,70000,26258600,942732,27201332
1,70000,26210367,950908,27161275
1,70000,29398861,1074438,30473299
1,70000,26092127,846524,26938651
1,70000,26384653,943676,27328329
1,70000,29770304,1074452,30844756
1,70000,26281552,862511,27144063
1,70000,26016592,950944,26967536
1,70000,26184410,886932,27071342
1,70000,26136286,968568,27104854
1,70000,26201531,1018160,27219691
1,70000,26219160,878527,27097687
1,70000,29979297,1099034,31078331
1,70000,25927712,868593,26796305
1,70000,26182378,939172,27121550
1,70000,26161507,920984,27082491
1,70000,26153273,983001,27136274
1,70000,26167998,907503,27075501
1,70000,29805526,1147548,30953074
1,70000,26045574,864047,26909621
1,70000,26123262,995763,27119025
1,70000,26158813,1007012,27165825
1,70000,26327544,931758,27259302
1,70000,26074260,874103,26948363
1,70000,29959881,1054534,31014415
1,70000,26144265,932603,27076868
1,70000,25825043,879788,26704831
1,70000,26128207,940121,27068328
1,70000,26401440,931584,27333024
1,70000,26197071,930520,27127591
1,70000,26089326,895507,26984833
1,70000,26137734,967075,27104809
1,70000,26117880,1004787,27122667
1,70000,26075359,904737,26980096
1,70000,26216955,943695,27160650
1,70000,26085542,961735,27047277
1,70000,26087918,796046,26883964
1,70000,26088758,774778,26863536
1,70000,26061926,895284,26957210
1,70000,26110073,965718,27075791
1,70000,26217507,919097,27136604
1,70000,26100366,899176,26999542
1,70000,29495588,982200,30477788
1,70000,26156436,1015802,27172238
1,70000,30024054,917475,30941529
1,80000,34571176,1127630,35698806
1,80000,34535251,1182916,35718167
1,80000,34162423,1371364,35533787
1,80000,30089509,1044584,31134093
1,80000,34417615,1153766,35571381
1,80000,30261194,1071074,31332268
1,80000,34265503,1088174,35353677
1,80000,30206430,1072936,31279366
1,80000,30209785,1060638,31270423
1,80000,34176559,1243053,35419612
1,80000,34438071,1097949,35536020
1,80000,34325756,1077361,35403117
1,80000,30165660,985905,31151565
1,80000,30105628,1078054,31183682
1,80000,34118785,1183966,35302751
1,80000,30124400,963300,31087700
1,80000,30102087,1003414,31105501
1,80000,34054045,1140913,35194958
1,80000,30043418,990287,31033705
1,80000,30339188,1115655,31454843
1,80000,30203415,1077268,31280683
1,80000,30114717,1047709,31162426
1,80000,30087440,890672,30978112
1,80000,30077422,944027,31021449
1,80000,30246989,1077836,31324825
1,80000,30313361,1029769,31343130
1,80000,30405401,1095032,31500433
1,80000,30184043,1058674,31242717
1,80000,29842174,1064032,30906206
1,80000,34049164,1307010,35356174
1,80000,30243102,1102562,31345664
1,80000,34382719,1290251,35672970
1,80000,30185607,1018791,31204398
1,80000,30180435,1010648,31191083
1,80000,30118759,1110565,31229324
1,80000,30238528,1028147,31266675
1,80000,29974132,1063349,31037481
1,80000,30075028,1020466,31095494
1,80000,34417010,1176765,35593775
1,80000,34022348,1053411,35075759
1,80000,29905675,1056253,30961928
1,80000,34164838,1289962,35454800
1,80000,30194666,1108394,31303060
1,80000,30258431,1002083,31260514
1,80000,29880837,1014588,30895425
1,80000,30249708,955315,31205023
1,80000,30079593,1043663,31123256
1,80000,34447381,1180497,35627878
1,80000,34425848,1032666,35458514
1,80000,30192563,1045187,31237750
1,80000,34027601,1377156,35404757
1,80000,34319970,1073205,35393175
1,80000,34074933,1186297,35261230
1,80000,30168777,1043315,31212092
1,80000,29871709,1051409,30923118
1,80000,30222267,1031836,31254103
1,80000,30164269,1014790,31179059
1,80000,30021711,1186047,31207758
1,80000,30129344,908493,31037837
1,80000,34194965,1115328,35310293
1,80000,34271515,1093757,35365272
1,80000,34505560,1137535,35643095
1,80000,29971217,1088568,31059785
1,80000,30210097,1044408,31254505
1,80000,30039272,1075260,31114532
1,80000,30205497,1138841,31344338
1,80000,30045768,1030602,31076370
1,80000,34058053,1247415,35305468
1,80000,30200243,1046328,31246571
1,80000,30077048,1053821,31130869
1,80000,30125169,1061800,31186969
1,80000,34177993,1277913,35455906
1,80000,30297589,1076263,31373852
1,80000,30123902,1077282,31201184
1,80000,30105763,1050591,31156354
1,80000,30127771,1210192,31337963
1,80000,30260109,1083149,31343258
1,80000,30046471,1030696,31077167
1,80000,29970011,995618,30965629
1,80000,34443856,1132998,35576854
1,80000,30122682,910947,31033629
1,80000,34272459,1188672,35461131
1,80000,34224314,1181298,35405612
1,80000,30030778,1041797,31072575
1,80000,34547179,1169087,35716266
1,80000,34086003,1029926,35115929
1,80000,30043713,1069235,31112948
1,80000,34219798,1194399,35414197
1,80000,30097697,998743,31096440
1,80000,30177092,1056362,31233454
1,80000,33965023,1332274,35297297
1,80000,34212296,1072709,35285005
1,80000,29912506,1017940,30930446
1,80000,30391704,1054021,31445725
1,80000,29866310,991441,30857751
1,80000,34253049,1049921,35302970
1,80000,30193243,1149923,31343166
1,80000,30176764,1067231,31243995
1,80000,30158399,1145216,31303615
1,80000,30175334,1157187,31332521
1,80000,30012290,985956,30998246
1,80000,30130478,1198766,31329244
1,80000,30293434,1114324,31407758
1,80000,34371111,1290275,35661386
1,80000,29832975,1126218,30959193
1,80000,30080185,1010940,31091125
1,80000,30316470,1024745,31341215
1,80000,30118576,1060752,31179328
1,80000,30118632,1053380,31172012
1,80000,30076005,1031297,31107302
1,80000,30149618,1056537,31206155
1,80000,29969100,1051561,31020661
1,80000,30156235,1116649,31272884
1,80000,29991285,1125002,31116287
1,80000,34444661,1107991,35552652
1,90000,38958857,1246825,40205682
1,90000,34197556,1354509,35552065
1,90000,34240457,1284882,35525339
1,90000,34083444,1149641,35233085
1,90000,34082962,1187066,35270028
1,90000,38644150,1360517,40004667
1,90000,34078968,1186114,35265082
1,90000,38999514,1477370,40476884
1,90000,34133360,1210790,35344150
1,90000,34144121,1157028,35301149
1,90000,38749062,1281766,40030828
1,90000,34130401,1231175,35361576
1,90000,34167211,1140657,35307868
1,90000,34062533,1207698,35270231
1,90000,38867092,1333903,40200995
1,90000,34154459,1199538,35353997
1,90000,34214941,1187509,35402450
1,90000,38919577,1190736,40110313
1,90000,33999901,1088982,35088883
1,90000,38927170,1192667,40119837
1,90000,38756594,1178423,39935017
1,90000,39336012,1220301,40556313
1,90000,34170475,1199355,35369830
1,90000,34124963,1130308,35255271
1,90000,34121642,1248770,35370412
1,90000,34227291,1145479,35372770
1,90000,38948863,1302431,40251294
1,90000,33973634,1187761,35161395
1,90000,39096761,1259722,40356483
1,90000,38561725,1228518,39790243
1,90000,39046494,1330591,40377085
1,90000,34134485,1177390,35311875
1,90000,34085498,1297318,35382816
1,90000,38837411,1410668,40248079
1,90000,34446450,1142628,35589078
1,90000,34276431,1204734,35481165
1,90000,34100918,1081666,35182584
1,90000,34296725,1203846,35500571
1,90000,34072011,1140823,35212834
1,90000,34296562,1172738,35469300
1,90000,38978375,1316586,40294961
1,90000,38662233,1219400,39881633
1,90000,33961859,1208066,35169925
1,90000,34204345,1180159,35384504
1,90000,34183667,1205055,35388722
1,90000,34290416,1207276,35497692
1,90000,38946336,1444089,40390425
1,90000,34101181,1161921,35263102
1,90000,34279330,1301050,35580380
1,90000,39153984,1306828,40460812
1,90000,34048625,1105772,35154397
1,90000,38969682,1220339,40190021
1,90000,34207059,1341414,35548473
1,90000,39045795,1280546,40326341
1,90000,38957889,1376871,40334760
1,90000,33993040,1194149,35187189
1,90000,34002779,1100227,35103006
1,90000,34172769,1173057,35345826
1,90000,34085840,1091553,35177393
1,90000,38842978,1318669,40161647
1,90000,34149939,1141290,35291229
1,90000,38922930,1304082,40227012
1,90000,34190948,1300716,35491664
1,90000,34385032,1228759,35613791
1,90000,38849471,1295476,40144947
1,90000,38871704,1221560,40093264
1,90000,38668370,1250845,39919215
1,90000,34088184,1099110,35187294
1,90000,38810564,1458859,40269423
1,90000,34173618,1284480,35458098
1,90000,38901513,1403746,40305259
1,90000,34187470,1162641,35350111
1,90000,38804610,1313935,40118545
1,90000,33985157,1186207,35171364
1,90000,39093785,1428751,40522536
1,90000,39064774,1309660,40374434
1,90000,34397799,1188977,35586776
1,90000,34155602,1169179,35324781
1,90000,39033558,1199162,40232720
1,90000,34168566,1138801,35307367
1,90000,34034925,1085860,35120785
1,90000,39176418,1356113,40532531
1,90000,38859356,1216439,40075795
1,90000,34277964,1175976,35453940
1,90000,38847374,1325632,40173006
1,90000,38391435,1167253,39558688
1,90000,38776520,1209375,39985895
1,90000,39076787,1330492,40407279
1,90000,38963532,1362695,40326227
1,90000,33868576,1188204,35056780
1,90000,34314023,1202605,35516628
1,90000,38825663,1296456,40122119
1,90000,33890856,1149603,35040459
1,90000,38864947,1299360,40164307
1,90000,34025367,1089049,35114416
1,90000,38896478,1468768,40365246
1,90000,34237538,1195366,35432904
1,90000,38880305,1503210,40383515
1,90000,34289101,1328387,35617488
1,90000,34234399,1182637,35417036
1,90000,34288997,1304200,35593197
1,90000,39101429,1289855,40391284
1,90000,33966200,1112687,35078887
1,90000,34092294,1272427,35364721
1,90000,33974472,1093778,35068250
1,90000,34045981,1097968,35143949
1,90000,33995679,1194395,35190074
1,90000,34325224,1175176,35500400
1,90000,34378954,1208001,35586955
1,90000,33997757,1188206,35185963
1,90000,34203120,1192750,35395870
1,90000,33995050,1292625,35287675
1,90000,34282360,1135562,35417922
1,90000,38883763,1511069,40394832
1,90000,38969217,1316959,40286176
1,100000,43353474,1575547,44929021
1,100000,38526545,1355557,39882102
1,100000,38365376,1293209,39658585
1,100000,43686904,1594860,45281764
1,100000,38214292,1380759,39595051
1,100000,38429822,1322013,39751835
1,100000,38485372,1255450,39740822
1,100000,38488258,1281632,39769890
1,100000,38273926,1373874,39647800
1,100000,38163267,1380156,39543423
1,100000,43517955,1474279,44992234
1,100000,43539896,1252163,44792059
1,100000,38351861,1281370,39633231
1,100000,38525425,1367279,39892704
1,100000,38355893,1240496,39596389
1,100000,38322915,1452420,39775335
1,100000,38088681,1317635,39406316
1,100000,38300613,1434389,39735002
1,100000,38279273,1315561,39594834
1,100000,38460022,1286266,39746288
1,100000,38308313,1286064,39594377
1,100000,38214061,1313670,39527731
1,100000,38489124,1315786,39804910
1,100000,38363113,1244334,39607447
1,100000,38467050,1267674,39734724
1,100000,38440998,1297158,39738156
1,100000,38371116,1266653,39637769
1,100000,38310135,1278066,39588201
1,100000,43641663,1244505,44886168
1,100000,38347487,1369692,39717179
1,100000,43727682,1373502,45101184
1,100000,38194390,1203389,39397779
1,100000,38420599,1355009,39775608
1,100000,43727736,1347039,45074775
1,100000,43800650,1526686,45327336
1,100000,38404734,1379073,39783807
1,100000,38390208,1293902,39684110
1,100000,38492230,1304177,39796407
1,100000,38177252,1216284,39393536
1,100000,38339839,1210718,39550557
1,100000,38230898,1258459,39489357
1,100000,38383664,1387545,39771209
1,100000,38339912,1195452,39535364
1,100000,38407652,1194791,39602443
1,100000,38444461,1274097,39718558
1,100000,43524710,1474846,44999556
1,100000,43481222,1665631,45146853
1,100000,38367552,1368715,39736267
1,100000,38563263,1272071,39835334
1,100000,43972187,1312529,45284716
1,100000,38167343,1214013,39381356
1,100000,38180941,1253960,39434901
1,100000,38302945,1325393,39628338
1,100000,38235226,1291280,39526506
1,100000,38487333,1332258,39819591
1,100000,38107723,1192925,39300648
1,100000,38179507,1312619,39492126
1,100000,38437065,1355292,39792357
1,100000,38450270,1271109,39721379
1,100000,38453904,1299379,39753283
1,100000,43798819,1453121,45251940
1,100000,38292426,1310188,39602614
1,100000,38435343,1307998,39743341
1,100000,38335544,1353948,39689492
1,100000,43792103,1729168,45521271
1,100000,38425564,1222229,39647793
1,100000,43249942,1648233,44898175
1,100000,43275367,1572918,44848285
1,100000,38206669,1442885,39649554
1,100000,43806277,1390153,45196430
1,100000,38077043,1314556,39391599
1,100000,38535750,1280423,39816173
1,100000,38341052,1315707,39656759
1,100000,43626207,1452258,45078465
1,100000,38429711,1405224,39834935
1,100000,43671452,1411675,45083127
1,100000,43710240,1488424,45198664
1,100000,38098804,1190082,39288886
1,100000,43695348,1530466,45225814
1,100000,38399378,1252917,39652295
1,100000,38270052,1209296,39479348
1,100000,43515794,1555866,45071660
1,100000,43544390,1665412,45209802
1,100000,43763227,1501005,45264232
1,100000,38329420,1285151,39614571
1,100000,38297512,1276562,39574074
1,100000,43891596,1347748,45239344
1,100000,43546261,1456099,45002360
1,100000,38273778,1274241,39548019
1,100000,38255031,1309699,39564730
1,100000,38283532,1298336,39581868
1,100000,38394594,1303881,39698475
1,100000,38641837,1359463,40001300
1,100000,38244721,1306166,39550887
1,100000,38332551,1230901,39563452
1,100000,38328209,1272949,39601158
1,100000,38963335,1300162,40263497
1,100000,43536046,1357281,44893327
1,100000,38251560,1298337,39549897
1,100000,43779829,1438680,45218509
1,100000,38385529,1342611,39728140
1,100000,38438611,1240670,39679281
1,100000,38224192,1280475,39504667
1,100000,38354722,1352338,39707060
1,100000,38501076,1309546,39810622
1,100000,43497749,1603531,45101280
1,100000,38254809,1259544,39514353
1,100000,43785857,1600504,45386361
1,100000,38263890,1283076,39546966
1,100000,38352725,1296400,39649125
1,100000,43660207,1332454,44992661
1,100000,38195929,1203378,39399307
1,100000,43838836,1420497,45259333
1,100000,38258172,1223032,39481204
1,100000,38132713,1314215,39446928
1,100000,38147094,1325079,39472173
1,100000,38047080,1387830,39434910
1,100000,38156069,1309332,39465401
1,100000,38226197,1341223,39567420
1,100000,43870920,1379662,45250582
1,100000,38184625,1215084,39399709
1,100000,38375390,1314190,39689580
1,100000,38244419,1280831,39525250
1,100000,38349361,1373407,39722768
1,100000,38337631,1351591,39689222
1,100000,38363474,1321407,39684881
1,100000,38225719,1362322,39588041
1,100000,38457590,1224449,39682039
1,100000,38056890,1394811,39451701
1,100000,38178223,1384539,39562762
1,100000,43704226,1367090,45071316
1,100000,38153047,1315060,39468107
1,100000,38272567,1366401,39638968
1,100000,38113321,1302538,39415859
1,100000,38346589,1186288,39532877
1,100000,43488617,1444998,44933615
1,100000,38096645,1181277,39277922
1,100000,44041394,1414379,45455773
1,100000,43935686,1326514,45262200
1,100000,38354232,1228810,39583042
1,100000,38370979,1356969,39727948
1,100000,43617017,1493536,45110553
1,100000,38179869,1249981,39429850
1,100000,38349518,1438449,39787967
1,100000,38425297,1293097,39718394
1,100000,43838783,1499856,45338639
1,100000,38147138,1247354,39394492
1,100000,38446213,1404726,39850939
1,100000,43642623,1555149,45197772
1,100000,38502693,1347058,39849751
1,100000,44018287,1325491,45343778
1,100000,44125957,1463869,45589826
1,100000,38443279,1246477,39689756
1,100000,38404878,1207731,39612609
1,100000,38349878,1364756,39714634
1,100000,38150030,1296179,39446209
1,100000,43441717,1451891,44893608
1,100000,38399296,1291960,39691256
1,100000,38294481,1351198,39645679
1,100000,38139205,1287949,39427154
1,100000,38332897,1274699,39607596
1,100000,38534027,1321055,39855082
1,100000,37843890,1341629,39185519
1,100000,38306131,1264356,39570487
1,100000,38365858,1342097,39707955
1,100000,43432541,1568901,45001442
1,100000,44047642,1349325,45396967
1,100000,43591721,1349453,44941174
1,100000,43989053,1346772,45335825
1,100000,43414960,1513519,44928479
1,100000,43507699,1497614,45005313
1,100000,43374029,1296724,44670753
1,100000,38428335,1381782,39810117
1,100000,38337832,1240304,39578136
1,100000,38379674,1179743,39559417
1,100000,38348158,1302688,39650846
1,100000,38413905,1335816,39749721
1,100000,43794131,1339689,45133820
1,100000,38415119,1364431,39779550
1,100000,38386403,1315561,39701964
1,100000,43687502,1416955,45104457
1,100000,38479955,1380639,39860594
1,100000,37980764,1242996,39223760
1,100000,38322851,1306802,39629653
1,100000,38361757,1366135,39727892
1,100000,38380834,1273942,39654776
1,100000,38329494,1356810,39686304
1,100000,43842704,1383315,45226019
1,100000,38165197,1202538,39367735
1,100000,38138048,1307571,39445619
1,100000,38346203,1332167,39678370
1,100000,38350950,1264891,39615841
1,100000,43522506,1343900,44866406
1,100000,38274373,1336579,39610952
1,100000,38380577,1248597,39629174
1,100000,38258972,1334260,39593232
1,100000,38444124,1188108,39632232
1,100000,38270806,1314132,39584938
1,100000,38345037,1368090,39713127
1,100000,38475167,1212954,39688121
1,100000,43369590,1546852,44916442
1,100000,43656616,1478897,45135513
1,100000,38425861,1329365,39755226
1,100000,38220702,1350604,39571306
1,100000,38320053,1308130,39628183
1,100000,38022444,1308275,39330719
1,100000,38378699,1334709,39713408
1,100000,43770488,1352994,45123482
1,100000,43543049,1355897,44898946
1,100000,38441991,1301874,39743865
1,100000,38392940,1352774,39745714
1,100000,38335319,1346370,39681689
1,100000,38350027,1284824,39634851
1,100000,43650952,1358145,45009097
1,100000,38372862,1214535,39587397
1,100000,38387192,1265640,39652832
1,100000,38239601,1277722,39517323
1,100000,43512944,1555339,45068283
1,100000,43838596,1294822,45133418
1,100000,38227753,1460756,39688509
1,100000,38500962,1312799,39813761
1,100000,38234874,1318933,39553807
1,100000,38179099,1259182,39438281
1,100000,43843763,1389427,45233190
1,100000,43673700,1352943,45026643
1,100000,38336081,1368544,39704625
1,100000,38243743,1192284,39436027
1,100000,38266578,1295943,39562521
1,100000,38414881,1301894,39716775
1,100000,43962992,1392903,45355895
1,200000,80521575,2500704,83022279
1,200000,81025117,2524474,83549591
1,200000,80872012,2443061,83315073
1,200000,80972927,2409463,83382390
1,200000,92030053,2861990,94892043
1,200000,80809819,2570482,83380301
1,200000,92437136,2699975,95137111
1,200000,80377926,2490520,82868446
1,200000,81322421,2297356,83619777
1,200000,91960274,2717493,94677767
1,200000,92478977,2592092,95071069
1,200000,81203485,2318244,83521729
1,200000,80924857,2474535,83399392
1,200000,80661751,2290832,82952583
1,200000,81052290,2529382,83581672
1,200000,80809178,2486314,83295492
1,200000,80775118,2278723,83053841
1,200000,92443257,2535670,94978927
1,200000,80926563,2468883,83395446
1,200000,81209749,2358533,83568282
1,200000,91976814,2753314,94730128
1,200000,81000127,2526795,83526922
1,200000,91805880,2731203,94537083
1,200000,81229673,2414169,83643842
1,200000,92287704,2569618,94857322
1,200000,92654885,2505314,95160199
1,200000,81043912,2406183,83450095
1,200000,80702905,2518836,83221741
1,200000,92408059,2536360,94944419
1,200000,80994992,2541764,83536756
1,200000,80501919,2476842,82978761
1,200000,81174761,2329367,83504128
1,200000,92014443,2718616,94733059
1,200000,80993414,2454589,83448003
1,200000,80931432,2516538,83447970
1,200000,92461123,2888545,95349668
1,200000,92586404,2867688,95454092
1,200000,80745994,2415163,83161157
1,200000,80158643,2470503,82629146
1,200000,91883684,2772337,94656021
1,200000,80687620,2401045,83088665
1,200000,81596732,2553368,84150100
1,200000,80769153,2610822,83379975
1,200000,81073204,2329240,83402444
1,200000,92574066,2540961,95115027
1,200000,81172819,2476878,83649697
1,200000,80920708,2464537,83385245
1,200000,80981571,2405044,83386615
1,200000,80972952,2415245,83388197
1,200000,92458589,2545201,95003790
1,200000,80721032,2553669,83274701
1,200000,80273453,2410414,82683867
1,200000,81179336,2501966,83681302
1,200000,81012512,2462848,83475360
1,200000,80545714,2482639,83028353
1,200000,80863985,2434076,83298061
1,200000,92094861,2785165,94880026
1,200000,80885141,2276199,83161340
1,200000,81215431,2495895,83711326
1,200000,81175142,2427942,83603084
1,200000,80802616,2471769,83274385
1,200000,92588387,2551541,95139928
1,200000,80977418,2570239,83547657
1,200000,92591518,2710299,95301817
1,200000,92238360,2734874,94973234
1,200000,81223140,2535995,83759135
1,200000,80952568,2280653,83233221
1,200000,91537132,2889826,94426958
1,200000,91997017,2694220,94691237
1,200000,80415941,2462412,82878353
1,200000,81163045,2595506,83758551
1,200000,92676227,2570203,95246430
1,200000,91849316,2687282,94536598
1,200000,92111110,2729534,94840644
1,200000,81235922,2521981,83757903
1,200000,80939921,2247152,83187073
1,200000,92224439,2961383,95185822
1,200000,91459083,2933158,94392241
1,200000,81105376,2472674,83578050
1,200000,81001905,2471041,83472946
1,200000,80912733,2443931,83356664
1,200000,81106083,2607393,83713476
1,200000,81291468,2467551,83759019
1,200000,80457604,2274286,82731890
1,200000,92206908,2702213,94909121
1,200000,80965766,2313936,83279702
1,200000,81299595,2568141,83867736
1,200000,80283874,2509991,82793865
1,200000,92162735,2626239,94788974
1,200000,92058399,2676894,94735293
1,200000,80789907,2469728,83259635
1,200000,80490569,2518905,83009474
1,200000,80778394,2452154,83230548
1,200000,80879489,2606745,83486234
1,200000,80746234,2482497,83228731
1,200000,80560743,2289692,82850435
1,200000,81146218,2401047,83547265
1,200000,81152824,2427868,83580692
1,200000,80984208,2429771,83413979
1,200000,80828874,2511621,83340495
1,200000,80885090,2508264,83393354
1,200000,92404129,2512203,94916332
1,200000,92270904,2455851,94726755
1,200000,92004158,2602769,94606927
1,200000,91988627,2666896,94655523
1,200000,80982225,2445898,83428123
1,200000,81539258,2345928,83885186
1,200000,81252637,2574605,83827242
1,200000,80956157,2443400,83399557
1,200000,80777008,2310172,83087180
1,200000,92084966,2673281,94758247
1,200000,80763386,2262190,83025576
1,200000,92094370,2857849,94952219
1,200000,80541090,2481783,83022873
1,200000,92121658,2825620,94947278
1,300000,142656849,3787230,146444079
1,300000,125322350,3760655,129083005
1,300000,142656011,4140098,146796109
1,300000,124693810,3350903,128044713
1,300000,142625748,4027759,146653507
1,300000,142622422,4097916,146720338
1,300000,124729635,3366204,128095839
1,300000,142800010,4102376,146902386
1,300000,125215923,3627442,128843365
1,300000,142019007,4237983,146256990
1,300000,125569169,3770154,129339323
1,300000,124223853,3624036,127847889
1,300000,124654100,3675279,128329379
1,300000,124772058,3682648,128454706
1,300000,124895771,3676451,128572222
1,300000,125412204,3472413,128884617
1,300000,125178729,3610797,128789526
1,300000,125660483,3758692,129419175
1,300000,143063928,4146633,147210561
1,300000,142075619,4261973,146337592
1,300000,124432611,3667214,128099825
1,300000,125678882,3636217,129315099
1,300000,124491457,3649364,128140821
1,300000,142375616,4262052,146637668
1,300000,125676763,3733700,129410463
1,300000,125355124,3584239,128939363
1,300000,125807157,3734442,129541599
1,300000,125349785,3704701,129054486
1,300000,142885201,4254834,147140035
1,300000,125498799,3669651,129168450
1,300000,125385575,3756013,129141588
1,300000,142362612,4286958,146649570
1,300000,142638184,4368798,147006982
1,300000,142158971,3893317,146052288
1,300000,142384399,3975754,146360153
1,300000,125558883,3752711,129311594
1,300000,124713870,3650301,128364171
1,300000,125328430,3555713,128884143
1,300000,124347205,3305630,127652835
1,300000,142849330,4203276,147052606
1,300000,124563833,3644827,128208660
1,300000,142888990,4270877,147159867
1,300000,125417723,3682632,129100355
1,300000,126136508,3752093,129888601
1,300000,142486656,3973398,146460054
1,300000,124627315,3640640,128267955
1,300000,125801803,3589296,129391099
1,300000,125621416,3729177,129350593
1,300000,124860417,3654896,128515313
1,300000,125333923,3472977,128806900
1,300000,125332710,3565873,128898583
1,300000,125479030,3463854,128942884
1,300000,125192253,3681204,128873457
1,300000,142770634,4263132,147033766
1,300000,125238845,3750167,128989012
1,300000,125472075,3859152,129331227
1,300000,142889589,4242393,147131982
1,300000,125610678,3428767,129039445
1,300000,142656703,3855068,146511771
1,300000,142996281,3922568,146918849
1,300000,125060244,3667721,128727965
1,300000,142626478,4242455,146868933
1,300000,125881430,3743431,129624861
1,300000,143626133,4271572,147897705
1,300000,124682456,3350811,128033267
1,300000,142094619,4162894,146257513
1,300000,125122047,3662775,128784822
1,300000,142833428,3864734,146698162
1,300000,142741885,4108703,146850588
1,300000,125152935,3388781,128541716
1,300000,124782807,3654305,128437112
1,300000,125168935,3741840,128910775
1,300000,125215769,3649754,128865523
1,300000,142785782,3931216,146716998
1,300000,125328167,3752063,129080230
1,300000,125540257,3744898,129285155
1,300000,124993275,3614663,128607938
1,300000,124665608,3712743,128378351
1,300000,125520218,3714217,129234435
1,300000,125103311,3821075,128924386
1,300000,142614134,4188038,146802172
1,300000,142273568,3952956,146226524
1,300000,125004610,3388309,128392919
1,300000,125033968,3628495,128662463
1,300000,124877963,3338267,128216230
1,300000,143184859,3917178,147102037
1,300000,124652458,3575906,128228364
1,300000,142176718,4128834,146305552
1,300000,124973250,3646217,128619467
1,300000,142639102,4100737,146739839
1,300000,124884265,3362592,128246857
1,300000,142312070,4361006,146673076
1,300000,125484797,3694652,129179449
1,300000,124691656,3339347,128031003
1,300000,124524513,3710816,128235329
1,300000,124544132,3684333,128228465
1,300000,143272736,4035399,147308135
1,300000,125516215,3703823,129220038
1,300000,125448188,3642437,129090625
1,300000,125232304,3684402,128916706
1,300000,125455812,3686194,129142006
1,300000,125415367,3779332,129194699
1,300000,143893232,3987082,147880314
1,300000,125352493,3619985,128972478
1,300000,143376621,4148962,147525583
1,300000,125922864,3645463,129568327
1,300000,125427913,3748848,129176761
1,300000,125632823,3703729,129336552
1,300000,125180893,3658782,128839675
1,300000,125565753,3385808,128951561
1,300000,142240459,4212455,146452914
1,300000,125129739,3643513,128773252
1,300000,142343990,3908823,146252813
1,300000,141941915,3930307,145872222
1,300000,125295351,3344080,128639431
1,400000,170884862,4976005,175860867
1,400000,170819910,4912044,175731954
1,400000,194567575,5111731,199679306
1,400000,194918583,5487215,200405798
1,400000,170097009,5007535,175104544
1,400000,170760727,4821252,175581979
1,400000,194143750,5495234,199638984
1,400000,194640323,5634492,200274815
1,400000,194821912,5583104,200405016
1,400000,170833258,4838413,175671671
1,400000,169892539,4464895,174357434
1,400000,170622509,4925647,175548156
1,400000,170980176,4937024,175917200
1,400000,169867536,4441099,174308635
1,400000,194839500,5621052,200460552
1,400000,170717479,4865397,175582876
1,400000,194823652,5686510,200510162
1,400000,171078395,4813030,175891425
1,400000,170912496,4964798,175877294
1,400000,169926782,4975196,174901978
1,400000,170745871,4888000,175633871
1,400000,170760680,4931865,175692545
1,400000,170675680,4872930,175548610
1,400000,170943540,4827592,175771132
1,400000,171015574,4984004,175999578
1,400000,169990242,4511868,174502110
1,400000,170827337,4990740,175818077
1,400000,171076294,4844694,175920988
1,400000,171050522,4869478,175920000
1,400000,194843094,5699830,200542924
1,400000,169483203,4836942,174320145
1,400000,195254711,5344768,200599479
1,400000,171379471,4503131,175882602
1,400000,169353111,4976427,174329538
1,400000,170605038,4958491,175563529
1,400000,170949719,4988657,175938376
1,400000,194761410,5595083,200356493
1,400000,170869172,4944175,175813347
1,400000,194456740,5423191,199879931
1,400000,194961525,5277415,200238940
1,400000,169780035,4803955,174583990
1,400000,194609557,5557287,200166844
1,400000,169732873,4835564,174568437
1,400000,170720052,4815217,175535269
1,400000,194426276,5067629,199493905
1,400000,170870755,4891036,175761791
1,400000,171087256,4829044,175916300
1,400000,171126594,4892863,176019457
1,400000,194742551,5737059,200479610
1,400000,170000473,4836200,174836673
1,400000,195565615,5208869,200774484
1,400000,171326243,4764551,176090794
1,400000,169972443,4920453,174892896
1,400000,194780344,5570805,200351149
1,400000,194406250,5402799,199809049
1,400000,171372279,4988187,176360466
1,400000,169419546,4795621,174215167
1,400000,171345732,4836989,176182721
1,400000,171285115,4940042,176225157
1,400000,171009515,4886124,175895639
1,400000,170972609,4946356,175918965
1,400000,170637566,4819861,175457427
1,400000,170964546,4900448,175864994
1,400000,169597333,4822486,174419819
1,400000,194247285,5270177,199517462
1,400000,194539798,5519742,200059540
1,400000,194885855,5168024,200053879
1,400000,171362614,4990549,176353163
1,400000,171008748,4609128,175617876
1,400000,169589523,4417273,174006796
1,400000,194676845,5115105,199791950
1,400000,194504692,5297525,199802217
1,400000,171349940,4986666,176336606
1,400000,171069779,4707732,175777511
1,400000,171037301,4727857,175765158
1,400000,194835717,5593150,200428867
1,400000,194073385,5238856,199312241
1,400000,170602436,4995343,175597779
1,400000,171090700,4957552,176048252
1,400000,170758393,4870946,175629339
1,400000,170553185,4895557,175448742
1,400000,170954287,4582934,175537221
1,400000,169636836,4820282,174457118
1,400000,194899721,5553051,200452772
1,400000,194231364,5546900,199778264
1,400000,171053524,5001299,176054823
1,400000,171055267,4828329,175883596
1,400000,170967834,4967738,175935572
1,400000,170789373,4883398,175672771
1,400000,170802158,4890811,175692969
1,400000,195680902,5763424,201444326
1,400000,170855688,4776208,175631896
1,400000,194397875,5052952,199450827
1,400000,171043375,4955301,175998676
1,400000,195450507,5516847,200967354
1,400000,195962169,5110359,201072528
1,400000,169788833,4814292,174603125
1,400000,194878173,5294559,200172732
1,400000,194785455,5479144,200264599
1,400000,194928414,5391440,200319854
1,400000,194538375,5268313,199806688
1,400000,170224342,4433490,174657832
1,400000,194921778,5181234,200103012
1,400000,195795590,5655511,201451101
1,400000,170912697,5084247,175996944
1,400000,194330307,5419461,199749768
1,400000,194482621,5472613,199955234
1,400000,169658098,4805956,174464054
1,400000,194805730,5297896,200103626
1,400000,171139103,4670161,175809264
1,400000,194431154,5437443,199868597
1,400000,194575890,5523446,200099336
1,400000,169756030,4488780,174244810
1,400000,194681309,5654209,200335518
1,400000,195523748,5369952,200893700
1,500000,217929525,6174185,224103710
1,500000,247263219,6910383,254173602
1,500000,217230932,6094355,223325287
1,500000,217319770,5815037,223134807
1,500000,217328570,6062460,223391030
1,500000,247717585,6837272,254554857
1,500000,247383493,7011728,254395221
1,500000,216265738,5517380,221783118
1,500000,247529373,6532134,254061507
1,500000,217091514,6202480,223293994
1,500000,246651053,6291642,252942695
1,500000,247149240,6979600,254128840
1,500000,217348887,6190623,223539510
1,500000,247461540,6815113,254276653
1,500000,247176659,6807629,253984288
1,500000,248156842,6998553,255155395
1,500000,218088096,6224431,224312527
1,500000,217420585,6014215,223434800
1,500000,247118939,6958382,254077321
1,500000,216122006,5491325,221613331
1,500000,217773427,6074570,223847997
1,500000,247217468,6925298,254142766
1,500000,247417439,6929354,254346793
1,500000,247105447,6823418,253928865
1,500000,217766559,5607669,223374228
1,500000,215382719,5990756,221373475
1,500000,246948082,6749583,253697665
1,500000,246961537,6759926,253721463
1,500000,215424905,5974935,221399840
1,500000,216914986,6055920,222970906
1,500000,247949328,6273220,254222548
1,500000,246660790,6386282,253047072
1,500000,217824468,6158627,223983095
1,500000,217298944,6068444,223367388
1,500000,217583711,6095323,223679034
1,500000,216049230,6055978,222105208
1,500000,247679713,6247987,253927700
1,500000,216743947,6061645,222805592
1,500000,217449104,6170191,223619295
1,500000,216442330,6067599,222509929
1,500000,217444040,6213909,223657949
1,500000,247567300,6973102,254540402
1,500000,215680051,5556227,221236278
1,500000,247140058,6358655,253498713
1,500000,217247201,5725570,222972771
1,500000,217730495,6211556,223942051
1,500000,247720781,6515007,254235788
1,500000,215729130,6049748,221778878
1,500000,216048078,6031582,222079660
1,500000,216364912,5565874,221930786
1,500000,247426594,6919405,254345999
1,500000,247926355,6451718,254378073
1,500000,217573800,6035002,223608802
1,500000,247589821,6309800,253899621
1,500000,247568601,6951273,254519874
1,500000,216978257,6161844,223140101
1,500000,217073559,6145517,223219076
1,500000,217500574,5619678,223120252
1,500000,217149465,6151251,223300716
1,500000,247244219,6955134,254199353
1,500000,247760404,6943031,254703435
1,500000,217471524,6199029,223670553
1,500000,247526653,6942822,254469475
1,500000,216832877,6039260,222872137
1,500000,247676058,6895821,254571879
1,500000,217230043,6130198,223360241
1,500000,247826112,6982994,254809106
1,500000,247925120,6503321,254428441
1,500000,248073116,6800369,254873485
1,500000,247729959,6883490,254613449
1,500000,244276028,6907757,251183785
1,500000,217611378,6024462,223635840
1,500000,217411074,6096583,223507657
1,500000,247795370,6970783,254766153
1,500000,247105936,6527658,253633594
1,500000,246466431,6477462,252943893
1,500000,247332132,7000470,254332602
1,500000,217228144,5960270,223188414
1,500000,247253809,6388987,253642796
1,500000,217960372,6179825,224140197
1,500000,217028632,6026050,223054682
1,500000,247028093,6973575,254001668
1,500000,217351480,5997355,223348835
1,500000,215824423,6004741,221829164
1,500000,247048233,6957473,254005706
1,500000,215798110,6004643,221802753
1,500000,247184009,6903763,254087772
1,500000,247262733,6920925,254183658
1,500000,216772380,6269005,223041385
1,500000,247562307,6959772,254522079
1,500000,248309550,6923217,255232767
1,500000,216268782,6027207,222295989
1,500000,217513371,6007310,223520681
1,500000,246760104,7026090,253786194
1,500000,246856627,6813574,253670201
1,500000,216241951,5538116,221780067
1,500000,217182592,6110851,223293443
1,500000,217713431,6068913,223782344
1,500000,216955395,6052017,223007412
1,500000,247741075,7135643,254876718
1,500000,217445834,6074087,223519921
1,500000,217472796,6101957,223574753
1,500000,247255835,7071695,254327530
1,500000,248292992,6557459,254850451
1,500000,215409352,5599766,221009118
1,500000,215430560,6094507,221525067
1,500000,215576717,5965703,221542420
1,500000,247838437,6865503,254703940
1,500000,247470228,6710455,254180683
1,500000,217518998,5976184,223495182
1,500000,217319111,6073988,223393099
1,500000,218052124,5737308,223789432
1,500000,215896298,5948195,221844493
1,500000,217519675,6094607,223614282
1,500000,217283402,6041647,223325049
1,600000,264627000,7275486,271902486
1,600000,301615238,7662946,309278184
1,600000,264513608,7212259,271725867
1,600000,262883234,7384897,270268131
1,600000,301857583,8713525,310571108
1,600000,264459978,7323878,271783856
1,600000,263923009,7328539,271251548
1,600000,262171808,7224304,269396112
1,600000,301829388,7932268,309761656
1,600000,262558886,7189359,269748245
1,600000,262481653,6841384,269323037
1,600000,262757324,7211354,269968678
1,600000,264292791,7437237,271730028
1,600000,263032830,6767244,269800074
1,600000,300732715,8359756,309092471
1,600000,302108845,8262954,310371799
1,600000,302188530,8288887,310477417
1,600000,301326489,8262436,309588925
1,600000,301028323,8315901,309344224
1,600000,301204895,8224613,309429508
1,600000,264572812,7244643,271817455
1,600000,301541473,8222878,309764351
1,600000,264024373,7477394,271501767
1,600000,301490990,8304610,309795600
1,600000,299887250,8220191,308107441
1,600000,264437708,7423670,271861378
1,600000,264341135,7347189,271688324
1,600000,264654646,7293624,271948270
1,600000,264589679,7556411,272146090
1,600000,264302594,7370315,271672909
1,600000,264491601,7294190,271785791
1,600000,263615181,7416284,271031465
1,600000,264554485,7577425,272131910
1,600000,301367633,8345757,309713390
1,600000,300919654,8470131,309389785
1,600000,264428458,7448482,271876940
1,600000,264244652,7501749,271746401
1,600000,264438908,7358484,271797392
1,600000,301305420,7922460,309227880
1,600000,262331400,7233302,269564702
1,600000,263729407,7221503,270950910
1,600000,300333648,7757309,308090957
1,600000,264713263,7347354,272060617
1,600000,264717932,7383767,272101699
1,600000,300977792,8313230,309291022
1,600000,301467552,8451145,309918697
1,600000,264844845,7283897,272128742
1,600000,264684224,7409825,272094049
1,600000,263335900,7345999,270681899
1,600000,265358878,7380164,272739042
1,600000,300656721,8293498,308950219
1,600000,300923757,8321653,309245410
1,600000,264067032,6867854,270934886
1,600000,263869646,7276766,271146412
1,600000,301121996,8284957,309406953
1,600000,264479000,7339870,271818870
1,600000,263895515,6758948,270654463
1,600000,262808435,7237027,270045462
1,600000,300804835,7847744,308652579
1,600000,265132868,7451521,272584389
1,600000,264796842,7171058,271967900
1,600000,264559950,7254278,271814228
1,600000,301758639,8479884,310238523
1,600000,264444059,7247980,271692039
1,600000,263987914,7399080,271386994
1,600000,263064945,7243385,270308330
1,600000,301135012,8320484,309455496
1,600000,264528446,7579726,272108172
1,600000,264505093,7375325,271880418
1,600000,300939752,8227612,309167364
1,600000,264758425,7150232,271908657
1,600000,301020815,8448118,309468933
1,600000,264451924,7291310,271743234
1,600000,264571480,7339031,271910511
1,600000,302355336,8333244,310688580
1,600000,301242942,8158564,309401506
1,600000,301609196,8196929,309806125
1,600000,303314787,7910938,311225725
1,600000,300779062,7687473,308466535
1,600000,263856576,7443085,271299661
1,600000,263190217,7219529,270409746
1,600000,263395936,7308655,270704591
1,600000,262692092,7267080,269959172
1,600000,264765602,7404241,272169843
1,600000,262780312,6857496,269637808
1,600000,264730774,7213823,271944597
1,600000,300032348,8278815,308311163
1,600000,302262253,7898226,310160479
1,600000,264293314,7240871,271534185
1,600000,264893570,6803354,271696924
1,600000,300886357,8350788,309237145
1,600000,264898223,7273625,272171848
1,600000,301996671,8475260,310471931
1,600000,264146331,7242457,271388788
1,600000,262916053,7270856,270186909
1,600000,263232017,7321324,270553341
1,600000,264564802,7398795,271963597
1,600000,263020640,7223341,270243981
1,600000,264156629,7276094,271432723
1,600000,264223249,7256215,271479464
1,600000,264939788,7405818,272345606
1,600000,264329338,7435409,271764747
1,600000,300743285,8467667,309210952
1,600000,265190911,7239777,272430688
1,600000,301488544,7524672,309013216
1,600000,301652833,7796684,309449517
1,600000,264074005,7417238,271491243
1,600000,300442544,8264733,308707277
1,600000,264543497,7440907,271984404
1,600000,264444797,7253204,271698001
1,600000,301248289,7612830,308861119
1,600000,262475335,6659497,269134832
1,600000,300861281,7860590,308721871
1,600000,265211142,7519633,272730775
1,600000,264691955,7236892,271928847
1,700000,354897809,9020708,363918517
1,700000,311462467,8668363,320130830
1,700000,312665218,8474872,321140090
1,700000,310257198,7949148,318206346
1,700000,311983847,8680799,320664646
1,700000,354839489,9741862,364581351
1,700000,310036541,8544800,318581341
1,700000,312056931,8399726,320456657
1,700000,312134426,8626741,320761167
1,700000,310632218,8494321,319126539
1,700000,353779831,9820116,363599947
1,700000,312701155,8581861,321283016
1,700000,311895872,8622217,320518089
1,700000,311891920,8461474,320353394
1,700000,356126637,9627089,365753726
1,700000,310293244,8428780,318722024
1,700000,312087158,8663828,320750986
1,700000,354724438,9766256,364490694
1,700000,355274006,9831566,365105572
1,700000,311903688,8617620,320521308
1,700000,313036204,8385737,321421941
1,700000,355566025,9702233,365268258
1,700000,353425507,9765630,363191137
1,700000,355680051,9764862,365444913
1,700000,312124645,8646608,320771253
1,700000,354386113,9076015,363462128
1,700000,311169901,7810159,318980060
1,700000,311911875,8554554,320466429
1,700000,311518279,8659182,320177461
1,700000,313461158,8587374,322048532
1,700000,312330056,8701351,321031407
1,700000,356620474,9733869,366354343
1,700000,312677563,8037315,320714878
1,700000,355560759,8869578,364430337
1,700000,351247318,9568891,360816209
1,700000,312362610,8430143,320792753
1,700000,312198174,8682712,320880886
1,700000,353738007,9031029,362769036
1,700000,354661850,9821630,364483480
1,700000,312301428,8657481,320958909
1,700000,354622966,9838472,364461438
1,700000,354728370,9848804,364577174
1,700000,354369771,9691758,364061529
1,700000,354738639,9742243,364480882
1,700000,355692985,9842011,365534996
1,700000,355926614,9893533,365820147
1,700000,355454530,9719541,365174071
1,700000,355327799,9160761,364488560
1,700000,310118323,7894769,318013092
1,700000,355161797,9859695,365021492
1,700000,313103849,8493379,321597228
1,700000,355876265,9839110,365715375
1,700000,312229133,8498212,320727345
1,700000,312294252,8646121,320940373
1,700000,312281458,8041370,320322828
1,700000,355427151,9058532,364485683
1,700000,309999321,8452955,318452276
1,700000,354282094,9817653,364099747
1,700000,310608735,8442538,319051273
1,700000,354832467,9626594,364459061
1,700000,354643190,9637443,364280633
1,700000,312463798,8525345,320989143
1,700000,356063414,9882245,365945659
1,700000,355379623,9164358,364543981
1,700000,311488186,8701463,320189649
1,700000,309608657,8497180,318105837
1,700000,310119684,8151431,318271115
1,700000,356267895,9660484,365928379
1,700000,311675945,8646772,320322717
1,700000,355171812,9624741,364796553
1,700000,312074823,8533762,320608585
1,700000,312260159,8648593,320908752
1,700000,312333967,8590227,320924194
1,700000,354903595,9086641,363990236
1,700000,311330899,8386298,319717197
1,700000,312506810,8643158,321149968
1,700000,312413192,8642957,321056149
1,700000,311629552,8630725,320260277
1,700000,311248243,8466532,319714775
1,700000,312233492,8634026,320867518
1,700000,310073480,8049341,318122821
1,700000,356073379,9834290,365907669
1,700000,355216321,9322429,364538750
1,700000,355219692,9786093,365005785
1,700000,356594316,9973866,366568182
1,700000,312542738,8621168,321163906
1,700000,312156650,8186212,320342862
1,700000,312185820,8582685,320768505
1,700000,354438576,9729639,364168215
1,700000,311606154,8626396,320232550
1,700000,312334208,8713432,321047640
1,700000,355529317,9731147,365260464
1,700000,312166135,8657247,320823382
1,700000,310425368,8453593,318878961
1,700000,353734366,9251908,362986274
1,700000,355247542,9931018,365178560
1,700000,354626774,9718157,364344931
1,700000,354964933,9727344,364692277
1,700000,312086547,8684619,320771166
1,700000,312066883,8730466,320797349
1,700000,355015318,9642625,364657943
1,700000,357073705,9795539,366869244
1,700000,311457415,8474462,319931877
1,700000,356112858,9808010,365920868
1,700000,312620755,8645139,321265894
1,700000,309624667,8494964,318119631
1,700000,311460698,8524542,319985240
1,700000,312333959,8435079,320769038
1,700000,313666483,8610892,322277375
1,700000,312243090,8399798,320642888
1,700000,312391461,8638058,321029519
1,700000,312351159,8642586,320993745
1,700000,354848481,9648214,364496695
1,700000,310207026,8440738,318647764
1,700000,355744559,9824909,365569468
1,800000,410533311,11157588,421690899
1,800000,409429978,11326580,420756558
1,800000,357865262,9658575,367523837
1,800000,361165886,9838719,371004605
1,800000,360434118,10020509,370454627
1,800000,408652123,11117825,419769948
1,800000,410537345,11273655,421811000
1,800000,410084888,11071717,421156605
1,800000,360165077,9921026,370086103
1,800000,410504746,11169392,421674138
1,800000,360078299,9568182,369646481
1,800000,410081358,11130947,421212305
1,800000,358491175,9653730,368144905
1,800000,360191384,9787009,369978393
1,800000,357903071,9325926,367228997
1,800000,361616418,9750534,371366952
1,800000,408508492,11019631,419528123
1,800000,410757951,11219991,421977942
1,800000,409619567,10628706,420248273
1,800000,360497661,9853128,370350789
1,800000,411983152,11246717,423229869
1,800000,360889855,9909142,370798997
1,800000,404022705,11246832,415269537
1,800000,359628298,9788447,369416745
1,800000,409005065,11085731,420090796
1,800000,360263757,9897908,370161665
1,800000,360252389,9984516,370236905
1,800000,410368861,11205298,421574159
1,800000,358004280,9681697,367685977
1,800000,357979339,9819618,367798957
1,800000,359752630,9735022,369487652
1,800000,360087446,9190595,369278041
1,800000,360261989,9384520,369646509
1,800000,358227246,9296871,367524117
1,800000,358140215,9779916,367920131
1,800000,408959508,10983242,419942750
1,800000,413071578,11373160,424444738
1,800000,410249586,10507646,420757232
1,800000,409008327,10785871,419794198
1,800000,360075099,9739202,369814301
1,800000,360578434,9828521,370406955
1,800000,357563828,9825312,367389140
1,800000,358232462,9691523,367923985
1,800000,380595066,9744253,390339319
1,800000,360064402,9724357,369788759
1,800000,411005262,11126649,422131911
1,800000,409980668,10755510,420736178
1,800000,357351634,9188633,366540267
1,800000,360888659,9910643,370799302
1,800000,411416353,11391723,422808076
1,800000,359720662,9837643,369558305
1,800000,357665395,9665933,367331328
1,800000,410047646,11210006,421257652
1,800000,358085658,9732948,367818606
1,800000,360714649,9811545,370526194
1,800000,410008883,11298785,421307668
1,800000,411748873,11042096,422790969
1,800000,357774493,9214527,366989020
1,800000,410168804,11403872,421572676
1,800000,410717044,10997745,421714789
1,800000,360359428,9900704,370260132
1,800000,410655720,10633085,421288805
1,800000,360445823,9828548,370274371
1,800000,360844689,9877419,370722108
1,800000,360006352,9761792,369768144
1,800000,360604882,9752184,370357066
1,800000,409867608,11113310,420980918
1,800000,410467034,10957549,421424583
1,800000,360313791,9854527,370168318
1,800000,359642631,9619642,369262273
1,800000,360290221,9928952,370219173
1,800000,360378292,9736739,370115031
1,800000,360774862,9717003,370491865
1,800000,360162918,9667465,369830383
1,800000,360544389,9722234,370266623
1,800000,360565005,9912726,370477731
1,800000,357614674,9315506,366930180
1,800000,360822715,9803663,370626378
1,800000,360398620,9873168,370271788
1,800000,359756690,9697215,369453905
1,800000,409892126,11165299,421057425
1,800000,409996124,11116614,421112738
1,800000,408919615,11222920,420142535
1,800000,360447317,9723153,370170470
1,800000,409006991,10533305,419540296
1,800000,403757189,10794657,414551846
1,800000,360500343,9748985,370249328
1,800000,410321418,11125473,421446891
1,800000,359421152,9809704,369230856
1,800000,409946817,11342719,421289536
1,800000,360175384,9722164,369897548
1,800000,357978637,9695126,367673763
1,800000,404323318,11155600,415478918
1,800000,360334558,9441833,369776391
1,800000,359370901,9692934,369063835
1,800000,357770623,9784021,367554644
1,800000,410266970,10719946,420986916
1,800000,409554513,11150701,420705214
1,800000,410302471,11366833,421669304
1,800000,360225396,9776768,370002164
1,800000,410591030,10324170,420915200
1,800000,357367511,9592083,366959594
1,800000,360155238,9914447,370069685
1,800000,360480054,9865685,370345739
1,800000,410066203,10689410,420755613
1,800000,410789526,11301399,422090925
1,800000,359958129,9729412,369687541
1,800000,411097608,11137565,422235173
1,800000,410393427,11344900,421738327
1,800000,410983991,10707850,421691841
1,800000,360305966,9899070,370205036
1,800000,358633052,9763965,368397017
1,800000,411178534,11190032,422368566
1,800000,360290906,9854005,370144911
1,800000,410381883,11182699,421564582
1,900000,465134106,12455809,477589915
1,900000,466922728,12594867,479517595
1,900000,466659338,12103135,478762473
1,900000,467316269,12447900,479764169
1,900000,409073324,11047587,420120911
1,900000,408973956,10938347,419912303
1,900000,406592590,10914992,417507582
1,900000,465321610,12071722,477393332
1,900000,463850853,12533386,476384239
1,900000,409463776,11066416,420530192
1,900000,409815799,11118296,420934095
1,900000,405718803,10978916,416697719
1,900000,465083109,12538525,477621634
1,900000,465600383,11588720,477189103
1,900000,409289250,10907952,420197202
1,900000,408305051,11114810,419419861
1,900000,464505318,12391073,476896391
1,900000,409308622,10758218,420066840
1,900000,409320722,11215697,420536419
1,900000,406757518,10903404,417660922
1,900000,408105713,10939925,419045638
1,900000,408513781,10941692,419455473
1,900000,464939978,12471718,477411696
1,900000,465938597,12096729,478035326
1,900000,409454939,10962596,420417535
1,900000,465568626,12004560,477573186
1,900000,464689225,12643116,477332341
1,900000,465914654,12452213,478366867
1,900000,406240977,10369533,416610510
1,900000,462151806,12213002,474364808
1,900000,466008810,12897018,478905828
1,900000,464493928,12861905,477355833
1,900000,464030561,12414550,476445111
1,900000,405998911,10322605,416321516
1,900000,406482684,10503648,416986332
1,900000,466232414,12812852,479045266
1,900000,409266277,11076471,420342748
1,900000,465752341,12377410,478129751
1,900000,408742869,10915848,419658717
1,900000,409103096,10989345,420092441
1,900000,465748514,12628463,478376977
1,900000,466092683,12744699,478837382
1,900000,408976472,11111596,420088068
1,900000,408186302,11231066,419417368
1,900000,408359261,11023338,419382599
1,900000,465249080,11831543,477080623
1,900000,465770128,12634750,478404878
1,900000,406708053,10941453,417649506
1,900000,458179931,12464914,470644845
1,900000,406507859,10575962,417083821
1,900000,466581967,12692674,479274641
1,900000,409016509,11102663,420119172
1,900000,409036885,11088116,420125001
1,900000,407814398,11095063,418909461
1,900000,405948960,10672630,416621590
1,900000,465878014,12484733,478362747
1,900000,408822426,10676873,419499299
1,900000,405885490,10871005,416756495
1,900000,405604287,10473455,416077742
1,900000,466342453,12112256,478454709
1,900000,406014764,10925210,416939974
1,900000,410068996,11055003,421123999
1,900000,465103395,12519948,477623343
1,900000,407461976,10366882,417828858
1,900000,462660880,11768211,474429091
1,900000,464705217,12812300,477517517
1,900000,465944974,12793047,478738021
1,900000,407886886,10935754,418822640
1,900000,409475581,10428652,419904233
1,900000,465595425,12438106,478033531
1,900000,406156933,10299963,416456896
1,900000,465805273,12527220,478332493
1,900000,409393517,10996768,420390285
1,900000,408543262,10964575,419507837
1,900000,408082783,10960849,419043632
1,900000,466601969,12622854,479224823
1,900000,409345863,11011284,420357147
1,900000,406440407,10368590,416808997
1,900000,408534866,11155995,419690861
1,900000,408944000,11119254,420063254
1,900000,458224523,12404094,470628617
1,900000,407022628,10930936,417953564
1,900000,409205520,11033096,420238616
1,900000,409038017,10448491,419486508
1,900000,409234212,11073824,420308036
1,900000,408701115,10998558,419699673
1,900000,464844197,12057941,476902138
1,900000,464267759,12695216,476962975
1,900000,406529242,10443465,416972707
1,900000,406427513,11018858,417446371
1,900000,465357845,12147278,477505123
1,900000,464986146,12893711,477879857
1,900000,464741304,12646428,477387732
1,900000,409644482,11077116,420721598
1,900000,465505923,12421858,477927781
1,900000,464440563,12689042,477129605
1,900000,405105519,10361936,415467455
1,900000,465831330,12065896,477897226
1,900000,407337351,10446584,417783935
1,900000,408952693,11027217,419979910
1,900000,465369362,12576179,477945541
1,900000,466614528,12227000,478841528
1,900000,406315684,10958614,417274298
1,900000,408898090,11102439,420000529
1,900000,408146617,11098173,419244790
1,900000,465937098,12027012,477964110
1,900000,466288936,12587154,478876090
1,900000,409290555,11090732,420381287
1,900000,406761594,10584212,417345806
1,900000,405885219,10608096,416493315
1,900000,467207700,12535312,479743012
1,900000,409075167,11054540,420129707
1,900000,457271617,12371431,469643048
1,900000,408793487,10995086,419788573
1,900000,408158709,11110432,419269141
1,1000000,458777378,12256154,471033532
1,1000000,521540001,13279997,534819998
1,1000000,521603099,14186480,535789579
1,1000000,519437391,13942159,533379550
1,1000000,456813137,12352480,469165617
1,1000000,521979700,13950956,535930656
1,1000000,520115493,13924974,534040467
1,1000000,522490928,14158069,536648997
1,1000000,521419370,14141685,535561055
1,1000000,457571118,12445508,470016626
1,1000000,455125109,12170467,467295576
1,1000000,520710610,14188838,534899448
1,1000000,457799854,12216910,470016764
1,1000000,457743098,11730423,469473521
1,1000000,456967128,12340535,469307663
1,1000000,458082847,12373149,470455996
1,1000000,455459328,11946292,467405620
1,1000000,458263753,12363247,470627000
1,1000000,457812388,12347047,470159435
1,1000000,519972088,14053898,534025986
1,1000000,520155802,14216207,534372009
1,1000000,454416332,11781926,466198258
1,1000000,521623852,14186088,535809940
1,1000000,457833545,12362965,470196510
1,1000000,521191530,13977816,535169346
1,1000000,519699594,14238420,533938014
1,1000000,457248859,11856941,469105800
1,1000000,457237792,12431133,469668925
1,1000000,457842399,12385819,470228218
1,1000000,520526471,13762301,534288772
1,1000000,521095813,14118041,535213854
1,1000000,455549434,11555841,467105275
1,1000000,519785442,13671664,533457106
1,1000000,458214758,12238433,470453191
1,1000000,458057207,12244546,470301753
1,1000000,457991803,12343761,470335564
1,1000000,454523312,12254214,466777526
1,1000000,521491338,13995431,535486769
1,1000000,458527846,12240514,470768360
1,1000000,456752301,11750390,468502691
1,1000000,457383368,12296543,469679911
1,1000000,523133401,14019292,537152693
1,1000000,457694481,12052061,469746542
1,1000000,455168522,11696074,466864596
1,1000000,455478149,11878241,467356390
1,1000000,458186302,12366478,470552780
1,1000000,457859414,12357213,470216627
1,1000000,458555308,12416206,470971514
1,1000000,458129627,12080648,470210275
1,1000000,521501229,13797564,535298793
1,1000000,458690956,12338530,471029486
1,1000000,522308536,14198766,536507302
1,1000000,521571157,13704977,535276134
1,1000000,520909932,13763449,534673381
1,1000000,521430039,14144491,535574530
1,1000000,521713880,13481466,535195346
1,1000000,454905671,12203783,467109454
1,1000000,458494602,12344677,470839279
1,1000000,455917553,11932238,467849791
1,1000000,520623499,13252832,533876331
1,1000000,520192908,13976466,534169374
1,1000000,519973264,14081676,534054940
1,1000000,520578069,14110914,534688983
1,1000000,513364422,13398146,526762568
1,1000000,457700648,12365657,470066305
1,1000000,458397418,12449899,470847317
1,1000000,522205798,14083767,536289565
1,1000000,521386656,14120773,535507429
1,1000000,457616826,12263937,469880763
1,1000000,457733098,12423628,470156726
1,1000000,521895311,14123869,536019180
1,1000000,522393946,14199230,536593176
1,1000000,457961012,12325830,470286842
1,1000000,524136553,13930887,538067440
1,1000000,522002145,14149393,536151538
1,1000000,514243611,14110344,528353955
1,1000000,520810312,14239865,535050177
1,1000000,521189804,13731115,534920919
1,1000000,521157082,13828947,534986029
1,1000000,522046954,13759407,535806361
1,1000000,521002972,14249025,535251997
1,1000000,454725002,11643336,466368338
1,1000000,458616508,12295379,470911887
1,1000000,520130916,13561649,533692565
1,1000000,456798639,12233909,469032548
1,1000000,458297385,12128430,470425815
1,1000000,521889742,14032465,535922207
1,1000000,458590863,12340548,470931411
1,1000000,458748803,12229952,470978755
1,1000000,458293727,12355804,470649531
1,1000000,457845884,12341779,470187663
1,1000000,522083397,13688014,535771411
1,1000000,457408074,12217169,469625243
1,1000000,519598689,13813004,533411693
1,1000000,457975932,12379448,470355380
1,1000000,460935340,12268794,473204134
1,1000000,456922660,12228293,469150953
1,1000000,454952980,11893491,466846471
1,1000000,521597335,14011877,535609212
1,1000000,454696580,11560411,466256991
1,1000000,522297191,14075389,536372580
1,1000000,458247585,12343313,470590898
1,1000000,521814804,13679301,535494105
1,1000000,520485411,14389232,534874643
1,1000000,457745911,12378894,470124805
1,1000000,514690240,13951053,528641293
1,1000000,455298360,12157140,467455500
1,1000000,458920100,12330791,471250891
1,1000000,457430554,12268833,469699387
1,1000000,457417994,12312933,469730927
1,1000000,521812558,13208818,535021376
1,1000000,457380124,12245363,469625487
1,1000000,520945666,13271389,534217055
1,1000000,455409238,11560210,466969448
1,1000000,521365829,14142885,535508714
1,1000000,455345055,12171243,467516298
1,1000000,520011573,13745703,533757276
1,1000000,514724815,14029326,528754141
1,1000000,457760439,12131371,469891810
1,1000000,520328898,14066039,534394937
1,1000000,520856708,13518349,534375057
1,1000000,520869719,14029695,534899414
1,1000000,522390085,14175797,536565882
1,1000000,455429503,12150426,467579929
1,1000000,457785796,12341775,470127571
1,1000000,457324051,12243594,469567645
1,1000000,524237002,13962625,538199627
1,1000000,457331202,12309574,469640776
1,1000000,454644293,12147395,466791688
1,1000000,455242589,11781718,467024307
1,1000000,457327710,12372976,469700686
1,1000000,521920035,14147368,536067403
1,1000000,458437065,12291669,470728734
1,1000000,457578524,12318525,469897049
1,1000000,521978492,13958969,535937461
1,1000000,516728251,13522452,530250703
1,1000000,458160082,12359666,470519748
1,1000000,454647717,11934074,466581791
1,1000000,458350948,12372542,470723490
1,1000000,521967181,14008015,535975196
1,1000000,455660885,11730887,467391772
1,1000000,517608219,13732694,531340913
1,1000000,457909267,12338988,470248255
1,1000000,457835535,12370812,470206347
1,1000000,455089136,12201068,467290204
1,1000000,458456007,12325073,470781080
1,1000000,459334156,12238899,471573055
1,1000000,454612746,11847376,466460122
1,1000000,520298864,14025688,534324552
1,1000000,519036654,14235866,533272520
1,1000000,520139847,13597063,533736910
1,1000000,519921856,13396977,533318833
1,1000000,520424207,14101973,534526180
1,1000000,457256629,12320776,469577405
1,1000000,458492926,11867989,470360915
1,1000000,454944474,12202570,467147044
1,1000000,457587070,12292623,469879693
1,1000000,522027246,13967158,535994404
1,1000000,458022264,12373521,470395785
1,1000000,457452866,12349322,469802188
1,1000000,457527469,12241771,469769240
1,1000000,458200393,12183843,470384236
1,1000000,522467544,14007302,536474846
1,1000000,521501642,14058742,535560384
1,1000000,457809167,12242013,470051180
1,1000000,516978444,13316212,530294656
1,1000000,453903471,12147116,466050587
1,1000000,523111961,13929443,537041404
1,1000000,457317344,12289866,469607210
1,1000000,455102812,11920505,467023317
1,1000000,457949507,12315337,470264844
1,1000000,454283154,11928108,466211262
1,1000000,521938559,13975837,535914396
1,1000000,520130869,14127395,534258264
1,1000000,521790755,13484339,535275094
1,1000000,520740763,14072303,534813066
1,1000000,520731274,13598631,534329905
1,1000000,462828415,12278039,475106454
1,1000000,458189826,12194474,470384300
1,1000000,521762130,14136117,535898247
1,1000000,457725332,12257183,469982515
1,1000000,457980048,12394174,470374222
1,1000000,456889315,12055406,468944721
1,1000000,455108598,11876088,466984686
1,1000000,522226829,13907628,536134457
1,1000000,520253571,13630575,533884146
1,1000000,457875675,12361718,470237393
1,1000000,457048495,12252705,469301200
1,1000000,457179466,12348134,469527600
1,1000000,516827024,13883042,530710066
1,1000000,454959805,12122499,467082304
1,1000000,456876842,12267987,469144829
1,1000000,457082697,12382292,469464989
1,1000000,520554282,14001369,534555651
1,1000000,457587638,12305178,469892816
1,1000000,458602817,12021435,470624252
1,1000000,456894477,12489582,469384059
1,1000000,458259011,12398597,470657608
1,1000000,457145110,12068623,469213733
1,1000000,453927869,11915144,465843013
1,1000000,457910818,12180365,470091183
1,1000000,457630878,12354239,469985117
1,1000000,521152000,13912775,535064775
1,1000000,521849135,13569648,535418783
1,1000000,454234601,11702270,465936871
1,1000000,460935031,12367573,473302604
1,1000000,455766432,12131220,467897652
1,1000000,518507556,13863244,532370800
1,1000000,520827298,14078727,534906025
1,1000000,457948574,12352382,470300956
1,1000000,522081254,13894156,535975410
1,1000000,455202771,11590090,466792861
1,1000000,521123676,13638476,534762152
1,1000000,515735509,13597440,529332949
1,1000000,455311332,11630492,466941824
1,1000000,522088538,13987180,536075718
1,1000000,459985794,12267742,472253536
1,1000000,457562860,12334884,469897744
1,1000000,521691500,14113094,535804594
1,1000000,518693382,13647844,532341226
1,1000000,458375524,12519605,470895129
1,1000000,457985095,12415592,470400687
1,1000000,456800306,12334594,469134900
1,1000000,521724675,13726709,535451384
1,1000000,455489832,12175656,467665488
1,1000000,455038159,11796660,466834819
1,1000000,521731690,13744695,535476385
1,1000000,457950183,12375235,470325418
1,1000000,457556381,12280434,469836815
1,1000000,455706720,12227218,467933938
1,2000000,1100029965,31099634,1131129599
1,2000000,1096570873,29510970,1126081843
1,2000000,1096812208,29374735,1126186943
1,2000000,957662333,25354917,983017250
1,2000000,964402696,25348016,989750712
1,2000000,957993508,25210513,983204021
1,2000000,1098019295,29392713,1127412008
1,2000000,958180844,25363792,983544636
1,2000000,964285329,25607241,989892570
1,2000000,1097018949,29700998,1126719947
1,2000000,967354665,25592516,992947181
1,2000000,963660290,25521924,989182214
1,2000000,957534445,25161746,982696191
1,2000000,1095915745,29432996,1125348741
1,2000000,1097048045,29272597,1126320642
1,2000000,1095573711,29553114,1125126825
1,2000000,964447681,25381021,989828702
1,2000000,1096639525,29129097,1125768622
1,2000000,962253867,25308062,987561929
1,2000000,963433142,25573702,989006844
1,2000000,1098318549,29413859,1127732408
1,2000000,957642839,25268901,982911740
1,2000000,961702598,25615724,987318322
1,2000000,964811497,25574379,990385876
1,2000000,964570052,25397951,989968003
1,2000000,955910212,25486390,981396602
1,2000000,1099674284,29369780,1129044064
1,2000000,1071059840,28952154,1100011994
1,2000000,959030322,25180437,984210759
1,2000000,1097505368,29287967,1126793335
1,2000000,963552052,25628158,989180210
1,2000000,957498224,25382451,982880675
1,2000000,1097349419,29248303,1126597722
1,2000000,1098819860,29239472,1128059332
1,2000000,1097397817,29438069,1126835886
1,2000000,1098637200,29393441,1128030641
1,2000000,1096163770,29652980,1125816750
1,2000000,1093936719,29445213,1123381932
1,2000000,1069789472,29223087,1099012559
1,2000000,964381534,25457729,989839263
1,2000000,1098641017,29217033,1127858050
1,2000000,1095597612,29453588,1125051200
1,2000000,963676317,25359840,989036157
1,2000000,966198660,25503249,991701909
1,2000000,963792718,25462004,989254722
1,2000000,1096748143,29340596,1126088739
1,2000000,1072605318,28921304,1101526622
1,2000000,957844869,25156856,983001725
1,2000000,959254514,25255859,984510373
1,2000000,1098015275,29497903,1127513178
1,2000000,957583917,25290358,982874275
1,2000000,963595771,25476597,989072368
1,2000000,1100942249,29409043,1130351292
1,2000000,963982010,25385624,989367634
1,2000000,955721678,25436753,981158431
1,2000000,965041777,25544128,990585905
1,2000000,954988931,25348069,980337000
1,2000000,1099498421,29789926,1129288347
1,2000000,1109469633,29508592,1138978225
1,2000000,965329739,25574817,990904556
1,2000000,963688317,25409628,989097945
1,2000000,963584726,25552717,989137443
1,2000000,959052643,25338747,984391390
1,2000000,964815223,25599867,990415090
1,2000000,1096419810,29520612,1125940422
1,2000000,1098183345,29420866,1127604211
1,2000000,957972705,25465251,983437956
1,2000000,956401521,25443775,981845296
1,2000000,964872706,25562151,990434857
1,2000000,964049667,25323473,989373140
1,2000000,1076527624,28815726,1105343350
1,2000000,1095297023,29740074,1125037097
1,2000000,1095826272,29541583,1125367855
1,2000000,1097821990,29318106,1127140096
1,2000000,1098121340,29284288,1127405628
1,2000000,958197418,25294565,983491983
1,2000000,1096270881,29100579,1125371460
1,2000000,976315774,25433732,1001749506
1,2000000,1098451728,29612797,1128064525
1,2000000,1098592435,29442122,1128034557
1,2000000,964561166,25478852,990040018
1,2000000,1098300208,29313124,1127613332
1,2000000,1095838155,29509887,1125348042
1,2000000,956362077,25489351,981851428
1,2000000,958552635,25349409,983902044
1,2000000,1073324406,28843765,1102168171
1,2000000,964401253,25397123,989798376
1,2000000,1096686569,29034438,1125721007
1,2000000,965013875,25480366,990494241
1,2000000,1072833664,29164075,1101997739
1,2000000,1097400239,29165636,1126565875
1,2000000,955782401,25393984,981176385
1,2000000,1094967771,29888955,1124856726
1,2000000,1098764188,29240754,1128004942
1,2000000,1098633672,29441517,1128075189
1,2000000,964532082,25542274,990074356
1,2000000,1095995336,28915910,1124911246
1,2000000,964488378,25606396,990094774
1,2000000,963797070,25426345,989223415
1,2000000,1097216346,29306040,1126522386
1,2000000,1096244788,29690878,1125935666
1,2000000,964713082,25519533,990232615
1,2000000,1094422729,29396380,1123819109
1,2000000,963084106,25436623,988520729
1,2000000,958672941,25509628,984182569
1,2000000,1075487341,28802860,1104290201
1,2000000,1096652074,29276583,1125928657
1,2000000,963636215,25509203,989145418
1,2000000,964170898,25508539,989679437
1,2000000,963063047,25303182,988366229
1,2000000,964069693,25313872,989383565
1,2000000,964630429,25364761,989995190
1,2000000,1098042314,29750260,1127792574
1,2000000,1072965747,28994839,1101960586
1,2000000,964240479,25556952,989797431
1,3000000,1493836381,38786504,1532622885
1,3000000,1676855949,45034730,1721890679
1,3000000,1692114332,44598286,1736712618
1,3000000,1689399537,44638473,1734038010
1,3000000,1691810419,45444571,1737254990
1,3000000,1689558065,45784097,1735342162
1,3000000,1488215288,39010990,1527226278
1,3000000,1485487850,38820854,1524308704
1,3000000,1694413414,45336589,1739750003
1,3000000,1486609439,39072471,1525681910
1,3000000,1652176540,44833622,1697010162
1,3000000,1488355614,39143740,1527499354
1,3000000,1478589670,38322746,1516912416
1,3000000,1668008617,44661934,1712670551
1,3000000,1693738655,45688106,1739426761
1,3000000,1695249183,45111684,1740360867
1,3000000,1691907733,44987873,1736895606
1,3000000,1488076404,38288050,1526364454
1,3000000,1487885162,39015914,1526901076
1,3000000,1486782658,38375084,1525157742
1,3000000,1489632084,38426269,1528058353
1,3000000,1693173213,44812084,1737985297
1,3000000,1489089244,38925612,1528014856
1,3000000,1479538679,38515610,1518054289
1,3000000,1481212295,38348305,1519560600
1,3000000,1662325534,44807903,1707133437
1,3000000,1689328713,44698804,1734027517
1,3000000,1476651575,38514667,1515166242
1,3000000,1654784687,44615201,1699399888
1,3000000,1692299833,44662637,1736962470
1,3000000,1694823857,44545911,1739369768
1,3000000,1690597150,44625699,1735222849
1,3000000,1691676529,45602646,1737279175
1,3000000,1693903149,45409291,1739312440
1,3000000,1693600652,45168868,1738769520
1,3000000,1489218098,39007663,1528225761
1,3000000,1489543227,39013344,1528556571
1,3000000,1660717041,43941559,1704658600
1,3000000,1692822611,44629050,1737451661
1,3000000,1689453355,45370921,1734824276
1,3000000,1486979048,38337634,1525316682
1,3000000,1476489687,38860832,1515350519
1,3000000,1477826230,38439415,1516265645
1,3000000,1662057792,44625577,1706683369
1,3000000,1496437207,39220830,1535658037
1,3000000,1490707171,38500959,1529208130
1,3000000,1658044942,44694825,1702739767
1,3000000,1479036150,38158201,1517194351
1,3000000,1487661888,38819121,1526481009
1,3000000,1490226381,38461820,1528688201
1,3000000,1489122172,38440612,1527562784
1,3000000,1694050626,44299350,1738349976
1,3000000,1695600597,45690679,1741291276
1,3000000,1693024260,45012143,1738036403
1,3000000,1694272601,44715885,1738988486
1,3000000,1695261084,45602431,1740863515
1,3000000,1476220919,38372513,1514593432
1,3000000,1483345028,38964754,1522309782
1,3000000,1490650156,38989594,1529639750
1,3000000,1487051225,38643474,1525694699
1,3000000,1485458719,38967156,1524425875
1,3000000,1488673698,39323777,1527997475
1,3000000,1489436462,38838056,1528274518
1,3000000,1693829106,45640750,1739469856
1,3000000,1489769147,38455190,1528224337
1,3000000,1487950417,39177352,1527127769
1,3000000,1478339351,38266600,1516605951
1,3000000,1663309823,44287445,1707597268
1,3000000,1695944933,45493682,1741438615
1,3000000,1490331621,38220480,1528552101
1,3000000,1486800450,38675493,1525475943
1,3000000,1697127543,45443186,1742570729
1,3000000,1491851686,38394032,1530245718
1,3000000,1488455175,38368188,1526823363
1,3000000,1485949520,39186683,1525136203
1,3000000,1488629712,38239270,1526868982
1,3000000,1663765435,44696634,1708462069
1,3000000,1479685152,38163908,1517849060
1,3000000,1479295046,38147433,1517442479
1,3000000,1655098760,44102771,1699201531
1,3000000,1477497190,38212260,1515709450
1,3000000,1695332787,44276222,1739609009
1,3000000,1655415352,43930645,1699345997
1,3000000,1689414779,45310782,1734725561
1,3000000,1696777537,45440587,1742218124
1,3000000,1693377249,45535080,1738912329
1,3000000,1693630298,44526436,1738156734
1,3000000,1691820904,45470420,1737291324
1,3000000,1487133842,39292292,1526426134
1,3000000,1488351508,38410107,1526761615
1,3000000,1693745083,45125593,1738870676
1,3000000,1479850770,38937285,1518788055
1,3000000,1695069376,45273990,1740343366
1,3000000,1693482457,44671137,1738153594
1,3000000,1488178080,38688511,1526866591
1,3000000,1691625109,45142076,1736767185
1,3000000,1694234617,45457241,1739691858
1,3000000,1491849044,38942269,1530791313
1,3000000,1489988434,38938621,1528927055
1,3000000,1490837941,38253467,1529091408
1,3000000,1489000458,38826109,1527826567
1,3000000,1488719463,38411365,1527130828
1,3000000,1487594129,38871268,1526465397
1,3000000,1479750862,38938176,1518689038
1,3000000,1474749670,38861658,1513611328
1,3000000,1694535237,44754331,1739289568
1,3000000,1491347204,38428785,1529775989
1,3000000,1672300233,44071131,1716371364
1,3000000,1479246735,38241902,1517488637
1,3000000,1478393527,38966511,1517360038
1,3000000,1694476983,45248182,1739725165
1,3000000,1692598479,45719956,1738318435
1,3000000,1695079924,45551252,1740631176
1,3000000,1692176963,45226579,1737403542
1,3000000,1488723152,38987063,1527710215
1,4000000,2024063882,52178286,2076242168
1,4000000,2025194863,51109589,2076304452
1,4000000,2025460887,51430080,2076890967
1,4000000,2310916943,59583961,2370500904
1,4000000,2286181120,59504741,2345685861
1,4000000,2309683938,60469740,2370153678
1,4000000,2023523995,52258277,2075782272
1,4000000,2305502250,60547414,2366049664
1,4000000,2286812305,58917071,2345729376
1,4000000,2302439703,60344454,2362784157
1,4000000,2283622813,59124556,2342747369
1,4000000,2027752810,52000121,2079752931
1,4000000,2024120769,51845018,2075965787
1,4000000,2011618715,52223444,2063842159
1,4000000,2011522747,52045998,2063568745
1,4000000,2026664944,51959581,2078624525
1,4000000,2291275781,59702191,2350977972
1,4000000,2024437928,52196702,2076634630
1,4000000,2021968301,51992905,2073961206
1,4000000,2024189397,51431648,2075621045
1,4000000,2023330532,51418116,2074748648
1,4000000,2025847038,52419506,2078266544
1,4000000,2024145852,52239248,2076385100
1,4000000,2307635116,60602712,2368237828
1,4000000,2025228428,52235452,2077463880
1,4000000,2309860455,60354463,2370214918
1,4000000,2024957936,52017747,2076975683
1,4000000,2025255228,51459660,2076714888
1,4000000,2300200973,59078761,2359279734
1,4000000,2307585909,59615909,2367201818
1,4000000,2024077249,51487712,2075564961
1,4000000,2020019164,52045563,2072064727
1,4000000,2296827386,59135455,2355962841
1,4000000,2309330110,60589745,2369919855
1,4000000,2287274447,59796329,2347070776
1,4000000,2028117238,52068799,2080186037
1,4000000,2024755668,52089465,2076845133
1,4000000,2026071588,51989363,2078060951
1,4000000,2006114770,51977482,2058092252
1,4000000,2305547871,59454885,2365002756
1,4000000,2025823291,51504946,2077328237
1,4000000,2025721561,51419977,2077141538
1,4000000,2023473041,51395306,2074868347
1,4000000,2309505485,60682529,2370188014
1,4000000,2296772899,59364379,2356137278
1,4000000,2021690071,51885082,2073575153
1,4000000,2026070293,51102475,2077172768
1,4000000,2025400686,51840038,2077240724
1,4000000,2023614213,51455140,2075069353
1,4000000,2314593112,60299669,2374892781
1,4000000,2024684578,52286992,2076971570
1,4000000,2011825930,51719408,2063545338
1,4000000,2029602130,51392991,2080995121
1,4000000,2021617295,51397408,2073014703
1,4000000,2025638078,51943738,2077581816
1,4000000,2024250788,52049249,2076300037
1,4000000,2025657287,51966975,2077624262
1,4000000,2020452719,51353284,2071806003
1,4000000,2297538455,59947407,2357485862
1,4000000,2311089398,59871698,2370961096
1,4000000,2283894191,59288807,2343182998
1,4000000,2312588260,60116206,2372704466
1,4000000,2024115143,51427986,2075543129
1,4000000,2024952000,51938765,2076890765
1,4000000,2295556765,58721297,2354278062
1,4000000,2305174920,59878951,2365053871
1,4000000,2314183713,60739344,2374923057
1,4000000,2020917676,52032065,2072949741
1,4000000,2024720888,51960941,2076681829
1,4000000,2010799442,51887115,2062686557
1,4000000,2234185460,52422766,2286608226
1,4000000,2303014829,59364391,2362379220
1,4000000,2022965962,52234587,2075200549
1,4000000,2310948760,60416640,2371365400
1,4000000,2020922601,52122063,2073044664
1,4000000,2310351372,60349596,2370700968
1,4000000,2024944305,52116966,2077061271
1,4000000,2023257584,51442287,2074699871
1,4000000,2022082229,51953750,2074035979
1,4000000,2025335053,51417256,2076752309
1,4000000,2023602316,51627655,2075229971
1,4000000,2310669498,60561369,2371230867
1,4000000,2022288055,51848946,2074137001
1,4000000,2304997237,60708944,2365706181
1,4000000,2283890190,59433825,2343324015
1,4000000,2310841348,60051806,2370893154
1,4000000,2287671623,59555894,2347227517
1,4000000,2020609719,52337493,2072947212
1,4000000,2024008381,51769007,2075777388
1,4000000,2313968315,59837680,2373805995
1,4000000,2021818782,51658525,2073477307
1,4000000,2313592878,59768779,2373361657
1,4000000,2024942631,51423491,2076366122
1,4000000,2311450071,60354962,2371805033
1,4000000,2298617834,58954034,2357571868
1,4000000,2304954212,60904755,2365858967
1,4000000,2315502795,60550431,2376053226
1,4000000,2025770239,52025896,2077796135
1,4000000,2024941270,51985597,2076926867
1,4000000,2024231838,51651898,2075883736
1,4000000,2024240686,51612106,2075852792
1,4000000,2022696435,51345076,2074041511
1,4000000,2028759846,52064202,2080824048
1,4000000,2024246698,51856037,2076102735
1,4000000,2024292878,52237629,2076530507
1,4000000,2306621000,60589793,2367210793
1,4000000,2286266458,58470977,2344737435
1,4000000,2023833739,51775189,2075608928
1,4000000,2023461085,51255029,2074716114
1,4000000,2023493449,51794718,2075288167
1,4000000,2026828374,52063506,2078891880
1,4000000,2319534670,60019400,2379554070
1,4000000,2287902604,58740292,2346642896
1,4000000,2011109917,51975109,2063085026
1,4000000,2232651084,52401818,2285052902
1,5000000,2567232908,65031640,2632264548
1,5000000,2563974287,65020937,2628995224
1,5000000,2932843124,74686361,3007529485
1,5000000,2567091555,64989662,2632081217
1,5000000,2569325484,64219184,2633544668
1,5000000,2577116206,64860636,2641976842
1,5000000,2569292099,64302628,2633594727
1,5000000,2569229945,64777295,2634007240
1,5000000,2564898289,65077502,2629975791
1,5000000,2551050975,64761622,2615812597
1,5000000,2928917790,75433309,3004351099
1,5000000,2572805440,65098347,2637903787
1,5000000,2569302501,64884710,2634187211
1,5000000,2563548899,65174927,2628723826
1,5000000,2557935968,64560787,2622496755
1,5000000,2879184827,73990004,2953174831
1,5000000,2568839058,64987362,2633826420
1,5000000,2569191029,65002424,2634193453
1,5000000,2568206227,64987451,2633193678
1,5000000,2571180506,64461009,2635641515
1,5000000,2549377204,63919299,2613296503
1,5000000,2933454506,75338232,3008792738
1,5000000,2567884201,65008382,2632892583
1,5000000,2567342408,65368576,2632710984
1,5000000,2562529620,65025817,2627555437
1,5000000,2547212403,64923425,2612135828
1,5000000,2569882249,64967614,2634849863
1,5000000,2570134703,65143830,2635278533
1,5000000,2562765272,65198302,2627963574
1,5000000,2569371096,64264605,2633635701
1,5000000,2564939911,65225749,2630165660
1,5000000,2875510493,73546165,2949056658
1,5000000,2926741618,75781553,3002523171
1,5000000,2567459855,65171070,2632630925
1,5000000,2570792580,64741205,2635533785
1,5000000,2936139401,75839839,3011979240
1,5000000,2932988360,74467828,3007456188
1,5000000,2551742776,64639351,2616382127
1,5000000,2929876335,75015638,3004891973
1,5000000,2867202921,73850926,2941053847
1,5000000,2933795929,75344455,3009140384
1,5000000,2625391835,65343430,2690735265
1,5000000,2568574803,65092447,2633667250
1,5000000,2882333124,73825137,2956158261
1,5000000,2576997884,65043442,2642041326
1,5000000,2933972501,75338282,3009310783
1,5000000,2570009329,65048430,2635057759
1,5000000,2569284887,64587186,2633872073
1,5000000,2935080802,75136456,3010217258
1,5000000,2551755509,64066601,2615822110
1,5000000,2572869711,64932735,2637802446
1,5000000,2936417981,74565128,3010983109
1,5000000,2931222859,75427984,3006650843
1,5000000,2552097619,64748153,2616845772
1,5000000,2552793193,64787204,2617580397
1,5000000,2923074516,74125356,2997199872
1,5000000,2569059664,65011855,2634071519
1,5000000,2873431674,73787572,2947219246
1,5000000,2925194941,75578166,3000773107
1,5000000,2859799654,73465714,2933265368
1,5000000,2552526559,64582355,2617108914
1,5000000,2873396538,73951251,2947347789
1,5000000,2923028486,75234836,2998263322
1,5000000,2566162532,64499166,2630661698
1,5000000,2925493012,75184996,3000678008
1,5000000,2548205216,64714966,2612920182
1,5000000,2567322308,64264408,2631586716
1,5000000,2563187658,64982334,2628169992
1,5000000,2565277148,64334757,2629611905
1,5000000,2566578184,64779841,2631358025
1,5000000,2567899517,64046256,2631945773
1,5000000,2568091280,64726334,2632817614
1,5000000,2929620417,75221222,3004841639
1,5000000,2862226368,73969940,2936196308
1,5000000,2930979949,75024008,3006003957
1,5000000,2572170283,65152426,2637322709
1,5000000,2564526383,64567473,2629093856
1,5000000,2569585530,64018293,2633603823
1,5000000,2932138001,75426609,3007564610
1,5000000,2568989525,64939614,2633929139
1,5000000,2564969117,64963838,2629932955
1,5000000,2882230660,73267696,2955498356
1,5000000,2926683394,75159030,3001842424
1,5000000,2866650640,73842179,2940492819
1,5000000,2933999747,75033142,3009032889
1,5000000,2621915656,64655017,2686570673
1,5000000,2553811628,64397339,2618208967
1,5000000,2551787599,64720971,2616508570
1,5000000,2547352610,64762270,2612114880
1,5000000,2876972765,72986119,2949958884
1,5000000,2925317821,75125010,3000442831
1,5000000,2571194939,63839215,2635034154
1,5000000,2570224065,64848944,2635073009
1,5000000,2567993141,65135583,2633128724
1,5000000,2922877877,74896571,2997774448
1,5000000,2853010213,73878389,2926888602
1,5000000,2924659753,73815819,2998475572
1,5000000,2567349304,64596404,2631945708
1,5000000,2569689326,64914441,2634603767
1,5000000,2572805428,65197947,2638003375
1,5000000,2575858038,64803203,2640661241
1,5000000,2551632597,64849531,2616482128
1,5000000,2569441058,64911905,2634352963
1,5000000,2937712635,75594684,3013307319
1,5000000,2551266532,64584225,2615850757
1,5000000,2872736776,73754234,2946491010
1,5000000,2573493675,64445697,2637939372
1,5000000,2570329137,64291322,2634620459
1,5000000,2565429457,64092192,2629521649
1,5000000,2873532134,73571613,2947103747
1,5000000,2570140718,64790798,2634931516
1,5000000,2569683902,64176836,2633860738
1,5000000,2565247379,64383427,2629630806
1,5000000,2554055514,64482887,2618538401
1,5000000,2927197838,75168124,3002365962
1,6000000,3476345956,88472844,3564818800
1,6000000,3115861598,77646090,3193507688
1,6000000,3118612032,77914103,3196526135
1,6000000,3113040084,78099843,3191139927
1,6000000,3120737882,78036974,3198774856
1,6000000,3123038686,77445576,3200484262
1,6000000,3119573397,77682596,3197255993
1,6000000,3121824704,78029451,3199854155
1,6000000,3094038906,77792974,3171831880
1,6000000,3554049941,89268971,3643318912
1,6000000,3562651769,90216949,3652868718
1,6000000,3101306551,77563009,3178869560
1,6000000,3115434442,78170994,3193605436
1,6000000,3118261958,77176507,3195438465
1,6000000,3097640388,77259152,3174899540
1,6000000,3554553473,88935410,3643488883
1,6000000,3553157454,89638338,3642795792
1,6000000,3548867126,89273217,3638140343
1,6000000,3100565262,76370368,3176935630
1,6000000,3118165258,77789200,3195954458
1,6000000,3466569968,88881781,3555451749
1,6000000,3099845441,77180853,3177026294
1,6000000,3468286565,88159703,3556446268
1,6000000,3549523343,90125434,3639648777
1,6000000,3137877841,78294931,3216172772
1,6000000,3117873266,78220825,3196094091
1,6000000,3131012383,77332055,3208344438
1,6000000,3559804341,89132121,3648936462
1,6000000,3545958091,90359016,3636317107
1,6000000,3561447705,90239257,3651686962
1,6000000,3546095087,89892851,3635987938
1,6000000,3097320467,76995014,3174315481
1,6000000,3469764909,88536195,3558301104
1,6000000,3120299319,77193635,3197492954
1,6000000,3122277639,78077676,3200355315
1,6000000,3123256784,77481579,3200738363
1,6000000,3094967923,77694550,3172662473
1,6000000,3550044060,90112515,3640156575
1,6000000,3548447797,89373510,3637821307
1,6000000,3122175274,77168845,3199344119
1,6000000,3119265506,77566417,3196831923
1,6000000,3120057539,78279517,3198337056
1,6000000,3117896722,77412834,3195309556
1,6000000,3097938585,76875111,3174813696
1,6000000,3462294304,88349340,3550643644
1,6000000,3100797469,76839918,3177637387
1,6000000,3464492673,88219402,3552712075
1,6000000,3547419774,89011864,3636431638
1,6000000,3101083099,76818080,3177901179
1,6000000,3551493015,90044644,3641537659
1,6000000,3118501214,78095076,3196596290
1,6000000,3547300109,89811829,3637111938
1,6000000,3099021731,77343528,3176365259
1,6000000,3123504153,77990036,3201494189
1,6000000,3119164972,78570409,3197735381
1,6000000,3119663794,77971045,3197634839
1,6000000,3462112029,88292470,3550404499
1,6000000,3100512218,76586216,3177098434
1,6000000,3460693114,88794783,3549487897
1,6000000,3548771958,89632040,3638403998
1,6000000,3104750198,77411733,3182161931
1,6000000,3550605317,90212328,3640817645
1,6000000,3119086673,77332381,3196419054
1,6000000,3553411374,89124591,3642535965
1,6000000,3123130508,77906871,3201037379
1,6000000,3122603852,77547905,3200151757
1,6000000,3121664695,78145198,3199809893
1,6000000,3099264817,77434628,3176699445
1,6000000,3119975129,77880553,3197855682
1,6000000,3092580781,77709671,3170290452
1,6000000,3126579253,78225727,3204804980
1,6000000,3551371395,88609056,3639980451
1,6000000,3094863936,77578681,3172442617
1,6000000,3101317708,77269352,3178587060
1,6000000,3463003653,88532243,3551535896
1,6000000,3548268356,89350872,3637619228
1,6000000,3100569943,77256998,3177826941
1,6000000,3115970400,77616282,3193586682
1,6000000,3119518016,77164781,3196682797
1,6000000,3551894379,89902197,3641796576
1,6000000,3549767645,89313015,3639080660
1,6000000,3114493947,77924101,3192418048
1,6000000,3096846325,77728908,3174575233
1,6000000,3552276761,89970975,3642247736
1,6000000,3123485993,77393943,3200879936
1,6000000,3113480597,76670438,3190151035
1,6000000,3116106772,77415642,3193522414
1,6000000,3552938072,89691072,3642629144
1,6000000,3119468286,76901263,3196369549
1,6000000,3553258701,89879789,3643138490
1,6000000,3549655975,89898637,3639554612
1,6000000,3118315709,78277053,3196592762
1,6000000,3462527223,88355514,3550882737
1,6000000,3540680335,90395822,3631076157
1,6000000,3551892249,90110501,3642002750
1,6000000,3117840582,77251979,3195092561
1,6000000,3125638800,78456245,3204095045
1,6000000,3120814649,76696609,3197511258
1,6000000,3118713684,77759896,3196473580
1,6000000,3554375791,90352031,3644727822
1,6000000,3115825101,77267172,3193092273
1,6000000,3561804335,90140775,3651945110
1,6000000,3097959316,77635829,3175595145
1,6000000,3553288539,90515663,3643804202
1,6000000,3554448574,89439142,3643887716
1,6000000,3100525213,77285489,3177810702
1,6000000,3100684383,77464197,3178148580
1,6000000,3121137311,77284334,3198421645
1,6000000,3118441842,77250103,3195691945
1,6000000,3101094933,77883304,3178978237
1,6000000,3119845183,77505551,3197350734
1,6000000,3122817546,77398692,3200216238
1,6000000,3110100256,77825500,3187925756
1,6000000,3549644042,89766000,3639410042
1,6000000,3548062596,89960082,3638022678
1,7000000,4184116809,106273921,4290390730
1,7000000,3680066435,89481939,3769548374
1,7000000,3670698027,90360000,3761058027
1,7000000,3680201648,90190464,3770392112
1,7000000,4199768707,105205793,4304974500
1,7000000,3671318809,90287149,3761605958
1,7000000,3661065591,90312245,3751377836
1,7000000,3654897725,90724255,3745621980
1,7000000,4190725532,104307160,4295032692
1,7000000,3648587570,90457823,3739045393
1,7000000,3647400454,90808119,3738208573
1,7000000,4194909760,106869237,4301778997
1,7000000,4190120759,105934553,4296055312
1,7000000,3678886399,90171431,3769057830
1,7000000,3671113266,90668814,3761782080
1,7000000,3677810905,89730795,3767541700
1,7000000,3658054625,90837923,3748892548
1,7000000,3678048973,90589940,3768638913
1,7000000,4183451228,105127386,4288578614
1,7000000,3679231182,90410567,3769641749
1,7000000,3647345967,90179091,3737525058
1,7000000,4192205492,107000854,4299206346
1,7000000,4184625517,106251441,4290876958
1,7000000,3670467215,89864887,3760332102
1,7000000,4190894117,103818813,4294712930
1,7000000,4187237253,105860320,4293097573
1,7000000,4180158730,105279807,4285438537
1,7000000,3671497913,89738651,3761236564
1,7000000,3676632041,90986096,3767618137
1,7000000,3670855874,91004906,3761860780
1,7000000,3679006184,90963518,3769969702
1,7000000,4190493574,99966962,4290460536
1,7000000,3676923429,89474827,3766398256
1,7000000,3656081177,90460798,3746541975
1,7000000,4190348816,99933473,4290282289
1,7000000,4182400467,105877701,4288278168
1,7000000,3679114979,90235315,3769350294
1,7000000,4183863067,104566305,4288429372
1,7000000,4181843057,106187955,4288031012
1,7000000,4181679117,105701899,4287381016
1,7000000,3672127646,90554149,3762681795
1,7000000,3680172781,90310163,3770482944
1,7000000,3676508937,91159329,3767668266
1,7000000,3668407290,91028160,3759435450
1,7000000,3669694336,91343566,3761037902
1,7000000,3676880234,90514013,3767394247
1,7000000,3676850087,90679340,3767529427
1,7000000,3680416417,90904442,3771320859
1,7000000,3677188153,90143943,3767332096
1,7000000,4195124713,103910921,4299035634
1,7000000,4195952044,99798595,4295750639
1,7000000,4191702186,99812010,4291514196
1,7000000,3652396679,89982178,3742378857
1,7000000,4192434375,104855267,4297289642
1,7000000,3678037241,91005448,3769042689
1,7000000,3671749259,90852702,3762601961
1,7000000,4199103206,102469407,4301572613
1,7000000,4193889659,105911714,4299801373
1,7000000,3648855325,90425764,3739281089
1,7000000,3649173784,90684507,3739858291
1,7000000,4182101488,106193128,4288294616
1,7000000,3653318133,90022376,3743340509
1,7000000,3656716354,89527369,3746243723
1,7000000,4186984078,106804659,4293788737
1,7000000,4182933107,105743173,4288676280
1,7000000,3675043219,90639570,3765682789
1,7000000,3670049116,89641399,3759690515
1,7000000,4186511677,106398854,4292910531
1,7000000,3646594128,90024080,3736618208
1,7000000,4176034869,103822553,4279857422
1,7000000,3677851934,90837165,3768689099
1,7000000,4212588518,104897274,4317485792
1,7000000,3672898092,89571169,3762469261
1,7000000,4185052752,103490772,4288543524
1,7000000,4184191613,106467386,4290658999
1,7000000,3670185549,90968961,3761154510
1,7000000,3653412120,90517630,3743929750
1,7000000,4183682522,105928214,4289610736
1,7000000,3657564728,89886119,3747450847
1,7000000,3681556311,90041931,3771598242
1,7000000,3684619953,89463647,3774083600
1,7000000,3675933358,89554099,3765487457
1,7000000,3677396826,90525558,3767922384
1,7000000,3676213543,91153897,3767367440
1,7000000,3677594286,91197237,3768791523
1,7000000,3669253371,90732666,3759986037
1,7000000,3678630095,90255653,3768885748
1,7000000,4203285037,104818546,4308103583
1,7000000,4192236808,106700267,4298937075
1,7000000,4203496656,105900309,4309396965
1,7000000,3657227815,89885056,3747112871
1,7000000,4184238055,104459068,4288697123
1,7000000,3664780651,89613134,3754393785
1,7000000,3669534742,90794888,3760329630
1,7000000,3674753323,91034984,3765788307
1,7000000,3672120477,90029047,3762149524
1,7000000,3681944120,90854129,3772798249
1,7000000,4190359169,104238043,4294597212
1,7000000,3652884241,89571930,3742456171
1,7000000,4186822599,104825859,4291648458
1,7000000,4191785628,105879510,4297665138
1,7000000,4169374473,106927212,4276301685
1,7000000,3677921804,89995482,3767917286
1,7000000,3678440966,90001908,3768442874
1,7000000,4186482751,106108753,4292591504
1,7000000,4185860776,101335831,4287196607
1,7000000,3678331686,90043433,3768375119
1,7000000,3675695642,89952972,3765648614
1,7000000,3653990921,89837364,3743828285
1,7000000,4179557060,104891591,4284448651
1,7000000,3675825477,90441305,3766266782
1,7000000,4189083973,103439283,4292523256
1,7000000,4181708712,100657082,4282365794
1,7000000,4184474716,105286030,4289760746
1,7000000,3682784798,90789578,3773574376
1,8000000,4824335732,119851137,4944186869
1,8000000,4229967654,103561616,4333529270
1,8000000,4817440921,116498140,4933939061
1,8000000,4804108229,117642668,4921750897
1,8000000,4233605252,102797371,4336402623
1,8000000,4232782202,103651410,4336433612
1,8000000,4242823586,103136186,4345959772
1,8000000,4239486943,103188694,4342675637
1,8000000,4214067516,103292479,4317359995
1,8000000,4820783938,118925451,4939709389
1,8000000,4822673327,119286812,4941960139
1,8000000,4241285894,102893701,4344179595
1,8000000,4250715771,103641681,4354357452
1,8000000,4808254415,117980343,4926234758
1,8000000,4743254025,104058410,4847312435
1,8000000,4811911461,116831371,4928742832
1,8000000,4213047665,102363638,4315411303
1,8000000,4208933936,103210281,4312144217
1,8000000,4825564256,119410863,4944975119
1,8000000,4827075959,119234506,4946310465
1,8000000,4812352902,117665408,4930018310
1,8000000,4745526815,103973599,4849500414
1,8000000,4739408782,103999014,4843407796
1,8000000,4814280966,117482209,4931763175
1,8000000,4217188110,103251429,4320439539
1,8000000,4832732265,119575647,4952307912
1,8000000,4238449473,103351435,4341800908
1,8000000,4237599120,102788638,4340387758
1,8000000,4232931086,102669274,4335600360
1,8000000,4231860570,102627833,4334488403
1,8000000,4808886010,118029661,4926915671
1,8000000,4243056078,103036190,4346092268
1,8000000,4237444368,103906240,4341350608
1,8000000,4809156388,117409553,4926565941
1,8000000,4238638640,102605414,4341244054
1,8000000,4819647380,119093824,4938741204
1,8000000,4231903989,103543788,4335447777
1,8000000,4211919308,103174403,4315093711
1,8000000,4800095547,117805260,4917900807
1,8000000,4230848621,103514048,4334362669
1,8000000,4244542835,102799168,4347342003
1,8000000,4241799409,102960923,4344760332
1,8000000,4212723102,103779674,4316502776
1,8000000,4747182115,104184283,4851366398
1,8000000,4815456445,117340767,4932797212
1,8000000,4827189127,116657906,4943847033
1,8000000,4242624120,103366357,4345990477
1,8000000,4206580065,104201550,4310781615
1,8000000,4209189052,103815272,4313004324
1,8000000,4816881601,117492032,4934373633
1,8000000,4240993335,103317531,4344310866
1,8000000,4806348164,116228070,4922576234
1,8000000,4745372736,103444437,4848817173
1,8000000,4204618138,103563125,4308181263
1,8000000,4215450480,103627701,4319078181
1,8000000,4815190254,117215573,4932405827
1,8000000,4238237075,103058905,4341295980
1,8000000,4244442827,102877597,4347320424
1,8000000,4232310073,103676533,4335986606
1,8000000,4807225388,117630119,4924855507
1,8000000,4823684567,119750013,4943434580
1,8000000,4238202735,103678252,4341880987
1,8000000,4243607348,103334274,4346941622
1,8000000,4252869683,103350052,4356219735
1,8000000,4234151455,103280674,4337432129
1,8000000,4237097973,103467891,4340565864
1,8000000,4237501203,103591209,4341092412
1,8000000,4239853798,103523928,4343377726
1,8000000,4255080097,103683010,4358763107
1,8000000,4212600335,103251267,4315851602
1,8000000,4832707997,119098653,4951806650
1,8000000,4841468977,119331318,4960800295
1,8000000,4807527385,117982812,4925510197
1,8000000,4808157896,118130402,4926288298
1,8000000,4231501334,103376242,4334877576
1,8000000,4203221615,103332236,4306553851
1,8000000,4811443522,117674215,4929117737
1,8000000,4816133130,116931110,4933064240
1,8000000,4237500259,102900663,4340400922
1,8000000,4233370248,103980276,4337350524
1,8000000,4236230429,103562874,4339793303
1,8000000,4235141283,102726455,4337867738
1,8000000,4248411239,103654021,4352065260
1,8000000,4237885390,102586042,4340471432
1,8000000,4819718608,117697017,4937415625
1,8000000,4215693631,103307135,4319000766
1,8000000,4239894659,103181540,4343076199
1,8000000,4830863549,116906417,4947769966
1,8000000,4237869164,103474788,4341343952
1,8000000,4239653500,102618560,4342272060
1,8000000,4242243399,103703799,4345947198
1,8000000,4238385924,103676170,4342062094
1,8000000,4821715442,116478537,4938193979
1,8000000,4835205474,117378370,4952583844
1,8000000,4800885734,117715145,4918600879
1,8000000,4212613941,103433622,4316047563
1,8000000,4815902194,118018939,4933921133
1,8000000,4220811650,103066277,4323877927
1,8000000,4828850678,119834921,4948685599
1,8000000,4811176714,117882219,4929058933
1,8000000,4815915225,119650001,4935565226
1,8000000,4239989344,103160028,4343149372
1,8000000,4805361317,116863127,4922224444
1,8000000,4740455352,102925360,4843380712
1,8000000,4235628962,102725033,4338353995
1,8000000,4246731875,103665219,4350397094
1,8000000,4810946188,116915251,4927861439
1,8000000,4806370842,117997746,4924368588
1,8000000,4242438978,103957910,4346396888
1,8000000,4833785300,117430040,4951215340
1,8000000,4821971262,117553263,4939524525
1,8000000,4216761489,103243218,4320004707
1,8000000,4246263658,103486243,4349749901
1,8000000,4746846336,103055449,4849901785
1,8000000,4837336194,119283412,4956619606
1,9000000,4814006440,115548914,4929555354
1,9000000,5291984700,116675824,5408660524
1,9000000,4816209486,116064446,4932273932
1,9000000,4769467506,115865631,4885333137
1,9000000,5433021026,131864327,5564885353
1,9000000,5438818151,131960366,5570778517
1,9000000,4802547521,116203271,4918750792
1,9000000,4820336726,116398206,4936734932
1,9000000,4806238418,115698428,4921936846
1,9000000,4768731813,115845500,4884577313
1,9000000,4804237116,115825908,4920063024
1,9000000,4774732018,116030250,4890762268
1,9000000,5445911798,132717934,5578629732
1,9000000,5437617172,131676467,5569293639
1,9000000,4798102465,115544776,4913647241
1,9000000,4806159555,115408377,4921567932
1,9000000,4805301750,116263882,4921565632
1,9000000,4805359830,115430397,4920790227
1,9000000,4807908312,115575052,4923483364
1,9000000,4808566573,117043381,4925609954
1,9000000,4804600782,115332220,4919933002
1,9000000,4798020721,116206880,4914227601
1,9000000,4803789926,115549905,4919339831
1,9000000,4808616241,115760398,4924376639
1,9000000,4772724266,116003706,4888727972
1,9000000,5291801120,116928875,5408729995
1,9000000,5438069276,132485275,5570554551
1,9000000,5431443459,132539238,5563982697
1,9000000,4775125049,115925076,4891050125
1,9000000,5291698854,116681668,5408380522
1,9000000,4794078036,116196512,4910274548
1,9000000,4806629345,116014924,4922644269
1,9000000,4801914822,115982468,4917897290
1,9000000,4789814489,115730572,4905545061
1,9000000,5487595234,131135855,5618731089
1,9000000,5439884207,131379426,5571263633
1,9000000,4771142165,115954404,4887096569
1,9000000,4799831800,114808718,4914640518
1,9000000,4805379683,115881241,4921260924
1,9000000,4803662652,116452773,4920115425
1,9000000,4800589972,116446435,4917036407
1,9000000,4799344450,115330158,4914674608
1,9000000,4806398199,116709225,4923107424
1,9000000,5472242689,131623259,5603865948
1,9000000,4776245051,115929540,4892174591
1,9000000,4800777630,115993507,4916771137
1,9000000,5432919012,131899444,5564818456
1,9000000,4819380136,116292382,4935672518
1,9000000,4856836662,116569806,4973406468
1,9000000,4775056443,115805973,4890862416
1,9000000,5298068580,116497765,5414566345
1,9000000,4775811491,115729343,4891540834
1,9000000,5300918249,117378870,5418297119
1,9000000,5454021499,132305938,5586327437
1,9000000,4783141971,115606100,4898748071
1,9000000,5434496971,132422140,5566919111
1,9000000,5295824632,117144924,5412969556
1,9000000,4775273411,115814084,4891087495
1,9000000,5290268377,117649896,5407918273
1,9000000,5293033876,116578850,5409612726
1,9000000,4799390311,115588731,4914979042
1,9000000,5433672918,132247008,5565919926
1,9000000,4805081887,116472433,4921554320
1,9000000,5292025097,116417345,5408442442
1,9000000,4806166665,115454618,4921621283
1,9000000,4810057635,115343450,4925401085
1,9000000,4809517414,116690682,4926208096
1,9000000,4797129002,115710447,4912839449
1,9000000,5295421866,116630974,5412052840
1,9000000,4806192419,115198216,4921390635
1,9000000,4811175880,115127371,4926303251
1,9000000,4809422042,116386950,4925808992
1,9000000,4777967794,116320954,4894288748
1,9000000,5436925124,132009971,5568935095
1,9000000,5437956935,132668046,5570624981
1,9000000,4779830932,115964465,4895795397
1,9000000,4805456949,116417580,4921874529
1,9000000,4809370299,116652667,4926022966
1,9000000,5445347535,131934782,5577282317
1,9000000,4797630135,116461873,4914092008
1,9000000,4802303633,116186687,4918490320
1,9000000,5302897377,116866433,5419763810
1,9000000,4815070629,116570859,4931641488
1,9000000,4773429548,115992119,4889421667
1,9000000,5294456529,116819379,5411275908
1,9000000,4805897458,116363354,4922260812
1,9000000,4805937547,116189057,4922126604
1,9000000,4798170008,114902796,4913072804
1,9000000,5302959104,116801129,5419760233
1,9000000,4806351385,116520837,4922872222
1,9000000,4770400544,116302662,4886703206
1,9000000,5447978758,131524291,5579503049
1,9000000,5437613703,131669488,5569283191
1,9000000,5437335989,130791533,5568127522
1,9000000,4808896987,116184690,4925081677
1,9000000,5440832973,131242359,5572075332
1,9000000,5431902079,130681692,5562583771
1,9000000,5440001124,132501629,5572502753
1,9000000,4800882031,116137913,4917019944
1,9000000,5433931210,132064686,5565995896
1,9000000,5437730117,132057790,5569787907
1,9000000,4764563962,116179255,4880743217
1,9000000,5439408449,131448049,5570856498
1,9000000,4810880687,116081270,4926961957
1,9000000,4807171939,115539669,4922711608
1,9000000,5452182815,131326076,5583508891
1,9000000,4804562521,116334558,4920897079
1,9000000,4808934146,115381320,4924315466
1,9000000,4802633917,115649129,4918283046
1,9000000,4810083524,115712936,4925796460
1,9000000,5448113236,132139812,5580253048
1,9000000,5439527914,131562816,5571090730
1,9000000,5432484708,132162850,5564647558
1,9000000,4803735083,116255931,4919991014
1,9000000,4808608774,115535419,4924144193
1,10000000,6068436405,146233864,6214670269
1,10000000,5350626619,128417976,5479044595
1,10000000,6060436638,145257998,6205694636
1,10000000,5372515826,129026173,5501541999
1,10000000,5366752120,128201497,5494953617
1,10000000,5376136666,128826490,5504963156
1,10000000,5367634458,128270146,5495904604
1,10000000,5386212976,128115183,5514328159
1,10000000,6056539024,146021585,6202560609
1,10000000,6084865638,145934233,6230799871
1,10000000,5377462786,128384678,5505847464
1,10000000,5397817299,128574799,5526392098
1,10000000,6068497125,144942686,6213439811
1,10000000,6073263368,146772659,6220036027
1,10000000,6064141756,147304165,6211445921
1,10000000,5847266817,129527495,5976794312
1,10000000,5372274584,128848927,5501123511
1,10000000,5373843847,128994942,5502838789
1,10000000,5359409511,128268720,5487678231
1,10000000,6060849400,146036939,6206886339
1,10000000,5341572861,128278474,5469851335
1,10000000,6071068359,146308404,6217376763
1,10000000,5342655212,128307345,5470962557
1,10000000,5859812616,129549733,5989362349
1,10000000,5377410821,128682261,5506093082
1,10000000,5375690820,128824058,5504514878
1,10000000,5376653878,128232791,5504886669
1,10000000,5336226074,128370495,5464596569
1,10000000,6070432480,146904618,6217337098
1,10000000,5383435794,128769675,5512205469
1,10000000,5377410703,128301287,5505711990
1,10000000,6062359528,145904216,6208263744
1,10000000,5335613952,128405437,5464019389
1,10000000,5340886254,128386845,5469273099
1,10000000,5371385098,129253241,5500638339
1,10000000,6078471976,146324455,6224796431
1,10000000,6052971166,146201558,6199172724
1,10000000,6071158477,146846881,6218005358
1,10000000,5340083661,128794280,5468877941
1,10000000,5851902322,129303788,5981206110
1,10000000,5378788135,128113169,5506901304
1,10000000,5375361499,128369210,5503730709
1,10000000,5339900499,128481488,5468381987
1,10000000,5375533186,128926797,5504459983
1,10000000,5379445033,128447160,5507892193
1,10000000,5363136280,129191095,5492327375
1,10000000,5363483155,128709436,5492192591
1,10000000,6076225921,145726208,6221952129
1,10000000,6068452429,145864675,6214317104
1,10000000,5344016329,128960827,5472977156
1,10000000,5378598160,128022548,5506620708
1,10000000,5369083462,128988787,5498072249
1,10000000,6074719525,146624320,6221343845
1,10000000,6062789252,146307316,6209096568
1,10000000,5377557700,128797031,5506354731
1,10000000,6069342196,146451933,6215794129
1,10000000,5847892680,129205123,5977097803
1,10000000,6073154308,145924734,6219079042
1,10000000,6055616288,145416327,6201032615
1,10000000,5380748365,128653568,5509401933
1,10000000,5424865581,129097416,5553962997
1,10000000,5376271209,128662145,5504933354
1,10000000,5388294811,128168236,5516463047
1,10000000,5366004245,129022243,5495026488
1,10000000,5373297349,129520059,5502817408
1,10000000,6077535797,146153846,6223689643
1,10000000,6065337872,146035167,6211373039
1,10000000,5375185698,129172957,5504358655
1,10000000,5376341058,128893024,5505234082
1,10000000,5352253936,128401208,5480655144
1,10000000,5855501949,129234596,5984736545
1,10000000,6070885709,146663016,6217548725
1,10000000,6056191996,146420869,6202612865
1,10000000,5342405675,128663719,5471069394
1,10000000,5342348545,128864415,5471212960
1,10000000,5376032809,129036332,5505069141
1,10000000,6070475887,146029133,6216505020
1,10000000,6058024746,146741530,6204766276
1,10000000,5371934698,129014769,5500949467
1,10000000,6081067758,146560188,6227627946
1,10000000,5379666143,129282340,5508948483
1,10000000,5860498526,129154985,5989653511
1,10000000,5375090433,128425552,5503515985
1,10000000,6060604692,145870009,6206474701
1,10000000,5376579281,128441730,5505021011
1,10000000,6067602907,146247000,6213849907
1,10000000,5375360644,129068424,5504429068
1,10000000,6068957980,146261117,6215219097
1,10000000,5333880947,128889381,5462770328
1,10000000,6060391924,146427123,6206819047
1,10000000,5341074181,128514940,5469589121
1,10000000,5379513080,129366430,5508879510
1,10000000,5381030888,128207024,5509237912
1,10000000,5371915356,129042977,5500958333
1,10000000,6075715675,146669019,6222384694
1,10000000,5376803520,128476082,5505279602
1,10000000,5356439348,128750824,5485190172
1,10000000,6123396137,148862293,6272258430
1,10000000,6077831120,146666502,6224497622
1,10000000,5855991316,129825349,5985816665
1,10000000,6064690433,147095102,6211785535
1,10000000,5350084508,128557360,5478641868
1,10000000,5378256232,128191961,5506448193
1,10000000,5374945918,129170087,5504116005
1,10000000,5378412057,129032574,5507444631
1,10000000,5367006381,128840217,5495846598
1,10000000,6076157797,146925776,6223083573
1,10000000,5375801130,129445636,5505246766
1,10000000,5385669840,129170184,5514840024
1,10000000,5365187373,129153621,5494340994
1,10000000,5378536310,128615566,5507151876
1,10000000,5370367619,128447881,5498815500
1,10000000,6076220992,146551313,6222772305
1,10000000,5384400108,127332573,5511732681
1,10000000,6054450142,146410942,6200861084
1,10000000,5850689293,129751148,5980440441
1,10000000,5435840195,128438904,5564279099
1,10000000,5378462982,128301510,5506764492
1,10000000,6072437883,146187252,6218625135
1,10000000,5376895213,128944225,5505839438
1,10000000,5385826774,129002312,5514829086
1,10000000,5380859024,128461547,5509320571
1,10000000,5341807993,128591857,5470399850
1,10000000,6069598685,146510293,6216108978
1,10000000,5852127311,130313359,5982440670
1,10000000,5374050182,128952877,5503003059
1,10000000,5390126996,128227301,5518354297
1,10000000,5350672021,128549025,5479221046
1,10000000,5858264029,129349991,5987614020
1,10000000,5342432436,128359008,5470791444
1,10000000,5348383585,128905909,5477289494
1,10000000,6058009647,145654839,6203664486
1,10000000,6081220979,146074881,6227295860
1,10000000,5377825364,128500531,5506325895
1,10000000,5366457795,128547153,5495004948
1,10000000,5384806177,128772592,5513578769
1,10000000,6071843064,146616060,6218459124
1,10000000,5376429687,128948804,5505378491
1,10000000,5373893310,128100662,5501993972
1,10000000,5370254425,128894528,5499148953
1,10000000,5370398792,128039509,5498438301
1,10000000,6079949654,146107097,6226056751
1,10000000,5378788504,127963238,5506751742
1,10000000,5384646392,128548386,5513194778
1,10000000,5378923469,128986942,5507910411
1,10000000,5377540582,129043634,5506584216
1,10000000,5374999405,128343916,5503343321
1,10000000,5381300459,128155882,5509456341
1,10000000,5374186151,128279983,5502466134
1,10000000,5377852081,128115173,5505967254
1,10000000,5374512490,128289008,5502801498
1,10000000,5376362076,129081492,5505443568
1,10000000,5372066954,128721941,5500788895
1,10000000,6077359088,146804844,6224163932
1,10000000,5378936956,129030321,5507967277
1,10000000,5373033059,128673156,5501706215
1,10000000,5342078255,128547182,5470625437
1,10000000,5376394474,128074730,5504469204
1,10000000,5393368098,128747568,5522115666
1,10000000,5346507784,128575386,5475083170
1,10000000,6075581107,146743676,6222324783
1,10000000,5345393155,128670712,5474063867
1,10000000,6154969115,149064679,6304033794
1,10000000,5410271097,128835626,5539106723
1,10000000,5370670548,129283405,5499953953
1,10000000,5365361295,129295883,5494657178
1,10000000,5366716483,129225756,5495942239
1,10000000,6076626825,146180866,6222807691
1,10000000,5383091613,128597907,5511689520
1,10000000,5366593099,128990231,5495583330
1,10000000,5378915406,128004733,5506920139
1,10000000,5378123990,129137501,5507261491
1,10000000,5381406567,129123567,5510530134
1,10000000,6101878908,146703153,6248582061
1,10000000,5375418752,129226849,5504645601
1,10000000,5376116512,127808466,5503924978
1,10000000,5385050751,128174534,5513225285
1,10000000,6062303884,147538379,6209842263
1,10000000,6074522003,146101400,6220623403
1,10000000,5367055872,128486257,5495542129
1,10000000,5371515567,127944758,5499460325
1,10000000,5339840297,128456906,5468297203
1,10000000,6082549072,146902339,6229451411
1,10000000,5379012825,128227159,5507239984
1,10000000,5369352699,128802575,5498155274
1,10000000,5381065621,129123151,5510188772
1,10000000,6073818923,146362386,6220181309
1,10000000,6073701934,146524158,6220226092
1,10000000,6072745125,146432113,6219177238
1,10000000,6066972201,146387184,6213359385
1,10000000,6062833913,145811453,6208645366
1,10000000,5375956189,129270804,5505226993
1,10000000,5340418795,128318972,5468737767
1,10000000,5344217087,128640701,5472857788
1,10000000,6075666334,146340221,6222006555
1,10000000,5378299809,128818041,5507117850
1,10000000,6070976546,146254096,6217230642
1,10000000,5349029908,128469540,5477499448
1,10000000,6070329467,145980893,6216310360
1,10000000,5376211133,128940279,5505151412
1,10000000,5374066129,129466728,5503532857
1,10000000,5377675702,128607701,5506283403
1,10000000,5375978215,127796380,5503774595
1,10000000,6071352516,146861388,6218213904
1,10000000,6071967443,146914681,6218882124
1,10000000,6062434911,146939203,6209374114
1,10000000,5847780226,129488401,5977268627
1,10000000,5394045557,128282560,5522328117
1,10000000,5352561965,128344462,5480906427
1,10000000,5861465906,129651580,5991117486
1,10000000,5375916536,128793423,5504709959
1,10000000,5380451611,129329642,5509781253
1,10000000,5857017262,129399425,5986416687
1,10000000,6067430942,146393564,6213824506
1,10000000,6058843290,146207097,6205050387
1,10000000,6060951814,146771496,6207723310
1,10000000,6066325297,146463065,6212788362
1,10000000,5343443394,128791288,5472234682
1,10000000,5373835304,127984709,5501820013
1,10000000,6075414278,146294749,6221709027
1,10000000,5368208686,129331495,5497540181
1,10000000,5373732305,129110917,5502843222
1,10000000,6071677891,145924723,6217602614
1,10000000,6065733908,146739505,6212473413
1,10000000,6077783050,146207988,6223991038
1,10000000,5377642055,127918704,5505560759
1,10000000,5377669652,128770990,5506440642
1,10000000,5381398746,128926381,5510325127
1,10000000,5383170134,127954104,5511124238
1,10000000,5341579457,128414689,5469994146
1,20000000,11227951066,255170795,11483121861
1,20000000,12531309749,287714290,12819024039
1,20000000,11219559464,255705427,11475264891
1,20000000,12500425268,287366251,12787791519
1,20000000,12499832492,288686491,12788518983
1,20000000,12517225550,289311901,12806537451
1,20000000,11228348922,255185752,11483534674
1,20000000,11238421674,254493715,11492915389
1,20000000,12527313893,289506992,12816820885
1,20000000,11216052859,256022712,11472075571
1,20000000,11232822314,255527157,11488349471
1,20000000,11214434999,255841061,11470276060
1,20000000,11235005877,255024451,11490030328
1,20000000,12521019331,288386880,12809406211
1,20000000,11169846067,253940146,11423786213
1,20000000,11225163492,255836625,11481000117
1,20000000,11276645130,255650808,11532295938
1,20000000,11229327247,255518592,11484845839
1,20000000,11233618686,255110151,11488728837
1,20000000,12548329632,288874640,12837204272
1,20000000,12548195404,290294195,12838489599
1,20000000,12511397952,288098244,12799496196
1,20000000,11242404736,255290716,11497695452
1,20000000,12498507151,288034414,12786541565
1,20000000,12505095739,288719765,12793815504
1,20000000,12487966891,288874831,12776841722
1,20000000,12501929332,288480054,12790409386
1,20000000,11230763352,255287758,11486051110
1,20000000,12513998144,289946868,12803945012
1,20000000,12518923317,287467239,12806390556
1,20000000,12517762079,288201085,12805963164
1,20000000,11231427809,255126786,11486554595
1,20000000,11226558824,255718915,11482277739
1,20000000,12553878083,287768962,12841647045
1,20000000,11225077805,255158598,11480236403
1,20000000,11244547193,255322342,11499869535
1,20000000,11556459607,255992984,11812452591
1,20000000,11235511081,254584497,11490095578
1,20000000,11230758861,255671381,11486430242
1,20000000,11294162475,255739483,11549901958
1,20000000,11160441469,254584229,11415025698
1,20000000,11254041065,255476299,11509517364
1,20000000,11237713946,254859822,11492573768
1,20000000,11225262058,255934241,11481196299
1,20000000,11233924228,256081909,11490006137
1,20000000,12554905614,289868428,12844774042
1,20000000,11174326947,254379060,11428706007
1,20000000,11223373294,256172049,11479545343
1,20000000,12508863645,290394741,12799258386
1,20000000,11225240227,255682992,11480923219
1,20000000,11229569675,254626505,11484196180
1,20000000,11168188536,254761560,11422950096
1,20000000,11231763176,254865847,11486629023
1,20000000,11183822684,255417531,11439240215
1,20000000,12531942188,289255241,12821197429
1,20000000,11552083300,254597283,11806680583
1,20000000,11544746947,254566203,11799313150
1,20000000,11244460891,255414521,11499875412
1,20000000,11213508182,254694713,11468202895
1,20000000,11158982971,255730850,11414713821
1,20000000,12530151813,287802674,12817954487
1,20000000,12788342080,293851143,13082193223
1,20000000,12505854407,288039329,12793893736
1,20000000,12803105544,293729738,13096835282
1,20000000,12532338088,288147903,12820485991
1,20000000,11225508979,255170768,11480679747
1,20000000,12501584315,288495972,12790080287
1,20000000,11242327070,254991894,11497318964
1,20000000,11223634363,255362262,11478996625
1,20000000,12499850724,288467189,12788317913
1,20000000,11223629572,255456273,11479085845
1,20000000,11236265710,255322269,11491587979
1,20000000,11235081242,254939746,11490020988
1,20000000,11218402757,255314666,11473717423
1,20000000,11551625456,255011975,11806637431
1,20000000,11221526988,256096096,11477623084
1,20000000,11229426337,256655057,11486081394
1,20000000,11265080921,254922212,11520003133
1,20000000,11225842869,255560411,11481403280
1,20000000,11211558687,255932654,11467491341
1,20000000,11235775076,255752484,11491527560
1,20000000,12521085234,287977683,12809062917
1,20000000,12573826037,288722208,12862548245
1,20000000,11138609094,254341342,11392950436
1,20000000,11235925047,255096823,11491021870
1,20000000,12557311234,289119100,12846430334
1,20000000,11253205511,255285342,11508490853
1,20000000,12502465432,288757023,12791222455
1,20000000,11174254121,254843577,11429097698
1,20000000,11225365690,255542023,11480907713
1,20000000,11254483169,255151247,11509634416
1,20000000,11208331564,255312634,11463644198
1,20000000,11242555177,255675758,11498230935
1,20000000,11228788954,256245132,11485034086
1,20000000,11228489454,255823069,11484312523
1,20000000,11221299286,255232097,11476531383
1,20000000,11232863157,255863832,11488726989
1,20000000,11209103782,255089240,11464193022
1,20000000,11237819946,255771127,11493591073
1,20000000,11158850150,254259247,11413109397
1,20000000,12547749359,288556194,12836305553
1,20000000,11560894164,254897039,11815791203
1,20000000,11220162965,254456854,11474619819
1,20000000,12522552803,287848766,12810401569
1,20000000,11235466424,255602415,11491068839
1,20000000,11265610350,255652484,11521262834
1,20000000,12514208706,287939433,12802148139
1,20000000,12557140904,288549263,12845690167
1,20000000,11156739049,254277766,11411016815
1,20000000,11229317686,255462956,11484780642
1,20000000,11234003294,255767893,11489771187
1,20000000,11212084992,256171195,11468256187
1,20000000,12512706049,288949880,12801655929
1,20000000,11154354764,254759138,11409113902
1,20000000,11236184090,255078169,11491262259
1,30000000,19140344542,430970635,19571315177
1,30000000,17261019273,381105669,17642124942
1,30000000,17274593621,380603819,17655197440
1,30000000,19261290247,428745637,19690035884
1,30000000,17278291858,381211792,17659503650
1,30000000,19155115796,429359272,19584475068
1,30000000,17267714456,381864320,17649578776
1,30000000,17275413647,381746548,17657160195
1,30000000,17280890851,381617495,17662508346
1,30000000,17266854715,382666876,17649521591
1,30000000,17176629202,379100511,17555729713
1,30000000,17261760696,381267445,17643028141
1,30000000,19154236720,429803995,19584040715
1,30000000,17162081802,379602382,17541684184
1,30000000,19133664948,428771972,19562436920
1,30000000,19153954563,428685010,19582639573
1,30000000,17157243885,379692926,17536936811
1,30000000,19100784014,429817337,19530601351
1,30000000,17160166783,380034966,17540201749
1,30000000,19179761611,430464297,19610225908
1,30000000,19153627394,429961898,19583589292
1,30000000,17411925737,379499218,17791424955
1,30000000,17258117393,380321766,17638439159
1,30000000,17292680549,381826540,17674507089
1,30000000,17268952913,380649398,17649602311
1,30000000,17135333346,380047555,17515380901
1,30000000,17272123244,381306272,17653429516
1,30000000,17265995211,380680699,17646675910
1,30000000,17159067234,380272542,17539339776
1,30000000,19135858708,428762347,19564621055
1,30000000,17269822928,380757649,17650580577
1,30000000,19658164484,436592016,20094756500
1,30000000,19163715393,431116050,19594831443
1,30000000,17183906422,379327450,17563233872
1,30000000,17282848514,381436875,17664285389
1,30000000,17259176088,381253443,17640429531
1,30000000,17256962675,381525588,17638488263
1,30000000,17284708728,380530015,17665238743
1,30000000,17255968900,381258035,17637226935
1,30000000,17274658559,381509516,17656168075
1,30000000,17156480518,379806889,17536287407
1,30000000,19693473346,436939497,20130412843
1,30000000,19149416811,428737686,19578154497
1,30000000,19135583079,432460264,19568043343
1,30000000,17224163241,381178604,17605341845
1,30000000,19109318653,430001139,19539319792
1,30000000,19121337417,431452191,19552789608
1,30000000,17239442033,381865306,17621307339
1,30000000,17280123183,380864397,17660987580
1,30000000,17267365997,381014818,17648380815
1,30000000,17253474344,381763870,17635238214
1,30000000,17259814631,382624299,17642438930
1,30000000,19175932382,430120614,19606052996
1,30000000,17459228328,379304139,17838532467
1,30000000,17437694945,379987144,17817682089
1,30000000,17262130036,381565066,17643695102
1,30000000,17463627611,379372696,17843000307
1,30000000,17130260867,379423700,17509684567
1,30000000,17254179707,381777680,17635957387
1,30000000,17265596544,380536355,17646132899
1,30000000,17288538966,386441359,17674980325
1,30000000,19712686997,437408546,20150095543
1,30000000,17156724815,379963480,17536688295
1,30000000,17277257169,381920784,17659177953
1,30000000,19134442056,430340336,19564782392
1,30000000,19637235832,436025249,20073261081
1,30000000,17471359521,379070757,17850430278
1,30000000,17157061163,379946676,17537007839
1,30000000,19138976423,429518819,19568495242
1,30000000,17287814835,381679151,17669493986
1,30000000,17161571578,379554768,17541126346
1,30000000,17267961554,381956805,17649918359
1,30000000,17160673789,379848531,17540522320
1,30000000,19578954022,431102259,20010056281
1,30000000,17325196303,382173284,17707369587
1,30000000,17251715710,381006953,17632722663
1,30000000,17269073082,381101299,17650174381
1,30000000,19647746969,436082945,20083829914
1,30000000,17255626815,380986707,17636613522
1,30000000,17168652667,380376934,17549029601
1,30000000,19145389743,431189910,19576579653
1,30000000,17272917142,381846528,17654763670
1,30000000,19163875340,430766075,19594641415
1,30000000,17283817714,381923477,17665741191
1,30000000,17261341311,382022553,17643363864
1,30000000,17271410122,382669360,17654079482
1,30000000,19198203789,431485882,19629689671
1,30000000,19142709692,429975296,19572684988
1,30000000,17170179679,379319149,17549498828
1,30000000,19712053203,437331060,20149384263
1,30000000,19162818281,428751619,19591569900
1,30000000,19187752925,428898878,19616651803
1,30000000,17287163630,381538115,17668701745
1,30000000,17273573223,381317967,17654891190
1,30000000,19186314012,429898180,19616212192
1,30000000,17232132834,381665337,17613798171
1,30000000,17154405079,380083850,17534488929
1,30000000,19163441632,428831059,19592272691
1,30000000,19122950675,429700592,19552651267
1,30000000,19126001200,430799391,19556800591
1,30000000,17444068245,379982145,17824050390
1,30000000,19704070801,436693368,20140764169
1,30000000,17273872195,381012995,17654885190
1,30000000,17292232492,380506797,17672739289
1,30000000,17168242063,379350941,17547593004
1,30000000,19114637688,429251710,19543889398
1,30000000,17245339491,381365899,17626705390
1,30000000,17117521520,379464769,17496986289
1,30000000,17167059194,379181398,17546240592
1,30000000,17169692172,380417043,17550109215
1,30000000,17265614546,381606886,17647221432
1,30000000,17310643337,382040125,17692683462
1,30000000,19189481952,429031854,19618513806
1,30000000,19702420313,437756799,20140177112
1,30000000,17268610049,382776873,17651386922
1,40000000,23270002061,504947199,23774949260
1,40000000,25945104314,572814489,26517918803
1,40000000,23371779701,507819575,23879599276
1,40000000,23392925237,509202683,23902127920
1,40000000,23265803747,507352045,23773155792
1,40000000,25898850487,569147289,26467997776
1,40000000,23433227077,507431946,23940659023
1,40000000,23450740952,508069160,23958810112
1,40000000,23427854222,507993781,23935848003
1,40000000,23404588663,504381773,23908970436
1,40000000,25882466636,570699492,26453166128
1,40000000,23413428634,507696747,23921125381
1,40000000,23418287967,507847905,23926135872
1,40000000,23440674086,506401435,23947075521
1,40000000,23421392294,507223712,23928616006
1,40000000,23426148934,507308177,23933457111
1,40000000,23417952717,507411040,23925363757
1,40000000,23422212176,507288719,23929500895
1,40000000,23422977248,507590108,23930567356
1,40000000,25956050459,573962322,26530012781
1,40000000,23393215231,509117715,23902332946
1,40000000,25909483037,570582655,26480065692
1,40000000,25967705772,573028145,26540733917
1,40000000,23268056701,504026553,23772083254
1,40000000,26020149761,581077464,26601227225
1,40000000,23418128570,505715860,23923844430
1,40000000,25889894466,572107909,26462002375
1,40000000,23427653813,504115957,23931769770
1,40000000,23313902532,504363350,23818265882
1,40000000,23414024338,507377004,23921401342
1,40000000,23410276266,507382885,23917659151
1,40000000,23428332839,508612138,23936944977
1,40000000,25918380523,571019899,26489400422
1,40000000,23243072069,503913023,23746985092
1,40000000,23330076196,504470836,23834547032
1,40000000,25912307460,572048146,26484355606
1,40000000,23249618147,505539237,23755157384
1,40000000,23414369547,507389515,23921759062
1,40000000,25937554491,571958319,26509512810
1,40000000,25911448888,569941606,26481390494
1,40000000,23303403835,504906012,23808309847
1,40000000,23261106766,505882245,23766989011
1,40000000,23395273899,504159635,23899433534
1,40000000,23230111502,504705072,23734816574
1,40000000,23423621633,506341716,23929963349
1,40000000,23408774990,507693660,23916468650
1,40000000,23428158334,507404109,23935562443
1,40000000,25884769498,570807210,26455576708
1,40000000,23417090663,505120616,23922211279
1,40000000,23447788517,506805970,23954594487
1,40000000,25926817442,571552250,26498369692
1,40000000,23424787415,508032394,23932819809
1,40000000,23426780044,507913501,23934693545
1,40000000,25967930522,569559387,26537489909
1,40000000,23259314911,504464540,23763779451
1,40000000,23420284293,509479607,23929763900
1,40000000,23284627679,504517776,23789145455
1,40000000,23375168617,507877704,23883046321
1,40000000,23416708400,508113810,23924822210
1,40000000,23423035327,507634163,23930669490
1,40000000,23428379072,508419766,23936798838
1,40000000,23482193040,508135089,23990328129
1,40000000,26014423742,571335277,26585759019
1,40000000,23401900249,507944166,23909844415
1,40000000,23368508355,508099613,23876607968
1,40000000,25964306828,569707088,26534013916
1,40000000,25924104574,569998122,26494102696
1,40000000,25914356201,570838788,26485194989
1,40000000,25886142969,574079285,26460222254
1,40000000,23406430607,507098604,23913529211
1,40000000,23422743743,507678628,23930422371
1,40000000,25891462526,570651882,26462114408
1,40000000,23402755887,508060362,23910816249
1,40000000,26719702010,581529664,27301231674
1,40000000,26755561522,580676194,27336237716
1,40000000,26786531913,582413921,27368945834
1,40000000,25941136104,572997971,26514134075
1,40000000,23264262577,505078447,23769341024
1,40000000,25874674088,571133577,26445807665
1,40000000,23436853149,508998536,23945851685
1,40000000,23519423276,509423363,24028846639
1,40000000,25930051841,571694310,26501746151
1,40000000,23398266842,508190901,23906457743
1,40000000,23463051657,508210853,23971262510
1,40000000,23414937304,508294997,23923232301
1,40000000,23288066817,506488605,23794555422
1,40000000,25875672379,570027218,26445699597
1,40000000,25220683628,506632217,25727315845
1,40000000,25989461824,570684171,26560145995
1,40000000,23461076133,508277862,23969353995
1,40000000,25894146442,572429903,26466576345
1,40000000,23455614535,507145890,23962760425
1,40000000,23410183954,510238974,23920422928
1,40000000,23399797348,507717054,23907514402
1,40000000,23452462124,508816949,23961279073
1,40000000,25929853915,570170248,26500024163
1,40000000,23406840309,507538986,23914379295
1,40000000,23278868056,505795882,23784663938
1,40000000,23404751280,507767209,23912518489
1,40000000,23439017875,508337998,23947355873
1,40000000,23402913797,507878567,23910792364
1,40000000,25998618304,573725941,26572344245
1,40000000,23395183245,507522345,23902705590
1,40000000,23386483222,508738975,23895222197
1,40000000,23450405845,507795175,23958201020
1,40000000,23289775396,504607791,23794383187
1,40000000,23444108851,505613292,23949722143
1,40000000,23455814060,508456734,23964270794
1,40000000,23434736454,508653323,23943389777
1,40000000,25933871435,570259325,26504130760
1,40000000,25896528926,571487115,26468016041
1,40000000,23424386279,504526118,23928912397
1,40000000,23447621349,506099201,23953720550
1,40000000,25992445508,570991254,26563436762
1,40000000,23415748096,508731182,23924479278
1,50000000,29606781931,633497081,30240279012
1,50000000,29489737923,632430650,30122168573
1,50000000,32771938826,713140858,33485079684
1,50000000,29698703626,634447562,30333151188
1,50000000,29688636685,635184146,30323820831
1,50000000,29633172554,635176228,30268348782
1,50000000,29683855425,636306071,30320161496
1,50000000,29786208756,636164622,30422373378
1,50000000,29666676921,634874085,30301551006
1,50000000,29646990148,633581409,30280571557
1,50000000,29636043876,634262787,30270306663
1,50000000,33932187242,727427971,34659615213
1,50000000,29673184269,633859734,30307044003
1,50000000,29464304385,630560706,30094865091
1,50000000,29639302760,633778726,30273081486
1,50000000,29605574138,634386505,30239960643
1,50000000,29479239442,632503406,30111742848
1,50000000,29663873338,633587934,30297461272
1,50000000,29631754965,633305801,30265060766
1,50000000,29645212638,633753837,30278966475
1,50000000,29698976723,635405859,30334382582
1,50000000,29668680128,633961858,30302641986
1,50000000,33972783472,726099287,34698882759
1,50000000,29547108046,631981238,30179089284
1,50000000,32754479708,710986812,33465466520
1,50000000,33790655868,722186404,34512842272
1,50000000,32718118125,710742109,33428860234
1,50000000,29470924413,632118054,30103042467
1,50000000,29607726725,633577985,30241304710
1,50000000,29699667475,635049429,30334716904
1,50000000,29652617915,635619158,30288237073
1,50000000,29666640790,632512603,30299153393
1,50000000,34043530518,725166280,34768696798
1,50000000,29683322918,634279267,30317602185
1,50000000,29481110311,629868919,30110979230
1,50000000,29382777140,630002469,30012779609
1,50000000,32729897332,714443846,33444341178
1,50000000,29677470685,634398535,30311869220
1,50000000,29661226470,634144912,30295371382
1,50000000,29652895890,634105487,30287001377
1,50000000,33374285846,712637806,34086923652
1,50000000,29513565528,629502288,30143067816
1,50000000,29648309873,633692935,30282002808
1,50000000,29477612518,629835984,30107448502
1,50000000,29673076578,634575245,30307651823
1,50000000,29704992643,635398578,30340391221
1,50000000,33906399669,725266680,34631666349
1,50000000,32810170241,714187980,33524358221
1,50000000,29661521317,633406557,30294927874
1,50000000,33888560464,727036583,34615597047
1,50000000,29490141947,632748065,30122890012
1,50000000,33793460577,723518267,34516978844
1,50000000,29632876499,633079096,30265955595
1,50000000,29664119406,635448738,30299568144
1,50000000,33915443137,725352072,34640795209
1,50000000,32725994284,712909721,33438904005
1,50000000,29480304048,633129964,30113434012
1,50000000,29669024760,634627593,30303652353
1,50000000,29684422730,634914923,30319337653
1,50000000,33905560881,724042498,34629603379
1,50000000,33813280318,722029610,34535309928
1,50000000,29648267632,634416200,30282683832
1,50000000,33937755219,725614349,34663369568
1,50000000,29626935325,634048104,30260983429
1,50000000,29508987819,632486806,30141474625
1,50000000,33851115727,723458067,34574573794
1,50000000,29533503268,631238017,30164741285
1,50000000,29411035855,630071197,30041107052
1,50000000,33848797148,728627882,34577425030
1,50000000,29679352007,633937756,30313289763
1,50000000,29667470471,635440413,30302910884
1,50000000,33753140927,724076845,34477217772
1,50000000,29541722008,631494881,30173216889
1,50000000,29504407577,633294749,30137702326
1,50000000,29665281878,633156567,30298438445
1,50000000,29623875073,634170582,30258045655
1,50000000,29645914629,633314222,30279228851
1,50000000,29678541486,634419670,30312961156
1,50000000,29621482195,633773743,30255255938
1,50000000,29638134743,633288430,30271423173
1,50000000,33936627156,725179132,34661806288
1,50000000,29608002719,633775851,30241778570
1,50000000,29624388682,633646340,30258035022
1,50000000,29613372040,634416658,30247788698
1,50000000,29475989188,631003941,30106993129
1,50000000,33835300934,724156245,34559457179
1,50000000,29611318897,632403049,30243721946
1,50000000,29647232235,634287793,30281520028
1,50000000,29467627456,630814842,30098442298
1,50000000,29628328194,633872779,30262200973
1,50000000,29652347619,635511058,30287858677
1,50000000,33856179858,724864997,34581044855
1,50000000,29667704401,634367958,30302072359
1,50000000,33991488942,724206399,34715695341
1,50000000,29458595518,630462766,30089058284
1,50000000,29485216061,630450748,30115666809
1,50000000,29690984879,635008555,30325993434
1,50000000,33817132913,724674999,34541807912
1,50000000,29666050170,635517092,30301567262
1,50000000,29956175645,632793920,30588969565
1,50000000,29484574881,629611770,30114186651
1,50000000,29503497796,629376013,30132873809
1,50000000,32762168980,713544943,33475713923
1,50000000,33780433385,724892388,34505325773
1,50000000,32807479071,710581545,33518060616
1,50000000,33988707327,722698366,34711405693
1,50000000,29660763313,634564184,30295327497
1,50000000,33897493895,726904635,34624398530
1,50000000,33903214955,724862434,34628077389
1,50000000,33036183482,711344057,33747527539
1,50000000,33871032715,724199852,34595232567
1,50000000,29441165484,632360262,30073525746
1,50000000,33727353271,724344277,34451697548
1,50000000,29668843931,633981773,30302825704
1,50000000,29654926881,633731478,30288658359
1,60000000,41100275781,866889065,41967164846
1,60000000,39680511707,853905400,40534417107
1,60000000,35928980291,760331973,36689312264
1,60000000,39606148653,858192978,40464341631
1,60000000,35974773953,759377523,36734151476
1,60000000,35987010326,759724157,36746734483
1,60000000,39712817084,854575338,40567392422
1,60000000,39694062742,852576775,40546639517
1,60000000,35921350966,761698972,36683049938
1,60000000,35770712396,755625914,36526338310
1,60000000,35977118113,763133173,36740251286
1,60000000,35997811906,759682862,36757494768
1,60000000,39691071832,851505945,40542577777
1,60000000,35902645857,759741558,36662387415
1,60000000,35905941119,759618924,36665560043
1,60000000,39759106996,851459432,40610566428
1,60000000,39651115402,851282850,40502398252
1,60000000,41102120250,869356533,41971476783
1,60000000,35737532232,757790511,36495322743
1,60000000,40978618549,866539156,41845157705
1,60000000,35953732671,759041386,36712774057
1,60000000,39641767995,851834263,40493602258
1,60000000,41055657331,868421402,41924078733
1,60000000,40064951387,868881062,40933832449
1,60000000,39677993430,855629274,40533622704
1,60000000,35634041762,753603373,36387645135
1,60000000,39730230090,855128263,40585358353
1,60000000,39694768650,851332288,40546100938
1,60000000,39998520267,853929490,40852449757
1,60000000,36008595531,759499862,36768095393
1,60000000,39630417256,850058405,40480475661
1,60000000,35978334528,760238599,36738573127
1,60000000,39755929969,850091058,40606021027
1,60000000,35721999003,754243595,36476242598
1,60000000,39625235336,850327004,40475562340
1,60000000,35652777361,754390219,36407167580
1,60000000,35742022849,754857149,36496879998
1,60000000,39594944355,853967051,40448911406
1,60000000,35808543199,755377750,36563920949
1,60000000,39656441765,854752143,40511193908
1,60000000,36056448912,759081424,36815530336
1,60000000,35988433634,760034400,36748468034
1,60000000,39698257581,851446863,40549704444
1,60000000,35957031281,760487434,36717518715
1,60000000,39598160720,850384374,40448545094
1,60000000,35728100192,755407323,36483507515
1,60000000,35967537633,758715471,36726253104
1,60000000,39688767375,851541483,40540308858
1,60000000,35949527779,759435232,36708963011
1,60000000,36031791727,759041346,36790833073
1,60000000,35758794518,755076907,36513871425
1,60000000,39667251820,851704937,40518956757
1,60000000,35923055491,759217369,36682272860
1,60000000,39692824072,857525225,40550349297
1,60000000,41119414818,869403482,41988818300
1,60000000,35961171614,763151815,36724323429
1,60000000,35929509173,761480359,36690989532
1,60000000,35960954421,758849151,36719803572
1,60000000,35963835970,759373404,36723209374
1,60000000,35958640493,759357735,36717998228
1,60000000,39709376828,852703657,40562080485
1,60000000,35633441821,754703833,36388145654
1,60000000,35775894398,753925695,36529820093
1,60000000,35951773296,759980526,36711753822
1,60000000,35732872189,754073222,36486945411
1,60000000,39743057381,849636795,40592694176
1,60000000,35967874556,758480223,36726354779
1,60000000,36032500383,761088790,36793589173
1,60000000,39730894743,851152104,40582046847
1,60000000,35765360908,756053133,36521414041
1,60000000,35722834354,752983810,36475818164
1,60000000,36008401783,759186552,36767588335
1,60000000,39703284112,850186119,40553470231
1,60000000,35745763251,757561475,36503324726
1,60000000,40928971737,868555994,41797527731
1,60000000,39654049028,850726078,40504775106
1,60000000,35985497525,758680812,36744178337
1,60000000,35976099428,761042462,36737141890
1,60000000,36013502657,761860889,36775363546
1,60000000,35930211010,761164373,36691375383
1,60000000,36012842519,764177306,36777019825
1,60000000,35659632642,754163953,36413796595
1,60000000,35665899067,758481091,36424380158
1,60000000,39713586974,850474608,40564061582
1,60000000,41042377519,867081959,41909459478
1,60000000,35958693426,759062767,36717756193
1,60000000,35730627711,755178917,36485806628
1,60000000,39690101361,850642199,40540743560
1,60000000,35739616868,755597188,36495214056
1,60000000,35717794577,753264248,36471058825
1,60000000,35749432589,755413638,36504846227
1,60000000,39682930747,852902217,40535832964
1,60000000,40983981469,866362241,41850343710
1,60000000,35914051039,759536370,36673587409
1,60000000,35975436123,759589891,36735026014
1,60000000,35907541606,762259538,36669801144
1,60000000,39705458199,853627968,40559086167
1,60000000,35701490279,754202570,36455692849
1,60000000,35984843969,759648743,36744492712
1,60000000,35892589662,759265204,36651854866
1,60000000,35946882951,762798962,36709681913
1,60000000,39712429799,855142141,40567571940
1,60000000,41134524016,868818058,42003342074
1,60000000,35945344114,760097202,36705441316
1,60000000,35982967273,759312786,36742280059
1,60000000,35904512862,760561549,36665074411
1,60000000,35784912111,756145643,36541057754
1,60000000,39631826408,854156052,40485982460
1,60000000,39697237821,851645739,40548883560
1,60000000,35977003347,763935355,36740938702
1,60000000,35741690801,754318542,36496009343
1,60000000,35770502195,754890346,36525392541
1,60000000,39688074898,850938524,40539013422
1,60000000,35966459005,760097620,36726556625
1,60000000,39666625137,851139964,40517765101
1,70000000,48281473209,1012527616,49294000825
1,70000000,48326107217,1008485582,49334592799
1,70000000,48235550846,1011885895,49247436741
1,70000000,42051012409,879747105,42930759514
1,70000000,48222324115,1007430292,49229754407
1,70000000,42046885811,877997813,42924883624
1,70000000,42396385360,885297715,43281683075
1,70000000,42339438846,886474174,43225913020
1,70000000,42247942274,885419568,43133361842
1,70000000,42334944320,886184816,43221129136
1,70000000,48495671168,1010783191,49506454359
1,70000000,42292292304,884741203,43177033507
1,70000000,42363043787,885013772,43248057559
1,70000000,42024180440,879767676,42903948116
1,70000000,42426719481,887402147,43314121628
1,70000000,42375872183,886510146,43262382329
1,70000000,42060863491,879634936,42940498427
1,70000000,42413163243,887752519,43300915762
1,70000000,42370200840,885757696,43255958536
1,70000000,42266950712,885336606,43152287318
1,70000000,48498360639,1014356289,49512716928
1,70000000,42048895392,881839821,42930735213
1,70000000,42053761555,881119602,42934881157
1,70000000,48308995043,1008168059,49317163102
1,70000000,48294080798,1008708104,49302788902
1,70000000,48246698313,1009998323,49256696636
1,70000000,42317014948,887644963,43204659911
1,70000000,42064359199,882423516,42946782715
1,70000000,42291902022,886042888,43177944910
1,70000000,42315145376,886578041,43201723417
1,70000000,42388784755,885543004,43274327759
1,70000000,42309722949,885789807,43195512756
1,70000000,42338379561,886011596,43224391157
1,70000000,42332113295,885092716,43217206011
1,70000000,42035977718,878119292,42914097010
1,70000000,42332024057,885767271,43217791328
1,70000000,48226960588,1010514162,49237474750
1,70000000,48341717944,1011374251,49353092195
1,70000000,42291788949,885887569,43177676518
1,70000000,42340458016,886400742,43226858758
1,70000000,42394986658,886095390,43281082048
1,70000000,42006198789,880965006,42887163795
1,70000000,41975282248,880986429,42856268677
1,70000000,48327140606,1010732125,49337872731
1,70000000,42120997844,880201138,43001198982
1,70000000,42234063711,884198655,43118262366
1,70000000,42359269628,888875686,43248145314
1,70000000,42376430057,884796080,43261226137
1,70000000,42061773597,878202884,42939976481
1,70000000,48228558779,1011702883,49240261662
1,70000000,42062467400,881387573,42943854973
1,70000000,42287769234,884577786,43172347020
1,70000000,42247571422,884445769,43132017191
1,70000000,48400967906,1012407669,49413375575
1,70000000,42039896387,879097772,42918994159
1,70000000,48267498746,1011515699,49279014445
1,70000000,42101396628,879005739,42980402367
1,70000000,42249329901,881007918,43130337819
1,70000000,42338998822,887830682,43226829504
1,70000000,42340714938,886322563,43227037501
1,70000000,48253306222,1009878889,49263185111
1,70000000,42318142113,884869015,43203011128
1,70000000,42287847669,884407799,43172255468
1,70000000,42075580210,878498775,42954078985
1,70000000,42027098519,879529516,42906628035
1,70000000,42371351938,884866840,43256218778
1,70000000,46378768873,878687424,47257456297
1,70000000,42142484264,881326542,43023810806
1,70000000,48267803664,1009854026,49277657690
1,70000000,42380007654,884716292,43264723946
1,70000000,48344631822,1012345734,49356977556
1,70000000,42044843685,878714656,42923558341
1,70000000,48315813119,1010632822,49326445941
1,70000000,42334658538,884276308,43218934846
1,70000000,42296254897,885155485,43181410382
1,70000000,48437399373,1011307793,49448707166
1,70000000,48368813911,1012328576,49381142487
1,70000000,46713166223,992633368,47705799591
1,70000000,48326595593,1012421809,49339017402
1,70000000,42327877522,885107885,43212985407
1,70000000,48354036707,1013331669,49367368376
1,70000000,42060679323,880846475,42941525798
1,70000000,48265945112,1012429025,49278374137
1,70000000,48311020637,1010687615,49321708252
1,70000000,48362758282,1010849344,49373607626
1,70000000,48336304883,1009232995,49345537878
1,70000000,42444483522,889311425,43333794947
1,70000000,42043070700,879388841,42922459541
1,70000000,48523999285,1011569430,49535568715
1,70000000,48446193146,1010224179,49456417325
1,70000000,42288488001,883312685,43171800686
1,70000000,42432655356,884161405,43316816761
1,70000000,48350434713,1012435203,49362869916
1,70000000,48447930081,1011390880,49459320961
1,70000000,48373951780,1011820982,49385772762
1,70000000,48364124329,1012664390,49376788719
1,70000000,48383074202,1013652026,49396726228
1,70000000,42072799472,879781597,42952581069
1,70000000,42317735672,884258762,43201994434
1,70000000,42353154032,887146497,43240300529
1,70000000,48380785060,1012307968,49393093028
1,70000000,48392847681,1013211484,49406059165
1,70000000,48212170396,1012262410,49224432806
1,70000000,48244828157,1009478874,49254307031
1,70000000,48243611973,1009845236,49253457209
1,70000000,48211865012,1007153553,49219018565
1,70000000,42212559442,878272187,43090831629
1,70000000,47887614717,994825999,48882440716
1,70000000,42336332226,887599168,43223931394
1,70000000,42277776266,888340375,43166116641
1,70000000,42336863575,887833110,43224696685
1,70000000,42320915833,885414607,43206330440
1,70000000,42399099532,889609561,43288709093
1,70000000,42276266715,886863728,43163130443
1,70000000,42058834076,879864190,42938698266
1,80000000,48361028215,1005492332,49366520547
1,80000000,55614105869,1155818853,56769924722
1,80000000,54769721682,1135284916,55905006598
1,80000000,55792813920,1152291496,56945105416
1,80000000,55754283166,1154931604,56909214770
1,80000000,48450832484,1005107674,49455940158
1,80000000,48685603043,1010351438,49695954481
1,80000000,48749621803,1013466734,49763088537
1,80000000,48790828170,1011760483,49802588653
1,80000000,48716013851,1010394427,49726408278
1,80000000,48751015450,1013815685,49764831135
1,80000000,48831388955,1011053852,49842442807
1,80000000,55707297580,1155292505,56862590085
1,80000000,48416552134,1004562500,49421114634
1,80000000,55674312223,1154691783,56829004006
1,80000000,55590978147,1154887136,56745865283
1,80000000,48755527018,1011157124,49766684142
1,80000000,48717538288,1012814321,49730352609
1,80000000,55683406913,1159617163,56843024076
1,80000000,55723098568,1155547802,56878646370
1,80000000,48444065896,1007963461,49452029357
1,80000000,55792342070,1157444205,56949786275
1,80000000,55648170384,1156819459,56804989843
1,80000000,55635339890,1154427826,56789767716
1,80000000,48875909177,1010898329,49886807506
1,80000000,48785149967,1013638652,49798788619
1,80000000,48789995112,1016109331,49806104443
1,80000000,55641243358,1156711978,56797955336
1,80000000,55699192630,1155942872,56855135502
1,80000000,55626738434,1155027146,56781765580
1,80000000,48754130571,1014936986,49769067557
1,80000000,48809813107,1010501502,49820314609
1,80000000,55723885111,1156105180,56879990291
1,80000000,48755668524,1012990326,49768658850
1,80000000,55657945949,1156812741,56814758690
1,80000000,55650462234,1155919225,56806381459
1,80000000,48729741681,1011311567,49741053248
1,80000000,55609045972,1155673639,56764719611
1,80000000,48826276023,1011079094,49837355117
1,80000000,48721334195,1011592327,49732926522
1,80000000,48774076344,1011520006,49785596350
1,80000000,55685558038,1156771279,56842329317
1,80000000,55545061125,1156449832,56701510957
1,80000000,48467359135,1006984406,49474343541
1,80000000,55611335337,1157997731,56769333068
1,80000000,55498272576,1155302318,56653574894
1,80000000,55506798080,1154249997,56661048077
1,80000000,55522937046,1151943767,56674880813
1,80000000,48763824421,1011293291,49775117712
1,80000000,55632610427,1155148574,56787759001
1,80000000,48446001451,1005149952,49451151403
1,80000000,48351116107,1004049134,49355165241
1,80000000,55626210190,1155430524,56781640714
1,80000000,48719680157,1011249395,49730929552
1,80000000,48722007952,1010496713,49732504665
1,80000000,48949659292,1014136484,49963795776
1,80000000,48741099868,1013406485,49754506353
1,80000000,55764475129,1159502753,56923977882
1,80000000,55696334862,1156205108,56852539970
1,80000000,48727512094,1010250061,49737762155
1,80000000,55789296388,1156185304,56945481692
1,80000000,48753880433,1012733996,49766614429
1,80000000,48882812049,1011094683,49893906732
1,80000000,48765164472,1011877914,49777042386
1,80000000,48454840374,1007178126,49462018500
1,80000000,55692219680,1156372167,56848591847
1,80000000,55655021635,1153803446,56808825081
1,80000000,55553928271,1152244990,56706173261
1,80000000,55490829454,1154355381,56645184835
1,80000000,48827224609,1011159098,49838383707
1,80000000,48747304301,1014723237,49762027538
1,80000000,48768598370,1010472687,49779071057
1,80000000,55620538529,1154470188,56775008717
1,80000000,48737284053,1013442162,49750726215
1,80000000,48666590120,1013426598,49680016718
1,80000000,55635323182,1155099277,56790422459
1,80000000,55515089326,1155110989,56670200315
1,80000000,48664683212,1012034499,49676717711
1,80000000,55686326573,1156900721,56843227294
1,80000000,48715436166,1011025943,49726462109
1,80000000,55604274540,1156889462,56761164002
1,80000000,55530162489,1152915896,56683078385
1,80000000,55536286191,1152841701,56689127892
1,80000000,55672034041,1154860366,56826894407
1,80000000,48500106839,1013329075,49513435914
1,80000000,55556808618,1156419921,56713228539
1,80000000,55574776526,1152757624,56727534150
1,80000000,48428799590,1006931926,49435731516
1,80000000,48720848283,1011927037,49732775320
1,80000000,55538404226,1154435301,56692839527
1,80000000,48748650168,1010294997,49758945165
1,80000000,48731775063,1016640267,49748415330
1,80000000,48678255969,1013283318,49691539287
1,80000000,48747541375,1011423025,49758964400
1,80000000,48449667554,1004487860,49454155414
1,80000000,48681663036,1015477182,49697140218
1,80000000,48451457322,1004183806,49455641128
1,80000000,48421860957,1005031771,49426892728
1,80000000,55712373944,1156318241,56868692185
1,80000000,48737707584,1012345157,49750052741
1,80000000,55726961624,1156642127,56883603751
1,80000000,48632701982,1010503839,49643205821
1,80000000,48830863372,1010585059,49841448431
1,80000000,48421256016,1004094588,49425350604
1,80000000,48460371929,1004237503,49464609432
1,80000000,55645997775,1155879578,56801877353
1,80000000,48316588442,1004130294,49320718736
1,80000000,55551860857,1155022724,56706883581
1,80000000,48816245582,1010929702,49827175284
1,80000000,48823227694,1013415513,49836643207
1,80000000,55629538958,1152024309,56781563267
1,80000000,55517224479,1154696274,56671920753
1,80000000,48747116446,1010540874,49757657320
1,80000000,48758471201,1013185995,49771657196
1,80000000,55628138868,1156723767,56784862635
1,90000000,63008235832,1297020604,64305256436
1,90000000,55204904891,1138212144,56343117035
1,90000000,54834911669,1131322506,55966234175
1,90000000,55109825821,1142978937,56252804758
1,90000000,62919430982,1295279807,64214710789
1,90000000,55164004681,1137128034,56301132715
1,90000000,55191646691,1137140443,56328787134
1,90000000,55258237672,1141100635,56399338307
1,90000000,54765212062,1133466812,55898678874
1,90000000,62906483923,1296117707,64202601630
1,90000000,55157122513,1139678132,56296800645
1,90000000,62903827338,1295641404,64199468742
1,90000000,55218265448,1138318082,56356583530
1,90000000,55137812156,1137287326,56275099482
1,90000000,55166903842,1136289924,56303193766
1,90000000,63040469214,1298383405,64338852619
1,90000000,62933132996,1296505864,64229638860
1,90000000,55177575725,1138495794,56316071519
1,90000000,62978467983,1296813341,64275281324
1,90000000,62905550963,1298421770,64203972733
1,90000000,55169950348,1136161664,56306112012
1,90000000,63082176250,1300490967,64382667217
1,90000000,55200546702,1138029875,56338576577
1,90000000,55212865993,1140363973,56353229966
1,90000000,55209131549,1137198986,56346330535
1,90000000,63072214321,1300661046,64372875367
1,90000000,63115225790,1296953890,64412179680
1,90000000,55165171967,1138856405,56304028372
1,90000000,61952561112,1277532063,63230093175
1,90000000,62996364740,1295856134,64292220874
1,90000000,55094592882,1136750179,56231343061
1,90000000,63027638022,1299082829,64326720851
1,90000000,62905164411,1297758566,64202922977
1,90000000,55186727602,1137248628,56323976230
1,90000000,55187699194,1137503299,56325202493
1,90000000,55214128771,1138787189,56352915960
1,90000000,62999147688,1300553467,64299701155
1,90000000,63008416159,1299438536,64307854695
1,90000000,55109836022,1138267540,56248103562
1,90000000,55274035988,1137254047,56411290035
1,90000000,55184001860,1139257681,56323259541
1,90000000,55128897046,1140891734,56269788780
1,90000000,55112772335,1137041702,56249814037
1,90000000,55214246345,1138745716,56352992061
1,90000000,62919266984,1297141593,64216408577
1,90000000,55198149843,1137491983,56335641826
1,90000000,55212270671,1140630792,56352901463
1,90000000,55166933040,1141775323,56308708363
1,90000000,55254622283,1137952616,56392574899
1,90000000,63011270573,1299189501,64310460074
1,90000000,55094627400,1137329446,56231956846
1,90000000,55209200425,1137467985,56346668410
1,90000000,55129883563,1137603449,56267487012
1,90000000,55206243987,1136985605,56343229592
1,90000000,55125658670,1136603070,56262261740
1,90000000,54851491790,1129491443,55980983233
1,90000000,62957189585,1295829974,64253019559
1,90000000,63549476278,1299811235,64849287513
1,90000000,55227703324,1137658521,56365361845
1,90000000,62881734575,1297504517,64179239092
1,90000000,55330231299,1138158719,56468390018
1,90000000,63095960368,1295379495,64391339863
1,90000000,55205286862,1139510688,56344797550
1,90000000,55154610122,1141246003,56295856125
1,90000000,55143152868,1137040085,56280192953
1,90000000,63092648373,1294625306,64387273679
1,90000000,63100625444,1297509955,64398135399
1,90000000,54841130543,1132319868,55973450411
1,90000000,54840147287,1134109083,55974256370
1,90000000,62841166054,1296971823,64138137877
1,90000000,62971911842,1297835798,64269747640
1,90000000,63126253027,1297414757,64423667784
1,90000000,62863897497,1297336133,64161233630
1,90000000,62883331499,1295570126,64178901625
1,90000000,62812667454,1296095942,64108763396
1,90000000,55194048671,1135916469,56329965140
1,90000000,61999025813,1281495176,63280520989
1,90000000,61334299064,1272839586,62607138650
1,90000000,55156611470,1138659888,56295271358
1,90000000,55247649281,1138001506,56385650787
1,90000000,55163334170,1141842301,56305176471
1,90000000,55206113453,1138837079,56344950532
1,90000000,55128595812,1136994604,56265590416
1,90000000,55194141907,1146188011,56340329918
1,90000000,55250703531,1138024224,56388727755
1,90000000,55096512696,1136612977,56233125673
1,90000000,55148814333,1136917690,56285732023
1,90000000,55244127294,1141055169,56385182463
1,90000000,55176620141,1137640226,56314260367
1,90000000,55167305972,1137224017,56304529989
1,90000000,55021111450,1129867172,56150978622
1,90000000,63148477460,1296326858,64444804318
1,90000000,61867715845,1280657283,63148373128
1,90000000,55219762634,1139638719,56359401353
1,90000000,55217645529,1141330069,56358975598
1,90000000,62973830505,1295758681,64269589186
1,90000000,62902261922,1298680011,64200941933
1,90000000,54878867819,1129159971,56008027790
1,90000000,62982823397,1298108216,64280931613
1,90000000,54836257013,1131299381,55967556394
1,90000000,55269945346,1142634859,56412580205
1,90000000,62965313913,1299530735,64264844648
1,90000000,55121664022,1139719737,56261383759
1,90000000,55176277680,1140682850,56316960530
1,90000000,55283393648,1138211829,56421605477
1,90000000,55191712234,1142341423,56334053657
1,90000000,63138264843,1296006129,64434270972
1,90000000,62942054129,1295126238,64237180367
1,90000000,62931089102,1295158083,64226247185
1,90000000,55174786691,1137111289,56311897980
1,90000000,55310163523,1144008193,56454171716
1,90000000,62993788990,1298456185,64292245175
1,90000000,62873675599,1293993825,64167669424
1,90000000,62813044226,1296831059,64109875285
1,90000000,63040067841,1294843310,64334911151
1,100000000,61585955287,1265599786,62851555073
1,100000000,61783346483,1264153487,63047499970
1,100000000,61695423699,1262799040,62958222739
1,100000000,61788080170,1264834589,63052914759
1,100000000,61660149047,1268088699,62928237746
1,100000000,70496919416,1450234446,71947153862
1,100000000,70405694330,1441155533,71846849863
1,100000000,70384446025,1442527563,71826973588
1,100000000,61679018939,1263533939,62942552878
1,100000000,61297207015,1253712126,62550919141
1,100000000,70449432384,1441001881,71890434265
1,100000000,61640737685,1262045425,62902783110
1,100000000,61717953695,1267809592,62985763287
1,100000000,61601910235,1263304118,62865214353
1,100000000,61793023712,1266896830,63059920542
1,100000000,61638018719,1262914625,62900933344
1,100000000,61677576981,1265194959,62942771940
1,100000000,61912713139,1268606604,63181319743
1,100000000,61700436139,1262502252,62962938391
1,100000000,70287773383,1440228283,71728001666
1,100000000,70265869045,1439204724,71705073769
1,100000000,61662990676,1263376159,62926366835
1,100000000,61606303105,1263320648,62869623753
1,100000000,61931522876,1266129666,63197652542
1,100000000,61687145483,1263183431,62950328914
1,100000000,70361884692,1443377056,71805261748
1,100000000,70140395592,1438714786,71579110378
1,100000000,70316440303,1440179770,71756620073
1,100000000,70235839764,1440118394,71675958158
1,100000000,70256853682,1438069475,71694923157
1,100000000,70413056937,1439618336,71852675273
1,100000000,61678515211,1262719021,62941234232
1,100000000,61698896153,1262819745,62961715898
1,100000000,61575203897,1264344015,62839547912
1,100000000,61592560072,1264262533,62856822605
1,100000000,61674334096,1263448098,62937782194
1,100000000,70627135442,1442862836,72069998278
1,100000000,70203785181,1440976475,71644761656
1,100000000,70324677154,1443303066,71767980220
1,100000000,61296446847,1255411315,62551858162
1,100000000,61855359455,1264545484,63119904939
1,100000000,61594621033,1262759240,62857380273
1,100000000,70428911274,1441731408,71870642682
1,100000000,70266946052,1437964641,71704910693
1,100000000,61355756353,1253490642,62609246995
1,100000000,70386412735,1439697315,71826110050
1,100000000,61350840869,1255294643,62606135512
1,100000000,61669432399,1266070585,62935502984
1,100000000,61307226451,1254652674,62561879125
1,100000000,61585417504,1261977783,62847395287
1,100000000,61701472246,1265956782,62967429028
1,100000000,70543576677,1441332170,71984908847
1,100000000,70413573748,1442499876,71856073624
1,100000000,61713816719,1263090334,62976907053
1,100000000,61701233449,1264612989,62965846438
1,100000000,61613237334,1266083335,62879320669
1,100000000,61421244448,1254739456,62675983904
1,100000000,70524679953,1444211006,71968890959
1,100000000,70255640198,1441303443,71696943641
1,100000000,70279376239,1440823859,71720200098
1,100000000,70182183160,1437865366,71620048526
1,100000000,61673441723,1262702090,62936143813
1,100000000,70382123490,1441624311,71823747801
1,100000000,70235438903,1439532522,71674971425
1,100000000,61712910713,1262921057,62975831770
1,100000000,61366112506,1253634645,62619747151
1,100000000,61206859030,1253934232,62460793262
1,100000000,61657335473,1263239140,62920574613
1,100000000,61565688903,1263315821,62829004724
1,100000000,70466665903,1441311029,71907976932
1,100000000,61290809586,1254200359,62545009945
1,100000000,70386272914,1440950633,71827223547
1,100000000,61650030362,1263532073,62913562435
1,100000000,70383647945,1441403314,71825051259
1,100000000,61706431281,1263285740,62969717021
1,100000000,61313193885,1257241534,62570435419
1,100000000,61734099027,1262755489,62996854516
1,100000000,61588462176,1262353205,62850815381
1,100000000,70231462494,1438973448,71670435942
1,100000000,61681334609,1263630416,62944965025
1,100000000,70465547555,1441396494,71906944049
1,100000000,70192769416,1438469206,71631238622
1,100000000,70270124255,1439699861,71709824116
1,100000000,61294284895,1253077763,62547362658
1,100000000,61679868735,1263175960,62943044695
1,100000000,61782279008,1263497572,63045776580
1,100000000,61583669222,1263164773,62846833995
1,100000000,61863839786,1261882748,63125722534
1,100000000,70370997956,1440257059,71811255015
1,100000000,61608249520,1261761241,62870010761
1,100000000,61298299455,1256665464,62554964919
1,100000000,70357886706,1439109069,71796995775
1,100000000,70506407827,1440295365,71946703192
1,100000000,61338471938,1254328268,62592800206
1,100000000,61807449584,1267347429,63074797013
1,100000000,61722561161,1262484199,62985045360
1,100000000,70383118366,1440785541,71823903907
1,100000000,70264207549,1439006119,71703213668
1,100000000,61683213204,1266463704,62949676908
1,100000000,70391020178,1439230430,71830250608
1,100000000,70434532649,1442923442,71877456091
1,100000000,70268804402,1440921517,71709725919
1,100000000,61768610872,1262521756,63031132628
1,100000000,61266021723,1257260801,62523282524
1,100000000,61233139499,1259331029,62492470528
1,100000000,61332037788,1255366299,62587404087
1,100000000,61735804860,1262328616,62998133476
1,100000000,61629442211,1264615267,62894057478
1,100000000,61805169590,1263078239,63068247829
1,100000000,61711895621,1262260613,62974156234
1,100000000,61757330451,1263709427,63021039878
1,100000000,61296727296,1253330579,62550057875
1,100000000,61333519025,1257523388,62591042413
1,100000000,61784109995,1264614323,63048724318
1,100000000,61683828922,1262062495,62945891417
2,1000,354849,37996,392845
2,1000,265660,31977,297637
2,1000,406089,37947,444036
2,1000,309105,39988,349093
2,1000,233012,36831,269843
2,1000,359908,38084,397992
2,1000,231262,40363,271625
2,1000,279127,35550,314677
2,1000,361995,49601,411596
2,1000,272053,41964,314017
2,1000,271251,42189,313440
2,1000,369026,40160,409186
2,1000,307959,38931,346890
2,1000,314058,35152,349210
2,1000,264915,34864,299779
2,1000,250269,38428,288697
2,1000,380635,38835,419470
2,1000,286252,35894,322146
2,1000,268853,35741,304594
2,1000,314209,50695,364904
2,1000,304808,38485,343293
2,1000,398769,43672,442441
2,1000,381084,37653,418737
2,1000,238506,32140,270646
2,1000,345154,40284,385438
2,1000,392920,38784,431704
2,1000,326593,39225,365818
2,1000,269690,41518,311208
2,1000,251350,35423,286773
2,1000,367448,47673,415121
2,1000,299802,40996,340798
2,1000,238545,29423,267968
2,1000,233712,32894,266606
2,1000,252872,40438,293310
2,1000,356326,38925,395251
2,1000,334377,37847,372224
2,1000,149205,37729,186934
2,1000,406018,39543,445561
2,1000,394980,37957,432937
2,1000,151103,39814,190917
2,1000,266778,39872,306650
2,1000,135963,32897,168860
2,1000,215341,31095,246436
2,1000,343645,38604,382249
2,1000,197750,35391,233141
2,1000,216633,43328,259961
2,1000,295362,36595,331957
2,1000,324529,41263,365792
2,1000,286802,37521,324323
2,1000,286308,36221,322529
2,1000,395572,38460,434032
2,1000,263553,42085,305638
2,1000,281624,40877,322501
2,1000,365726,28880,394606
2,1000,355062,42614,397676
2,1000,368953,38147,407100
2,1000,252454,32847,285301
2,1000,266101,31482,297583
2,1000,346353,36918,383271
2,1000,177368,37730,215098
2,1000,226182,43202,269384
2,1000,365297,39687,404984
2,1000,321989,142666,464655
2,1000,365697,40185,405882
2,1000,153924,33718,187642
2,1000,367699,50045,417744
2,1000,227076,31509,258585
2,1000,364410,44699,409109
2,1000,235668,37965,273633
2,1000,325294,38006,363300
2,1000,376715,36004,412719
2,1000,363664,40783,404447
2,1000,528199,41970,570169
2,1000,250675,29862,280537
2,1000,391617,38713,430330
2,1000,303016,38064,341080
2,1000,268722,30009,298731
2,1000,281161,36268,317429
2,1000,230882,32585,263467
2,1000,307152,43015,350167
2,1000,420740,40154,460894
2,1000,321294,40284,361578
2,1000,363458,36453,399911
2,1000,392207,35222,427429
2,1000,391170,38880,430050
2,1000,227530,36852,264382
2,1000,227108,38263,265371
2,1000,357843,37582,395425
2,1000,346370,39897,386267
2,1000,293725,37309,331034
2,1000,241393,44555,285948
2,1000,339287,36606,375893
2,1000,269480,33085,302565
2,1000,422418,27619,450037
2,1000,231520,39883,271403
2,1000,313710,37751,351461
2,1000,259843,38348,298191
2,1000,220134,39070,259204
2,1000,359216,38095,397311
2,1000,358778,37790,396568
2,1000,162621,37915,200536
2,1000,378280,39603,417883
2,1000,286795,30214,317009
2,1000,384944,38081,423025
2,1000,374268,41948,416216
2,1000,222351,32151,254502
2,1000,369422,40330,409752
2,1000,429566,38885,468451
2,1000,254006,36195,290201
2,1000,268525,36240,304765
2,1000,256514,33317,289831
2,1000,196369,38662,235031
2,1000,362696,40245,402941
2,1000,238869,32035,270904
2,1000,289338,37982,327320
2,2000,282969,61487,344456
2,2000,421985,69143,491128
2,2000,514361,65598,579959
2,2000,393547,62268,455815
2,2000,359856,73124,432980
2,2000,367112,64675,431787
2,2000,335549,65413,400962
2,2000,407390,59595,466985
2,2000,459599,62994,522593
2,2000,357844,67068,424912
2,2000,467020,59821,526841
2,2000,407486,72737,480223
2,2000,281766,61080,342846
2,2000,337592,62792,400384
2,2000,332287,72876,405163
2,2000,330687,68214,398901
2,2000,340210,62913,403123
2,2000,396392,63688,460080
2,2000,435304,61755,497059
2,2000,353392,59191,412583
2,2000,334420,64053,398473
2,2000,412154,67586,479740
2,2000,463385,63467,526852
2,2000,389009,63201,452210
2,2000,289323,64519,353842
2,2000,445138,66772,511910
2,2000,418176,66308,484484
2,2000,396041,67901,463942
2,2000,393485,60933,454418
2,2000,414290,70762,485052
2,2000,289527,62542,352069
2,2000,424118,69022,493140
2,2000,320985,59632,380617
2,2000,373209,56368,429577
2,2000,406784,64560,471344
2,2000,417031,62460,479491
2,2000,453621,69927,523548
2,2000,340303,69262,409565
2,2000,375568,69305,444873
2,2000,392170,53411,445581
2,2000,387014,64889,451903
2,2000,416139,61380,477519
2,2000,388047,72824,460871
2,2000,338124,62362,400486
2,2000,460704,65313,526017
2,2000,432495,171640,604135
2,2000,445856,63889,509745
2,2000,391785,63506,455291
2,2000,387866,67313,455179
2,2000,428866,62106,490972
2,2000,425383,61743,487126
2,2000,452258,64000,516258
2,2000,363063,65257,428320
2,2000,471739,83506,555245
2,2000,491274,61701,552975
2,2000,407677,66893,474570
2,2000,422821,75477,498298
2,2000,462915,62603,525518
2,2000,274862,63771,338633
2,2000,360062,62059,422121
2,2000,456028,63890,519918
2,2000,349997,61522,411519
2,2000,350143,79266,429409
2,2000,283185,60824,344009
2,2000,397979,60089,458068
2,2000,433295,62074,495369
2,2000,413080,59755,472835
2,2000,384150,72516,456666
2,2000,322828,72277,395105
2,2000,413340,74628,487968
2,2000,368521,71149,439670
2,2000,353128,67350,420478
2,2000,282089,63334,345423
2,2000,387068,76817,463885
2,2000,336007,62905,398912
2,2000,335478,65164,400642
2,2000,418748,53574,472322
2,2000,407012,74890,481902
2,2000,354560,77372,431932
2,2000,361188,53949,415137
2,2000,307431,63679,371110
2,2000,300571,63657,364228
2,2000,362061,60027,422088
2,2000,416761,78076,494837
2,2000,324281,98859,423140
2,2000,313938,64637,378575
2,2000,427689,70011,497700
2,2000,334740,63872,398612
2,2000,540822,64677,605499
2,2000,384820,62325,447145
2,2000,308523,72925,381448
2,2000,341756,77094,418850
2,2000,323016,61854,384870
2,2000,367395,70826,438221
2,2000,389057,53849,442906
2,2000,450922,61087,512009
2,2000,442057,63371,505428
2,2000,354495,61887,416382
2,2000,377756,68926,446682
2,2000,346350,67650,414000
2,2000,334396,65872,400268
2,2000,451918,63757,515675
2,2000,432243,60406,492649
2,2000,383660,61298,444958
2,2000,346990,56393,403383
2,2000,469188,64811,533999
2,2000,433959,65651,499610
2,2000,403209,60876,464085
2,2000,416486,65580,482066
2,2000,478948,60700,539648
2,2000,431606,75695,507301
2,2000,343679,64892,408571
2,2000,328564,71706,400270
2,2000,371394,73848,445242
2,2000,394041,60792,454833
2,3000,444957,180045,625002
2,3000,475659,190651,666310
2,3000,494001,88763,582764
2,3000,486439,103762,590201
2,3000,657016,165303,822319
2,3000,563135,213480,776615
2,3000,578938,271933,850871
2,3000,484497,282874,767371
2,3000,489850,247824,737674
2,3000,441503,278635,720138
2,3000,522158,127776,649934
2,3000,543705,214338,758043
2,3000,576773,166155,742928
2,3000,512138,107085,619223
2,3000,531223,98236,629459
2,3000,492804,190124,682928
2,3000,535673,178830,714503
2,3000,566609,162907,729516
2,3000,453053,162177,615230
2,3000,518598,113294,631892
2,3000,608397,168383,776780
2,3000,523122,277215,800337
2,3000,500965,287714,788679
2,3000,538014,302572,840586
2,3000,500783,171347,672130
2,3000,427475,193131,620606
2,3000,543509,221686,765195
2,3000,442359,152952,595311
2,3000,422726,105796,528522
2,3000,586379,243839,830218
2,3000,520322,162429,682751
2,3000,535252,170354,705606
2,3000,487821,132107,619928
2,3000,460670,166576,627246
2,3000,479882,197344,677226
2,3000,626094,292404,918498
2,3000,479806,265219,745025
2,3000,563628,88237,651865
2,3000,503385,285801,789186
2,3000,544116,188329,732445
2,3000,551729,206910,758639
2,3000,611968,106864,718832
2,3000,505040,247527,752567
2,3000,573140,175531,748671
2,3000,514536,190499,705035
2,3000,518813,253084,771897
2,3000,552169,186488,738657
2,3000,492406,241884,734290
2,3000,437262,261795,699057
2,3000,520951,196221,717172
2,3000,522449,279848,802297
2,3000,413437,119326,532763
2,3000,448263,256580,704843
2,3000,511976,195827,707803
2,3000,497401,312568,809969
2,3000,585527,94734,680261
2,3000,503235,194180,697415
2,3000,587166,321565,908731
2,3000,614309,101362,715671
2,3000,516205,280436,796641
2,3000,544391,240735,785126
2,3000,490560,238691,729251
2,3000,514027,106093,620120
2,3000,509548,199204,708752
2,3000,566022,163696,729718
2,3000,416227,240509,656736
2,3000,482472,282025,764497
2,3000,489339,253977,743316
2,3000,494774,260957,755731
2,3000,451857,146920,598777
2,3000,572288,161876,734164
2,3000,510002,258886,768888
2,3000,521929,90815,612744
2,3000,480233,167352,647585
2,3000,531398,172198,703596
2,3000,505977,166522,672499
2,3000,457044,203673,660717
2,3000,565061,217777,782838
2,3000,545371,210024,755395
2,3000,478029,186855,664884
2,3000,492214,109823,602037
2,3000,520206,194935,715141
2,3000,553115,167276,720391
2,3000,417737,147732,565469
2,3000,482322,277029,759351
2,3000,535670,310449,846119
2,3000,518960,151783,670743
2,3000,416101,145916,562017
2,3000,564551,103350,667901
2,3000,459495,133338,592833
2,3000,574910,110247,685157
2,3000,414428,210226,624654
2,3000,535605,320871,856476
2,3000,595139,154267,749406
2,3000,517871,312582,830453
2,3000,456452,181307,637759
2,3000,504682,243905,748587
2,3000,634473,178921,813394
2,3000,529226,116166,645392
2,3000,439207,248148,687355
2,3000,514702,233707,748409
2,3000,521999,225594,747593
2,3000,493860,102481,596341
2,3000,592006,247341,839347
2,3000,537103,255824,792927
2,3000,485348,120722,606070
2,3000,538823,184106,722929
2,3000,601826,280465,882291
2,3000,543555,314759,858314
2,3000,475995,272386,748381
2,3000,453278,250780,704058
2,3000,505581,195298,700879
2,3000,497800,168192,665992
2,3000,494160,284936,779096
2,3000,497877,278550,776427
2,4000,666716,99092,765808
2,4000,741633,100911,842544
2,4000,658634,108971,767605
2,4000,652595,106848,759443
2,4000,665139,115138,780277
2,4000,694549,98783,793332
2,4000,829084,117591,946675
2,4000,802007,116800,918807
2,4000,677062,111795,788857
2,4000,806049,116537,922586
2,4000,820214,105570,925784
2,4000,817998,110409,928407
2,4000,730253,117487,847740
2,4000,674804,127806,802610
2,4000,704627,109340,813967
2,4000,768650,129966,898616
2,4000,623819,107343,731162
2,4000,914121,107229,1021350
2,4000,745858,103334,849192
2,4000,822881,112891,935772
2,4000,823569,114086,937655
2,4000,791922,109436,901358
2,4000,755094,111809,866903
2,4000,836363,111243,947606
2,4000,687798,116406,804204
2,4000,811380,115014,926394
2,4000,841753,108784,950537
2,4000,755375,122727,878102
2,4000,788049,111338,899387
2,4000,774251,128335,902586
2,4000,692527,114056,806583
2,4000,686465,109919,796384
2,4000,572829,111628,684457
2,4000,752656,130021,882677
2,4000,720699,104478,825177
2,4000,788085,110139,898224
2,4000,739426,108293,847719
2,4000,691208,110340,801548
2,4000,819918,111147,931065
2,4000,708123,115284,823407
2,4000,842818,111294,954112
2,4000,824674,106175,930849
2,4000,772072,113934,886006
2,4000,693955,110451,804406
2,4000,598806,111299,710105
2,4000,743533,115550,859083
2,4000,742772,111827,854599
2,4000,803842,110821,914663
2,4000,760514,109870,870384
2,4000,828024,115096,943120
2,4000,738794,197990,936784
2,4000,742187,106259,848446
2,4000,934536,111718,1046254
2,4000,731421,114947,846368
2,4000,813159,107975,921134
2,4000,706852,112995,819847
2,4000,690643,182726,873369
2,4000,674321,115546,789867
2,4000,770661,104873,875534
2,4000,820617,124683,945300
2,4000,700219,122617,822836
2,4000,784209,107201,891410
2,4000,770827,106918,877745
2,4000,808342,117515,925857
2,4000,828701,115169,943870
2,4000,741903,160286,902189
2,4000,825574,108806,934380
2,4000,752458,112861,865319
2,4000,661022,214725,875747
2,4000,865822,110203,976025
2,4000,819262,119068,938330
2,4000,800417,121738,922155
2,4000,831697,110501,942198
2,4000,787077,124991,912068
2,4000,603822,113564,717386
2,4000,685860,103879,789739
2,4000,809115,111881,920996
2,4000,799741,109960,909701
2,4000,872114,125670,997784
2,4000,745667,112837,858504
2,4000,744304,115601,859905
2,4000,637553,109978,747531
2,4000,771795,128137,899932
2,4000,742185,111077,853262
2,4000,754727,126301,881028
2,4000,689866,108641,798507
2,4000,899108,110441,1009549
2,4000,711820,111794,823614
2,4000,780034,99419,879453
2,4000,690505,116287,806792
2,4000,908032,110724,1018756
2,4000,713419,117085,830504
2,4000,625176,107853,733029
2,4000,807396,111134,918530
2,4000,684234,126452,810686
2,4000,877821,110679,988500
2,4000,628949,118218,747167
2,4000,602687,103038,705725
2,4000,664681,133471,798152
2,4000,770827,110847,881674
2,4000,665306,108184,773490
2,4000,760543,109869,870412
2,4000,761706,105730,867436
2,4000,823962,114823,938785
2,4000,794168,115518,909686
2,4000,738066,104804,842870
2,4000,738973,118582,857555
2,4000,670335,129594,799929
2,4000,665358,106997,772355
2,4000,833880,109533,943413
2,4000,807216,112064,919280
2,4000,811589,116480,928069
2,4000,748539,111358,859897
2,4000,764242,113327,877569
2,4000,696893,124403,821296
2,5000,935959,130917,1066876
2,5000,984664,144298,1128962
2,5000,985686,154631,1140317
2,5000,772466,127809,900275
2,5000,826503,135318,961821
2,5000,873306,125912,999218
2,5000,938647,130170,1068817
2,5000,933339,128935,1062274
2,5000,788538,152647,941185
2,5000,966106,132985,1099091
2,5000,831538,147844,979382
2,5000,942675,134896,1077571
2,5000,970438,133130,1103568
2,5000,752173,126217,878390
2,5000,958252,292058,1250310
2,5000,967166,133040,1100206
2,5000,948029,133401,1081430
2,5000,732418,238040,970458
2,5000,983321,126332,1109653
2,5000,797122,136037,933159
2,5000,915207,134002,1049209
2,5000,848022,133927,981949
2,5000,844571,126284,970855
2,5000,947773,133511,1081284
2,5000,828467,152267,980734
2,5000,934615,137014,1071629
2,5000,744756,147056,891812
2,5000,831237,143411,974648
2,5000,834459,146172,980631
2,5000,941446,131044,1072490
2,5000,888474,145506,1033980
2,5000,949555,140672,1090227
2,5000,875639,245073,1120712
2,5000,896458,138015,1034473
2,5000,940678,130529,1071207
2,5000,913691,137194,1050885
2,5000,967288,140590,1107878
2,5000,854901,136109,991010
2,5000,956429,129007,1085436
2,5000,1034351,135637,1169988
2,5000,944404,138771,1083175
2,5000,859096,137505,996601
2,5000,875941,266810,1142751
2,5000,975710,133128,1108838
2,5000,820801,146396,967197
2,5000,834733,145404,980137
2,5000,934637,134075,1068712
2,5000,939844,139798,1079642
2,5000,856918,136119,993037
2,5000,948690,137154,1085844
2,5000,898655,129327,1027982
2,5000,931619,137950,1069569
2,5000,816621,138955,955576
2,5000,873594,130711,1004305
2,5000,1004296,134018,1138314
2,5000,954347,156423,1110770
2,5000,804716,146200,950916
2,5000,949335,136122,1085457
2,5000,798516,131357,929873
2,5000,953771,136135,1089906
2,5000,953719,130376,1084095
2,5000,943917,389967,1333884
2,5000,945201,133388,1078589
2,5000,942960,135805,1078765
2,5000,913272,137524,1050796
2,5000,943053,134933,1077986
2,5000,897097,128526,1025623
2,5000,951606,141804,1093410
2,5000,828186,149582,977768
2,5000,887686,148588,1036274
2,5000,939641,136808,1076449
2,5000,904186,140806,1044992
2,5000,927581,287069,1214650
2,5000,876319,128708,1005027
2,5000,872992,135915,1008907
2,5000,828331,136021,964352
2,5000,1045430,134175,1179605
2,5000,832359,144695,977054
2,5000,1016884,158889,1175773
2,5000,960299,242175,1202474
2,5000,1028343,139029,1167372
2,5000,769218,156785,926003
2,5000,939986,138205,1078191
2,5000,948088,140837,1088925
2,5000,875061,159882,1034943
2,5000,881832,127051,1008883
2,5000,939541,140575,1080116
2,5000,937769,148808,1086577
2,5000,956983,133902,1090885
2,5000,756165,135637,891802
2,5000,935291,144445,1079736
2,5000,871520,139741,1011261
2,5000,1001081,133337,1134418
2,5000,771645,146266,917911
2,5000,1003355,132336,1135691
2,5000,796000,249807,1045807
2,5000,876987,137987,1014974
2,5000,972782,136006,1108788
2,5000,916365,143983,1060348
2,5000,856847,151527,1008374
2,5000,945113,143409,1088522
2,5000,853186,274342,1127528
2,5000,955974,140896,1096870
2,5000,1019452,134377,1153829
2,5000,740955,141838,882793
2,5000,870562,139231,1009793
2,5000,977105,132781,1109886
2,5000,953620,131980,1085600
2,5000,934807,139764,1074571
2,5000,845314,136636,981950
2,5000,833087,139673,972760
2,5000,951469,139625,1091094
2,5000,864817,149703,1014520
2,5000,927148,130965,1058113
2,5000,875918,290434,1166352
2,6000,902945,297228,1200173
2,6000,1136879,371999,1508878
2,6000,1115890,385743,1501633
2,6000,1076716,507039,1583755
2,6000,1109672,381161,1490833
2,6000,1094631,409974,1504605
2,6000,1180127,528492,1708619
2,6000,996549,1458961,2455510
2,6000,1054647,1192872,2247519
2,6000,1258847,402381,1661228
2,6000,1161118,322848,1483966
2,6000,1013349,431076,1444425
2,6000,1031422,388883,1420305
2,6000,1036221,395250,1431471
2,6000,1062676,278437,1341113
2,6000,928569,1356302,2284871
2,6000,1100716,1625759,2726475
2,6000,966230,518086,1484316
2,6000,900521,426118,1326639
2,6000,1085447,545229,1630676
2,6000,972581,440023,1412604
2,6000,980995,351016,1332011
2,6000,903268,396803,1300071
2,6000,905641,387501,1293142
2,6000,1012006,352106,1364112
2,6000,1090990,429190,1520180
2,6000,1087046,2407058,3494104
2,6000,899607,446295,1345902
2,6000,1092185,508391,1600576
2,6000,1021013,444963,1465976
2,6000,1127540,312229,1439769
2,6000,1040848,404886,1445734
2,6000,1105259,447577,1552836
2,6000,1008279,1331807,2340086
2,6000,988477,1283988,2272465
2,6000,1119163,427973,1547136
2,6000,984334,332363,1316697
2,6000,1127501,411295,1538796
2,6000,1042624,373749,1416373
2,6000,1129542,598130,1727672
2,6000,1010618,1433248,2443866
2,6000,1084305,388818,1473123
2,6000,1157732,382431,1540163
2,6000,1116875,362606,1479481
2,6000,1042483,560908,1603391
2,6000,1154981,448010,1602991
2,6000,962104,434285,1396389
2,6000,928361,314397,1242758
2,6000,1083117,394375,1477492
2,6000,1030133,1225341,2255474
2,6000,1083517,351326,1434843
2,6000,980108,782226,1762334
2,6000,912588,319292,1231880
2,6000,1055173,354185,1409358
2,6000,1044640,382901,1427541
2,6000,1008616,1290077,2298693
2,6000,1021613,448099,1469712
2,6000,1067069,1397121,2464190
2,6000,1044128,281948,1326076
2,6000,956640,2234524,3191164
2,6000,940333,1463455,2403788
2,6000,1099372,415060,1514432
2,6000,1259121,389632,1648753
2,6000,1154046,397800,1551846
2,6000,937669,565258,1502927
2,6000,1003808,2420898,3424706
2,6000,1030413,513861,1544274
2,6000,1089085,399243,1488328
2,6000,1099962,1247952,2347914
2,6000,1056624,397504,1454128
2,6000,1052271,484676,1536947
2,6000,861167,1243527,2104694
2,6000,1096634,1448131,2544765
2,6000,1221754,399103,1620857
2,6000,1062351,354048,1416399
2,6000,1134045,345638,1479683
2,6000,1141165,326321,1467486
2,6000,860347,2235787,3096134
2,6000,938537,344434,1282971
2,6000,986014,336350,1322364
2,6000,1103192,1351603,2454795
2,6000,994083,414059,1408142
2,6000,1084428,415660,1500088
2,6000,1115800,445083,1560883
2,6000,973980,525282,1499262
2,6000,913778,502262,1416040
2,6000,1124340,389781,1514121
2,6000,1033838,363631,1397469
2,6000,1140196,396044,1536240
2,6000,1012475,461159,1473634
2,6000,1023638,355949,1379587
2,6000,1069071,523225,1592296
2,6000,1024549,340634,1365183
2,6000,1116683,411968,1528651
2,6000,942896,341251,1284147
2,6000,1049251,404105,1453356
2,6000,1090805,419262,1510067
2,6000,1127209,497623,1624832
2,6000,1171227,1297358,2468585
2,6000,979252,2080826,3060078
2,6000,1016934,546716,1563650
2,6000,1080492,355838,1436330
2,6000,995174,1262668,2257842
2,6000,1112005,2416188,3528193
2,6000,1108767,387739,1496506
2,6000,1107455,393619,1501074
2,6000,1156558,472491,1629049
2,6000,1034029,1243157,2277186
2,6000,1118121,2391867,3509988
2,6000,1040579,368010,1408589
2,6000,1026707,356792,1383499
2,6000,957800,362701,1320501
2,6000,1163971,411151,1575122
2,6000,1028025,2449544,3477569
2,6000,1140479,389727,1530206
2,7000,1241156,2465981,3707137
2,7000,1251527,406842,1658369
2,7000,1287494,458510,1746004
2,7000,1148006,2019107,3167113
2,7000,1360721,590358,1951079
2,7000,1094745,473905,1568650
2,7000,1056698,467342,1524040
2,7000,1029933,346567,1376500
2,7000,1269261,2514826,3784087
2,7000,1224449,344502,1568951
2,7000,1239503,2603519,3843022
2,7000,1121579,424186,1545765
2,7000,1297552,446657,1744209
2,7000,1124368,293520,1417888
2,7000,1357162,448321,1805483
2,7000,1228752,414223,1642975
2,7000,1337322,421112,1758434
2,7000,1098487,1232670,2331157
2,7000,1086569,528675,1615244
2,7000,1294547,464308,1758855
2,7000,1407366,1880411,3287777
2,7000,1131149,338776,1469925
2,7000,1198336,413516,1611852
2,7000,1097042,410740,1507782
2,7000,1163658,1275880,2439538
2,7000,1399618,464554,1864172
2,7000,1246018,422935,1668953
2,7000,1226172,1219557,2445729
2,7000,1236987,413106,1650093
2,7000,1259848,400968,1660816
2,7000,1182965,398208,1581173
2,7000,1180220,999745,2179965
2,7000,1238179,1488245,2726424
2,7000,1054342,344046,1398388
2,7000,1097087,542960,1640047
2,7000,1292434,2153901,3446335
2,7000,1266871,509676,1776547
2,7000,1128553,867845,1996398
2,7000,1398075,1582789,2980864
2,7000,1239984,363112,1603096
2,7000,1214104,437602,1651706
2,7000,1245478,485511,1730989
2,7000,1137963,392607,1530570
2,7000,1328019,345901,1673920
2,7000,1181941,440896,1622837
2,7000,1240521,408743,1649264
2,7000,1062389,423088,1485477
2,7000,1238182,473106,1711288
2,7000,1249374,385102,1634476
2,7000,1235263,1013178,2248441
2,7000,1072295,386510,1458805
2,7000,1147434,438650,1586084
2,7000,1346197,406656,1752853
2,7000,1171393,569372,1740765
2,7000,1133952,409556,1543508
2,7000,1240280,431197,1671477
2,7000,1086901,380278,1467179
2,7000,1205676,450588,1656264
2,7000,1127159,1648220,2775379
2,7000,1226440,347640,1574080
2,7000,1090288,468023,1558311
2,7000,1341288,405603,1746891
2,7000,1103786,394946,1498732
2,7000,1293447,1098161,2391608
2,7000,1277173,392357,1669530
2,7000,1265039,383049,1648088
2,7000,1085966,965135,2051101
2,7000,1281583,516263,1797846
2,7000,1117899,444323,1562222
2,7000,1167494,453706,1621200
2,7000,1113003,1602852,2715855
2,7000,1086300,349652,1435952
2,7000,1298212,418185,1716397
2,7000,1250436,988425,2238861
2,7000,1159385,414767,1574152
2,7000,1308855,547651,1856506
2,7000,1322360,530711,1853071
2,7000,1062658,411004,1473662
2,7000,1280494,437964,1718458
2,7000,1141070,397706,1538776
2,7000,1114578,401715,1516293
2,7000,1274904,423129,1698033
2,7000,1257329,393841,1651170
2,7000,1236491,545645,1782136
2,7000,1272888,1141791,2414679
2,7000,1124564,336084,1460648
2,7000,1283437,377087,1660524
2,7000,1016770,389941,1406711
2,7000,1256150,1351823,2607973
2,7000,1236813,412366,1649179
2,7000,1233662,781016,2014678
2,7000,1244444,465630,1710074
2,7000,1348093,412276,1760369
2,7000,1252945,1059039,2311984
2,7000,1127895,394301,1522196
2,7000,1277493,2430285,3707778
2,7000,1236331,447444,1683775
2,7000,1270406,421336,1691742
2,7000,1235556,508159,1743715
2,7000,1048914,342686,1391600
2,7000,1034157,375913,1410070
2,7000,1259471,382675,1642146
2,7000,1124654,412137,1536791
2,7000,1171290,409759,1581049
2,7000,1234758,386169,1620927
2,7000,1122260,419352,1541612
2,7000,1195565,343112,1538677
2,7000,1267068,1469480,2736548
2,7000,1235807,536316,1772123
2,7000,1227049,409581,1636630
2,7000,1206597,1268954,2475551
2,7000,1167159,393805,1560964
2,7000,1249967,388309,1638276
2,7000,1113125,389756,1502881
2,7000,1237186,425131,1662317
2,8000,1414826,467508,1882334
2,8000,1393916,567801,1961717
2,8000,1333253,1672127,3005380
2,8000,1451438,1205722,2657160
2,8000,1225526,516682,1742208
2,8000,1535689,613644,2149333
2,8000,1431378,371342,1802720
2,8000,1458754,451079,1909833
2,8000,1308866,424021,1732887
2,8000,1291540,444519,1736059
2,8000,1581349,577204,2158553
2,8000,1483889,539452,2023341
2,8000,1324068,384598,1708666
2,8000,1443161,443436,1886597
2,8000,1326557,368694,1695251
2,8000,1255687,2484309,3739996
2,8000,1478277,392525,1870802
2,8000,1385775,415178,1800953
2,8000,1363671,1698743,3062414
2,8000,1380048,345200,1725248
2,8000,1507741,461998,1969739
2,8000,1427622,650019,2077641
2,8000,1282095,393569,1675664
2,8000,1255536,924708,2180244
2,8000,1553243,591535,2144778
2,8000,1247100,460125,1707225
2,8000,1401980,388724,1790704
2,8000,1361544,348223,1709767
2,8000,1359233,499309,1858542
2,8000,1181501,397151,1578652
2,8000,1411076,1021112,2432188
2,8000,1252370,374712,1627082
2,8000,1380437,393579,1774016
2,8000,1459840,363954,1823794
2,8000,1553019,647306,2200325
2,8000,1269588,395454,1665042
2,8000,1255963,501779,1757742
2,8000,1215186,358698,1573884
2,8000,1325424,351692,1677116
2,8000,1451214,436224,1887438
2,8000,1416892,565017,1981909
2,8000,1320744,445088,1765832
2,8000,1481026,581702,2062728
2,8000,1416932,373310,1790242
2,8000,1294703,1965810,3260513
2,8000,1309790,383257,1693047
2,8000,1374491,564688,1939179
2,8000,1405767,429537,1835304
2,8000,1432280,603622,2035902
2,8000,1407271,1238238,2645509
2,8000,1383169,429146,1812315
2,8000,1240592,549497,1790089
2,8000,1400668,742569,2143237
2,8000,1512670,593650,2106320
2,8000,1273923,396203,1670126
2,8000,1439509,338037,1777546
2,8000,1476044,1184397,2660441
2,8000,1314813,386378,1701191
2,8000,1443065,1025444,2468509
2,8000,1326259,1764712,3090971
2,8000,1415124,1239929,2655053
2,8000,1320691,386198,1706889
2,8000,1344436,364877,1709313
2,8000,1380744,448363,1829107
2,8000,1255646,497910,1753556
2,8000,1614108,510837,2124945
2,8000,1484755,360454,1845209
2,8000,1261370,566850,1828220
2,8000,1353889,465782,1819671
2,8000,1502639,356800,1859439
2,8000,1405360,466570,1871930
2,8000,1478723,434732,1913455
2,8000,1400008,371085,1771093
2,8000,1317181,400119,1717300
2,8000,1337882,359966,1697848
2,8000,1372660,2468950,3841610
2,8000,1444352,526724,1971076
2,8000,1369395,511113,1880508
2,8000,1425011,428859,1853870
2,8000,1287843,319458,1607301
2,8000,1429986,835736,2265722
2,8000,1304214,372695,1676909
2,8000,1407384,1296387,2703771
2,8000,1408867,472143,1881010
2,8000,1521250,559571,2080821
2,8000,1486731,571991,2058722
2,8000,1410196,1271926,2682122
2,8000,1361655,424138,1785793
2,8000,1340405,377055,1717460
2,8000,1492428,768945,2261373
2,8000,1392062,581997,1974059
2,8000,1309839,1703470,3013309
2,8000,1370379,351073,1721452
2,8000,1445545,430609,1876154
2,8000,1425817,442378,1868195
2,8000,1354420,599418,1953838
2,8000,1443122,453218,1896340
2,8000,1478013,2251816,3729829
2,8000,1296417,387189,1683606
2,8000,1422798,365604,1788402
2,8000,1363947,378334,1742281
2,8000,1193090,2575815,3768905
2,8000,1432249,452656,1884905
2,8000,1249450,393230,1642680
2,8000,1461019,2251464,3712483
2,8000,1311059,488988,1800047
2,8000,1393623,471415,1865038
2,8000,1259430,1389990,2649420
2,8000,1408535,385567,1794102
2,8000,1436520,423745,1860265
2,8000,1423733,433266,1856999
2,8000,1444821,430458,1875279
2,8000,1531140,453577,1984717
2,8000,1276878,529454,1806332
2,8000,1298197,436324,1734521
2,9000,1594393,241623,1836016
2,9000,1596635,260063,1856698
2,9000,3673565,381866,4055431
2,9000,1492773,250028,1742801
2,9000,1500452,241942,1742394
2,9000,3396099,395743,3791842
2,9000,2578793,340730,2919523
2,9000,1589415,224158,1813573
2,9000,1512700,228235,1740935
2,9000,1522003,215177,1737180
2,9000,1520361,223283,1743644
2,9000,1701198,219116,1920314
2,9000,2343556,223188,2566744
2,9000,1573918,241777,1815695
2,9000,1593980,232944,1826924
2,9000,1728510,224349,1952859
2,9000,2059935,230844,2290779
2,9000,1651667,254317,1905984
2,9000,3509088,227976,3737064
2,9000,1523597,232978,1756575
2,9000,1458199,282869,1741068
2,9000,1779183,410557,2189740
2,9000,1472888,238674,1711562
2,9000,1536070,242082,1778152
2,9000,2065504,232816,2298320
2,9000,1614238,225224,1839462
2,9000,1545123,226664,1771787
2,9000,3307663,385989,3693652
2,9000,1607228,223153,1830381
2,9000,1548008,219485,1767493
2,9000,2444962,219093,2664055
2,9000,1548538,235133,1783671
2,9000,1477399,234663,1712062
2,9000,1454211,227176,1681387
2,9000,1551386,222796,1774182
2,9000,1434801,222904,1657705
2,9000,1537861,221915,1759776
2,9000,1534488,228412,1762900
2,9000,1478836,226093,1704929
2,9000,1773546,228229,2001775
2,9000,1411658,221388,1633046
2,9000,2326455,214454,2540909
2,9000,1449961,220105,1670066
2,9000,3469783,223202,3692985
2,9000,1557475,255185,1812660
2,9000,1573370,223465,1796835
2,9000,2879970,221691,3101661
2,9000,1582150,223375,1805525
2,9000,2393491,227226,2620717
2,9000,2318718,211563,2530281
2,9000,1450313,232838,1683151
2,9000,1471228,250172,1721400
2,9000,1531693,222776,1754469
2,9000,1497220,222549,1719769
2,9000,1558938,229190,1788128
2,9000,2402535,226456,2628991
2,9000,1501025,225826,1726851
2,9000,3213738,228042,3441780
2,9000,1457178,225701,1682879
2,9000,1446802,228185,1674987
2,9000,1650930,357303,2008233
2,9000,1700551,232391,1932942
2,9000,2328878,227518,2556396
2,9000,1506989,225501,1732490
2,9000,1469600,221130,1690730
2,9000,1507658,238121,1745779
2,9000,1515793,214119,1729912
2,9000,1492685,245912,1738597
2,9000,1495669,242562,1738231
2,9000,1486513,256189,1742702
2,9000,1508611,234385,1742996
2,9000,1572379,226162,1798541
2,9000,1531279,231686,1762965
2,9000,2677325,343206,3020531
2,9000,1466621,215017,1681638
2,9000,1656237,241401,1897638
2,9000,1513296,222181,1735477
2,9000,1540437,224829,1765266
2,9000,1520657,231238,1751895
2,9000,1517551,230217,1747768
2,9000,1523256,224292,1747548
2,9000,2804458,230459,3034917
2,9000,2681071,239508,2920579
2,9000,2412108,215683,2627791
2,9000,3702474,230285,3932759
2,9000,1640861,397200,2038061
2,9000,1554098,269258,1823356
2,9000,1543883,250440,1794323
2,9000,1547899,227607,1775506
2,9000,1688738,218611,1907349
2,9000,1520706,231660,1752366
2,9000,1465726,228850,1694576
2,9000,1550651,228864,1779515
2,9000,2720745,217457,2938202
2,9000,1425137,255936,1681073
2,9000,1628529,223116,1851645
2,9000,1455565,229822,1685387
2,9000,3188537,370878,3559415
2,9000,1608816,227338,1836154
2,9000,2365232,233007,2598239
2,9000,2615484,253794,2869278
2,9000,1463608,225530,1689138
2,9000,2469413,225165,2694578
2,9000,2304349,217158,2521507
2,9000,1427902,253801,1681703
2,9000,1550048,245705,1795753
2,9000,1542391,236833,1779224
2,9000,1665130,236224,1901354
2,9000,1643488,220403,1863891
2,9000,1493996,221350,1715346
2,9000,1422568,225899,1648467
2,9000,1437784,220973,1658757
2,9000,1461831,225146,1686977
2,9000,1427903,222596,1650499
2,9000,1592702,215343,1808045
2,10000,1728251,249582,1977833
2,10000,1766881,273663,2040544
2,10000,1686999,262541,1949540
2,10000,1757603,319707,2077310
2,10000,1769978,274841,2044819
2,10000,1905326,282960,2188286
2,10000,1694644,248625,1943269
2,10000,1802363,490973,2293336
2,10000,2515450,393879,2909329
2,10000,1912564,245677,2158241
2,10000,1801213,271082,2072295
2,10000,1679023,276668,1955691
2,10000,1928275,253649,2181924
2,10000,1683855,291954,1975809
2,10000,1751304,282909,2034213
2,10000,2038020,254770,2292790
2,10000,1748478,265213,2013691
2,10000,2939171,362094,3301265
2,10000,1826563,364077,2190640
2,10000,2916316,360226,3276542
2,10000,1858592,250209,2108801
2,10000,1780276,265216,2045492
2,10000,1834069,274388,2108457
2,10000,1876761,237312,2114073
2,10000,2519446,260635,2780081
2,10000,2232307,363712,2596019
2,10000,2223114,256847,2479961
2,10000,1702694,260269,1962963
2,10000,2386954,364187,2751141
2,10000,2374047,383437,2757484
2,10000,2186603,245492,2432095
2,10000,1802897,252043,2054940
2,10000,2800990,329538,3130528
2,10000,2078758,244072,2322830
2,10000,2037283,238070,2275353
2,10000,1765130,379813,2144943
2,10000,1755561,251461,2007022
2,10000,2408382,362155,2770537
2,10000,1734688,368257,2102945
2,10000,1691032,329898,2020930
2,10000,1935917,259428,2195345
2,10000,1831173,301679,2132852
2,10000,1929012,259459,2188471
2,10000,1697416,334910,2032326
2,10000,1800899,284373,2085272
2,10000,1867724,255928,2123652
2,10000,1833274,310182,2143456
2,10000,1683951,346880,2030831
2,10000,2024608,271109,2295717
2,10000,2427640,330655,2758295
2,10000,1985394,334652,2320046
2,10000,1688405,357707,2046112
2,10000,1599944,271410,1871354
2,10000,1983322,248415,2231737
2,10000,1661403,446546,2107949
2,10000,1716629,294081,2010710
2,10000,1843268,249454,2092722
2,10000,2133596,261539,2395135
2,10000,1598982,452489,2051471
2,10000,1864226,258893,2123119
2,10000,1627302,274808,1902110
2,10000,2584569,258855,2843424
2,10000,1635858,283035,1918893
2,10000,1607866,293441,1901307
2,10000,2614611,353360,2967971
2,10000,1689073,349754,2038827
2,10000,1702421,264304,1966725
2,10000,1766369,281677,2048046
2,10000,1783122,446671,2229793
2,10000,1659734,351388,2011122
2,10000,1735173,309581,2044754
2,10000,1834323,242140,2076463
2,10000,2103392,244237,2347629
2,10000,1856545,245539,2102084
2,10000,3412089,413192,3825281
2,10000,1867206,293102,2160308
2,10000,1921154,259642,2180796
2,10000,2010249,251550,2261799
2,10000,1942811,242489,2185300
2,10000,1817733,270265,2087998
2,10000,2439596,266198,2705794
2,10000,4037313,366719,4404032
2,10000,1956666,253795,2210461
2,10000,1671914,262488,1934402
2,10000,1714768,416608,2131376
2,10000,1740804,279944,2020748
2,10000,1816318,359143,2175461
2,10000,1776457,268787,2045244
2,10000,2107176,329434,2436610
2,10000,1623321,354161,1977482
2,10000,2316864,269331,2586195
2,10000,2589737,342643,2932380
2,10000,1883626,253214,2136840
2,10000,2069866,325723,2395589
2,10000,2829123,311680,3140803
2,10000,1589314,374682,1963996
2,10000,1689478,263784,1953262
2,10000,3502742,416113,3918855
2,10000,3781055,428278,4209333
2,10000,1812843,268064,2080907
2,10000,1575341,301833,1877174
2,10000,1846383,250452,2096835
2,10000,2449777,393524,2843301
2,10000,1650386,255708,1906094
2,10000,1747443,259262,2006705
2,10000,3447549,449017,3896566
2,10000,2511901,379950,2891851
2,10000,1969651,352373,2322024
2,10000,1836380,341939,2178319
2,10000,2001692,250523,2252215
2,10000,3479689,394778,3874467
2,10000,1645533,274485,1920018
2,10000,1626175,264655,1890830
2,10000,2609840,248837,2858677
2,10000,1891256,266753,2158009
2,10000,1712834,361163,2073997
2,10000,1864102,256063,2120165
2,10000,1860204,253337,2113541
2,10000,1596960,340438,1937398
2,10000,1760758,322835,2083593
2,10000,1692356,329606,2021962
2,10000,2157086,457418,2614504
2,10000,1699423,358898,2058321
2,10000,1690673,395767,2086440
2,10000,3228776,400691,3629467
2,10000,1766577,238727,2005304
2,10000,1646563,453751,2100314
2,10000,1702657,253093,1955750
2,10000,1878963,329514,2208477
2,10000,1594823,261601,1856424
2,10000,1644266,338385,1982651
2,10000,2447185,268972,2716157
2,10000,1919581,237851,2157432
2,10000,1868202,480091,2348293
2,10000,1883556,255925,2139481
2,10000,2422372,395812,2818184
2,10000,1668652,271645,1940297
2,10000,1605701,264380,1870081
2,10000,3677582,437960,4115542
2,10000,1635716,327893,1963609
2,10000,1721763,371228,2092991
2,10000,1709169,281320,1990489
2,10000,1878885,253942,2132827
2,10000,1736571,244677,1981248
2,10000,1776688,449978,2226666
2,10000,1639767,383366,2023133
2,10000,2428494,452422,2880916
2,10000,1856298,328226,2184524
2,10000,1672154,386580,2058734
2,10000,3717277,435578,4152855
2,10000,1887671,261226,2148897
2,10000,2120653,251888,2372541
2,10000,4050129,387566,4437695
2,10000,2107651,250422,2358073
2,10000,1751005,446079,2197084
2,10000,2474367,258613,2732980
2,10000,1903658,301944,2205602
2,10000,3645796,383774,4029570
2,10000,3614336,419392,4033728
2,10000,1911378,271848,2183226
2,10000,2543560,307886,2851446
2,10000,2672562,394812,3067374
2,10000,1867743,268729,2136472
2,10000,1981148,330733,2311881
2,10000,1990841,316017,2306858
2,10000,1629366,377114,2006480
2,10000,2343141,259129,2602270
2,10000,1869113,320308,2189421
2,10000,1870382,247183,2117565
2,10000,1831766,244780,2076546
2,10000,2561671,497564,3059235
2,10000,3491944,525356,4017300
2,10000,1771312,443072,2214384
2,10000,3861873,387936,4249809
2,10000,2874669,403749,3278418
2,10000,2134961,453366,2588327
2,10000,1634922,346948,1981870
2,10000,2738983,263107,3002090
2,10000,1786907,329702,2116609
2,10000,1742702,253210,1995912
2,10000,3432885,495237,3928122
2,10000,1814499,274191,2088690
2,10000,2951714,371015,3322729
2,10000,4062253,369742,4431995
2,10000,3793015,346538,4139553
2,10000,1599048,281022,1880070
2,10000,2625576,251613,2877189
2,10000,1710971,248335,1959306
2,10000,2981705,264403,3246108
2,10000,2889948,283057,3173005
2,10000,1862058,243625,2105683
2,10000,1648768,276769,1925537
2,10000,1983415,241886,2225301
2,10000,1717478,344209,2061687
2,10000,1604313,343048,1947361
2,10000,1623699,374035,1997734
2,10000,1681416,255519,1936935
2,10000,2564555,277160,2841715
2,10000,1638266,454795,2093061
2,10000,2116979,353017,2469996
2,10000,2462841,327989,2790830
2,10000,1767945,396829,2164774
2,10000,2678192,465085,3143277
2,10000,1903792,261450,2165242
2,10000,1707607,321421,2029028
2,10000,1649664,355427,2005091
2,10000,1862215,271587,2133802
2,10000,1690824,369169,2059993
2,10000,1644749,268025,1912774
2,10000,1762051,343565,2105616
2,10000,1586105,364035,1950140
2,10000,2074718,253349,2328067
2,10000,1633179,287412,1920591
2,10000,2558644,343129,2901773
2,10000,3012319,467950,3480269
2,10000,1566624,457539,2024163
2,10000,1818535,333654,2152189
2,10000,2954328,469620,3423948
2,10000,2366728,461757,2828485
2,10000,1701518,276944,1978462
2,10000,1879891,256686,2136577
2,10000,1837598,273073,2110671
2,10000,2343906,298433,2642339
2,10000,1745392,451153,2196545
2,10000,1892825,259391,2152216
2,10000,1780202,407016,2187218
2,10000,2561544,352323,2913867
2,10000,1645423,264165,1909588
2,10000,2531669,363491,2895160
2,10000,1623491,347249,1970740
2,20000,3216122,555585,3771707
2,20000,3154639,567609,3722248
2,20000,3208270,614907,3823177
2,20000,3308689,556324,3865013
2,20000,3496409,668242,4164651
2,20000,3673449,704671,4378120
2,20000,3161602,602930,3764532
2,20000,3137051,510270,3647321
2,20000,3461698,720137,4181835
2,20000,3500167,683841,4184008
2,20000,3132800,513782,3646582
2,20000,3467239,666262,4133501
2,20000,3285832,532431,3818263
2,20000,3132630,514127,3646757
2,20000,3142404,568826,3711230
2,20000,3149107,588714,3737821
2,20000,3257949,567005,3824954
2,20000,3131947,488975,3620922
2,20000,3210074,534291,3744365
2,20000,3300008,623393,3923401
2,20000,3208917,562718,3771635
2,20000,3205015,567420,3772435
2,20000,3196569,527787,3724356
2,20000,3634270,769501,4403771
2,20000,3217888,557442,3775330
2,20000,3237467,553974,3791441
2,20000,3150035,587757,3737792
2,20000,3115715,783248,3898963
2,20000,3152966,598546,3751512
2,20000,3256734,564708,3821442
2,20000,3184701,556615,3741316
2,20000,3124257,504903,3629160
2,20000,3312812,597506,3910318
2,20000,3141073,604968,3746041
2,20000,3165393,487201,3652594
2,20000,3287466,617505,3904971
2,20000,3178866,596950,3775816
2,20000,3285192,564123,3849315
2,20000,3292655,578362,3871017
2,20000,3178390,497740,3676130
2,20000,3252334,607926,3860260
2,20000,3683706,806372,4490078
2,20000,3191035,559225,3750260
2,20000,3216357,581730,3798087
2,20000,3322061,598537,3920598
2,20000,3237056,483569,3720625
2,20000,3312742,593361,3906103
2,20000,3245083,530001,3775084
2,20000,3636393,712545,4348938
2,20000,3308464,546502,3854966
2,20000,3340325,598344,3938669
2,20000,3174650,684530,3859180
2,20000,3291446,565658,3857104
2,20000,3293312,548615,3841927
2,20000,3205474,597730,3803204
2,20000,3176265,672931,3849196
2,20000,3249718,497666,3747384
2,20000,3172571,493671,3666242
2,20000,3168094,663897,3831991
2,20000,3292254,582587,3874841
2,20000,3691021,673472,4364493
2,20000,3121617,490119,3611736
2,20000,3283061,594981,3878042
2,20000,3337753,605038,3942791
2,20000,3210263,511790,3722053
2,20000,3229160,552638,3781798
2,20000,3260996,678223,3939219
2,20000,3127169,512112,3639281
2,20000,3151187,668302,3819489
2,20000,3255034,582798,3837832
2,20000,3187944,605804,3793748
2,20000,3278278,589169,3867447
2,20000,3667953,808255,4476208
2,20000,3240752,551193,3791945
2,20000,3450047,678013,4128060
2,20000,3242820,714034,3956854
2,20000,3198730,541035,3739765
2,20000,3531016,699545,4230561
2,20000,3287369,579002,3866371
2,20000,3198742,666188,3864930
2,20000,3241092,644013,3885105
2,20000,3261858,653829,3915687
2,20000,3511680,695728,4207408
2,20000,3176369,569808,3746177
2,20000,3178603,510789,3689392
2,20000,3815790,696410,4512200
2,20000,3180511,586104,3766615
2,20000,3266179,576726,3842905
2,20000,3565577,756569,4322146
2,20000,3210508,512111,3722619
2,20000,3292065,586853,3878918
2,20000,3146777,568377,3715154
2,20000,3159647,605803,3765450
2,20000,3191066,700032,3891098
2,20000,3146704,522135,3668839
2,20000,3138466,572000,3710466
2,20000,3156531,579098,3735629
2,20000,3260821,539607,3800428
2,20000,3214177,626778,3840955
2,20000,3129708,514573,3644281
2,20000,3148016,536877,3684893
2,20000,3702894,854696,4557590
2,20000,3386439,589901,3976340
2,20000,3204418,616521,3820939
2,20000,3102899,496269,3599168
2,20000,3624916,666975,4291891
2,20000,3180734,540362,3721096
2,20000,3310659,564079,3874738
2,20000,3137716,512876,3650592
2,20000,3323622,537598,3861220
2,20000,3290495,553494,3843989
2,20000,3140279,560062,3700341
2,20000,3243798,584376,3828174
2,20000,3274736,603835,3878571
2,20000,3229458,523872,3753330
2,30000,4993175,933527,5926702
2,30000,4929268,2684346,7613614
2,30000,5009137,2616848,7625985
2,30000,5115576,1527136,6642712
2,30000,4859543,2312437,7171980
2,30000,5014874,2633145,7648019
2,30000,5124968,2423991,7548959
2,30000,5011322,2373503,7384825
2,30000,5054037,1011268,6065305
2,30000,4911348,972061,5883409
2,30000,5013810,982418,5996228
2,30000,4870707,844269,5714976
2,30000,5122299,2582010,7704309
2,30000,5160089,985876,6145965
2,30000,4968938,994801,5963739
2,30000,4877063,2661041,7538104
2,30000,5031766,993825,6025591
2,30000,5104130,934652,6038782
2,30000,5154312,966775,6121087
2,30000,4861540,829274,5690814
2,30000,4975344,948539,5923883
2,30000,5067702,873184,5940886
2,30000,4920726,868059,5788785
2,30000,5091647,956748,6048395
2,30000,5050763,1693183,6743946
2,30000,4837184,1817835,6655019
2,30000,5130671,923625,6054296
2,30000,5059618,973639,6033257
2,30000,5643641,2022232,7665873
2,30000,5134601,975636,6110237
2,30000,4871333,998979,5870312
2,30000,4994820,984913,5979733
2,30000,4986485,1397914,6384399
2,30000,4998813,1728289,6727102
2,30000,5014852,960465,5975317
2,30000,5637171,1068987,6706158
2,30000,5126860,1998270,7125130
2,30000,5163208,987971,6151179
2,30000,5005617,986550,5992167
2,30000,5209143,1104037,6313180
2,30000,5096427,2792625,7889052
2,30000,4888473,859682,5748155
2,30000,5026018,935780,5961798
2,30000,5019307,881542,5900849
2,30000,4823613,1708252,6531865
2,30000,5000915,1090482,6091397
2,30000,4985143,1084201,6069344
2,30000,5162439,979642,6142081
2,30000,4904300,919039,5823339
2,30000,5073995,1002013,6076008
2,30000,4982688,983244,5965932
2,30000,5000153,2123291,7123444
2,30000,5037676,1038379,6076055
2,30000,5011804,943298,5955102
2,30000,6035264,1077485,7112749
2,30000,5043962,933232,5977194
2,30000,5028808,986505,6015313
2,30000,5052039,1085158,6137197
2,30000,4929820,2688178,7617998
2,30000,5141556,959273,6100829
2,30000,4891522,865547,5757069
2,30000,4976324,2918781,7895105
2,30000,5028869,1837027,6865896
2,30000,5059779,1082627,6142406
2,30000,4867846,2885907,7753753
2,30000,5023214,1525760,6548974
2,30000,5030177,1130687,6160864
2,30000,4998235,958786,5957021
2,30000,5009120,982533,5991653
2,30000,5001823,2693297,7695120
2,30000,5070617,991637,6062254
2,30000,4917239,973566,5890805
2,30000,4883151,1634838,6517989
2,30000,5477347,1035146,6512493
2,30000,4994415,1662486,6656901
2,30000,4984520,1082067,6066587
2,30000,5096776,941189,6037965
2,30000,5005091,971603,5976694
2,30000,5023009,962450,5985459
2,30000,5083292,897329,5980621
2,30000,4974890,977881,5952771
2,30000,4971950,1711543,6683493
2,30000,5022555,969880,5992435
2,30000,4928511,2720028,7648539
2,30000,4996475,899253,5895728
2,30000,5482266,2093664,7575930
2,30000,5108671,948077,6056748
2,30000,5027994,940512,5968506
2,30000,4933188,2955451,7888639
2,30000,4988358,885314,5873672
2,30000,4979225,977912,5957137
2,30000,5121542,1449046,6570588
2,30000,5119840,996509,6116349
2,30000,4899301,908337,5807638
2,30000,5025526,1076063,6101589
2,30000,5012708,1073592,6086300
2,30000,5129181,992387,6121568
2,30000,4988090,1056266,6044356
2,30000,5150371,962014,6112385
2,30000,4892200,1272955,6165155
2,30000,4949414,2422309,7371723
2,30000,5107291,959099,6066390
2,30000,5162954,984655,6147609
2,30000,5104638,907392,6012030
2,30000,5012232,1323855,6336087
2,30000,4991333,979061,5970394
2,30000,5120753,944759,6065512
2,30000,4993511,883291,5876802
2,30000,5097558,936260,6033818
2,30000,5445623,1120771,6566394
2,30000,5025560,2472587,7498147
2,30000,4974187,959623,5933810
2,30000,5014339,958166,5972505
2,30000,5001432,948005,5949437
2,30000,5082668,974052,6056720
2,40000,8001851,1028145,9029996
2,40000,7781716,989250,8770966
2,40000,6962990,1010292,7973282
2,40000,7854210,1021539,8875749
2,40000,6875318,1056413,7931731
2,40000,6915119,1172664,8087783
2,40000,7146937,1087352,8234289
2,40000,6803233,1055171,7858404
2,40000,6872121,968851,7840972
2,40000,6894122,2786229,9680351
2,40000,7114148,1111396,8225544
2,40000,6810467,1232062,8042529
2,40000,6811108,2302442,9113550
2,40000,6627430,2902952,9530382
2,40000,7281999,1087817,8369816
2,40000,8054072,1049982,9104054
2,40000,8672234,957329,9629563
2,40000,7132843,1135237,8268080
2,40000,7049679,1071710,8121389
2,40000,8790827,1073857,9864684
2,40000,6678383,1144614,7822997
2,40000,6882785,1069543,7952328
2,40000,7195079,971624,8166703
2,40000,7019578,1045676,8065254
2,40000,6876621,1206241,8082862
2,40000,9117398,1063220,10180618
2,40000,7112654,1056151,8168805
2,40000,6992372,1027102,8019474
2,40000,7159068,1051042,8210110
2,40000,6930344,1000720,7931064
2,40000,7726018,2498591,10224609
2,40000,7596075,2597838,10193913
2,40000,7801680,1181134,8982814
2,40000,6720396,1246561,7966957
2,40000,7923267,1149136,9072403
2,40000,6691231,2882063,9573294
2,40000,6686460,1165704,7852164
2,40000,7085332,1010466,8095798
2,40000,7037033,1100517,8137550
2,40000,8915224,1087497,10002721
2,40000,6806060,1089253,7895313
2,40000,7036920,1106679,8143599
2,40000,6931394,1131858,8063252
2,40000,6855023,1051759,7906782
2,40000,6981956,999609,7981565
2,40000,7083920,1007014,8090934
2,40000,6810329,1090733,7901062
2,40000,7129235,1153761,8282996
2,40000,7094181,978985,8073166
2,40000,7582011,1443036,9025047
2,40000,7246349,1042344,8288693
2,40000,6716840,1166002,7882842
2,40000,6988285,1179067,8167352
2,40000,6728766,1258562,7987328
2,40000,7023746,996844,8020590
2,40000,6836287,1018475,7854762
2,40000,7245056,1072492,8317548
2,40000,7133431,1043086,8176517
2,40000,6968048,1022670,7990718
2,40000,6775458,1186585,7962043
2,40000,6873707,1083129,7956836
2,40000,7751750,3465040,11216790
2,40000,6927636,1026001,7953637
2,40000,7012428,1033983,8046411
2,40000,6938057,1015579,7953636
2,40000,6877416,1015902,7893318
2,40000,6835178,1033222,7868400
2,40000,7547156,1922468,9469624
2,40000,6980865,1020768,8001633
2,40000,6610929,1733706,8344635
2,40000,6859834,1023333,7883167
2,40000,6931835,1099435,8031270
2,40000,6690303,1559407,8249710
2,40000,6829186,997800,7826986
2,40000,6688211,2077258,8765469
2,40000,6761602,1855427,8617029
2,40000,7412150,1025833,8437983
2,40000,7239794,986715,8226509
2,40000,7234113,982785,8216898
2,40000,7687004,1222901,8909905
2,40000,7192536,998214,8190750
2,40000,7018618,1067452,8086070
2,40000,6657260,1096545,7753805
2,40000,7778971,1055786,8834757
2,40000,6966156,1027347,7993503
2,40000,6763338,1126327,7889665
2,40000,7162818,992228,8155046
2,40000,6789109,1207084,7996193
2,40000,6661783,1207014,7868797
2,40000,7007010,1097487,8104497
2,40000,7699440,1344415,9043855
2,40000,8156742,1083021,9239763
2,40000,6683693,1206794,7890487
2,40000,7034473,1042653,8077126
2,40000,7840429,1080067,8920496
2,40000,6732410,1152352,7884762
2,40000,6891782,1056713,7948495
2,40000,6902866,1013104,7915970
2,40000,7380245,978026,8358271
2,40000,6955500,1065040,8020540
2,40000,6638765,1807445,8446210
2,40000,7133843,1111002,8244845
2,40000,6644424,1097324,7741748
2,40000,6594450,3230068,9824518
2,40000,7690138,982490,8672628
2,40000,6940501,1192807,8133308
2,40000,6876475,1117044,7993519
2,40000,6942726,1124684,8067410
2,40000,7217066,974327,8191393
2,40000,6664022,1760499,8424521
2,40000,6894395,1002505,7896900
2,40000,7753605,1091522,8845127
2,40000,6860256,1087994,7948250
2,40000,6875953,1027757,7903710
2,40000,6935716,1083958,8019674
2,50000,8823521,1411502,10235023
2,50000,9402043,1385607,10787650
2,50000,9521943,1262678,10784621
2,50000,8742165,1328446,10070611
2,50000,8535556,1554479,10090035
2,50000,8557300,3221922,11779222
2,50000,9080088,1518431,10598519
2,50000,8871165,1401127,10272292
2,50000,8668380,1366929,10035309
2,50000,9855030,1343343,11198373
2,50000,8666017,1433457,10099474
2,50000,8649830,1240503,9890333
2,50000,8482391,2645078,11127469
2,50000,8767061,1290894,10057955
2,50000,8755081,1414556,10169637
2,50000,8431012,1591468,10022480
2,50000,8548776,1533609,10082385
2,50000,8701295,1522222,10223517
2,50000,8866716,1514097,10380813
2,50000,8922360,1282589,10204949
2,50000,9257720,1352580,10610300
2,50000,9599470,1811722,11411192
2,50000,9431953,1328923,10760876
2,50000,8842121,1411050,10253171
2,50000,8906870,1389710,10296580
2,50000,9953717,1381679,11335396
2,50000,8909109,1475938,10385047
2,50000,8652711,1402798,10055509
2,50000,8625427,1410396,10035823
2,50000,8781131,1451124,10232255
2,50000,10941765,1391675,12333440
2,50000,10792414,1305434,12097848
2,50000,8816742,1351561,10168303
2,50000,8869764,1359873,10229637
2,50000,9397363,1296826,10694189
2,50000,8579181,1460171,10039352
2,50000,8605171,1303972,9909143
2,50000,8695888,1319086,10014974
2,50000,8852140,1404913,10257053
2,50000,9012312,1539347,10551659
2,50000,8742200,1326374,10068574
2,50000,9719931,1211318,10931249
2,50000,8719683,1256930,9976613
2,50000,8558349,2705707,11264056
2,50000,8821197,1382728,10203925
2,50000,8892938,1442170,10335108
2,50000,9949460,1453123,11402583
2,50000,8712520,1668543,10381063
2,50000,8824098,1336878,10160976
2,50000,8958718,1406110,10364828
2,50000,8914228,1268273,10182501
2,50000,8822703,1294883,10117586
2,50000,8906155,1253346,10159501
2,50000,8898365,1355840,10254205
2,50000,8887960,1223406,10111366
2,50000,8719412,1602262,10321674
2,50000,8872853,1490789,10363642
2,50000,8583215,2474696,11057911
2,50000,8833758,1364089,10197847
2,50000,8877290,1448839,10326129
2,50000,8559428,1660322,10219750
2,50000,8831388,1431985,10263373
2,50000,8806109,1279094,10085203
2,50000,8620557,1381446,10002003
2,50000,8784972,1397592,10182564
2,50000,8810024,1374008,10184032
2,50000,8664919,1280075,9944994
2,50000,8522359,3273356,11795715
2,50000,9229585,1288675,10518260
2,50000,9852508,1548087,11400595
2,50000,10941912,1405484,12347396
2,50000,8452191,2119445,10571636
2,50000,9373407,1245305,10618712
2,50000,8709543,1470290,10179833
2,50000,8839766,1380708,10220474
2,50000,8794279,1368627,10162906
2,50000,8699162,1252924,9952086
2,50000,8804042,1548857,10352899
2,50000,8633405,1417093,10050498
2,50000,8873009,1297466,10170475
2,50000,8860732,1490320,10351052
2,50000,9885387,1405671,11291058
2,50000,8808174,1330928,10139102
2,50000,8895280,1455234,10350514
2,50000,9817061,1400065,11217126
2,50000,9127341,1444170,10571511
2,50000,8920848,1329698,10250546
2,50000,8669567,1325987,9995554
2,50000,8816817,1347599,10164416
2,50000,8834899,1455036,10289935
2,50000,11000562,1374200,12374762
2,50000,8983818,1521282,10505100
2,50000,8584778,1282813,9867591
2,50000,8838046,1468950,10306996
2,50000,8911798,1377331,10289129
2,50000,8527349,2460405,10987754
2,50000,8724702,1279846,10004548
2,50000,8839938,3632058,12471996
2,50000,8596882,3410671,12007553
2,50000,8901164,1292622,10193786
2,50000,10954534,1365784,12320318
2,50000,8682295,1322686,10004981
2,50000,8485726,1569929,10055655
2,50000,8815760,1370881,10186641
2,50000,8833388,1413591,10246979
2,50000,8827516,1360119,10187635
2,50000,8720800,1327614,10048414
2,50000,9369634,1290329,10659963
2,50000,9934800,1373108,11307908
2,50000,9444275,1861599,11305874
2,50000,9365422,1374519,10739941
2,50000,8964390,1469819,10434209
2,50000,9876567,1254048,11130615
2,50000,8568520,1525708,10094228
2,50000,9395263,1255995,10651258
2,60000,10710679,1634263,12344942
2,60000,10604760,1604294,12209054
2,60000,10769473,1562254,12331727
2,60000,11089658,1691760,12781418
2,60000,10697244,1442718,12139962
2,60000,11019716,1486509,12506225
2,60000,10524775,1676789,12201564
2,60000,10580084,1446101,12026185
2,60000,11926664,1583701,13510365
2,60000,12637971,1537244,14175215
2,60000,10478170,1623884,12102054
2,60000,10619724,1593292,12213016
2,60000,11446448,1512183,12958631
2,60000,10594389,1546993,12141382
2,60000,10671834,1454374,12126208
2,60000,10727007,1700374,12427381
2,60000,12881028,1530792,14411820
2,60000,10658140,1453474,12111614
2,60000,21595602,1532753,23128355
2,60000,10496245,1749921,12246166
2,60000,12156304,1877556,14033860
2,60000,10697649,1511570,12209219
2,60000,10740712,1519740,12260452
2,60000,10818808,1542921,12361729
2,60000,12605848,1647523,14253371
2,60000,10900510,1493282,12393792
2,60000,10660793,1723034,12383827
2,60000,10596736,1549787,12146523
2,60000,10669561,1628801,12298362
2,60000,11386402,1458277,12844679
2,60000,10632737,1543399,12176136
2,60000,10690412,1629273,12319685
2,60000,11278419,1489067,12767486
2,60000,10702017,1535684,12237701
2,60000,10745198,1534084,12279282
2,60000,10796480,1626985,12423465
2,60000,11163794,1656539,12820333
2,60000,12215031,1789407,14004438
2,60000,11207473,1480240,12687713
2,60000,10541358,1614906,12156264
2,60000,11210871,1590428,12801299
2,60000,10758640,1614323,12372963
2,60000,10749701,1622859,12372560
2,60000,10636975,1591102,12228077
2,60000,10718334,1560427,12278761
2,60000,10674634,1746408,12421042
2,60000,10755317,1557767,12313084
2,60000,10642399,1673200,12315599
2,60000,12734346,1966868,14701214
2,60000,10734844,1578767,12313611
2,60000,10451187,1427137,11878324
2,60000,10422205,1561191,11983396
2,60000,10709563,1704470,12414033
2,60000,10840666,1545186,12385852
2,60000,10574603,1508050,12082653
2,60000,10803282,1633037,12436319
2,60000,10934880,1490892,12425772
2,60000,10571477,1548406,12119883
2,60000,10526889,1530638,12057527
2,60000,10668333,1547177,12215510
2,60000,10600416,1710427,12310843
2,60000,10644950,1662463,12307413
2,60000,10524821,1553971,12078792
2,60000,12603648,1557375,14161023
2,60000,10645031,1557661,12202692
2,60000,12113725,1511495,13625220
2,60000,11971632,1559915,13531547
2,60000,10709659,1739818,12449477
2,60000,10663015,1563766,12226781
2,60000,10825562,1602952,12428514
2,60000,11749166,1690509,13439675
2,60000,10565562,1582288,12147850
2,60000,10665398,1699255,12364653
2,60000,12406000,1542509,13948509
2,60000,10434951,1666216,12101167
2,60000,10785710,1553387,12339097
2,60000,10752411,1528130,12280541
2,60000,10730915,1625974,12356889
2,60000,10507566,1550719,12058285
2,60000,10596312,1597719,12194031
2,60000,11284353,1605156,12889509
2,60000,10642918,1691834,12334752
2,60000,10596929,1572067,12168996
2,60000,11721631,1613220,13334851
2,60000,10699806,1690554,12390360
2,60000,12527420,1963934,14491354
2,60000,11880800,1915134,13795934
2,60000,11613240,1577239,13190479
2,60000,10786412,1625117,12411529
2,60000,10899332,1469333,12368665
2,60000,10667630,1778705,12446335
2,60000,13920890,1938443,15859333
2,60000,12115095,1614826,13729921
2,60000,10723648,1494394,12218042
2,60000,10737442,1601014,12338456
2,60000,10757885,1620146,12378031
2,60000,10700367,1755645,12456012
2,60000,10568801,1604932,12173733
2,60000,10598481,1620031,12218512
2,60000,10600927,1670313,12271240
2,60000,12381882,1498841,13880723
2,60000,10656798,1655765,12312563
2,60000,11368017,1537046,12905063
2,60000,10654125,1756196,12410321
2,60000,10522159,1734358,12256517
2,60000,10847264,1669886,12517150
2,60000,20816219,1765500,22581719
2,60000,10742040,1546645,12288685
2,60000,12247896,1504073,13751969
2,60000,10645898,1576348,12222246
2,60000,11904243,1439682,13343925
2,60000,11478566,1565315,13043881
2,60000,10587658,1493035,12080693
2,60000,10700780,1656142,12356922
2,60000,10711533,1527547,12239080
2,70000,13135116,1649642,14784758
2,70000,13620856,1684824,15305680
2,70000,12409842,1755615,14165457
2,70000,12299389,1794501,14093890
2,70000,13550024,1821671,15371695
2,70000,26521984,1744436,28266420
2,70000,13478677,1737650,15216327
2,70000,12383595,1831011,14214606
2,70000,12570196,1841548,14411744
2,70000,12476261,1699174,14175435
2,70000,12527449,1786007,14313456
2,70000,12637226,1792683,14429909
2,70000,14470791,1748852,16219643
2,70000,12575367,1848029,14423396
2,70000,14062512,1768784,15831296
2,70000,12500158,1766561,14266719
2,70000,12380581,1839261,14219842
2,70000,12874662,1819119,14693781
2,70000,14119860,1969355,16089215
2,70000,12583900,1756227,14340127
2,70000,13109605,1839433,14949038
2,70000,12562784,1809491,14372275
2,70000,12459968,1732477,14192445
2,70000,12453734,1823296,14277030
2,70000,12387060,1741134,14128194
2,70000,13300434,1749660,15050094
2,70000,12476065,1732362,14208427
2,70000,12541328,1649379,14190707
2,70000,13570154,1750441,15320595
2,70000,12583124,1860921,14444045
2,70000,12324057,1751822,14075879
2,70000,13676890,1755377,15432267
2,70000,12390430,1839557,14229987
2,70000,12471393,1796453,14267846
2,70000,12377550,1858086,14235636
2,70000,12689179,1769509,14458688
2,70000,12850079,1789752,14639831
2,70000,12624532,1731405,14355937
2,70000,15194737,2073658,17268395
2,70000,12519365,1819403,14338768
2,70000,14592151,1992818,16584969
2,70000,12637307,1850627,14487934
2,70000,12563557,1798380,14361937
2,70000,12537460,1808568,14346028
2,70000,12422840,1766258,14189098
2,70000,12563041,1713384,14276425
2,70000,12310559,1766568,14077127
2,70000,12577957,1819541,14397498
2,70000,12620268,1864570,14484838
2,70000,12401113,1691446,14092559
2,70000,12421595,1737311,14158906
2,70000,13034197,1751014,14785211
2,70000,12425143,1822991,14248134
2,70000,12447042,1728540,14175582
2,70000,26460175,1698885,28159060
2,70000,12417874,1869658,14287532
2,70000,12514663,1743447,14258110
2,70000,14164258,1741091,15905349
2,70000,12608003,1706144,14314147
2,70000,12501540,1811770,14313310
2,70000,12548193,1795483,14343676
2,70000,12661784,1776316,14438100
2,70000,12613422,1676033,14289455
2,70000,13145914,1784438,14930352
2,70000,12564549,1751442,14315991
2,70000,12623615,1976600,14600215
2,70000,12473091,1794712,14267803
2,70000,12710355,1795635,14505990
2,70000,12505779,1937075,14442854
2,70000,12714736,1845974,14560710
2,70000,12498432,1837243,14335675
2,70000,12575095,1879975,14455070
2,70000,12462642,1698557,14161199
2,70000,12442011,1769209,14211220
2,70000,12567094,1727277,14294371
2,70000,12994522,1717926,14712448
2,70000,14396788,2026553,16423341
2,70000,12544635,1829190,14373825
2,70000,13091510,1777151,14868661
2,70000,12954539,1743791,14698330
2,70000,12596236,1767925,14364161
2,70000,13695838,1774356,15470194
2,70000,12368530,1851298,14219828
2,70000,12538198,1804295,14342493
2,70000,12445094,1858951,14304045
2,70000,12427796,1811080,14238876
2,70000,12374908,1789029,14163937
2,70000,12502328,1799099,14301427
2,70000,12462150,1727840,14189990
2,70000,14168443,1964590,16133033
2,70000,14223490,1762763,15986253
2,70000,25681125,1924522,27605647
2,70000,13693417,1791310,15484727
2,70000,14654796,2068533,16723329
2,70000,14664628,1746147,16410775
2,70000,12543734,1725835,14269569
2,70000,12390190,1835588,14225778
2,70000,12551291,1837493,14388784
2,70000,13022400,1769638,14792038
2,70000,13796080,1732515,15528595
2,70000,12454770,1803740,14258510
2,70000,12714724,1911850,14626574
2,70000,12412323,1833955,14246278
2,70000,25504911,1752475,27257386
2,70000,12486296,1770366,14256662
2,70000,12618287,1742617,14360904
2,70000,12585130,1723188,14308318
2,70000,13412114,1805082,15217196
2,70000,12536322,1791052,14327374
2,70000,12590968,1750549,14341517
2,70000,12382780,1844465,14227245
2,70000,12620916,1796946,14417862
2,70000,12635014,1773082,14408096
2,70000,12498910,1824774,14323684
2,70000,12599091,1890015,14489106
2,80000,14415208,2055804,16471012
2,80000,14518278,2016131,16534409
2,80000,14888609,2110033,16998642
2,80000,15582713,1947995,17530708
2,80000,14289172,2221165,16510337
2,80000,14310238,2050571,16360809
2,80000,14544654,2058651,16603305
2,80000,14287902,2262961,16550863
2,80000,14547289,2021071,16568360
2,80000,14563579,1964116,16527695
2,80000,14454491,2059502,16513993
2,80000,14190272,2085625,16275897
2,80000,14356960,2021328,16378288
2,80000,14481011,2063728,16544739
2,80000,14822117,2025399,16847516
2,80000,16308986,2444639,18753625
2,80000,14361632,1969624,16331256
2,80000,14298684,2018500,16317184
2,80000,14448405,2084389,16532794
2,80000,16039586,2141433,18181019
2,80000,15114490,1973415,17087905
2,80000,14533331,2083743,16617074
2,80000,15591404,1988844,17580248
2,80000,14336829,2054423,16391252
2,80000,14216312,2017563,16233875
2,80000,14549521,2086914,16636435
2,80000,14230687,2095176,16325863
2,80000,14367560,2041819,16409379
2,80000,14184055,2090277,16274332
2,80000,14462279,1998534,16460813
2,80000,14508006,2054586,16562592
2,80000,14448097,2121170,16569267
2,80000,15781184,1974290,17755474
2,80000,14458309,2037074,16495383
2,80000,14418561,2052841,16471402
2,80000,14338897,2032205,16371102
2,80000,15553497,2005066,17558563
2,80000,14558654,2045400,16604054
2,80000,14322482,2016289,16338771
2,80000,14351024,2239124,16590148
2,80000,14229945,1998570,16228515
2,80000,14500100,2015848,16515948
2,80000,14253017,2063640,16316657
2,80000,14199223,2017719,16216942
2,80000,16246202,2507419,18753621
2,80000,14429361,2130107,16559468
2,80000,14531091,2071533,16602624
2,80000,16330311,2089025,18419336
2,80000,14454341,2098248,16552589
2,80000,14459348,2079906,16539254
2,80000,14205566,2076212,16281778
2,80000,15265356,2071889,17337245
2,80000,14331977,2168800,16500777
2,80000,16149757,2379071,18528828
2,80000,14446647,2251575,16698222
2,80000,14450222,1987940,16438162
2,80000,14392350,2026610,16418960
2,80000,14379292,2051987,16431279
2,80000,14397010,2063829,16460839
2,80000,14447052,2042569,16489621
2,80000,14653381,2029177,16682558
2,80000,14615110,2083077,16698187
2,80000,15091270,2102822,17194092
2,80000,14263330,1944664,16207994
2,80000,14162445,2082033,16244478
2,80000,14395553,1968816,16364369
2,80000,14385595,2059790,16445385
2,80000,15398223,1973970,17372193
2,80000,14441936,2211552,16653488
2,80000,14587747,2092885,16680632
2,80000,16140648,2464577,18605225
2,80000,14350506,2197019,16547525
2,80000,14662556,1970696,16633252
2,80000,14398124,2043799,16441923
2,80000,14360100,2171147,16531247
2,80000,14380817,2068923,16449740
2,80000,16053717,2425229,18478946
2,80000,14476937,2063511,16540448
2,80000,14369204,2126684,16495888
2,80000,14457728,2000275,16458003
2,80000,14467319,2029254,16496573
2,80000,14903926,1905422,16809348
2,80000,14536536,2070074,16606610
2,80000,14302723,2062820,16365543
2,80000,14325503,2019033,16344536
2,80000,14448602,2045003,16493605
2,80000,14332939,2210019,16542958
2,80000,16390659,2333423,18724082
2,80000,14575896,2033815,16609711
2,80000,15432569,2026617,17459186
2,80000,14239190,2072981,16312171
2,80000,14254717,2067367,16322084
2,80000,14468352,2031437,16499789
2,80000,14453551,2029764,16483315
2,80000,16315631,2352652,18668283
2,80000,14345658,2045516,16391174
2,80000,14327498,2028631,16356129
2,80000,14449533,2096732,16546265
2,80000,14425079,2033373,16458452
2,80000,14473772,2069589,16543361
2,80000,16245967,2356982,18602949
2,80000,14473139,2074803,16547942
2,80000,14496648,2006360,16503008
2,80000,15533049,2026050,17559099
2,80000,15613074,2012579,17625653
2,80000,14558550,2102033,16660583
2,80000,14321908,2058508,16380416
2,80000,14312074,2163770,16475844
2,80000,18316099,2309058,20625157
2,80000,15171835,2005250,17177085
2,80000,14459378,2019810,16479188
2,80000,14479984,2078660,16558644
2,80000,15344642,1991572,17336214
2,80000,14393776,2068994,16462770
2,80000,15918844,1998598,17917442
2,90000,16335720,2442440,18778160
2,90000,17768442,2342057,20110499
2,90000,16417314,2299503,18716817
2,90000,16306013,2291117,18597130
2,90000,18201695,2358541,20560236
2,90000,17573217,2406804,19980021
2,90000,16915936,2395308,19311244
2,90000,16176655,2295979,18472634
2,90000,20050964,2578509,22629473
2,90000,18669466,2485021,21154487
2,90000,18197475,2315437,20512912
2,90000,18816568,2558139,21374707
2,90000,16898302,2303302,19201604
2,90000,16353842,2269602,18623444
2,90000,17628730,2347389,19976119
2,90000,16949176,2405908,19355084
2,90000,16308854,2419224,18728078
2,90000,17652897,2302368,19955265
2,90000,17197928,2393271,19591199
2,90000,17452475,2317066,19769541
2,90000,17788169,2302861,20091030
2,90000,20193173,2804091,22997264
2,90000,18522570,2637184,21159754
2,90000,16094509,2366764,18461273
2,90000,16195399,2303443,18498842
2,90000,17059856,2407010,19466866
2,90000,16424542,2253100,18677642
2,90000,18130184,2385990,20516174
2,90000,17573367,2373859,19947226
2,90000,18427107,2349946,20777053
2,90000,17769861,2394998,20164859
2,90000,16364816,2245515,18610331
2,90000,16265104,2458098,18723202
2,90000,17721304,2548701,20270005
2,90000,17171339,2393355,19564694
2,90000,18426105,2417780,20843885
2,90000,18022853,2221429,20244282
2,90000,18449213,2349142,20798355
2,90000,16406046,2388228,18794274
2,90000,17661882,2290005,19951887
2,90000,20306484,2803574,23110058
2,90000,18067096,2359887,20426983
2,90000,17275462,2348041,19623503
2,90000,16326873,2263078,18589951
2,90000,16130890,2287510,18418400
2,90000,16381110,2357714,18738824
2,90000,16226664,2433570,18660234
2,90000,16357849,2431873,18789722
2,90000,16381319,2388201,18769520
2,90000,16399315,2352626,18751941
2,90000,17829579,2360450,20190029
2,90000,18452581,2603039,21055620
2,90000,16299228,2217029,18516257
2,90000,18596111,2443457,21039568
2,90000,18204095,2296016,20500111
2,90000,16386745,2435083,18821828
2,90000,16351773,2176041,18527814
2,90000,16260496,2330106,18590602
2,90000,16357783,2357934,18715717
2,90000,17869747,2379065,20248812
2,90000,16858597,2232637,19091234
2,90000,17213945,2365862,19579807
2,90000,16279580,2424571,18704151
2,90000,17206847,2370442,19577289
2,90000,16884031,2282796,19166827
2,90000,18279475,2556739,20836214
2,90000,18382822,2701274,21084096
2,90000,16281448,2366267,18647715
2,90000,18433244,2314893,20748137
2,90000,16403495,2294950,18698445
2,90000,16315893,2337199,18653092
2,90000,16204606,2317752,18522358
2,90000,17054805,2430556,19485361
2,90000,18507011,2533822,21040833
2,90000,16380064,2214264,18594328
2,90000,17115603,2373777,19489380
2,90000,16279131,2409801,18688932
2,90000,16474107,2432474,18906581
2,90000,16276564,2315631,18592195
2,90000,16798830,2373890,19172720
2,90000,16306990,2270900,18577890
2,90000,16537863,2346013,18883876
2,90000,17315623,2258275,19573898
2,90000,16409710,2463308,18873018
2,90000,16259197,2315232,18574429
2,90000,16737212,2401155,19138367
2,90000,16259540,2341735,18601275
2,90000,16214766,2379306,18594072
2,90000,16289271,2309193,18598464
2,90000,16255664,2344179,18599843
2,90000,16352908,2278602,18631510
2,90000,18092246,2324877,20417123
2,90000,16500836,2240376,18741212
2,90000,16255689,2187325,18443014
2,90000,17889710,2317443,20207153
2,90000,18108354,2394969,20503323
2,90000,16235928,2332307,18568235
2,90000,18458586,2830231,21288817
2,90000,18184871,2375722,20560593
2,90000,18602555,2616820,21219375
2,90000,16194854,2384888,18579742
2,90000,16303643,2292156,18595799
2,90000,16152417,2415183,18567600
2,90000,16136789,2230113,18366902
2,90000,16391033,2250900,18641933
2,90000,16545253,2463990,19009243
2,90000,16319498,2320880,18640378
2,90000,16377582,2342473,18720055
2,90000,18062920,2322057,20384977
2,90000,17282985,2402840,19685825
2,90000,16222930,2284906,18507836
2,90000,18154893,2420383,20575276
2,90000,17718357,2323986,20042343
2,90000,17989588,2349688,20339276
2,90000,16384108,2443887,18827995
2,100000,19275726,2771147,22046873
2,100000,18384293,2502094,20886387
2,100000,19312172,2507647,21819819
2,100000,18541367,2641675,21183042
2,100000,19465957,2536677,22002634
2,100000,18904626,2576847,21481473
2,100000,19359333,2577943,21937276
2,100000,18505284,2518885,21024169
2,100000,18340439,2647842,20988281
2,100000,18354621,2460932,20815553
2,100000,18209797,2388067,20597864
2,100000,21288604,2824343,24112947
2,100000,19716037,2506736,22222773
2,100000,18228504,2547995,20776499
2,100000,18842115,2505967,21348082
2,100000,20449067,2465500,22914567
2,100000,18195837,2659265,20855102
2,100000,18268260,2386590,20654850
2,100000,19082199,2482285,21564484
2,100000,18080385,2666543,20746928
2,100000,20087626,2568131,22655757
2,100000,19750528,2501236,22251764
2,100000,18142109,2632476,20774585
2,100000,19547127,2694466,22241593
2,100000,21521289,3077509,24598798
2,100000,18170209,2510658,20680867
2,100000,19418011,2512840,21930851
2,100000,20543905,2592555,23136460
2,100000,19109595,2587299,21696894
2,100000,20491456,2551600,23043056
2,100000,19236939,2583423,21820362
2,100000,19896038,2580156,22476194
2,100000,18273404,2398314,20671718
2,100000,19197150,2604238,21801388
2,100000,20753526,2984348,23737874
2,100000,20499951,2699223,23199174
2,100000,18660881,2547074,21207955
2,100000,20563953,2922474,23486427
2,100000,18374591,2407093,20781684
2,100000,18264493,2657189,20921682
2,100000,18454976,2663216,21118192
2,100000,19433962,2571834,22005796
2,100000,20469865,2414407,22884272
2,100000,18232812,2458505,20691317
2,100000,18236944,2601529,20838473
2,100000,18310035,2596555,20906590
2,100000,19986470,2538638,22525108
2,100000,19689960,2540244,22230204
2,100000,18823106,2567394,21390500
2,100000,19612949,2808619,22421568
2,100000,20643065,2883273,23526338
2,100000,19474508,2593863,22068371
2,100000,18273325,2544322,20817647
2,100000,19537803,2567059,22104862
2,100000,19411906,2505785,21917691
2,100000,20418284,2791012,23209296
2,100000,19737629,2463343,22200972
2,100000,19400482,2390448,21790930
2,100000,20087250,2564334,22651584
2,100000,20750563,3085823,23836386
2,100000,18425500,2639562,21065062
2,100000,18339815,2625242,20965057
2,100000,19774810,2457828,22232638
2,100000,20476345,2467739,22944084
2,100000,20908822,2971832,23880654
2,100000,20174398,2394185,22568583
2,100000,20343937,2813254,23157191
2,100000,20784077,3056850,23840927
2,100000,18024102,2643347,20667449
2,100000,18198892,2516475,20715367
2,100000,19783019,2580136,22363155
2,100000,19988948,2619040,22607988
2,100000,19918995,2687221,22606216
2,100000,20386829,2501625,22888454
2,100000,22528220,3000946,25529166
2,100000,19311311,2668511,21979822
2,100000,19860345,2577225,22437570
2,100000,18260565,2486734,20747299
2,100000,19999948,2661820,22661768
2,100000,18667928,2567895,21235823
2,100000,22908741,2827269,25736010
2,100000,18238218,2530655,20768873
2,100000,18120919,2589971,20710890
2,100000,18301960,2433910,20735870
2,100000,36035795,2671501,38707296
2,100000,20185644,2503258,22688902
2,100000,18325543,2709280,21034823
2,100000,18421291,2521357,20942648
2,100000,20679221,2854417,23533638
2,100000,18229844,2515820,20745664
2,100000,20616554,2917087,23533641
2,100000,20648540,2883615,23532155
2,100000,18247299,2474523,20721822
2,100000,18362085,2680863,21042948
2,100000,18259828,2485354,20745182
2,100000,18920215,2511482,21431697
2,100000,20439577,2536449,22976026
2,100000,20778181,2884024,23662205
2,100000,18302459,2599540,20901999
2,100000,18276460,2695300,20971760
2,100000,20664042,2934762,23598804
2,100000,19592729,2701661,22294390
2,100000,18343967,2557492,20901459
2,100000,21666115,3074711,24740826
2,100000,19725859,2549472,22275331
2,100000,18501170,2647886,21149056
2,100000,19851376,2518181,22369557
2,100000,19435785,2539234,21975019
2,100000,17998995,2552229,20551224
2,100000,20051126,2480616,22531742
2,100000,20362857,2457596,22820453
2,100000,19108915,2624035,21732950
2,100000,18220170,2525172,20745342
2,100000,19330691,2775253,22105944
2,100000,18940274,2587256,21527530
2,100000,20034363,2561557,22595920
2,100000,19599463,2488150,22087613
2,100000,19576859,2785341,22362200
2,100000,18300952,2489179,20790131
2,100000,19464036,2524210,21988246
2,100000,19964264,2551647,22515911
2,100000,18137686,2617421,20755107
2,100000,18230187,2459955,20690142
2,100000,20473931,2563504,23037435
2,100000,18386016,2621770,21007786
2,100000,19110743,2530608,21641351
2,100000,18286230,2719884,21006114
2,100000,19721688,2664155,22385843
2,100000,18564036,2514135,21078171
2,100000,19787442,2815803,22603245
2,100000,19132357,2797410,21929767
2,100000,19581366,2542353,22123719
2,100000,18265800,2672373,20938173
2,100000,19736691,2526452,22263143
2,100000,19405217,2690952,22096169
2,100000,18533539,2498634,21032173
2,100000,18166578,2641706,20808284
2,100000,18476512,2455660,20932172
2,100000,18247651,2579133,20826784
2,100000,18152344,2463295,20615639
2,100000,18275677,2455033,20730710
2,100000,19193982,2458014,21651996
2,100000,20467308,2534646,23001954
2,100000,19711219,2547660,22258879
2,100000,18189705,2535295,20725000
2,100000,18228852,2674398,20903250
2,100000,19654130,2789046,22443176
2,100000,18183806,2433453,20617259
2,100000,18304741,2537180,20841921
2,100000,19725176,2562966,22288142
2,100000,20724593,2959446,23684039
2,100000,19325532,2763473,22089005
2,100000,18683297,2472478,21155775
2,100000,18104838,2511160,20615998
2,100000,19794610,2561161,22355771
2,100000,19650531,2491506,22142037
2,100000,19710046,2502020,22212066
2,100000,19617177,2622676,22239853
2,100000,19707140,2438846,22145986
2,100000,19969756,2816659,22786415
2,100000,19413722,2547996,21961718
2,100000,18243382,2493670,20737052
2,100000,18221465,2575647,20797112
2,100000,18113400,2546907,20660307
2,100000,20395400,2548544,22943944
2,100000,19680047,2450418,22130465
2,100000,18328308,2510594,20838902
2,100000,20694674,2810472,23505146
2,100000,19482519,2503007,21985526
2,100000,20001591,2472360,22473951
2,100000,19954146,2772645,22726791
2,100000,19592411,2527121,22119532
2,100000,19239388,2519431,21758819
2,100000,20391230,2587791,22979021
2,100000,18465635,2692245,21157880
2,100000,19449258,2559276,22008534
2,100000,18329947,2521792,20851739
2,100000,18756467,2454022,21210489
2,100000,19082436,2585185,21667621
2,100000,19817483,2559758,22377241
2,100000,19385949,2538664,21924613
2,100000,19010089,2526179,21536268
2,100000,19957889,2525557,22483446
2,100000,20458012,2534977,22992989
2,100000,19376724,2447322,21824046
2,100000,18450186,2517889,20968075
2,100000,18275780,2504074,20779854
2,100000,18384436,2704577,21089013
2,100000,18178773,2505426,20684199
2,100000,18326767,2619120,20945887
2,100000,20724841,3053640,23778481
2,100000,20447428,2539752,22987180
2,100000,18186966,2409315,20596281
2,100000,18285932,2515083,20801015
2,100000,18085561,2670837,20756398
2,100000,18193935,2627764,20821699
2,100000,18309086,2462023,20771109
2,100000,19795988,2558268,22354256
2,100000,19264665,2532745,21797410
2,100000,18298696,2556854,20855550
2,100000,18790161,2520977,21311138
2,100000,18280972,2475345,20756317
2,100000,19293096,2707492,22000588
2,100000,18280492,2749912,21030404
2,100000,18085485,2543961,20629446
2,100000,18957132,2678449,21635581
2,100000,20034140,2531933,22566073
2,100000,19689145,2489498,22178643
2,100000,19501082,2483902,21984984
2,100000,20815728,3054741,23870469
2,100000,18380702,2580566,20961268
2,100000,22848895,3043098,25891993
2,100000,20540280,2921179,23461459
2,100000,20456819,2650120,23106939
2,100000,18550558,2458646,21009204
2,100000,18248137,2431030,20679167
2,100000,18214031,2448799,20662830
2,100000,18163335,2536234,20699569
2,100000,18759246,2585436,21344682
2,100000,19411559,2574962,21986521
2,100000,20641938,2975727,23617665
2,100000,20470973,2535835,23006808
2,100000,18240626,2563544,20804170
2,100000,19219867,2381879,21601746
2,100000,19255271,2589737,21845008
2,100000,19410536,2482148,21892684
2,100000,18294788,2401275,20696063
2,100000,18555518,2507852,21063370
2,100000,18301894,2610548,20912442
2,100000,18577527,2499657,21077184
2,200000,39244151,4972883,44217034
2,200000,40091048,4868323,44959371
2,200000,39021311,4976557,43997868
2,200000,40220088,5017878,45237966
2,200000,38557311,4981245,43538556
2,200000,39158275,4889415,44047690
2,200000,44359463,5473498,49832961
2,200000,44054681,6001961,50056642
2,200000,44385812,5857010,50242822
2,200000,40178447,5034557,45213004
2,200000,40599675,5261077,45860752
2,200000,38645388,4729223,43374611
2,200000,40210703,5033416,45244119
2,200000,39138019,4918298,44056317
2,200000,39032220,4882277,43914497
2,200000,40596829,5017512,45614341
2,200000,38326955,5045566,43372521
2,200000,39536177,4928353,44464530
2,200000,43577859,5599694,49177553
2,200000,39166737,4888777,44055514
2,200000,40220621,5095084,45315705
2,200000,40191186,5163849,45355035
2,200000,40045180,4977875,45023055
2,200000,40261778,5022251,45284029
2,200000,39483768,5003565,44487333
2,200000,38470902,5118107,43589009
2,200000,40284262,5014293,45298555
2,200000,38186104,4981322,43167426
2,200000,40563203,5300695,45863898
2,200000,39103135,4904087,44007222
2,200000,40440595,5008684,45449279
2,200000,40116176,4949342,45065518
2,200000,39152965,4882257,44035222
2,200000,40410027,4869792,45279819
2,200000,39990460,4974948,44965408
2,200000,39267672,5108985,44376657
2,200000,40658409,4911537,45569946
2,200000,38691942,4821237,43513179
2,200000,40400972,4853686,45254658
2,200000,38451058,5003713,43454771
2,200000,39091323,5000260,44091583
2,200000,39849685,4992221,44841906
2,200000,40115598,4862961,44978559
2,200000,38715270,4900392,43615662
2,200000,39258902,4861942,44120844
2,200000,40668960,5058420,45727380
2,200000,39877661,4970768,44848429
2,200000,40398030,4899335,45297365
2,200000,40353390,5068477,45421867
2,200000,45924850,5788038,51712888
2,200000,40015503,4902482,44917985
2,200000,39098716,4844004,43942720
2,200000,39169944,5098514,44268458
2,200000,40485363,5039016,45524379
2,200000,39090515,5024739,44115254
2,200000,40222711,5029873,45252584
2,200000,39246850,4965569,44212419
2,200000,40200881,5018164,45219045
2,200000,40178183,4861627,45039810
2,200000,38513019,5010512,43523531
2,200000,39231627,4966948,44198575
2,200000,38896742,4926512,43823254
2,200000,44874667,5889622,50764289
2,200000,40385299,5214864,45600163
2,200000,40299626,4967483,45267109
2,200000,38895293,5037618,43932911
2,200000,39161623,4934072,44095695
2,200000,39611760,4887345,44499105
2,200000,39170217,5039140,44209357
2,200000,39124269,4876829,44001098
2,200000,39394681,4976249,44370930
2,200000,38594655,5090774,43685429
2,200000,39349192,4925546,44274738
2,200000,40189271,5282791,45472062
2,200000,40348377,4787666,45136043
2,200000,39518444,4951185,44469629
2,200000,39071525,5025994,44097519
2,200000,45777477,5802941,51580418
2,200000,40216710,4828693,45045403
2,200000,39925143,4940658,44865801
2,200000,38537071,4972469,43509540
2,200000,40588353,4790243,45378596
2,200000,40245688,5036476,45282164
2,200000,45159901,5878184,51038085
2,200000,39891474,4968798,44860272
2,200000,39141370,5076834,44218204
2,200000,39095956,4998481,44094437
2,200000,44273256,5400273,49673529
2,200000,44048538,5870917,49919455
2,200000,40790276,4906253,45696529
2,200000,39088369,4999551,44087920
2,200000,39207228,4928438,44135666
2,200000,39102500,4878407,43980907
2,200000,39092078,4852974,43945052
2,200000,39191223,5015725,44206948
2,200000,38859390,5008636,43868026
2,200000,45883969,5742112,51626081
2,200000,45973826,5921643,51895469
2,200000,38434944,5034406,43469350
2,200000,40198612,4896568,45095180
2,200000,38768413,4809630,43578043
2,200000,43163607,5677842,48841449
2,200000,38927589,5030631,43958220
2,200000,38972124,4811117,43783241
2,200000,38487239,4974581,43461820
2,200000,40121374,4794860,44916234
2,200000,39353918,4887677,44241595
2,200000,39892911,4922311,44815222
2,200000,39044962,5129725,44174687
2,200000,40488909,5063612,45552521
2,200000,39419163,5205646,44624809
2,200000,39003692,4920052,43923744
2,200000,39525985,5001987,44527972
2,200000,39008997,4990578,43999575
2,200000,39347492,4829214,44176706
2,300000,60758468,7326653,68085121
2,300000,60586442,7515165,68101607
2,300000,69239652,8588472,77828124
2,300000,60235755,7454645,67690400
2,300000,60784076,7556823,68340899
2,300000,60864354,7554439,68418793
2,300000,59994297,7541318,67535615
2,300000,60073227,7374402,67447629
2,300000,62498351,7526101,70024452
2,300000,60546994,7554975,68101969
2,300000,59644134,7559570,67203704
2,300000,60773279,7512976,68286255
2,300000,61062714,7468344,68531058
2,300000,60141607,7406034,67547641
2,300000,60354693,7371605,67726298
2,300000,61734218,7475397,69209615
2,300000,61493092,7476147,68969239
2,300000,60999055,7536055,68535110
2,300000,61621363,7562242,69183605
2,300000,61361490,7613961,68975451
2,300000,61692203,7532296,69224499
2,300000,60865938,7561737,68427675
2,300000,59730427,7405431,67135858
2,300000,59609834,7447595,67057429
2,300000,61987705,7505911,69493616
2,300000,60153562,7340444,67494006
2,300000,60970706,7326418,68297124
2,300000,61391849,7473680,68865529
2,300000,60736963,7390103,68127066
2,300000,60758019,7363650,68121669
2,300000,59425683,7295397,66721080
2,300000,61196707,7419792,68616499
2,300000,61651549,7458797,69110346
2,300000,61730197,7387544,69117741
2,300000,60591934,7611517,68203451
2,300000,61967705,7539590,69507295
2,300000,60724830,7437655,68162485
2,300000,59419748,7437805,66857553
2,300000,59937127,7280265,67217392
2,300000,69232516,8820397,78052913
2,300000,60580107,7472824,68052931
2,300000,59811064,7409812,67220876
2,300000,67422254,8772742,76194996
2,300000,59370553,7409725,66780278
2,300000,60127624,7514530,67642154
2,300000,61620314,7488022,69108336
2,300000,61949365,7513805,69463170
2,300000,61498530,7401636,68900166
2,300000,61816347,7502065,69318412
2,300000,60895317,7562033,68457350
2,300000,60961632,7388806,68350438
2,300000,59637941,7239463,66877404
2,300000,60621401,7580434,68201835
2,300000,61596961,7530340,69127301
2,300000,60185143,7499362,67684505
2,300000,61440306,7501717,68942023
2,300000,59875484,7292640,67168124
2,300000,67851369,8536211,76387580
2,300000,60710968,7493260,68204228
2,300000,61856830,7502449,69359279
2,300000,59381851,7397405,66779256
2,300000,59610355,7427286,67037641
2,300000,61633598,7388141,69021739
2,300000,60937880,7527513,68465393
2,300000,60402679,7611094,68013773
2,300000,60193069,7587885,67780954
2,300000,60491337,7619303,68110640
2,300000,67615400,8734813,76350213
2,300000,60677530,7590098,68267628
2,300000,62361388,7373641,69735029
2,300000,59605989,7536901,67142890
2,300000,60997936,7457743,68455679
2,300000,68807839,8275931,77083770
2,300000,59606223,7293288,66899511
2,300000,60355017,7502196,67857213
2,300000,59573201,7262639,66835840
2,300000,61700542,7301044,69001586
2,300000,59631908,7486090,67117998
2,300000,59784813,7353936,67138749
2,300000,61619533,7385961,69005494
2,300000,61276182,7460837,68737019
2,300000,61097491,7514575,68612066
2,300000,61096119,7575898,68672017
2,300000,59440471,7405863,66846334
2,300000,60604520,7320211,67924731
2,300000,59758628,7574256,67332884
2,300000,60106213,7557265,67663478
2,300000,61174940,7502846,68677786
2,300000,68300286,8306752,76607038
2,300000,61729643,7456233,69185876
2,300000,61752552,7461429,69213981
2,300000,59569413,7474281,67043694
2,300000,60548579,7542236,68090815
2,300000,61596450,7532056,69128506
2,300000,61804917,7602461,69407378
2,300000,61392156,7362957,68755113
2,300000,61428877,7533852,68962729
2,300000,60009227,7441490,67450717
2,300000,60637972,7294037,67932009
2,300000,60157570,7361514,67519084
2,300000,59764336,7205132,66969468
2,300000,60026104,7406344,67432448
2,300000,60141271,7582137,67723408
2,300000,60672513,7551376,68223889
2,300000,60093715,7474608,67568323
2,300000,67939208,8254442,76193650
2,300000,60506285,7434504,67940789
2,300000,60130249,7366222,67496471
2,300000,61779070,7489433,69268503
2,300000,61384946,7338081,68723027
2,300000,59227920,7453486,66681406
2,300000,60685589,7546652,68232241
2,300000,60647153,7613656,68260809
2,300000,59646327,7539558,67185885
2,300000,59720469,7553028,67273497
2,400000,82791969,9834582,92626551
2,400000,81950560,9977722,91928282
2,400000,82421607,9993849,92415456
2,400000,81841483,10042589,91884072
2,400000,83727943,9874218,93602161
2,400000,83362243,10082817,93445060
2,400000,81307240,9773599,91080839
2,400000,82202171,10052162,92254333
2,400000,83700847,10081986,93782833
2,400000,92487062,11236868,103723930
2,400000,92974655,11784412,104759067
2,400000,83405633,9918328,93323961
2,400000,92200450,10997802,103198252
2,400000,92133763,11329799,103463562
2,400000,92406440,11230698,103637138
2,400000,92812299,10815151,103627450
2,400000,82088256,9809033,91897289
2,400000,81979521,9881482,91861003
2,400000,82622693,9873876,92496569
2,400000,82996892,9768694,92765586
2,400000,82727983,9898743,92626726
2,400000,83458083,9695059,93153142
2,400000,82676550,9927935,92604485
2,400000,83148709,9879412,93028121
2,400000,92727619,11232432,103960051
2,400000,81974526,9891936,91866462
2,400000,81425207,9591386,91016593
2,400000,81651001,10183618,91834619
2,400000,80906400,9850737,90757137
2,400000,93446132,11226398,104672530
2,400000,81545436,9944870,91490306
2,400000,82505076,9791158,92296234
2,400000,82688511,9873044,92561555
2,400000,81457006,9824747,91281753
2,400000,80925521,9800258,90725779
2,400000,81522597,10035596,91558193
2,400000,83190985,9888456,93079441
2,400000,81700714,9674659,91375373
2,400000,80953256,9965005,90918261
2,400000,94189912,11060523,105250435
2,400000,82828519,9733775,92562294
2,400000,81049777,9900958,90950735
2,400000,81760550,9761708,91522258
2,400000,82945558,9845026,92790584
2,400000,83890313,9904497,93794810
2,400000,81692080,9867068,91559148
2,400000,83141620,9914954,93056574
2,400000,82362669,10066747,92429416
2,400000,83740649,9875907,93616556
2,400000,83058057,9819728,92877785
2,400000,83082974,9906075,92989049
2,400000,93484759,12503271,105988030
2,400000,81980887,9793777,91774664
2,400000,82320038,9918788,92238826
2,400000,81746277,9797763,91544040
2,400000,81881824,9847855,91729679
2,400000,82794210,9789596,92583806
2,400000,83718394,9807249,93525643
2,400000,81224049,9795443,91019492
2,400000,82647112,9941353,92588465
2,400000,83629275,9790828,93420103
2,400000,82734564,9806834,92541398
2,400000,83077281,9742151,92819432
2,400000,82914635,9803193,92717828
2,400000,81068812,9927390,90996202
2,400000,80948178,10005756,90953934
2,400000,81117180,9918204,91035384
2,400000,81632003,10051032,91683035
2,400000,80733229,9947713,90680942
2,400000,81599154,9898211,91497365
2,400000,81903474,10179627,92083101
2,400000,81676642,9883600,91560242
2,400000,94478746,11096091,105574837
2,400000,82824626,9900256,92724882
2,400000,81304562,9921940,91226502
2,400000,81915335,9835749,91751084
2,400000,82111614,9794287,91905901
2,400000,83292928,10051175,93344103
2,400000,83129388,10052821,93182209
2,400000,81401605,9941443,91343048
2,400000,83252422,9849579,93102001
2,400000,82491812,10084315,92576127
2,400000,80780184,9951724,90731908
2,400000,80878756,9995569,90874325
2,400000,82275741,10010630,92286371
2,400000,82948876,9814296,92763172
2,400000,83369880,9820501,93190381
2,400000,81236088,9643539,90879627
2,400000,83001955,9773707,92775662
2,400000,83371567,9881230,93252797
2,400000,94263323,10812691,105076014
2,400000,82350253,9758682,92108935
2,400000,84253294,10190958,94444252
2,400000,82358657,9845971,92204628
2,400000,82849236,10072103,92921339
2,400000,81743287,9820663,91563950
2,400000,82109689,9950152,92059841
2,400000,81473172,9777929,91251101
2,400000,82084734,9807402,91892136
2,400000,81908927,9947063,91855990
2,400000,81094893,9776481,90871374
2,400000,80900643,9919373,90820016
2,400000,83187641,9779435,92967076
2,400000,82620323,9991599,92611922
2,400000,83016021,10023417,93039438
2,400000,80799596,9974769,90774365
2,400000,81285347,9898779,91184126
2,400000,81914790,9875388,91790178
2,400000,83150738,9844217,92994955
2,400000,83124374,9889227,93013601
2,400000,82698623,9670220,92368843
2,400000,82541407,9913155,92454562
2,400000,82069231,9873877,91943108
2,400000,81987232,9761534,91748766
2,400000,83932334,9947486,93879820
2,500000,103262369,12393778,115656147
2,500000,105424980,12305069,117730049
2,500000,104740826,12491428,117232254
2,500000,117852353,13834431,131686784
2,500000,104349653,12407346,116756999
2,500000,104117328,12407228,116524556
2,500000,105377327,12401143,117778470
2,500000,104697819,12512239,117210058
2,500000,105828470,12438521,118266991
2,500000,104216266,12499955,116716221
2,500000,104676015,12471253,117147268
2,500000,103897694,12436288,116333982
2,500000,104494943,12496077,116991020
2,500000,104988388,12319448,117307836
2,500000,105540864,12244984,117785848
2,500000,104234545,12475091,116709636
2,500000,104007632,12369417,116377049
2,500000,105469644,12510924,117980568
2,500000,104643826,12384372,117028198
2,500000,118651342,13969538,132620880
2,500000,104994335,12518055,117512390
2,500000,105549753,12381929,117931682
2,500000,104452263,12517762,116970025
2,500000,104120618,12211632,116332250
2,500000,103237189,12341716,115578905
2,500000,105156438,12330914,117487352
2,500000,103632117,12304837,115936954
2,500000,102779639,12466926,115246565
2,500000,103076832,12540599,115617431
2,500000,105068175,12327929,117396104
2,500000,118135023,14315496,132450519
2,500000,105582857,12316752,117899609
2,500000,104954452,12285327,117239779
2,500000,117752139,14085677,131837816
2,500000,104170499,12458894,116629393
2,500000,104373002,12283121,116656123
2,500000,104340429,12625066,116965495
2,500000,104261479,12458883,116720362
2,500000,104159557,12382979,116542536
2,500000,103172486,12378845,115551331
2,500000,103107598,12375143,115482741
2,500000,105576892,12278162,117855054
2,500000,104157958,12467434,116625392
2,500000,104667273,12421675,117088948
2,500000,103940623,12271910,116212533
2,500000,104482001,12301604,116783605
2,500000,105276803,12264388,117541191
2,500000,119994937,13737587,133732524
2,500000,104036268,12287031,116323299
2,500000,104812290,12322196,117134486
2,500000,105685614,12312035,117997649
2,500000,105224405,12690069,117914474
2,500000,104083686,12304389,116388075
2,500000,104867861,12548268,117416129
2,500000,117165605,14006400,131172005
2,500000,104570079,12342105,116912184
2,500000,104177441,12478588,116656029
2,500000,103995850,12387851,116383701
2,500000,105037466,12458660,117496126
2,500000,104255776,12273953,116529729
2,500000,103877631,12311377,116189008
2,500000,104531579,12306566,116838145
2,500000,105526507,12661482,118187989
2,500000,104785047,12509058,117294105
2,500000,104962559,12345845,117308404
2,500000,104641335,12518015,117159350
2,500000,103872583,12407653,116280236
2,500000,105260873,12316483,117577356
2,500000,117922713,14256847,132179560
2,500000,104065835,12344118,116409953
2,500000,119895380,13956560,133851940
2,500000,104617217,12303599,116920816
2,500000,119245205,14005142,133250347
2,500000,104616614,12501567,117118181
2,500000,104608627,12456692,117065319
2,500000,106332418,12547657,118880075
2,500000,105145302,12288297,117433599
2,500000,103955268,12651939,116607207
2,500000,104546782,12341105,116887887
2,500000,103253771,12417742,115671513
2,500000,105435878,12336010,117771888
2,500000,106672466,12703482,119375948
2,500000,119351461,13613129,132964590
2,500000,117022865,13700375,130723240
2,500000,104352976,12416186,116769162
2,500000,104937725,12554087,117491812
2,500000,119242315,13681230,132923545
2,500000,104555808,12445953,117001761
2,500000,117253800,13642293,130896093
2,500000,105465512,12365046,117830558
2,500000,104135323,12508380,116643703
2,500000,105891940,12330678,118222618
2,500000,104865783,12369766,117235549
2,500000,106107869,12356549,118464418
2,500000,117368421,14653992,132022413
2,500000,104284191,12420709,116704900
2,500000,103563686,12428443,115992129
2,500000,105766112,12635110,118401222
2,500000,103508586,12273373,115781959
2,500000,103481334,12381121,115862455
2,500000,103766188,12445035,116211223
2,500000,104802885,12420518,117223403
2,500000,117277894,14531854,131809748
2,500000,103056437,12411083,115467520
2,500000,105474072,12305221,117779293
2,500000,105431982,12613228,118045210
2,500000,103370911,12457887,115828798
2,500000,104848966,12414614,117263580
2,500000,103624451,12333715,115958166
2,500000,104884621,12250716,117135337
2,500000,104519362,12457637,116976999
2,500000,103305035,12439160,115744195
2,500000,105709704,12667141,118376845
2,500000,105350776,12305471,117656247
2,500000,105101576,12268822,117370398
2,600000,126643608,14867639,141511247
2,600000,126579912,15017418,141597330
2,600000,127657726,14915966,142573692
2,600000,128708254,14969908,143678162
2,600000,127703465,14959372,142662837
2,600000,128006933,14902019,142908952
2,600000,126619628,14987632,141607260
2,600000,127601010,14791752,142392762
2,600000,127501900,14820452,142322352
2,600000,127317244,14753694,142070938
2,600000,126746208,14738847,141485055
2,600000,127013200,14875074,141888274
2,600000,127306905,14972867,142279772
2,600000,126837588,14731912,141569500
2,600000,125633023,14751515,140384538
2,600000,127630371,14874437,142504808
2,600000,127363228,14861790,142225018
2,600000,127771804,15013513,142785317
2,600000,126103115,14848371,140951486
2,600000,126906008,14917493,141823501
2,600000,145422049,17174086,162596135
2,600000,127364751,14925848,142290599
2,600000,129422988,14946672,144369660
2,600000,128046098,14889414,142935512
2,600000,127356362,14990890,142347252
2,600000,128159875,15059584,143219459
2,600000,127698121,14842661,142540782
2,600000,143456874,16950680,160407554
2,600000,127444850,15053091,142497941
2,600000,125675794,14490433,140166227
2,600000,126340125,15010123,141350248
2,600000,127480352,14939839,142420191
2,600000,127315007,15004316,142319323
2,600000,126212176,14963873,141176049
2,600000,125651187,15058987,140710174
2,600000,126099696,15018098,141117794
2,600000,126042918,15012149,141055067
2,600000,126723659,14946858,141670517
2,600000,126955016,14848871,141803887
2,600000,144897221,16717540,161614761
2,600000,127376708,15058139,142434847
2,600000,127274787,14902774,142177561
2,600000,127422707,14868079,142290786
2,600000,126544589,14870667,141415256
2,600000,127102127,14978028,142080155
2,600000,126106378,14887515,140993893
2,600000,127845637,15119140,142964777
2,600000,126778831,15024156,141802987
2,600000,126671807,14892351,141564158
2,600000,126466939,14837308,141304247
2,600000,127706368,14831432,142537800
2,600000,128078263,14992342,143070605
2,600000,126584051,14775173,141359224
2,600000,127321570,15039378,142360948
2,600000,126559184,14823301,141382485
2,600000,127356489,14722250,142078739
2,600000,143771525,17190993,160962518
2,600000,127398602,14906895,142305497
2,600000,128010506,14878890,142889396
2,600000,127830756,14816310,142647066
2,600000,125788479,14803779,140592258
2,600000,125585553,15125566,140711119
2,600000,126399021,14972438,141371459
2,600000,126484360,14911281,141395641
2,600000,127237592,14965624,142203216
2,600000,127145690,14978536,142124226
2,600000,125847135,15017892,140865027
2,600000,128845124,14937657,143782781
2,600000,126927251,14845414,141772665
2,600000,126551420,14722966,141274386
2,600000,127434021,15089870,142523891
2,600000,126899517,14826572,141726089
2,600000,126379303,14860574,141239877
2,600000,126306751,15088072,141394823
2,600000,126803250,14892223,141695473
2,600000,127648668,14910933,142559601
2,600000,126649630,14819024,141468654
2,600000,126879060,14791190,141670250
2,600000,143372767,16728354,160101121
2,600000,127327777,14993691,142321468
2,600000,127776995,14867455,142644450
2,600000,127300198,14793382,142093580
2,600000,126116151,15142933,141259084
2,600000,127259376,15021279,142280655
2,600000,128576848,15132412,143709260
2,600000,126909077,14843863,141752940
2,600000,126621666,14754888,141376554
2,600000,127346946,15003332,142350278
2,600000,127783434,14881872,142665306
2,600000,127488571,15007028,142495599
2,600000,127417435,14754487,142171922
2,600000,127410392,14939519,142349911
2,600000,126310045,14780904,141090949
2,600000,127367533,14881286,142248819
2,600000,127320008,15065954,142385962
2,600000,144288286,16477345,160765631
2,600000,126264274,14838214,141102488
2,600000,126179134,14956892,141136026
2,600000,126479291,14960764,141440055
2,600000,128126075,14683203,142809278
2,600000,126760413,15018192,141778605
2,600000,126760242,14903822,141664064
2,600000,127012274,14885894,141898168
2,600000,126766255,14946826,141713081
2,600000,127439188,14984368,142423556
2,600000,125637523,14878937,140516460
2,600000,126944260,14849548,141793808
2,600000,126584210,14879050,141463260
2,600000,143995587,17188965,161184552
2,600000,128449524,14955255,143404779
2,600000,125897728,14895922,140793650
2,600000,127241751,14801142,142042893
2,600000,127153398,14782254,141935652
2,600000,127830877,14809095,142639972
2,600000,145743344,16673518,162416862
2,700000,149288891,17485871,166774762
2,700000,149675232,17487395,167162627
2,700000,150007302,17464254,167471556
2,700000,171042326,19422550,190464876
2,700000,148335863,17344309,165680172
2,700000,149317802,17341103,166658905
2,700000,149578843,17411331,166990174
2,700000,150268903,17397647,167666550
2,700000,150378545,17512090,167890635
2,700000,149653092,17386263,167039355
2,700000,169264501,20094563,189359064
2,700000,149872453,17517883,167390336
2,700000,150281866,17257437,167539303
2,700000,150797174,17454089,168251263
2,700000,150209776,17627639,167837415
2,700000,149924279,17346214,167270493
2,700000,148784597,17320181,166104778
2,700000,150554165,17327033,167881198
2,700000,149731718,17579169,167310887
2,700000,150645070,17400266,168045336
2,700000,148508014,17334619,165842633
2,700000,150218968,17515340,167734308
2,700000,148447499,17528733,165976232
2,700000,151227780,17355330,168583110
2,700000,149845941,17399798,167245739
2,700000,170630979,20157922,190788901
2,700000,150498805,17373023,167871828
2,700000,170136024,20075648,190211672
2,700000,151884597,17623632,169508229
2,700000,150791033,17305919,168096952
2,700000,150919653,17373887,168293540
2,700000,148963836,17461929,166425765
2,700000,150663484,17370908,168034392
2,700000,151137969,17524932,168662901
2,700000,148714636,17544957,166259593
2,700000,148972850,17614602,166587452
2,700000,149283641,17452243,166735884
2,700000,149948796,17498728,167447524
2,700000,149705096,17347736,167052832
2,700000,148390081,17344015,165734096
2,700000,150295985,17260193,167556178
2,700000,150565696,17531936,168097632
2,700000,151172797,17216044,168388841
2,700000,168496363,19376471,187872834
2,700000,149681771,17251113,166932884
2,700000,152031772,17477900,169509672
2,700000,150053297,17489928,167543225
2,700000,150826748,17270670,168097418
2,700000,151430426,17416649,168847075
2,700000,149111828,17257434,166369262
2,700000,149941743,17359692,167301435
2,700000,149906588,17439114,167345702
2,700000,149768531,17459856,167228387
2,700000,148799453,17443655,166243108
2,700000,150242025,17502825,167744850
2,700000,148404940,17186972,165591912
2,700000,150373868,17274812,167648680
2,700000,149988974,17469681,167458655
2,700000,148276053,17275178,165551231
2,700000,148602080,17265795,165867875
2,700000,149222388,17329979,166552367
2,700000,150974520,17565857,168540377
2,700000,148413245,17513387,165926632
2,700000,149628171,17292220,166920391
2,700000,150130868,17358350,167489218
2,700000,149829090,17486484,167315574
2,700000,150079148,17520160,167599308
2,700000,148445386,17510995,165956381
2,700000,150292496,17277039,167569535
2,700000,149839354,17339908,167179262
2,700000,150116350,17306794,167423144
2,700000,148594739,17347806,165942545
2,700000,150333294,17477247,167810541
2,700000,148809435,17609663,166419098
2,700000,170289871,20377770,190667641
2,700000,150007820,17392446,167400266
2,700000,169692500,20377774,190070274
2,700000,168224949,19554535,187779484
2,700000,168569619,19999303,188568922
2,700000,149819378,17505723,167325101
2,700000,149332693,17344041,166676734
2,700000,150442351,17343145,167785496
2,700000,149355408,17408108,166763516
2,700000,149944658,17302346,167247004
2,700000,150779166,17272705,168051871
2,700000,149845333,17224519,167069852
2,700000,150046359,17588901,167635260
2,700000,149590997,17455663,167046660
2,700000,150033432,17428642,167462074
2,700000,148902783,17335597,166238380
2,700000,149213483,17360993,166574476
2,700000,148553776,17287973,165841749
2,700000,148658315,17378266,166036581
2,700000,152097989,17596754,169694743
2,700000,148439465,17487506,165926971
2,700000,149525706,17371261,166896967
2,700000,148899010,17316531,166215541
2,700000,150825964,17326829,168152793
2,700000,150080454,17525390,167605844
2,700000,169461708,20091652,189553360
2,700000,150122848,17543457,167666305
2,700000,170025520,20005382,190030902
2,700000,149665022,17375261,167040283
2,700000,148234612,17371596,165606208
2,700000,150822471,17456399,168278870
2,700000,148638540,16907377,165545917
2,700000,148558702,17375918,165934620
2,700000,149780684,17359288,167139972
2,700000,150192912,17359508,167552420
2,700000,149249685,17346742,166596427
2,700000,148475182,17327982,165803164
2,700000,169117520,19999452,189116972
2,700000,148631268,17338133,165969401
2,700000,150289830,17370523,167660353
2,700000,149795409,17282772,167078181
2,800000,196494369,22209471,218703840
2,800000,173238909,19896899,193135808
2,800000,172014907,19722813,191737720
2,800000,172537757,19979134,192516891
2,800000,173592493,19715327,193307820
2,800000,172217498,19868149,192085647
2,800000,172667467,19254690,191922157
2,800000,173312165,19692521,193004686
2,800000,174705972,19932745,194638717
2,800000,195870536,22298324,218168860
2,800000,172704135,19863470,192567605
2,800000,173812407,19763972,193576379
2,800000,173555575,19857278,193412853
2,800000,172489867,19838766,192328633
2,800000,173638757,19793630,193432387
2,800000,172344471,19713611,192058082
2,800000,196983525,22309338,219292863
2,800000,172023101,19812751,191835852
2,800000,174425015,19939166,194364181
2,800000,172946565,19833021,192779586
2,800000,172273972,19863715,192137687
2,800000,173242955,19869418,193112373
2,800000,173204722,19810227,193014949
2,800000,197592011,23070126,220662137
2,800000,174533216,19890567,194423783
2,800000,172168533,19728003,191896536
2,800000,172204926,19861911,192066837
2,800000,197295060,22566450,219861510
2,800000,173025689,19959948,192985637
2,800000,172956268,19833683,192789951
2,800000,173454910,19904303,193359213
2,800000,194395019,22286466,216681485
2,800000,172352266,19855354,192207620
2,800000,171765307,19873069,191638376
2,800000,172968374,19847803,192816177
2,800000,173949527,19843621,193793148
2,800000,173497096,19768685,193265781
2,800000,173130746,19898139,193028885
2,800000,174194155,19659777,193853932
2,800000,172516995,19772032,192289027
2,800000,171820055,19907534,191727589
2,800000,194771948,22239958,217011906
2,800000,171356574,19880169,191236743
2,800000,171765310,19919950,191685260
2,800000,174495766,19764059,194259825
2,800000,171841566,19910081,191751647
2,800000,173328878,19696685,193025563
2,800000,173708845,19856888,193565733
2,800000,173514965,19940055,193455020
2,800000,172915063,19803034,192718097
2,800000,173107012,19852222,192959234
2,800000,174023340,19803083,193826423
2,800000,174082355,19811994,193894349
2,800000,172840133,19954382,192794515
2,800000,197305261,23165357,220470618
2,800000,172248479,19928540,192177019
2,800000,171675814,19262261,190938075
2,800000,173262542,19961449,193223991
2,800000,173584430,19761509,193345939
2,800000,171339754,19806664,191146418
2,800000,172646059,19861464,192507523
2,800000,172669191,19913460,192582651
2,800000,173584386,19923398,193507784
2,800000,195849113,23057572,218906685
2,800000,171925211,19961272,191886483
2,800000,172948728,19874117,192822845
2,800000,173049253,19743540,192792793
2,800000,197819908,23005504,220825412
2,800000,190140088,21850607,211990695
2,800000,171361425,20067594,191429019
2,800000,173052006,19951203,193003209
2,800000,171634558,19733843,191368401
2,800000,173393241,19877208,193270449
2,800000,172575276,19844789,192420065
2,800000,173327161,19723013,193050174
2,800000,173217897,19814159,193032056
2,800000,172714042,19876338,192590380
2,800000,196678710,23110420,219789130
2,800000,171434397,20012996,191447393
2,800000,172172499,19904761,192077260
2,800000,173489320,19957515,193446835
2,800000,173340041,19944388,193284429
2,800000,174180730,20079237,194259967
2,800000,172368726,19854751,192223477
2,800000,173518418,19772621,193291039
2,800000,171010591,19884675,190895266
2,800000,171921805,19889733,191811538
2,800000,173325066,19751593,193076659
2,800000,173185679,19929101,193114780
2,800000,172013128,19905210,191918338
2,800000,172663907,19915875,192579782
2,800000,172844039,20071557,192915596
2,800000,173248637,19885025,193133662
2,800000,173261109,19743256,193004365
2,800000,173843907,19700414,193544321
2,800000,173170461,19815551,192986012
2,800000,172116652,19781831,191898483
2,800000,172818166,19674580,192492746
2,800000,174390917,19929516,194320433
2,800000,172473897,19774609,192248506
2,800000,173902929,19768432,193671361
2,800000,173236469,19781889,193018358
2,800000,172313203,19793439,192106642
2,800000,171733821,19921555,191655376
2,800000,196240610,23083659,219324269
2,800000,171430982,19962081,191393063
2,800000,174336283,19901259,194237542
2,800000,173109153,19996977,193106130
2,800000,171502143,19897248,191399391
2,800000,173608485,19891043,193499528
2,800000,196615503,22346496,218961999
2,800000,173211757,19812519,193024276
2,800000,173379981,19716927,193096908
2,800000,172400427,19775692,192176119
2,800000,173255360,19864439,193119799
2,900000,194605237,22452079,217057316
2,900000,196949217,22349671,219298888
2,900000,196449302,22397429,218846731
2,900000,194553422,22534592,217088014
2,900000,196011807,22501539,218513346
2,900000,196219068,22324751,218543819
2,900000,196466790,22320842,218787632
2,900000,196749325,22487034,219236359
2,900000,197256092,22320932,219577024
2,900000,195915950,22469721,218385671
2,900000,197187048,22526197,219713245
2,900000,196484870,22502425,218987295
2,900000,197196209,22297973,219494182
2,900000,194930077,22303650,217233727
2,900000,195076497,22341349,217417846
2,900000,221655005,24717943,246372948
2,900000,196560974,22467231,219028205
2,900000,196450537,22362446,218812983
2,900000,196322125,22434644,218756769
2,900000,196258912,22447661,218706573
2,900000,196310792,22644313,218955105
2,900000,196109715,22282034,218391749
2,900000,195325987,22386919,217712906
2,900000,196387729,22339549,218727278
2,900000,198527520,22605545,221133065
2,900000,195511496,22565710,218077206
2,900000,195701280,22418639,218119919
2,900000,197200557,22371604,219572161
2,900000,197347314,22334335,219681649
2,900000,197584152,22286133,219870285
2,900000,197883931,22577460,220461391
2,900000,221546987,25616646,247163633
2,900000,196296015,22464345,218760360
2,900000,196240291,22476483,218716774
2,900000,196556248,22497015,219053263
2,900000,196958987,22284436,219243423
2,900000,194667745,22450012,217117757
2,900000,195612659,22373076,217985735
2,900000,194459676,21978789,216438465
2,900000,195172003,22269374,217441377
2,900000,196603515,22298547,218902062
2,900000,196565842,22306069,218871911
2,900000,196298353,22262354,218560707
2,900000,195227047,22341461,217568508
2,900000,195800941,22348538,218149479
2,900000,195829854,22339658,218169512
2,900000,197685967,22409898,220095865
2,900000,196376923,22509407,218886330
2,900000,197577654,22415756,219993410
2,900000,195283639,22243139,217526778
2,900000,195140514,22211631,217352145
2,900000,196525232,22429346,218954578
2,900000,195629154,22326982,217956136
2,900000,196905088,22262588,219167676
2,900000,195008406,22353404,217361810
2,900000,195334425,22293135,217627560
2,900000,196146766,22501003,218647769
2,900000,196292198,22412548,218704746
2,900000,196836087,22314234,219150321
2,900000,194796742,22544454,217341196
2,900000,195601605,22243534,217845139
2,900000,196454156,22356257,218810413
2,900000,195505123,22276376,217781499
2,900000,198354800,22296046,220650846
2,900000,196370103,22409427,218779530
2,900000,197842997,22492914,220335911
2,900000,195157881,22402768,217560649
2,900000,198408330,22531870,220940200
2,900000,196557831,22468656,219026487
2,900000,195994802,22287354,218282156
2,900000,195803764,22353089,218156853
2,900000,223403699,25321356,248725055
2,900000,195876078,22579417,218455495
2,900000,195570707,22269056,217839763
2,900000,194892927,22497931,217390858
2,900000,195564002,22251837,217815839
2,900000,195505802,21999035,217504837
2,900000,196352390,22276864,218629254
2,900000,198027866,22486463,220514329
2,900000,197471444,22485572,219957016
2,900000,223465415,25685420,249150835
2,900000,195868099,22480655,218348754
2,900000,194902341,22386867,217289208
2,900000,196462932,22564790,219027722
2,900000,194763337,22439138,217202475
2,900000,194924942,22475524,217400466
2,900000,195339412,22510557,217849969
2,900000,195985450,22502848,218488298
2,900000,195606751,22286581,217893332
2,900000,194616316,22388686,217005002
2,900000,196573551,22534220,219107771
2,900000,222626510,26167795,248794305
2,900000,196692695,22448020,219140715
2,900000,196546371,22229632,218776003
2,900000,196731295,22496994,219228289
2,900000,196836283,22369643,219205926
2,900000,196311718,22351983,218663701
2,900000,196857955,22416487,219274442
2,900000,196445243,22316684,218761927
2,900000,196229064,22484204,218713268
2,900000,197204876,22344546,219549422
2,900000,222433604,25807073,248240677
2,900000,195992786,22515695,218508481
2,900000,197747952,22294378,220042330
2,900000,196673011,22485593,219158604
2,900000,222739450,25358899,248098349
2,900000,196296399,22345742,218642141
2,900000,196868061,22427001,219295062
2,900000,197281818,22291193,219573011
2,900000,196349648,22332588,218682236
2,900000,197901407,22623592,220524999
2,900000,196620853,22448768,219069621
2,900000,194955485,22436267,217391752
2,900000,196617028,22251875,218868903
2,900000,194577577,22319989,216897566
2,1000000,219870109,24931634,244801743
2,1000000,246910631,28517272,275427903
2,1000000,248720669,28428325,277148994
2,1000000,220424233,25066972,245491205
2,1000000,220780767,25062257,245843024
2,1000000,218327183,24781906,243109089
2,1000000,220614693,24881048,245495741
2,1000000,217996182,24900947,242897129
2,1000000,218798484,24874849,243673333
2,1000000,218832182,24799995,243632177
2,1000000,218318798,24805395,243124193
2,1000000,219946038,24948131,244894169
2,1000000,219527599,24808104,244335703
2,1000000,219902076,24708408,244610484
2,1000000,220645267,24721613,245366880
2,1000000,248207810,28850342,277058152
2,1000000,219995359,24774831,244770190
2,1000000,220959041,24707766,245666807
2,1000000,221201970,24692178,245894148
2,1000000,219235247,24866367,244101614
2,1000000,219182560,24778956,243961516
2,1000000,220275405,24759070,245034475
2,1000000,219636243,24673297,244309540
2,1000000,220064248,24759484,244823732
2,1000000,218964562,24789272,243753834
2,1000000,219523022,24843990,244367012
2,1000000,250817172,28254455,279071627
2,1000000,220662921,24775354,245438275
2,1000000,220132273,24881195,245013468
2,1000000,219361606,24966980,244328586
2,1000000,221743004,25054386,246797390
2,1000000,221858742,25023658,246882400
2,1000000,221003494,24807569,245811063
2,1000000,219593645,24721058,244314703
2,1000000,218281980,24849811,243131791
2,1000000,249896694,28975830,278872524
2,1000000,218867404,24936136,243803540
2,1000000,218446769,24734338,243181107
2,1000000,220136174,24722129,244858303
2,1000000,219745069,24959513,244704582
2,1000000,217641327,24738704,242380031
2,1000000,219218969,24688440,243907409
2,1000000,219790182,25024602,244814784
2,1000000,220765614,24689775,245455389
2,1000000,220048991,24738222,244787213
2,1000000,218299541,24894059,243193600
2,1000000,219626797,24771945,244398742
2,1000000,220253143,24777268,245030411
2,1000000,219744702,24730029,244474731
2,1000000,220243130,24954168,245197298
2,1000000,247351410,28697117,276048527
2,1000000,221385106,25065529,246450635
2,1000000,219005877,24782545,243788422
2,1000000,220471286,24939161,245410447
2,1000000,218254058,24711957,242966015
2,1000000,219183296,25049323,244232619
2,1000000,219075882,24853749,243929631
2,1000000,219903431,24766844,244670275
2,1000000,220501118,24794913,245296031
2,1000000,220859867,24755033,245614900
2,1000000,219402143,24800456,244202599
2,1000000,221952050,25092240,247044290
2,1000000,219336269,24718272,244054541
2,1000000,218428210,24864144,243292354
2,1000000,220807678,24765081,245572759
2,1000000,220070594,24675330,244745924
2,1000000,219245091,24730693,243975784
2,1000000,218857041,24801647,243658688
2,1000000,218859956,24809682,243669638
2,1000000,220943531,24865460,245808991
2,1000000,218057344,24833294,242890638
2,1000000,218955420,24847342,243802762
2,1000000,218170544,24838171,243008715
2,1000000,221169638,24980015,246149653
2,1000000,218044394,24821614,242866008
2,1000000,220237504,25129055,245366559
2,1000000,222352223,24944378,247296601
2,1000000,221667277,24841078,246508355
2,1000000,221075935,24849672,245925607
2,1000000,247423873,27688370,275112243
2,1000000,220948809,24804665,245753474
2,1000000,220628034,24986454,245614488
2,1000000,219764912,24720167,244485079
2,1000000,217776505,24770960,242547465
2,1000000,219850160,24823784,244673944
2,1000000,247656697,28654699,276311396
2,1000000,220779343,24990281,245769624
2,1000000,217922583,24848906,242771489
2,1000000,219612831,24826000,244438831
2,1000000,219678509,24841524,244520033
2,1000000,220756398,24717507,245473905
2,1000000,220392621,24783383,245176004
2,1000000,220501502,24802164,245303666
2,1000000,220108907,24876942,244985849
2,1000000,218798920,25003428,243802348
2,1000000,221136549,24854462,245991011
2,1000000,219335591,24852393,244187984
2,1000000,218724936,24954610,243679546
2,1000000,220060264,24805837,244866101
2,1000000,219613234,24845649,244458883
2,1000000,218576203,24872163,243448366
2,1000000,219058670,24824938,243883608
2,1000000,218564392,24964200,243528592
2,1000000,218005430,24825959,242831389
2,1000000,218461534,24923554,243385088
2,1000000,220377951,24819545,245197496
2,1000000,221492688,24767132,246259820
2,1000000,220912991,25076410,245989401
2,1000000,220211118,24744910,244956028
2,1000000,219871966,24885289,244757255
2,1000000,220208211,24960790,245169001
2,1000000,219348931,24823143,244172074
2,1000000,220033311,24891530,244924841
2,1000000,219762896,24754415,244517311
2,1000000,249619891,28200914,277820805
2,1000000,221072426,25020720,246093146
2,1000000,220192351,24909780,245102131
2,1000000,221429566,24955042,246384608
2,1000000,219348066,25059887,244407953
2,1000000,218272407,24832640,243105047
2,1000000,219270232,24585919,243856151
2,1000000,218609038,24921169,243530207
2,1000000,219295860,24717937,244013797
2,1000000,219958715,24863700,244822415
2,1000000,219672145,24817287,244489432
2,1000000,220353070,24864918,245217988
2,1000000,221412181,24881117,246293298
2,1000000,219611173,24858570,244469743
2,1000000,218539283,24869830,243409113
2,1000000,219262501,24861438,244123939
2,1000000,221734437,25028010,246762447
2,1000000,220926737,25019787,245946524
2,1000000,219576094,24811799,244387893
2,1000000,220233816,24676335,244910151
2,1000000,221028743,24766449,245795192
2,1000000,221111844,24698427,245810271
2,1000000,218109193,24822467,242931660
2,1000000,219446514,24764883,244211397
2,1000000,219370300,24817623,244187923
2,1000000,220829215,24982519,245811734
2,1000000,221053839,24831314,245885153
2,1000000,220022274,24746148,244768422
2,1000000,219939595,24657084,244596679
2,1000000,219690690,24960803,244651493
2,1000000,218402472,25045451,243447923
2,1000000,219102233,24827263,243929496
2,1000000,220053880,24953578,245007458
2,1000000,220385086,25076465,245461551
2,1000000,220647957,24982870,245630827
2,1000000,220564080,24913898,245477978
2,1000000,221885918,24874108,246760026
2,1000000,248310956,29041346,277352302
2,1000000,220849032,24948076,245797108
2,1000000,219248432,24178694,243427126
2,1000000,220389419,24787333,245176752
2,1000000,220083502,24764354,244847856
2,1000000,220884310,24747976,245632286
2,1000000,218671174,24738104,243409278
2,1000000,220412205,24754706,245166911
2,1000000,218424878,25014711,243439589
2,1000000,220429343,24911468,245340811
2,1000000,218665259,24754381,243419640
2,1000000,248792269,28134314,276926583
2,1000000,219293371,24729690,244023061
2,1000000,219503413,24961149,244464562
2,1000000,218365438,24823174,243188612
2,1000000,220476427,24817305,245293732
2,1000000,217914064,24705302,242619366
2,1000000,217816804,24897818,242714622
2,1000000,220367541,25084776,245452317
2,1000000,218161699,25084891,243246590
2,1000000,220013543,24941075,244954618
2,1000000,221246070,24822657,246068727
2,1000000,220607723,25013492,245621215
2,1000000,247434595,28149501,275584096
2,1000000,218533556,24849525,243383081
2,1000000,217761352,24865144,242626496
2,1000000,219094926,24843401,243938327
2,1000000,220249624,24911183,245160807
2,1000000,220358454,24858790,245217244
2,1000000,249180190,29075201,278255391
2,1000000,220447604,24836935,245284539
2,1000000,222023645,25127809,247151454
2,1000000,220758300,24831836,245590136
2,1000000,219916085,24846499,244762584
2,1000000,219307755,24741868,244049623
2,1000000,221496515,25127047,246623562
2,1000000,220668887,24713517,245382404
2,1000000,219810140,24888162,244698302
2,1000000,248243669,28597149,276840818
2,1000000,220934034,24918440,245852474
2,1000000,248364678,28322574,276687252
2,1000000,250841058,28932976,279774034
2,1000000,219137964,24889412,244027376
2,1000000,219822083,24792038,244614121
2,1000000,217888018,24705682,242593700
2,1000000,219212928,24829519,244042447
2,1000000,218089424,25035593,243125017
2,1000000,219979543,24775702,244755245
2,1000000,219727366,24986362,244713728
2,1000000,220705648,25089445,245795093
2,1000000,248454536,28294639,276749175
2,1000000,221121403,24966801,246088204
2,1000000,221015150,25085852,246101002
2,1000000,219616099,24865533,244481632
2,1000000,220749628,25025300,245774928
2,1000000,247556342,28509478,276065820
2,1000000,248199744,28813837,277013581
2,1000000,248619512,28990936,277610448
2,1000000,221605770,24923607,246529377
2,1000000,219393263,24897637,244290900
2,1000000,221143065,24952004,246095069
2,1000000,219877584,24838811,244716395
2,1000000,218024760,24834366,242859126
2,1000000,219287528,24748932,244036460
2,1000000,217854235,24933511,242787746
2,1000000,217759848,24924394,242684242
2,1000000,219412909,24672123,244085032
2,1000000,221364531,25083574,246448105
2,1000000,218669681,24977078,243646759
2,1000000,220420470,24998525,245418995
2,1000000,248046779,28190186,276236965
2,1000000,220208826,24841951,245050777
2,1000000,219500949,24872093,244373042
2,1000000,220302216,24715314,245017530
2,1000000,219893819,24738507,244632326
2,1000000,218956700,24781615,243738315
2,1000000,220963726,24863602,245827328
2,1000000,220458287,25004075,245462362
2,1000000,218255885,24826054,243081939
2,2000000,460092205,49935140,510027345
2,2000000,462787286,49968452,512755738
2,2000000,460754540,50166041,510920581
2,2000000,465548626,49853237,515401863
2,2000000,463132469,49984759,513117228
2,2000000,462514036,49985446,512499482
2,2000000,466753696,49920632,516674328
2,2000000,464255825,49931852,514187677
2,2000000,523868092,57987202,581855294
2,2000000,460886303,50024480,510910783
2,2000000,465919552,49876613,515796165
2,2000000,461138123,50066066,511204189
2,2000000,460249456,50096667,510346123
2,2000000,465175611,49661489,514837100
2,2000000,461527288,50199015,511726303
2,2000000,462722145,50063536,512785681
2,2000000,462603558,49919928,512523486
2,2000000,521238631,58096382,579335013
2,2000000,462686257,49955719,512641976
2,2000000,465472609,49812033,515284642
2,2000000,462367744,50155397,512523141
2,2000000,463213952,49819822,513033774
2,2000000,463332640,49899681,513232321
2,2000000,461967702,50015761,511983463
2,2000000,465598844,49978229,515577073
2,2000000,522800521,58203684,581004205
2,2000000,464868549,49683678,514552227
2,2000000,460359585,49906411,510265996
2,2000000,464525806,49843315,514369121
2,2000000,465077819,49817782,514895601
2,2000000,461853099,49892115,511745214
2,2000000,462036555,49974804,512011359
2,2000000,466171621,49892463,516064084
2,2000000,461341361,50008173,511349534
2,2000000,462390046,50013872,512403918
2,2000000,525083979,58608234,583692213
2,2000000,462472760,50102030,512574790
2,2000000,461674390,50631290,512305680
2,2000000,462244219,49925975,512170194
2,2000000,460654888,49952275,510607163
2,2000000,465170300,49986307,515156607
2,2000000,464904140,49795116,514699256
2,2000000,522902391,58408716,581311107
2,2000000,463590146,49979199,513569345
2,2000000,460465664,49959405,510425069
2,2000000,460559898,49925400,510485298
2,2000000,461602722,50120156,511722878
2,2000000,462045475,50194804,512240279
2,2000000,461031000,49882953,510913953
2,2000000,467350252,49917172,517267424
2,2000000,524126991,58568743,582695734
2,2000000,464240731,49902141,514142872
2,2000000,465233364,49811177,515044541
2,2000000,462439080,49977724,512416804
2,2000000,459979652,49990925,509970577
2,2000000,463890747,49913260,513804007
2,2000000,461639408,49915664,511555072
2,2000000,465212851,49854787,515067638
2,2000000,462578080,50032509,512610589
2,2000000,461491602,50030974,511522576
2,2000000,461929243,50028497,511957740
2,2000000,462616085,50113315,512729400
2,2000000,465979703,49686293,515665996
2,2000000,460680693,49796058,510476751
2,2000000,468292863,49837336,518130199
2,2000000,461916431,50122896,512039327
2,2000000,467240969,49767000,517007969
2,2000000,466708329,49736536,516444865
2,2000000,462568401,50019801,512588202
2,2000000,523874611,58784095,582658706
2,2000000,464850373,50021804,514872177
2,2000000,462249883,50111942,512361825
2,2000000,462154668,49963124,512117792
2,2000000,467185101,50076079,517261180
2,2000000,460320127,49840028,510160155
2,2000000,462303889,50070631,512374520
2,2000000,464346956,49800288,514147244
2,2000000,460959183,49839143,510798326
2,2000000,460379832,50047695,510427527
2,2000000,524811178,57884825,582696003
2,2000000,464103616,49812973,513916589
2,2000000,461395040,50141477,511536517
2,2000000,461682475,50071480,511753955
2,2000000,461481580,50031364,511512944
2,2000000,462230488,50026115,512256603
2,2000000,462292613,49919689,512212302
2,2000000,461815327,50089998,511905325
2,2000000,461634615,49888075,511522690
2,2000000,465549270,49639076,515188346
2,2000000,459289381,49905035,509194416
2,2000000,461235780,49875250,511111030
2,2000000,524772718,58092536,582865254
2,2000000,463692615,49971877,513664492
2,2000000,466622533,49915194,516537727
2,2000000,465257174,49820768,515077942
2,2000000,460279893,49973872,510253765
2,2000000,461949315,49920541,511869856
2,2000000,461325251,50111337,511436588
2,2000000,461910858,49937564,511848422
2,2000000,462306619,50165608,512472227
2,2000000,461204730,49970547,511175277
2,2000000,461740917,49987512,511728429
2,2000000,462566201,50058177,512624378
2,2000000,464308164,50042400,514350564
2,2000000,460585563,49715157,510300720
2,2000000,462952604,49985703,512938307
2,2000000,463391454,50412641,513804095
2,2000000,461246942,50277965,511524907
2,2000000,521946545,58269669,580216214
2,2000000,461506591,49943968,511450559
2,2000000,465994645,49878209,515872854
2,2000000,460631964,49966255,510598219
2,2000000,465006824,49895336,514902160
2,2000000,463232666,49926708,513159374
2,2000000,524278521,58223882,582502403
2,3000000,718020093,74909938,792930031
2,3000000,711650381,74659197,786309578
2,3000000,713834803,74876270,788711073
2,3000000,718560153,74936823,793496976
2,3000000,717795850,74810128,792605978
2,3000000,717569437,74872152,792441589
2,3000000,713473053,74919459,788392512
2,3000000,713299283,74851471,788150754
2,3000000,713303195,74769537,788072732
2,3000000,712877615,74853804,787731419
2,3000000,713411594,74755486,788167080
2,3000000,712762061,74790635,787552696
2,3000000,710985443,74862784,785848227
2,3000000,713916288,74905781,788822069
2,3000000,713160040,74773622,787933662
2,3000000,713771683,74999217,788770900
2,3000000,712013343,74576270,786589613
2,3000000,807206300,88850882,896057182
2,3000000,712650245,74621903,787272148
2,3000000,717770389,74666654,792437043
2,3000000,713924804,75073669,788998473
2,3000000,807673663,88787401,896461064
2,3000000,713332470,74718061,788050531
2,3000000,747849154,76366716,824215870
2,3000000,719908542,74878549,794787091
2,3000000,717693356,74876672,792570028
2,3000000,808431495,88353633,896785128
2,3000000,712512160,74909603,787421763
2,3000000,711265938,74757461,786023399
2,3000000,723546895,75226123,798773018
2,3000000,809828850,88325803,898154653
2,3000000,711755255,74615628,786370883
2,3000000,714559040,74821831,789380871
2,3000000,711827021,74460442,786287463
2,3000000,713753412,74718211,788471623
2,3000000,713468070,74572743,788040813
2,3000000,712326711,74611040,786937751
2,3000000,712472567,74949789,787422356
2,3000000,710075847,74576071,784651918
2,3000000,800098007,86370869,886468876
2,3000000,712694740,74662856,787357596
2,3000000,712204823,76265547,788470370
2,3000000,711319516,74785057,786104573
2,3000000,802253287,86321547,888574834
2,3000000,710200762,74728608,784929370
2,3000000,718700731,75069260,793769991
2,3000000,711917263,74802770,786720033
2,3000000,718198706,74774648,792973354
2,3000000,806986083,89291132,896277215
2,3000000,709632937,74857971,784490908
2,3000000,714076531,74822726,788899257
2,3000000,713722507,74803756,788526263
2,3000000,712390898,74556603,786947501
2,3000000,712647095,74796742,787443837
2,3000000,720578625,74870913,795449538
2,3000000,719451450,74756891,794208341
2,3000000,712911453,74874511,787785964
2,3000000,719194183,74796598,793990781
2,3000000,716321612,74705365,791026977
2,3000000,717988001,74786491,792774492
2,3000000,713350272,74783265,788133537
2,3000000,714473966,74568709,789042675
2,3000000,809095489,88953058,898048547
2,3000000,713687435,74827689,788515124
2,3000000,712495055,74826729,787321784
2,3000000,712142597,74947975,787090572
2,3000000,713158857,74754473,787913330
2,3000000,712879126,74842683,787721809
2,3000000,712674673,74547405,787222078
2,3000000,713328747,74957491,788286238
2,3000000,713386088,74701939,788088027
2,3000000,718035360,74837854,792873214
2,3000000,713863573,74816362,788679935
2,3000000,714227420,74553720,788781140
2,3000000,712570528,74776095,787346623
2,3000000,712794126,74474620,787268746
2,3000000,718548267,74964798,793513065
2,3000000,712894612,74855161,787749773
2,3000000,710992832,74851131,785843963
2,3000000,801714829,85478132,887192961
2,3000000,712340852,74813244,787154096
2,3000000,712135670,74523833,786659503
2,3000000,712616969,74550723,787167692
2,3000000,713560164,74654166,788214330
2,3000000,712622048,74701771,787323819
2,3000000,713650350,74747602,788397952
2,3000000,712181896,74563977,786745873
2,3000000,712864737,74505609,787370346
2,3000000,712535126,74762481,787297607
2,3000000,723114443,74847310,797961753
2,3000000,711027948,74939290,785967238
2,3000000,711352697,74634706,785987403
2,3000000,712297774,74364186,786661960
2,3000000,711688004,74617774,786305778
2,3000000,709933466,76548097,786481563
2,3000000,719065058,74934723,793999781
2,3000000,718812589,74836408,793648997
2,3000000,716451950,74799245,791251195
2,3000000,713506206,74590192,788096398
2,3000000,713190776,74810800,788001576
2,3000000,718178710,74730104,792908814
2,3000000,808975575,88608525,897584100
2,3000000,710854312,74704479,785558791
2,3000000,712374486,76196463,788570949
2,3000000,711640496,74516431,786156927
2,3000000,720475853,74857720,795333573
2,3000000,710460827,75071184,785532011
2,3000000,714170985,74524432,788695417
2,3000000,809015549,89004049,898019598
2,3000000,712992545,74825805,787818350
2,3000000,712959569,74692271,787651840
2,3000000,711962499,74818045,786780544
2,3000000,710938109,74908000,785846109
2,3000000,718678485,74917502,793595987
2,3000000,712896467,74654195,787550662
2,4000000,972953084,98888735,1071841819
2,4000000,972312753,99500189,1071812942
2,4000000,968302458,99110508,1067412966
2,4000000,965347022,98855373,1064202395
2,4000000,977175450,100178215,1077353665
2,4000000,976064353,100091276,1076155629
2,4000000,971920482,99132699,1071053181
2,4000000,1098291451,118082400,1216373851
2,4000000,967891621,99498190,1067389811
2,4000000,1094336217,114587112,1208923329
2,4000000,967770115,99217945,1066988060
2,4000000,967747909,99402779,1067150688
2,4000000,969834080,99396034,1069230114
2,4000000,970652266,99467103,1070119369
2,4000000,965721917,99015032,1064736949
2,4000000,969711854,99145732,1068857586
2,4000000,970037912,99348900,1069386812
2,4000000,971545962,99493055,1071039017
2,4000000,975292108,100163906,1075456014
2,4000000,969370824,99496843,1068867667
2,4000000,971304992,99199402,1070504394
2,4000000,1099280760,114992570,1214273330
2,4000000,967715257,101904729,1069619986
2,4000000,966915283,98938485,1065853768
2,4000000,967287599,98904949,1066192548
2,4000000,972317320,99128041,1071445361
2,4000000,966979414,99005676,1065985090
2,4000000,971487461,99205192,1070692653
2,4000000,974382005,99038444,1073420449
2,4000000,972822512,99396553,1072219065
2,4000000,970275691,99205825,1069481516
2,4000000,970338420,99417245,1069755665
2,4000000,970878194,99400638,1070278832
2,4000000,969956560,99163265,1069119825
2,4000000,973165081,99142124,1072307205
2,4000000,977452674,99725390,1077178064
2,4000000,969497335,99331852,1068829187
2,4000000,967950562,99178095,1067128657
2,4000000,1099445579,118251899,1217697478
2,4000000,970550655,99182573,1069733228
2,4000000,968104647,99193212,1067297859
2,4000000,966204496,98933240,1065137736
2,4000000,966739666,98713047,1065452713
2,4000000,966844005,98730481,1065574486
2,4000000,968067834,98901712,1066969546
2,4000000,976536827,100204712,1076741539
2,4000000,975273522,100213347,1075486869
2,4000000,1099740514,118546239,1218286753
2,4000000,978825688,99974670,1078800358
2,4000000,966233729,99186162,1065419891
2,4000000,968490935,102357450,1070848385
2,4000000,964815777,98818384,1063634161
2,4000000,1097733546,118513916,1216247462
2,4000000,966541998,99061216,1065603214
2,4000000,968327664,99026646,1067354310
2,4000000,968925862,98936571,1067862433
2,4000000,977459489,99870983,1077330472
2,4000000,970692164,99338459,1070030623
2,4000000,970134590,99431633,1069566223
2,4000000,977485102,99976933,1077462035
2,4000000,979306912,100115744,1079422656
2,4000000,972001629,99335708,1071337337
2,4000000,970045922,99120400,1069166322
2,4000000,969762487,99309913,1069072400
2,4000000,969924674,99662103,1069586777
2,4000000,967811778,99220497,1067032275
2,4000000,975682278,100085071,1075767349
2,4000000,1100140898,118303202,1218444100
2,4000000,1100478667,118415417,1218894084
2,4000000,1046732138,101970876,1148703014
2,4000000,971762860,99353853,1071116713
2,4000000,970363810,98906717,1069270527
2,4000000,969417209,99328482,1068745691
2,4000000,970391252,99129382,1069520634
2,4000000,970413315,99016423,1069429738
2,4000000,970646336,99166744,1069813080
2,4000000,967777587,98963055,1066740642
2,4000000,978028967,100169119,1078198086
2,4000000,971665022,99311369,1070976391
2,4000000,968789735,99080050,1067869785
2,4000000,1099783730,118469000,1218252730
2,4000000,971405545,99525813,1070931358
2,4000000,969654606,98881118,1068535724
2,4000000,971250809,99199723,1070450532
2,4000000,968617893,99539964,1068157857
2,4000000,966185427,98912436,1065097863
2,4000000,969484745,99185766,1068670511
2,4000000,976387263,100241230,1076628493
2,4000000,1100934676,117896604,1218831280
2,4000000,976649687,100043089,1076692776
2,4000000,978796962,100076378,1078873340
2,4000000,976294106,99955279,1076249385
2,4000000,970490463,99059598,1069550061
2,4000000,969180574,99262541,1068443115
2,4000000,1100592977,117806319,1218399296
2,4000000,1097577040,118781949,1216358989
2,4000000,967717016,99258958,1066975974
2,4000000,969790827,99440905,1069231732
2,4000000,974614740,99281118,1073895858
2,4000000,967743896,99304933,1067048829
2,4000000,970960165,99297029,1070257194
2,4000000,967505606,98850927,1066356533
2,4000000,976281609,100595888,1076877497
2,4000000,965986428,99247780,1065234208
2,4000000,970863574,99240468,1070104042
2,4000000,972236862,99211085,1071447947
2,4000000,971513391,99317923,1070831314
2,4000000,966793785,99084300,1065878085
2,4000000,969168967,99273274,1068442241
2,4000000,973500572,99185933,1072686505
2,4000000,967594237,98869060,1066463297
2,4000000,968900981,99187491,1068088472
2,4000000,981197545,100408452,1081605997
2,4000000,967221120,99070225,1066291345
2,4000000,969677582,99121345,1068798927
2,5000000,1228334597,123854735,1352189332
2,5000000,1231911072,124167615,1356078687
2,5000000,1229723815,124048178,1353771993
2,5000000,1395571075,147116952,1542688027
2,5000000,1232860045,124370392,1357230437
2,5000000,1398743934,148759913,1547503847
2,5000000,1231522759,124430687,1355953446
2,5000000,1232849950,124394303,1357244253
2,5000000,1233349412,124586722,1357936134
2,5000000,1231213375,124426185,1355639560
2,5000000,1227182950,128670990,1355853940
2,5000000,1234371017,124215204,1358586221
2,5000000,1230927103,124132926,1355060029
2,5000000,1394353724,147477500,1541831224
2,5000000,1244434610,125529034,1369963644
2,5000000,1390978076,148492734,1539470810
2,5000000,1227815662,124083106,1351898768
2,5000000,1228520174,124271332,1352791506
2,5000000,1227584313,123940002,1351524315
2,5000000,1237460741,124946467,1362407208
2,5000000,1228267579,123818844,1352086423
2,5000000,1232376562,124460157,1356836719
2,5000000,1229554585,128450800,1358005385
2,5000000,1232028592,123818955,1355847547
2,5000000,1228201113,124222722,1352423835
2,5000000,1236089742,125419860,1361509602
2,5000000,1232007354,124552528,1356559882
2,5000000,1227464002,127677082,1355141084
2,5000000,1228170499,123826919,1351997418
2,5000000,1235108126,124210805,1359318931
2,5000000,1226374320,123996965,1350371285
2,5000000,1232002706,124162521,1356165227
2,5000000,1230978767,124100274,1355079041
2,5000000,1395707629,147843890,1543551519
2,5000000,1241068131,124933402,1366001533
2,5000000,1398813129,148597045,1547410174
2,5000000,1231004746,124459914,1355464660
2,5000000,1237659012,124915007,1362574019
2,5000000,1227931248,123813666,1351744914
2,5000000,1228955868,124275981,1353231849
2,5000000,1227821519,123638409,1351459928
2,5000000,1231649013,124445491,1356094504
2,5000000,1230572796,123975122,1354547918
2,5000000,1235284554,124163258,1359447812
2,5000000,1240599878,125013200,1365613078
2,5000000,1392348049,148633645,1540981694
2,5000000,1226596196,124066955,1350663151
2,5000000,1395263620,147378052,1542641672
2,5000000,1228424625,124623296,1353047921
2,5000000,1231239626,124173155,1355412781
2,5000000,1231770102,124050213,1355820315
2,5000000,1231873471,124321741,1356195212
2,5000000,1241182010,125041850,1366223860
2,5000000,1360152639,144205287,1504357926
2,5000000,1239320649,125129742,1364450391
2,5000000,1237866413,124755123,1362621536
2,5000000,1378219417,143735654,1521955071
2,5000000,1234334879,124238409,1358573288
2,5000000,1395123353,149250244,1544373597
2,5000000,1233002743,124216157,1357218900
2,5000000,1230133132,124195930,1354329062
2,5000000,1232743787,124109594,1356853381
2,5000000,1230704015,123786072,1354490087
2,5000000,1237100509,124108093,1361208602
2,5000000,1227744053,123748416,1351492469
2,5000000,1227849650,123996106,1351845756
2,5000000,1231351964,124353945,1355705909
2,5000000,1228127392,123915802,1352043194
2,5000000,1241204717,125110817,1366315534
2,5000000,1228646675,124151038,1352797713
2,5000000,1242703007,125082753,1367785760
2,5000000,1232125827,124371109,1356496936
2,5000000,1396039109,148004236,1544043345
2,5000000,1397114785,147402674,1544517459
2,5000000,1232381586,124093624,1356475210
2,5000000,1241081165,125301253,1366382418
2,5000000,1233845365,124514915,1358360280
2,5000000,1230891456,124458712,1355350168
2,5000000,1233544507,124379718,1357924225
2,5000000,1234317142,124509548,1358826690
2,5000000,1231509053,124320116,1355829169
2,5000000,1227487852,127942681,1355430533
2,5000000,1227684663,124023161,1351707824
2,5000000,1240744740,125305645,1366050385
2,5000000,1228143485,123910582,1352054067
2,5000000,1240299033,125334898,1365633931
2,5000000,1227090098,123830855,1350920953
2,5000000,1240823088,124856067,1365679155
2,5000000,1227686088,124261788,1351947876
2,5000000,1231432634,124565240,1355997874
2,5000000,1240368064,124975604,1365343668
2,5000000,1227660365,124307523,1351967888
2,5000000,1227739273,123905194,1351644467
2,5000000,1229545918,123700432,1353246350
2,5000000,1397512812,148628434,1546141246
2,5000000,1228354861,123679159,1352034020
2,5000000,1232551743,124145564,1356697307
2,5000000,1231912112,124543511,1356455623
2,5000000,1232276930,124397120,1356674050
2,5000000,1230971278,124124818,1355096096
2,5000000,1230424989,124131562,1354556551
2,5000000,1230158345,124524457,1354682802
2,5000000,1227795174,123772386,1351567560
2,5000000,1395663544,147266050,1542929594
2,5000000,1232916003,124080223,1356996226
2,5000000,1239430074,125520465,1364950539
2,5000000,1243580488,124377935,1367958423
2,5000000,1234485948,123726796,1358212744
2,5000000,1226713452,124043420,1350756872
2,5000000,1229531523,124000681,1353532204
2,5000000,1240564830,125116125,1365680955
2,5000000,1231249851,124355095,1355604946
2,5000000,1233310764,124253332,1357564096
2,5000000,1243648359,125145949,1368794308
2,5000000,1239285339,124879239,1364164578
2,6000000,1698937408,177527352,1876464760
2,6000000,1492372936,149005941,1641378877
2,6000000,1497153882,149138448,1646292330
2,6000000,1495401563,149298226,1644699789
2,6000000,1506561882,149903056,1656464938
2,6000000,1490803770,149104206,1639907976
2,6000000,1497170843,149411517,1646582360
2,6000000,1492989645,148481074,1641470719
2,6000000,1493340243,148894055,1642234298
2,6000000,1491803009,148771963,1640574972
2,6000000,1496485945,148966757,1645452702
2,6000000,1497813503,148904418,1646717921
2,6000000,1497053928,149243974,1646297902
2,6000000,1694861160,178970698,1873831858
2,6000000,1497526674,149338079,1646864753
2,6000000,1698484906,179010388,1877495294
2,6000000,1504734623,150031504,1654766127
2,6000000,1497973533,148938175,1646911708
2,6000000,1693574783,178849563,1872424346
2,6000000,1500102521,149826785,1649929306
2,6000000,1496170091,149675235,1645845326
2,6000000,1496146911,149073219,1645220130
2,6000000,1494602549,149610148,1644212697
2,6000000,1696126045,178861779,1874987824
2,6000000,1491288070,153246148,1644534218
2,6000000,1692441107,178114736,1870555843
2,6000000,1496201300,148881503,1645082803
2,6000000,1505805396,150071225,1655876621
2,6000000,1507637544,150223441,1657860985
2,6000000,1697819945,178003639,1875823584
2,6000000,1497819224,149500727,1647319951
2,6000000,1694150852,178523973,1872674825
2,6000000,1494900786,149169508,1644070294
2,6000000,1496025565,149080777,1645106342
2,6000000,1694046203,179253499,1873299702
2,6000000,1507598670,149994151,1657592821
2,6000000,1499000414,149586254,1648586668
2,6000000,1497414539,149262455,1646676994
2,6000000,1497164204,149452550,1646616754
2,6000000,1699677328,177596399,1877273727
2,6000000,1496702605,149509216,1646211821
2,6000000,1701591344,178417065,1880008409
2,6000000,1497370555,149103050,1646473605
2,6000000,1493845625,149447743,1643293368
2,6000000,1492606270,148813714,1641419984
2,6000000,1492802879,148569658,1641372537
2,6000000,1494087086,148453886,1642540972
2,6000000,1506738118,150193922,1656932040
2,6000000,1497696488,149695905,1647392393
2,6000000,1496520923,149227163,1645748086
2,6000000,1491836542,148897942,1640734484
2,6000000,1508114083,149694065,1657808148
2,6000000,1496345025,149228140,1645573165
2,6000000,1497765498,148950511,1646716009
2,6000000,1493573782,149435800,1643009582
2,6000000,1496851471,149242797,1646094268
2,6000000,1497388702,149165998,1646554700
2,6000000,1491404100,148749633,1640153733
2,6000000,1508901683,150323901,1659225584
2,6000000,1495394612,149670530,1645065142
2,6000000,1692951217,179946535,1872897752
2,6000000,1496289062,149479865,1645768927
2,6000000,1489958871,148965214,1638924085
2,6000000,1490496172,148574253,1639070425
2,6000000,1505387314,149582125,1654969439
2,6000000,1497021001,149020602,1646041603
2,6000000,1493794507,149599307,1643393814
2,6000000,1496191979,149261684,1645453663
2,6000000,1495800055,149243915,1645043970
2,6000000,1491600602,148991961,1640592563
2,6000000,1498398821,149236480,1647635301
2,6000000,1492807920,148742166,1641550086
2,6000000,1507571679,149932546,1657504225
2,6000000,1496929104,149277148,1646206252
2,6000000,1508673196,150043277,1658716473
2,6000000,1506302423,149549991,1655852414
2,6000000,1491101385,148763362,1639864747
2,6000000,1494011478,149099855,1643111333
2,6000000,1491330035,148269229,1639599264
2,6000000,1506587071,150074812,1656661883
2,6000000,1505776286,149720520,1655496806
2,6000000,1496580102,149256028,1645836130
2,6000000,1698336037,177986286,1876322323
2,6000000,1496311573,149001586,1645313159
2,6000000,1497357096,149246662,1646603758
2,6000000,1510546820,151014886,1661561706
2,6000000,1491951791,148773268,1640725059
2,6000000,1698646461,178477728,1877124189
2,6000000,1498544823,148907736,1647452559
2,6000000,1496920524,149641266,1646561790
2,6000000,1492574071,148363832,1640937903
2,6000000,1495082942,149333024,1644415966
2,6000000,1494449037,148735158,1643184195
2,6000000,1506821512,150251077,1657072589
2,6000000,1506878768,149805809,1656684577
2,6000000,1493097323,148701175,1641798498
2,6000000,1496463618,149267566,1645731184
2,6000000,1498601838,149284222,1647886060
2,6000000,1699332551,178727417,1878059968
2,6000000,1492422134,148720098,1641142232
2,6000000,1491853061,148924406,1640777467
2,6000000,1494574441,149469321,1644043762
2,6000000,1494907513,149204751,1644112264
2,6000000,1496084626,149686535,1645771161
2,6000000,1498124646,149447054,1647571700
2,6000000,1495319995,149522110,1644842105
2,6000000,1506404503,150123437,1656527940
2,6000000,1507894960,149964180,1657859140
2,6000000,1697018566,177815181,1874833747
2,6000000,1697853573,172611307,1870464880
2,6000000,1493380969,148686014,1642066983
2,6000000,1491403383,148266192,1639669575
2,6000000,1495170276,149139479,1644309755
2,6000000,1496358483,149643049,1646001532
2,6000000,1496278164,149647112,1645925276
2,7000000,1759144965,172948029,1932092994
2,7000000,2000772933,208235031,2209007964
2,7000000,1758439410,173376330,1931815740
2,7000000,1758284512,173214117,1931498629
2,7000000,1923185100,180428260,2103613360
2,7000000,1765647730,174575755,1940223485
2,7000000,1757770550,173485156,1931255706
2,7000000,1765136601,174032563,1939169164
2,7000000,1778048156,175221660,1953269816
2,7000000,1763426566,174234991,1937661557
2,7000000,1759948517,173987812,1933936329
2,7000000,2003783502,207323524,2211107026
2,7000000,1759245565,173610285,1932855850
2,7000000,1756078192,173372762,1929450954
2,7000000,1986443878,202097881,2188541759
2,7000000,1759752392,173269141,1933021533
2,7000000,1772807493,175035008,1947842501
2,7000000,1759361084,174026288,1933387372
2,7000000,1763783799,173945415,1937729214
2,7000000,1755387118,173248060,1928635178
2,7000000,1759970969,173917116,1933888085
2,7000000,1759299181,173060074,1932359255
2,7000000,1759234454,172904527,1932138981
2,7000000,1767015138,174304718,1941319856
2,7000000,1984351556,202765232,2187116788
2,7000000,1765868130,173851539,1939719669
2,7000000,1984639609,202134154,2186773763
2,7000000,1780123483,175733127,1955856610
2,7000000,1763309295,174318820,1937628115
2,7000000,1763963864,174322118,1938285982
2,7000000,1761065908,174112454,1935178362
2,7000000,1763072061,174124558,1937196619
2,7000000,1761301450,174176481,1935477931
2,7000000,1765439242,174060574,1939499816
2,7000000,1759138701,173982666,1933121367
2,7000000,1761803996,173647857,1935451853
2,7000000,1982791916,201798836,2184590752
2,7000000,1759516634,174130525,1933647159
2,7000000,1766211848,173167784,1939379632
2,7000000,1757693927,173439638,1931133565
2,7000000,1757807283,173081526,1930888809
2,7000000,1757126625,173493993,1930620618
2,7000000,1779546237,174995411,1954541648
2,7000000,1764686221,174054527,1938740748
2,7000000,1764621878,173603811,1938225689
2,7000000,1777221184,175127542,1952348726
2,7000000,1766788794,174477203,1941265997
2,7000000,1763774734,174194921,1937969655
2,7000000,1761766851,174058796,1935825647
2,7000000,1756691445,173552487,1930243932
2,7000000,1764602070,174019529,1938621599
2,7000000,1763920413,174084501,1938004914
2,7000000,1759345118,173483979,1932829097
2,7000000,1762292146,179554852,1941846998
2,7000000,1755527236,178589839,1934117075
2,7000000,1757810067,173658802,1931468869
2,7000000,1984804263,201179415,2185983678
2,7000000,1766360159,174325481,1940685640
2,7000000,1763425087,173637206,1937062293
2,7000000,1757336685,173401080,1930737765
2,7000000,1762649886,173521883,1936171769
2,7000000,1760512744,173017780,1933530524
2,7000000,1760450685,173164117,1933614802
2,7000000,1760700481,173291351,1933991832
2,7000000,1765690126,174441848,1940131974
2,7000000,1775017969,174491217,1949509186
2,7000000,1981534337,200740020,2182274357
2,7000000,1998214752,208224495,2206439247
2,7000000,1789066057,176166580,1965232637
2,7000000,1764920811,173728088,1938648899
2,7000000,1757701949,173368950,1931070899
2,7000000,1763263069,174192821,1937455890
2,7000000,1762557468,174031257,1936588725
2,7000000,1765219741,174094293,1939314034
2,7000000,1758431980,173706726,1932138706
2,7000000,1995819897,207730452,2203550349
2,7000000,1762928882,173763625,1936692507
2,7000000,1764143555,174667407,1938810962
2,7000000,1987652376,202033002,2189685378
2,7000000,1760562646,173537372,1934100018
2,7000000,1759034164,179724288,1938758452
2,7000000,1759024162,173235613,1932259775
2,7000000,1776432611,175100187,1951532798
2,7000000,1757853761,173344302,1931198063
2,7000000,1983626914,201933693,2185560607
2,7000000,1766244867,173917651,1940162518
2,7000000,1759628024,173111425,1932739449
2,7000000,1776259120,175375905,1951635025
2,7000000,1763700095,174194391,1937894486
2,7000000,1759560299,174013769,1933574068
2,7000000,1757615682,173124620,1930740302
2,7000000,1993996862,207663716,2201660578
2,7000000,1765146918,173807171,1938954089
2,7000000,1994743994,208615133,2203359127
2,7000000,1762884029,173770649,1936654678
2,7000000,1995544066,208362215,2203906281
2,7000000,1763386174,174139512,1937525686
2,7000000,1777913080,175122423,1953035503
2,7000000,1765752793,174102220,1939855013
2,7000000,1778876140,174957719,1953833859
2,7000000,1987942776,203311702,2191254478
2,7000000,1775859629,175257170,1951116799
2,7000000,1759879667,173254338,1933134005
2,7000000,2003116496,208640016,2211756512
2,7000000,1764174810,173804878,1937979688
2,7000000,1999041162,208012964,2207054126
2,7000000,1764823635,174004957,1938828592
2,7000000,1764484154,174604188,1939088342
2,7000000,1775948401,175183312,1951131713
2,7000000,1780697064,175343360,1956040424
2,7000000,1758838193,173540359,1932378552
2,7000000,1756124576,173707358,1929831934
2,7000000,1758808537,173455882,1932264419
2,7000000,1768823148,174871942,1943695090
2,7000000,1765246883,174284393,1939531276
2,8000000,2039455598,199106544,2238562142
2,8000000,2267173191,231248538,2498421729
2,8000000,2032470206,204617531,2237087737
2,8000000,2050198388,200129053,2250327441
2,8000000,2305914165,238795970,2544710135
2,8000000,2034519003,198658913,2233177916
2,8000000,2028580338,197604724,2226185062
2,8000000,2027327736,197638643,2224966379
2,8000000,2027226722,198512780,2225739502
2,8000000,2047933990,200384781,2248318771
2,8000000,2308363610,238200341,2546563951
2,8000000,2033135116,198575823,2231710939
2,8000000,2315703982,237980524,2553684506
2,8000000,2034515913,198335893,2232851806
2,8000000,2030997751,198512975,2229510726
2,8000000,2026131133,205280116,2231411249
2,8000000,2034520595,198886464,2233407059
2,8000000,2034537680,198296883,2232834563
2,8000000,2033704699,198847987,2232552686
2,8000000,2032850920,197820762,2230671682
2,8000000,2310006333,237562378,2547568711
2,8000000,2031710397,198542614,2230253011
2,8000000,2035326420,198667999,2233994419
2,8000000,2028746918,197616562,2226363480
2,8000000,2034493614,199144688,2233638302
2,8000000,2268326363,231433679,2499760042
2,8000000,2036034927,198590978,2234625905
2,8000000,2121946593,207014264,2328960857
2,8000000,2304163707,239932326,2544096033
2,8000000,2086658079,205843571,2292501650
2,8000000,2028486435,198865124,2227351559
2,8000000,2051137887,199838470,2250976357
2,8000000,2027692713,197941184,2225633897
2,8000000,2027992977,197745814,2225738791
2,8000000,2312610075,239254426,2551864501
2,8000000,2261958427,231349954,2493308381
2,8000000,2035851642,198659554,2234511196
2,8000000,2265282086,232557749,2497839835
2,8000000,2028989537,197542272,2226531809
2,8000000,2028687089,197561373,2226248462
2,8000000,2025763903,198282484,2224046387
2,8000000,2029253009,198355275,2227608284
2,8000000,2310927221,238612985,2549540206
2,8000000,2030932923,198308212,2229241135
2,8000000,2033583032,198584136,2232167168
2,8000000,2036160463,198453844,2234614307
2,8000000,2025282514,197967813,2223250327
2,8000000,2046894188,199446188,2246340376
2,8000000,2049735267,199843060,2249578327
2,8000000,2050351389,200783198,2251134587
2,8000000,2025012056,197622361,2222634417
2,8000000,2029557527,197687173,2227244700
2,8000000,2027701315,198110282,2225811597
2,8000000,2275337471,231946269,2507283740
2,8000000,2032271081,198459084,2230730165
2,8000000,2271110687,231563013,2502673700
2,8000000,2028597016,197778997,2226376013
2,8000000,2028259948,197930883,2226190831
2,8000000,2028378815,197932815,2226311630
2,8000000,2126287135,205766883,2332054018
2,8000000,2033758771,204931285,2238690056
2,8000000,2031336739,198031277,2229368016
2,8000000,2048142965,199852690,2247995655
2,8000000,2025166370,198237319,2223403689
2,8000000,2028615627,198302297,2226917924
2,8000000,2045308203,199685160,2244993363
2,8000000,2024992566,205070420,2230062986
2,8000000,2028065343,198705032,2226770375
2,8000000,2027999651,197777571,2225777222
2,8000000,2031574292,198367849,2229942141
2,8000000,2048412773,200477179,2248889952
2,8000000,2028761767,198068737,2226830504
2,8000000,2049036035,199718101,2248754136
2,8000000,2124722593,206228120,2330950713
2,8000000,2310023049,237155886,2547178935
2,8000000,2035508170,198600050,2234108220
2,8000000,2028201093,197808440,2226009533
2,8000000,2266793236,232917537,2499710773
2,8000000,2040621503,198205759,2238827262
2,8000000,2034417475,198792308,2233209783
2,8000000,2303955058,237574510,2541529568
2,8000000,2031586317,198612046,2230198363
2,8000000,2036331828,198626722,2234958550
2,8000000,2035100562,198689012,2233789574
2,8000000,2309550291,239411010,2548961301
2,8000000,2035649757,199098440,2234748197
2,8000000,2036446985,198492852,2234939837
2,8000000,2027979252,197991627,2225970879
2,8000000,2030429316,197830117,2228259433
2,8000000,2048465066,199764256,2248229322
2,8000000,2036329179,198207498,2234536677
2,8000000,2035086687,198293478,2233380165
2,8000000,2032284850,198355737,2230640587
2,8000000,2025729610,204768370,2230497980
2,8000000,2027673119,197951014,2225624133
2,8000000,2026882325,197897860,2224780185
2,8000000,2034390989,198427868,2232818857
2,8000000,2264439356,231046070,2495485426
2,8000000,2039721329,197832800,2237554129
2,8000000,2047756132,199825447,2247581579
2,8000000,2026880124,198269096,2225149220
2,8000000,2036034304,198753956,2234788260
2,8000000,2305721763,238132358,2543854121
2,8000000,2033097452,198182030,2231279482
2,8000000,2307657653,239138559,2546796212
2,8000000,2029427521,198217741,2227645262
2,8000000,2027820535,198319216,2226139751
2,8000000,2031117052,198600804,2229717856
2,8000000,2306326946,240019268,2546346214
2,8000000,2036201249,198368551,2234569800
2,8000000,2306612104,238032604,2544644708
2,8000000,2033716967,198693981,2232410948
2,8000000,2028916929,198229248,2227146177
2,8000000,2032247336,198802314,2231049650
2,8000000,2047880455,199825498,2247705953
2,9000000,2577756426,259934701,2837691127
2,9000000,2298538040,222721825,2521259865
2,9000000,2309235021,223028672,2532263693
2,9000000,2301163921,222796137,2523960058
2,9000000,2619016280,269086546,2888102826
2,9000000,2307108115,223016501,2530124616
2,9000000,2308166417,223620553,2531786970
2,9000000,2306990652,222940149,2529930801
2,9000000,2302330333,223233165,2525563498
2,9000000,2323639170,225089494,2548728664
2,9000000,2324872666,224921257,2549793923
2,9000000,2306306891,223499100,2529805991
2,9000000,2317383103,225294063,2542677166
2,9000000,2618848543,268920395,2887768938
2,9000000,2321940716,224563100,2546503816
2,9000000,2299819923,222722000,2522541923
2,9000000,2307955733,223367195,2531322928
2,9000000,2619451066,267846323,2887297389
2,9000000,2308153677,223516948,2531670625
2,9000000,2304762408,223172322,2527934730
2,9000000,2302968456,230323923,2533292379
2,9000000,2323561167,224716693,2548277860
2,9000000,2301249533,222364992,2523614525
2,9000000,2307732985,223784477,2531517462
2,9000000,2299742320,222749909,2522492229
2,9000000,2306027914,223219808,2529247722
2,9000000,2295285155,222557752,2517842907
2,9000000,2618630086,268477621,2887107707
2,9000000,2543668305,259055991,2802724296
2,9000000,2617428057,267823777,2885251834
2,9000000,2303077928,223878333,2526956261
2,9000000,2618681140,268722582,2887403722
2,9000000,2324091040,225302596,2549393636
2,9000000,2302064012,223118313,2525182325
2,9000000,2309330408,223322856,2532653264
2,9000000,2305381941,223208259,2528590200
2,9000000,2305800571,223746720,2529547291
2,9000000,2300032773,222364643,2522397416
2,9000000,2319956843,225156026,2545112869
2,9000000,2306018961,223673228,2529692189
2,9000000,2299342119,223198323,2522540442
2,9000000,2299498755,222199286,2521698041
2,9000000,2324992334,225012219,2550004553
2,9000000,2301675012,222769710,2524444722
2,9000000,2322787976,224434085,2547222061
2,9000000,2322347488,224907570,2547255058
2,9000000,2559687127,260859076,2820546203
2,9000000,2304630752,223415564,2528046316
2,9000000,2554974458,261193307,2816167765
2,9000000,2314427241,223337617,2537764858
2,9000000,2306760851,223538718,2530299569
2,9000000,2306225596,223148915,2529374511
2,9000000,2304615188,223666673,2528281861
2,9000000,2309642876,223011009,2532653885
2,9000000,2307832563,223959331,2531791894
2,9000000,2619221509,269858525,2889080034
2,9000000,2305783038,223824412,2529607450
2,9000000,2299720609,230914540,2530635149
2,9000000,2322732185,224996330,2547728515
2,9000000,2297453006,230065014,2527518020
2,9000000,2317671964,224883256,2542555220
2,9000000,2299474730,222722838,2522197568
2,9000000,2308518777,223873789,2532392566
2,9000000,2310840708,223433601,2534274309
2,9000000,2308298973,223873545,2532172518
2,9000000,2323584665,225510511,2549095176
2,9000000,2308493071,230250169,2538743240
2,9000000,2619667785,267516231,2887184016
2,9000000,2313419465,223728589,2537148054
2,9000000,2307749936,223614903,2531364839
2,9000000,2307418850,223382225,2530801075
2,9000000,2633922048,267433405,2901355453
2,9000000,2295965309,222620559,2518585868
2,9000000,2306421862,223253903,2529675765
2,9000000,2338191174,231305302,2569496476
2,9000000,2307785946,223369014,2531154960
2,9000000,2319454541,225562481,2545017022
2,9000000,2612449464,267152705,2879602169
2,9000000,2298341924,222311638,2520653562
2,9000000,2308224279,223058821,2531283100
2,9000000,2301130260,223244285,2524374545
2,9000000,2305988985,223836797,2529825782
2,9000000,2308414989,223422887,2531837876
2,9000000,2614677076,268247249,2882924325
2,9000000,2299473364,222486392,2521959756
2,9000000,2307852152,230347353,2538199505
2,9000000,2302379902,223204960,2525584862
2,9000000,2303235269,222375891,2525611160
2,9000000,2305009331,223033132,2528042463
2,9000000,2308377919,223873094,2532251013
2,9000000,2324060168,225287666,2549347834
2,9000000,2304676279,223590989,2528267268
2,9000000,2303019567,222721158,2525740725
2,9000000,2614884235,268405670,2883289905
2,9000000,2301012562,222629162,2523641724
2,9000000,2298696528,222426756,2521123284
2,9000000,2305191130,223647988,2528839118
2,9000000,2302037926,222796878,2524834804
2,9000000,2322685604,225195277,2547880881
2,9000000,2301972802,222225212,2524198014
2,9000000,2304772221,223276889,2528049110
2,9000000,2620409300,267628645,2888037945
2,9000000,2307254927,223515791,2530770718
2,9000000,2323668215,224898399,2548566614
2,9000000,2297750404,222472051,2520222455
2,9000000,2301312237,223376878,2524689115
2,9000000,2324902615,224736301,2549638916
2,9000000,2303212992,223712864,2526925856
2,9000000,2299085210,222705285,2521790495
2,9000000,2302799868,222417137,2525217005
2,9000000,2322505168,224853099,2547358267
2,9000000,2620332889,267685959,2888018848
2,9000000,2302796952,222977485,2525774437
2,9000000,2301675093,230040504,2531715597
2,9000000,2556988245,260642921,2817631166
2,10000000,2937105267,296437883,3233543150
2,10000000,2580700051,248284922,2828984973
2,10000000,2582039023,248439471,2830478494
2,10000000,2582046899,247849448,2829896347
2,10000000,2580163468,248344903,2828508371
2,10000000,2922599066,296622715,3219221781
2,10000000,2580452681,248386730,2828839411
2,10000000,2579088847,248062457,2827151304
2,10000000,2587316894,248253831,2835570725
2,10000000,2580143999,248336212,2828480211
2,10000000,2597014432,248373640,2845388072
2,10000000,2921469678,296211398,3217681076
2,10000000,2589793039,248064351,2837857390
2,10000000,2600542929,249594722,2850137651
2,10000000,2579954227,248003460,2827957687
2,10000000,2572462315,247283508,2819745823
2,10000000,2571516910,256169188,2827686098
2,10000000,2584810518,256772432,2841582950
2,10000000,2579103203,248306009,2827409212
2,10000000,2573366869,246960314,2820327183
2,10000000,2585539449,248315720,2833855169
2,10000000,2581526960,248003737,2829530697
2,10000000,2930350833,298428985,3228779818
2,10000000,2573988877,247821385,2821810262
2,10000000,2574459597,247089041,2821548638
2,10000000,2582307805,248765425,2831073230
2,10000000,2601585044,249578033,2851163077
2,10000000,2570969020,256959154,2827928174
2,10000000,2576990534,247586010,2824576544
2,10000000,2572159015,246843963,2819002978
2,10000000,2566157496,247446952,2813604448
2,10000000,2576909432,247007559,2823916991
2,10000000,2575575732,246966302,2822542034
2,10000000,2587396691,248912295,2836308986
2,10000000,2587434895,248385606,2835820501
2,10000000,2923681657,298723795,3222405452
2,10000000,2579703007,248710375,2828413382
2,10000000,2925301925,298028936,3223330861
2,10000000,2926126062,297789888,3223915950
2,10000000,2582505770,248346625,2830852395
2,10000000,2580409673,248079996,2828489669
2,10000000,2594689565,250218665,2844908230
2,10000000,2581073999,247874848,2828948847
2,10000000,2579279244,247945996,2827225240
2,10000000,2582746920,248089698,2830836618
2,10000000,2838845434,288728442,3127573876
2,10000000,2930768993,297540320,3228309313
2,10000000,2575445202,247412917,2822858119
2,10000000,2572811803,246807352,2819619155
2,10000000,2839763570,289578445,3129342015
2,10000000,2920305128,297568265,3217873393
2,10000000,2580598551,247978746,2828577297
2,10000000,2580959781,247770912,2828730693
2,10000000,2575561789,247948788,2823510577
2,10000000,2581695776,248466881,2830162657
2,10000000,2582394263,248350041,2830744304
2,10000000,2582255203,247458998,2829714201
2,10000000,2579666868,248084195,2827751063
2,10000000,2928590906,297167849,3225758755
2,10000000,2577127417,248396460,2825523877
2,10000000,2582533669,248444101,2830977770
2,10000000,2572618568,248250424,2820868992
2,10000000,2586818585,248922542,2835741127
2,10000000,2922422460,296291954,3218714414
2,10000000,2583238939,248146184,2831385123
2,10000000,2578995338,248562776,2827558114
2,10000000,2578585417,248695715,2827281132
2,10000000,2581336184,248352070,2829688254
2,10000000,2599633880,250363901,2849997781
2,10000000,2576967864,247970768,2824938632
2,10000000,2925601919,297673177,3223275096
2,10000000,2574090880,247636560,2821727440
2,10000000,2931132045,298700158,3229832203
2,10000000,2570873695,247929955,2818803650
2,10000000,2604053319,250058887,2854112206
2,10000000,2578260420,258118583,2836379003
2,10000000,2572577977,247082624,2819660601
2,10000000,2570334294,255992234,2826326528
2,10000000,2598098398,249861429,2847959827
2,10000000,2599348933,249648685,2848997618
2,10000000,2931545320,297198341,3228743661
2,10000000,2572709722,247686271,2820395993
2,10000000,2582842344,247946030,2830788374
2,10000000,2573081577,247336436,2820418013
2,10000000,2582166082,247334331,2829500413
2,10000000,2924930625,297229612,3222160237
2,10000000,2574486570,247238489,2821725059
2,10000000,2601210306,249662834,2850873140
2,10000000,2579822260,248186729,2828008989
2,10000000,2579713877,248372334,2828086211
2,10000000,2926192669,297076774,3223269443
2,10000000,2581071160,247846872,2828918032
2,10000000,2581853264,248436652,2830289916
2,10000000,2572554028,247700720,2820254748
2,10000000,2580847911,247980590,2828828501
2,10000000,2596025023,250083490,2846108513
2,10000000,2570840013,247416649,2818256662
2,10000000,2597779813,249945101,2847724914
2,10000000,2569440422,255734930,2825175352
2,10000000,2574204534,247305788,2821510322
2,10000000,2582308876,248162461,2830471337
2,10000000,2577127045,248361085,2825488130
2,10000000,2927228149,298381956,3225610105
2,10000000,2596460199,249726225,2846186424
2,10000000,2580868929,248373248,2829242177
2,10000000,2581999177,248168539,2830167716
2,10000000,2577886397,248531666,2826418063
2,10000000,2846199586,288681318,3134880904
2,10000000,2577130738,248247427,2825378165
2,10000000,2572813309,247315643,2820128952
2,10000000,2594158450,248758839,2842917289
2,10000000,2599804934,249482757,2849287691
2,10000000,2599969639,250089772,2850059411
2,10000000,2583289520,248507615,2831797135
2,10000000,2921871533,297392255,3219263788
2,10000000,2600711551,250119000,2850830551
2,10000000,2579950876,248718856,2828669732
2,10000000,2577440279,248255608,2825695887
2,10000000,2922285319,297395422,3219680741
2,10000000,2579385269,248581804,2827967073
2,10000000,2571939826,247630543,2819570369
2,10000000,2583095610,248642825,2831738435
2,10000000,2581423325,248159655,2829582980
2,10000000,2581347649,248319927,2829667576
2,10000000,2582005770,256115423,2838121193
2,10000000,2599244904,250171219,2849416123
2,10000000,2927344677,297137043,3224481720
2,10000000,2936765502,296953470,3233718972
2,10000000,2920953603,297336778,3218290381
2,10000000,2582767718,248339174,2831106892
2,10000000,2575190287,248398939,2823589226
2,10000000,2609457230,250331365,2859788595
2,10000000,2606221080,249668558,2855889638
2,10000000,2585029611,247895188,2832924799
2,10000000,2583057545,248576671,2831634216
2,10000000,2598790984,250135849,2848926833
2,10000000,2581835353,248480528,2830315881
2,10000000,2848438844,288151858,3136590702
2,10000000,2927657940,297148813,3224806753
2,10000000,2922438800,296639839,3219078639
2,10000000,2936734767,298165345,3234900112
2,10000000,2578183792,248473894,2826657686
2,10000000,2920570587,297592390,3218162977
2,10000000,2582927539,248527160,2831454699
2,10000000,2582157224,248042164,2830199388
2,10000000,2587013910,248420520,2835434430
2,10000000,2581390331,248040135,2829430466
2,10000000,2596139355,247096234,2843235589
2,10000000,2598731302,249513855,2848245157
2,10000000,2602494947,247714962,2850209909
2,10000000,2583207278,248858734,2832066012
2,10000000,2841482330,288622136,3130104466
2,10000000,2581291947,248206617,2829498564
2,10000000,2839961264,288930752,3128892016
2,10000000,2922861762,298203069,3221064831
2,10000000,2583303995,248469056,2831773051
2,10000000,2588776937,247730051,2836506988
2,10000000,2832716562,288677824,3121394386
2,10000000,2572148147,246873105,2819021252
2,10000000,2573430819,247524278,2820955097
2,10000000,2569551902,256235680,2825787582
2,10000000,2580626646,248485201,2829111847
2,10000000,2599446358,250561724,2850008082
2,10000000,2570565101,247183174,2817748275
2,10000000,2575157811,247261346,2822419157
2,10000000,2580636872,247568235,2828205107
2,10000000,2601499089,249516537,2851015626
2,10000000,2576591158,248082534,2824673692
2,10000000,2583057092,248532919,2831590011
2,10000000,2598918471,250151531,2849070002
2,10000000,2580028845,247872991,2827901836
2,10000000,2581274237,248252007,2829526244
2,10000000,2575850462,247585516,2823435978
2,10000000,2583888252,248403138,2832291390
2,10000000,2583937126,248198040,2832135166
2,10000000,2572971027,247548980,2820520007
2,10000000,2926257288,297719286,3223976574
2,10000000,2583602865,248635392,2832238257
2,10000000,2601075148,250527704,2851602852
2,10000000,2579192941,248322175,2827515116
2,10000000,2581669136,247814794,2829483930
2,10000000,2847510302,288751642,3136261944
2,10000000,2579744623,248147796,2827892419
2,10000000,2571621173,255501609,2827122782
2,10000000,2930807743,298263318,3229071061
2,10000000,2575561538,247391000,2822952538
2,10000000,2933014738,297360488,3230375226
2,10000000,2575993515,247790793,2823784308
2,10000000,2583618481,247951718,2831570199
2,10000000,2839146774,289251751,3128398525
2,10000000,2593813012,247859692,2841672704
2,10000000,2571777878,256232692,2828010570
2,10000000,2932056893,298553426,3230610319
2,10000000,2597288576,249969417,2847257993
2,10000000,2577141655,248057125,2825198780
2,10000000,2579068291,247893202,2826961493
2,10000000,2577901523,247941607,2825843130
2,10000000,2585316808,247970188,2833286996
2,10000000,2581959651,248410412,2830370063
2,10000000,2583663815,248225873,2831889688
2,10000000,2581701062,248586045,2830287107
2,10000000,2584933238,256439288,2841372526
2,10000000,2585593403,248370440,2833963843
2,10000000,2578088195,248013279,2826101474
2,10000000,2582796006,248478951,2831274957
2,10000000,2842109286,288594248,3130703534
2,10000000,2602993696,249930376,2852924072
2,10000000,2584755793,248172535,2832928328
2,10000000,2577713884,248171004,2825884888
2,10000000,2599034306,249905046,2848939352
2,10000000,2588124757,247924628,2836049385
2,10000000,2921173610,298010768,3219184378
2,10000000,2919764988,297259532,3217024520
2,10000000,2598539371,250658417,2849197788
2,10000000,2581396295,249042351,2830438646
2,10000000,2581632982,248488017,2830120999
2,10000000,2578592819,248246449,2826839268
2,10000000,2571315729,246844912,2818160641
2,10000000,2598996233,249758684,2848754917
2,10000000,2575545561,248203840,2823749401
2,10000000,2574914381,247645645,2822560026
2,10000000,2573580385,247367340,2820947725
2,10000000,2599152769,249442523,2848595292
2,10000000,2923147422,298197274,3221344696
2,10000000,2573946085,247899826,2821845911
2,10000000,2568198973,247570148,2815769121
2,10000000,2580196138,247966349,2828162487
2,10000000,2599035171,250151836,2849187007
2,10000000,2925836986,297246058,3223083044
2,10000000,2571927931,247208262,2819136193
2,20000000,5432186090,500665218,5932851308
2,20000000,5432785435,499408643,5932194078
2,20000000,5382535050,511728864,5894263914
2,20000000,5382499320,497761001,5880260321
2,20000000,5377154557,495035966,5872190523
2,20000000,5379888815,494160806,5874049621
2,20000000,5395691038,496147215,5891838253
2,20000000,5381569963,494908570,5876478533
2,20000000,5388654809,496123181,5884777990
2,20000000,5391743274,497601633,5889344907
2,20000000,5373602116,494340358,5867942474
2,20000000,5389093197,495251513,5884344710
2,20000000,5444501176,500134701,5944635877
2,20000000,5392332442,496350768,5888683210
2,20000000,6120014392,591077299,6711091691
2,20000000,5399357924,497392590,5896750514
2,20000000,5388914677,496664392,5885579069
2,20000000,5436906268,500262589,5937168857
2,20000000,5398145050,497387596,5895532646
2,20000000,5407791217,496245015,5904036232
2,20000000,6034713152,570197435,6604910587
2,20000000,5429527006,499861967,5929388973
2,20000000,5397062703,496392039,5893454742
2,20000000,5389557855,495893663,5885451518
2,20000000,5399935859,494559843,5894495702
2,20000000,5404030671,496160330,5900191001
2,20000000,5426158593,497315583,5923474176
2,20000000,5378635758,495048733,5873684491
2,20000000,5379347162,495829227,5875176389
2,20000000,5438202155,500113083,5938315238
2,20000000,5377127306,495632018,5872759324
2,20000000,5379389718,494628022,5874017740
2,20000000,5394745818,496187678,5890933496
2,20000000,5376863584,494959101,5871822685
2,20000000,5392643506,496136250,5888779756
2,20000000,5392300555,509784091,5902084646
2,20000000,5393422442,496406073,5889828515
2,20000000,5399288507,496432864,5895721371
2,20000000,5379589927,494730025,5874319952
2,20000000,5372616295,495015017,5867631312
2,20000000,5434769074,499852632,5934621706
2,20000000,6045647571,575596043,6621243614
2,20000000,5386343039,495247810,5881590849
2,20000000,5394735565,495782687,5890518252
2,20000000,5432043112,501308885,5933351997
2,20000000,5379732460,495308856,5875041316
2,20000000,5381983244,495758538,5877741782
2,20000000,5386358197,495757294,5882115491
2,20000000,5388281005,496210587,5884491592
2,20000000,5379808769,495791380,5875600149
2,20000000,6040684728,572083299,6612768027
2,20000000,5392560606,496369022,5888929628
2,20000000,6045165376,572859428,6618024804
2,20000000,5427776481,500200535,5927977016
2,20000000,5384711909,511434564,5896146473
2,20000000,5427513085,500410882,5927923967
2,20000000,5431891818,500013616,5931905434
2,20000000,5404666488,496590053,5901256541
2,20000000,5381398669,495514530,5876913199
2,20000000,5380726266,495368863,5876095129
2,20000000,5397205252,496724401,5893929653
2,20000000,5391315872,496377322,5887693194
2,20000000,5398292213,496485815,5894778028
2,20000000,5400733116,496797140,5897530256
2,20000000,5411831541,513229445,5925060986
2,20000000,5441357186,500186313,5941543499
2,20000000,5395789516,497275309,5893064825
2,20000000,5430295258,500794876,5931090134
2,20000000,5406166692,497318776,5903485468
2,20000000,5395228914,496457169,5891686083
2,20000000,5389835816,496685506,5886521322
2,20000000,5435880392,499975507,5935855899
2,20000000,5394737764,496569223,5891306987
2,20000000,5398557760,495898235,5894455995
2,20000000,6127542295,591933106,6719475401
2,20000000,5433568668,500195171,5933763839
2,20000000,5378723914,495301697,5874025611
2,20000000,5436809387,500387314,5937196701
2,20000000,5435238236,496663251,5931901487
2,20000000,5378170108,495838160,5874008268
2,20000000,5388485148,496400963,5884886111
2,20000000,5379665553,510370516,5890036069
2,20000000,5385309905,494674809,5879984714
2,20000000,6066826072,571585910,6638411982
2,20000000,5759017331,510263728,6269281059
2,20000000,5401194390,496631840,5897826230
2,20000000,5395923185,496180922,5892104107
2,20000000,6047468432,571713909,6619182341
2,20000000,5395242938,496175417,5891418355
2,20000000,5381704536,495416421,5877120957
2,20000000,5400523105,496244358,5896767463
2,20000000,6052951215,572865942,6625817157
2,20000000,5436722592,500682257,5937404849
2,20000000,5384283740,512085992,5896369732
2,20000000,5381914759,496187834,5878102593
2,20000000,5378623130,494570770,5873193900
2,20000000,5775769645,510307417,6286077062
2,20000000,5428929586,496253124,5925182710
2,20000000,5429869060,500425663,5930294723
2,20000000,6050781428,569587936,6620369364
2,20000000,6135000230,589966136,6724966366
2,20000000,6046573450,571798635,6618372085
2,20000000,5394753701,496377309,5891131010
2,20000000,6046901859,569750344,6616652203
2,20000000,5374814398,495247907,5870062305
2,20000000,5397002823,496378157,5893380980
2,20000000,5402364040,496367691,5898731731
2,20000000,5396118147,496005085,5892123232
2,20000000,5386081922,510855202,5896937124
2,20000000,5393190564,496308257,5889498821
2,20000000,5401300151,496390361,5897690512
2,20000000,6028563045,571707982,6600271027
2,20000000,6037860472,573208634,6611069106
2,20000000,5385042109,512273778,5897315887
2,20000000,5428929932,499989452,5928919384
2,30000000,8280826595,743083693,9023910288
2,30000000,8361437010,752451822,9113888832
2,30000000,8287365219,744691338,9032056557
2,30000000,8344091170,749335460,9093426630
2,30000000,8335981319,750455328,9086436647
2,30000000,9225747486,853681179,10079428665
2,30000000,8290984686,745677810,9036662496
2,30000000,8273210546,741925813,9015136359
2,30000000,8359477354,751998614,9111475968
2,30000000,8362212612,750497768,9112710380
2,30000000,8300576759,744440316,9045017075
2,30000000,9432211325,881250755,10313462080
2,30000000,8307782068,744662647,9052444715
2,30000000,8347601449,749759574,9097361023
2,30000000,8299564346,764470843,9064035189
2,30000000,8302717866,745276203,9047994069
2,30000000,8301674672,744292171,9045966843
2,30000000,8262734454,741880245,9004614699
2,30000000,8298827511,742224535,9041052046
2,30000000,8301563347,746393422,9047956769
2,30000000,8274800038,742082180,9016882218
2,30000000,8368530840,750204544,9118735384
2,30000000,8291706731,744049700,9035756431
2,30000000,8288873789,763511257,9052385046
2,30000000,8285088871,742362272,9027451143
2,30000000,9229580509,853277594,10082858103
2,30000000,8276123453,742876709,9019000162
2,30000000,8570704571,761413845,9332118416
2,30000000,8291402613,743976875,9035379488
2,30000000,8260461675,742756179,9003217854
2,30000000,8274774627,763099584,9037874211
2,30000000,8281926872,743322332,9025249204
2,30000000,8367062439,749006430,9116068869
2,30000000,8269510261,743727112,9013237373
2,30000000,8304481059,747045315,9051526374
2,30000000,8303225537,744378725,9047604262
2,30000000,8309843048,764419731,9074262779
2,30000000,8310983185,743740667,9054723852
2,30000000,8361500207,749671648,9111171855
2,30000000,8288534498,744728655,9033263153
2,30000000,8301016183,744783585,9045799768
2,30000000,8297154436,745320369,9042474805
2,30000000,8273299693,765233447,9038533140
2,30000000,8277455059,764707606,9042162665
2,30000000,8355558579,751753691,9107312270
2,30000000,8302678557,744582080,9047260637
2,30000000,8274048591,743421789,9017470380
2,30000000,8295042546,743369773,9038412319
2,30000000,8297038486,744537428,9041575914
2,30000000,8294366609,745423647,9039790256
2,30000000,8302776944,744970943,9047747887
2,30000000,8270450762,742403152,9012853914
2,30000000,8296680803,744348777,9041029580
2,30000000,8355692481,749554941,9105247422
2,30000000,8276469189,741798152,9018267341
2,30000000,8290260108,743935771,9034195879
2,30000000,8276775515,744168609,9020944124
2,30000000,8352624312,750644221,9103268533
2,30000000,8296642845,745164390,9041807235
2,30000000,8299518607,745151902,9044670509
2,30000000,8273849646,764760398,9038610044
2,30000000,9434515579,881594629,10316110208
2,30000000,8298919284,745121379,9044040663
2,30000000,8382715364,751301520,9134016884
2,30000000,8275345779,742775723,9018121502
2,30000000,8536751979,763593226,9300345205
2,30000000,8545272976,761328546,9306601522
2,30000000,8302072502,745536631,9047609133
2,30000000,8537432822,763542282,9300975104
2,30000000,8274581503,742164134,9016745637
2,30000000,8300982805,744864650,9045847455
2,30000000,8363968203,750228508,9114196711
2,30000000,8276906937,743256793,9020163730
2,30000000,8309548615,744622338,9054170953
2,30000000,8308894411,744349856,9053244267
2,30000000,8296163503,743974801,9040138304
2,30000000,8270809279,743549269,9014358548
2,30000000,8545563119,761528862,9307091981
2,30000000,8357984402,750103894,9108088296
2,30000000,8358403724,750012760,9108416484
2,30000000,8298492468,745508533,9044001001
2,30000000,8305713850,745155559,9050869409
2,30000000,8301539276,744875059,9046414335
2,30000000,8344863886,749880763,9094744649
2,30000000,8300458787,744396338,9044855125
2,30000000,8272051920,742358798,9014410718
2,30000000,8275708531,742014914,9017723445
2,30000000,8280430537,744453919,9024884456
2,30000000,8319844320,742275705,9062120025
2,30000000,8274464086,743533599,9017997685
2,30000000,8547395482,764048518,9311444000
2,30000000,8304826549,744391118,9049217667
2,30000000,8269525117,741998632,9011523749
2,30000000,8264044076,742606292,9006650368
2,30000000,8355963006,744723921,9100686927
2,30000000,8301013256,744920731,9045933987
2,30000000,8297826598,743831311,9041657909
2,30000000,9215875763,853110314,10068986077
2,30000000,8312244610,744597743,9056842353
2,30000000,8299183112,745525490,9044708602
2,30000000,9426824658,881846706,10308671364
2,30000000,8361632238,750482279,9112114517
2,30000000,8268949502,743457880,9012407382
2,30000000,8265864162,741895434,9007759596
2,30000000,8298047812,745474378,9043522190
2,30000000,8361434046,751464171,9112898217
2,30000000,8291656039,744926384,9036582423
2,30000000,8301752358,746339978,9048092336
2,30000000,8297751732,744899123,9042650855
2,30000000,8268757377,765288374,9034045751
2,30000000,8310662970,745677526,9056340496
2,30000000,8305715750,743975483,9049691233
2,30000000,8289167251,745730990,9034898241
2,30000000,8356876076,751451968,9108328044
2,30000000,8307519381,744738868,9052258249
2,40000000,11225548906,989698804,12215247710
2,40000000,11264018329,993662054,12257680383
2,40000000,11255430786,992705668,12248136454
2,40000000,11272928962,993308665,12266237627
2,40000000,11265945115,995630118,12261575233
2,40000000,12794050963,1169578395,13963629358
2,40000000,11260667886,993122109,12253789995
2,40000000,11330686076,1001434141,12332120217
2,40000000,11258013715,993020473,12251034188
2,40000000,11262283516,994193306,12256476822
2,40000000,11230371055,1019536578,12249907633
2,40000000,11266014509,994147087,12260161596
2,40000000,11342619365,1001740244,12344359609
2,40000000,11263298791,994615740,12257914531
2,40000000,11258105682,993017613,12251123295
2,40000000,11260126741,992594170,12252720911
2,40000000,11278967296,990031009,12268998305
2,40000000,12480437097,1132226463,13612663560
2,40000000,11266886922,994941867,12261828789
2,40000000,11258337363,993153424,12251490787
2,40000000,11412851439,1013802592,12426654031
2,40000000,11399334891,1014632417,12413967308
2,40000000,11379743601,1012327671,12392071272
2,40000000,11321703778,1000581877,12322285655
2,40000000,11233125894,991287370,12224413264
2,40000000,11267047013,996459004,12263506017
2,40000000,12467600166,1137282915,13604883081
2,40000000,11263172421,992844070,12256016491
2,40000000,11269722353,993184587,12262906940
2,40000000,11262242188,992874578,12255116766
2,40000000,12479126691,1135561760,13614688451
2,40000000,11256278682,993701785,12249980467
2,40000000,11233092838,991665689,12224758527
2,40000000,11231914531,991939100,12223853631
2,40000000,11272771165,996003592,12268774757
2,40000000,11278186992,993489038,12271676030
2,40000000,11228500841,991112598,12219613439
2,40000000,11270415133,994640511,12265055644
2,40000000,11362767054,1000011252,12362778306
2,40000000,11334681414,999849596,12334531010
2,40000000,11260119895,993167477,12253287372
2,40000000,11265348215,995956205,12261304420
2,40000000,11231257184,1018375529,12249632713
2,40000000,11340921747,1000271652,12341193399
2,40000000,11334708131,1001149993,12335858124
2,40000000,11225984792,989331558,12215316350
2,40000000,11263243302,993928774,12257172076
2,40000000,12790860503,1168527690,13959388193
2,40000000,11266367601,995282723,12261650324
2,40000000,11244680720,989793126,12234473846
2,40000000,11271968127,996022961,12267991088
2,40000000,12448873477,1131056352,13579929829
2,40000000,11339395420,1000928472,12340323892
2,40000000,11262671049,993806288,12256477337
2,40000000,11249534652,992403902,12241938554
2,40000000,11346771643,1000749899,12347521542
2,40000000,11269488045,993918954,12263406999
2,40000000,11320052949,999761317,12319814266
2,40000000,11253711762,993472779,12247184541
2,40000000,11254577692,994061968,12248639660
2,40000000,11225745462,992210255,12217955717
2,40000000,11258452879,994591604,12253044483
2,40000000,11214546826,993113028,12207659854
2,40000000,11365407516,1015196662,12380604178
2,40000000,11245126493,993949958,12239076451
2,40000000,11235989987,990645738,12226635725
2,40000000,11229096011,991989941,12221085952
2,40000000,11232534587,990469425,12223004012
2,40000000,12462585054,1134939954,13597525008
2,40000000,11336010095,1000790088,12336800183
2,40000000,11225981791,1017962686,12243944477
2,40000000,11318922637,1001141355,12320063992
2,40000000,11223671420,989603140,12213274560
2,40000000,12770173440,1170797267,13940970707
2,40000000,12458915925,1135419990,13594335915
2,40000000,11265128968,1020161100,12285290068
2,40000000,11228489630,989383900,12217873530
2,40000000,11230345435,1019204536,12249549971
2,40000000,11329445053,999513212,12328958265
2,40000000,11255842218,992953973,12248796191
2,40000000,11358410871,1012217071,12370627942
2,40000000,11231442360,1018544073,12249986433
2,40000000,11219800717,990183076,12209983793
2,40000000,11335764420,1000594181,12336358601
2,40000000,11333781765,999393809,12333175574
2,40000000,11247012605,993427351,12240439956
2,40000000,12785280445,1169876548,13955156993
2,40000000,11262297514,992483272,12254780786
2,40000000,11363483491,1003293162,12366776653
2,40000000,11284406286,993583434,12277989720
2,40000000,11252385275,992748684,12245133959
2,40000000,12783637217,1171464962,13955102179
2,40000000,11333949311,1001030999,12334980310
2,40000000,11261051379,992425818,12253477197
2,40000000,12451007553,1135645559,13586653112
2,40000000,11227336189,1017327005,12244663194
2,40000000,12774714167,1168739808,13943453975
2,40000000,11248250158,993004335,12241254493
2,40000000,11279307704,993555919,12272863623
2,40000000,11262190317,993074157,12255264474
2,40000000,12789707502,1169888171,13959595673
2,40000000,11263444255,992844851,12256289106
2,40000000,11262877667,993261002,12256138669
2,40000000,12773888271,1170713093,13944601364
2,40000000,11340416303,999500351,12339916654
2,40000000,11251623117,992335712,12243958829
2,40000000,11286515282,993788521,12280303803
2,40000000,11272838617,990010962,12262849579
2,40000000,11236208919,989824881,12226033800
2,40000000,11234819152,1019273834,12254092986
2,40000000,11233083826,991385923,12224469749
2,40000000,11259371045,996056289,12255427334
2,40000000,11241310714,993512242,12234822956
2,40000000,11241234483,992486157,12233720640
2,40000000,11275864623,994676375,12270540998
2,50000000,15753681570,1419451705,17173133275
2,50000000,14248907122,1240510782,15489417904
2,50000000,14413345289,1248733142,15662078431
2,50000000,15734198868,1420550737,17154749605
2,50000000,14342506110,1250701658,15593207768
2,50000000,14252746794,1240923781,15493670575
2,50000000,14264844571,1244296033,15509140604
2,50000000,14361773055,1249486646,15611259701
2,50000000,14362302337,1250100051,15612402388
2,50000000,14330996919,1249609514,15580606433
2,50000000,14285759827,1243703487,15529463314
2,50000000,14364702158,1251440869,15616143027
2,50000000,14374118559,1251518723,15625637282
2,50000000,14279580169,1240176294,15519756463
2,50000000,14240922909,1240842778,15481765687
2,50000000,14214552917,1272568788,15487121705
2,50000000,14228354330,1239654104,15468008434
2,50000000,15764536336,1411346417,17175882753
2,50000000,14362152259,1249755223,15611907482
2,50000000,14365489977,1249959877,15615449854
2,50000000,14363138822,1249501702,15612640524
2,50000000,15760788798,1416287225,17177076023
2,50000000,14198872743,1237891404,15436764147
2,50000000,15760145049,1412353208,17172498257
2,50000000,14359205657,1250764876,15609970533
2,50000000,14358026997,1250438252,15608465249
2,50000000,14222285537,1239223653,15461509190
2,50000000,14253240477,1272019328,15525259805
2,50000000,15731058085,1413416827,17144474912
2,50000000,14350202831,1249108607,15599311438
2,50000000,14382694977,1252202417,15634897394
2,50000000,14246211604,1241118457,15487330061
2,50000000,14362709751,1250337013,15613046764
2,50000000,14230534094,1272941867,15503475961
2,50000000,14231620279,1238733524,15470353803
2,50000000,15770665801,1414990323,17185656124
2,50000000,14247174329,1271435179,15518609508
2,50000000,14363062592,1251015874,15614078466
2,50000000,15749647288,1416233873,17165881161
2,50000000,15752789684,1413292931,17166082615
2,50000000,14240656706,1239777321,15480434027
2,50000000,14331636067,1249737643,15581373710
2,50000000,14346715608,1252772358,15599487966
2,50000000,14368277128,1252076061,15620353189
2,50000000,14350524272,1250130937,15600655209
2,50000000,15762904038,1413123084,17176027122
2,50000000,14252079822,1271941885,15524021707
2,50000000,14219007705,1237660112,15456667817
2,50000000,14253402013,1241787232,15495189245
2,50000000,14328815990,1252404442,15581220432
2,50000000,14340079798,1249016981,15589096779
2,50000000,14327151634,1251422126,15578573760
2,50000000,15747446858,1411973915,17159420773
2,50000000,15738704544,1412909980,17151614524
2,50000000,15747165294,1413025875,17160191169
2,50000000,15757933854,1414553606,17172487460
2,50000000,14365478020,1249376348,15614854368
2,50000000,14227309036,1239140256,15466449292
2,50000000,14362114500,1249751582,15611866082
2,50000000,15740074432,1414714178,17154788610
2,50000000,14367385196,1251666566,15619051762
2,50000000,15743901730,1410134343,17154036073
2,50000000,14344031643,1252489208,15596520851
2,50000000,14363900719,1249726134,15613626853
2,50000000,15768408036,1411879902,17180287938
2,50000000,15775514328,1412934915,17188449243
2,50000000,15741719002,1413951524,17155670526
2,50000000,14364690722,1250942294,15615633016
2,50000000,15736365083,1414305939,17150671022
2,50000000,14257130808,1273660330,15530791138
2,50000000,14347174724,1250229462,15597404186
2,50000000,14358792384,1248532416,15607324800
2,50000000,14387282774,1248793978,15636076752
2,50000000,14366031611,1249556029,15615587640
2,50000000,14381241193,1251868404,15633109597
2,50000000,15750696362,1412015780,17162712142
2,50000000,14355664786,1250186521,15605851307
2,50000000,14372501546,1251293941,15623795487
2,50000000,15748230197,1408723861,17156954058
2,50000000,14348434444,1250254592,15598689036
2,50000000,14366923416,1250475829,15617399245
2,50000000,14214908525,1237442082,15452350607
2,50000000,14367481639,1252265739,15619747378
2,50000000,15741368568,1411407877,17152776445
2,50000000,14354942440,1249055719,15603998159
2,50000000,15774719873,1413934449,17188654322
2,50000000,14253549918,1241827607,15495377525
2,50000000,15748481520,1409548366,17158029886
2,50000000,14347771102,1253289138,15601060240
2,50000000,14367227058,1249091667,15616318725
2,50000000,14239410446,1272648645,15512059091
2,50000000,14358841289,1249033909,15607875198
2,50000000,14355434065,1249663596,15605097661
2,50000000,14334521573,1250088980,15584610553
2,50000000,14341496995,1251517359,15593014354
2,50000000,14364898203,1250749440,15615647643
2,50000000,14368709374,1248836031,15617545405
2,50000000,14358405496,1249676475,15608081971
2,50000000,15768588681,1413008084,17181596765
2,50000000,14353648999,1249066332,15602715331
2,50000000,14339659582,1248957321,15588616903
2,50000000,15748844982,1409699719,17158544701
2,50000000,15714535838,1410365451,17124901289
2,50000000,15733730222,1411016155,17144746377
2,50000000,14370513371,1251606429,15622119800
2,50000000,14345901728,1250240832,15596142560
2,50000000,15723472339,1413331374,17136803713
2,50000000,14340907667,1248954343,15589862010
2,50000000,15738829369,1412853221,17151682590
2,50000000,15748194561,1414345435,17162539996
2,50000000,14444265682,1249654934,15693920616
2,50000000,15740085002,1412779362,17152864364
2,50000000,15767548389,1411135565,17178683954
2,50000000,15733633981,1411102288,17144736269
2,50000000,14371233536,1250458339,15621691875
2,60000000,17416611100,1505399331,18922010431
2,60000000,17418498933,1499203686,18917702619
2,60000000,17282788149,1488654234,18771442383
2,60000000,17420585781,1499751380,18920337161
2,60000000,17434858772,1499352974,18934211746
2,60000000,19051964903,1691469244,20743434147
2,60000000,19690256660,1743562125,21433818785
2,60000000,17442961022,1500020342,18942981364
2,60000000,17441031114,1499121238,18940152352
2,60000000,19048575818,1691650715,20740226533
2,60000000,17217926766,1483876709,18701803475
2,60000000,17276683881,1530206537,18806890418
2,60000000,19101483714,1692300903,20793784617
2,60000000,17409338260,1500420561,18909758821
2,60000000,17287971000,1525741051,18813712051
2,60000000,17410332225,1499252290,18909584515
2,60000000,17449596081,1498778654,18948374735
2,60000000,17443313818,1499736130,18943049948
2,60000000,17421190302,1498522965,18919713267
2,60000000,19059132528,1695601081,20754733609
2,60000000,17414166684,1502680294,18916846978
2,60000000,17432084644,1498547717,18930632361
2,60000000,17257923140,1524568405,18782491545
2,60000000,17301484695,1491977001,18793461696
2,60000000,19055994589,1687499407,20743493996
2,60000000,19047100361,1691106460,20738206821
2,60000000,17428304330,1498793364,18927097694
2,60000000,17240004396,1528244353,18768248749
2,60000000,17407252314,1500478157,18907730471
2,60000000,17401090263,1498530544,18899620807
2,60000000,17427677622,1498867240,18926544862
2,60000000,19615616413,1747049872,21362666285
2,60000000,17428919271,1501572816,18930492087
2,60000000,17408657321,1498395049,18907052370
2,60000000,17414063281,1501971303,18916034584
2,60000000,17431856263,1500135327,18931991590
2,60000000,17390493658,1502560942,18893054600
2,60000000,19050405321,1688181756,20738587077
2,60000000,17401137987,1502745826,18903883813
2,60000000,19030534129,1693684273,20724218402
2,60000000,17518916813,1501177284,19020094097
2,60000000,19074438921,1693663733,20768102654
2,60000000,17423013389,1501288469,18924301858
2,60000000,19067130732,1695122879,20762253611
2,60000000,19041967494,1690665744,20732633238
2,60000000,17414561847,1499464631,18914026478
2,60000000,19690272161,1750644042,21440916203
2,60000000,17270901430,1490107217,18761008647
2,60000000,17296296603,1490037982,18786334585
2,60000000,19702232998,1755224515,21457457513
2,60000000,17410635665,1500066792,18910702457
2,60000000,19083666361,1691759407,20775425768
2,60000000,17408321786,1498455055,18906776841
2,60000000,17399293844,1498545321,18897839165
2,60000000,19097913532,1693203267,20791116799
2,60000000,17402701649,1500778140,18903479789
2,60000000,17407200806,1499210312,18906411118
2,60000000,17431702276,1504220848,18935923124
2,60000000,17431093395,1499574482,18930667877
2,60000000,17255457538,1523782560,18779240098
2,60000000,17253803769,1523075135,18776878904
2,60000000,17412923981,1498040649,18910964630
2,60000000,19057525526,1700913226,20758438752
2,60000000,17396435959,1497841803,18894277762
2,60000000,17416569292,1499836080,18916405372
2,60000000,17406444098,1500331687,18906775785
2,60000000,19080084210,1694467429,20774551639
2,60000000,17275265598,1488065369,18763330967
2,60000000,17278772536,1492601335,18771373871
2,60000000,17423224891,1499148879,18922373770
2,60000000,19684050521,1749410214,21433460735
2,60000000,19036867186,1691535613,20728402799
2,60000000,17374474389,1498924198,18873398587
2,60000000,17410663281,1499724599,18910387880
2,60000000,19062286252,1694887860,20757174112
2,60000000,17402120144,1499141725,18901261869
2,60000000,17238290656,1487272383,18725563039
2,60000000,19099787222,1693906845,20793694067
2,60000000,17274771906,1529513548,18804285454
2,60000000,17308049215,1526539771,18834588986
2,60000000,19719712404,1750756654,21470469058
2,60000000,17289436882,1488457657,18777894539
2,60000000,17298038878,1489293708,18787332586
2,60000000,17257471789,1524318179,18781789968
2,60000000,17405743343,1500867008,18906610351
2,60000000,19034868058,1689623734,20724491792
2,60000000,19660017648,1747293866,21407311514
2,60000000,17400991406,1499653948,18900645354
2,60000000,17433511276,1498936165,18932447441
2,60000000,19036238402,1689191294,20725429696
2,60000000,19070224842,1689776971,20760001813
2,60000000,19069345253,1689665815,20759011068
2,60000000,17395672296,1501169274,18896841570
2,60000000,19687570706,1753198597,21440769303
2,60000000,17269131752,1525859883,18794991635
2,60000000,17386352173,1500787267,18887139440
2,60000000,17401175060,1498936695,18900111755
2,60000000,17297915370,1488855970,18786771340
2,60000000,17434554395,1502692495,18937246890
2,60000000,17434179767,1500075161,18934254928
2,60000000,17411803496,1501958739,18913762235
2,60000000,17299797255,1490101348,18789898603
2,60000000,17406471943,1501058616,18907530559
2,60000000,19699345338,1748959213,21448304551
2,60000000,17404437528,1498766172,18903203700
2,60000000,17250724237,1486408583,18737132820
2,60000000,17407937109,1498583776,18906520885
2,60000000,17265052159,1490126824,18755178983
2,60000000,17402903025,1498597040,18901500065
2,60000000,19048592945,1694091162,20742684107
2,60000000,17388720302,1499639379,18888359681
2,60000000,17415722829,1500677372,18916400201
2,60000000,17418108743,1501289469,18919398212
2,60000000,17243010311,1485993423,18729003734
2,60000000,19737575654,1751944726,21489520380
2,70000000,23148476372,2045271777,25193748149
2,70000000,23164033209,2042931043,25206964252
2,70000000,23167770962,2043948119,25211719081
2,70000000,23168201492,2038316003,25206517495
2,70000000,20327880923,1779042422,22106923345
2,70000000,20483011986,1752542314,22235554300
2,70000000,23135565722,2038619070,25174184792
2,70000000,23169147162,2035540529,25204687691
2,70000000,20575656796,1753774806,22329431602
2,70000000,20572262679,1747897947,22320160626
2,70000000,20486967988,1748324512,22235292500
2,70000000,20490685456,1748886215,22239571671
2,70000000,20486611903,1750143905,22236755808
2,70000000,20306029291,1733925092,22039954383
2,70000000,23162079255,2042263066,25204342321
2,70000000,23172227060,2041577163,25213804223
2,70000000,20505919012,1749445282,22255364294
2,70000000,20268815867,1734169489,22002985356
2,70000000,23155605057,2043890217,25199495274
2,70000000,20518549653,1754187512,22272737165
2,70000000,22535645042,1978796069,24514441111
2,70000000,20519562783,1749249263,22268812046
2,70000000,20516376015,1747800208,22264176223
2,70000000,23167068453,2041200448,25208268901
2,70000000,20487383367,1748018475,22235401842
2,70000000,23165604049,2045782300,25211386349
2,70000000,20467977792,1747841041,22215818833
2,70000000,20492923322,1746847581,22239770903
2,70000000,20495624081,1751161742,22246785823
2,70000000,20475924197,1749533035,22225457232
2,70000000,20463038427,1749900965,22212939392
2,70000000,20456454965,1747311940,22203766905
2,70000000,20487595338,1747611113,22235206451
2,70000000,20320518685,1778158047,22098676732
2,70000000,20501485450,1757627572,22259113022
2,70000000,20299615356,1732059921,22031675277
2,70000000,20345999409,1737307714,22083307123
2,70000000,20378317660,1740323828,22118641488
2,70000000,20497408909,1750191790,22247600699
2,70000000,23170551881,2046727095,25217278976
2,70000000,23161504291,2042176369,25203680660
2,70000000,20523934596,1754503874,22278438470
2,70000000,20365916729,1737805993,22103722722
2,70000000,23092862731,2040409636,25133272367
2,70000000,20495619402,1752409311,22248028713
2,70000000,20358552475,1778676496,22137228971
2,70000000,23206608890,2041889211,25248498101
2,70000000,20497268912,1749019735,22246288647
2,70000000,20485432721,1751401832,22236834553
2,70000000,20479918337,1750854115,22230772452
2,70000000,20326913492,1782548382,22109461874
2,70000000,23177140879,2046394132,25223535011
2,70000000,20612392906,1751119725,22363512631
2,70000000,20503983448,1749836744,22253820192
2,70000000,20477097045,1750492299,22227589344
2,70000000,20522425089,1751262633,22273687722
2,70000000,20510646612,1749609892,22260256504
2,70000000,23180190571,2038285879,25218476450
2,70000000,20295598132,1729894111,22025492243
2,70000000,23179709534,2041161396,25220870930
2,70000000,23254300468,2043492015,25297792483
2,70000000,23198251778,2043562803,25241814581
2,70000000,23174098409,2040817904,25214916313
2,70000000,20476606895,1751172187,22227779082
2,70000000,20336567737,1780470321,22117038058
2,70000000,20487792864,1749588882,22237381746
2,70000000,20514789867,1748151223,22262941090
2,70000000,23170877442,2040506782,25211384224
2,70000000,20486442512,1749016762,22235459274
2,70000000,20513472129,1750644809,22264116938
2,70000000,23193841023,2041761144,25235602167
2,70000000,20544099355,1748599435,22292698790
2,70000000,22452572415,1971729519,24424301934
2,70000000,20512179625,1749319878,22261499503
2,70000000,23189344181,2039606960,25228951141
2,70000000,20517924829,1748417830,22266342659
2,70000000,22788960690,1976260086,24765220776
2,70000000,20402560945,1737629003,22140189948
2,70000000,20322023863,1736671113,22058694976
2,70000000,23168452113,2044562586,25213014699
2,70000000,20539793984,1749658913,22289452897
2,70000000,20514388229,1751456376,22265844605
2,70000000,20495631831,1749145496,22244777327
2,70000000,20500068411,1748434008,22248502419
2,70000000,23197673172,2043435403,25241108575
2,70000000,20534207321,1752432608,22286639929
2,70000000,23185060423,2034645930,25219706353
2,70000000,20495626911,1755911392,22251538303
2,70000000,20386894391,1781928288,22168822679
2,70000000,23214756696,2043836291,25258592987
2,70000000,20333334659,1779826283,22113160942
2,70000000,20286341660,1732240019,22018581679
2,70000000,20503114202,1748464744,22251578946
2,70000000,23198549100,2047286808,25245835908
2,70000000,20508492138,1747912234,22256404372
2,70000000,20518012018,1750063726,22268075744
2,70000000,20478949525,1748580439,22227529964
2,70000000,23168408784,2045084636,25213493420
2,70000000,23172122186,2038346820,25210469006
2,70000000,20470552626,1752277841,22222830467
2,70000000,20529711491,1748885099,22278596590
2,70000000,20510469887,1750080853,22260550740
2,70000000,20506203605,1749494519,22255698124
2,70000000,20475150492,1747843093,22222993585
2,70000000,20477122719,1751278942,22228401661
2,70000000,20471969259,1748740854,22220710113
2,70000000,23158086800,2043622240,25201709040
2,70000000,20493855344,1748143612,22241998956
2,70000000,20534533569,1752984679,22287518248
2,70000000,22498907224,1972392313,24471299537
2,70000000,20461154845,1747816796,22208971641
2,70000000,20519018540,1754291182,22273309722
2,70000000,20490841324,1750452690,22241294014
2,70000000,20495625031,1750655693,22246280724
2,70000000,20477375312,1749663306,22227038618
2,80000000,23595597690,2001346425,25596944115
2,80000000,23594643254,1997628904,25592272158
2,80000000,23605887361,2001384570,25607271931
2,80000000,26785552955,2336371136,29121924091
2,80000000,23564945690,1998617207,25563562897
2,80000000,26718330437,2335003828,29053334265
2,80000000,23436874079,2036398956,25473273035
2,80000000,23415090880,2034038625,25449129505
2,80000000,23637277839,2001842608,25639120447
2,80000000,26724097829,2332039853,29056137682
2,80000000,26645036187,2329506164,28974542351
2,80000000,23573272895,1999968678,25573241573
2,80000000,26633953072,2326078881,28960031953
2,80000000,23602622558,1999187354,25601809912
2,80000000,26652907481,2333797070,28986704551
2,80000000,23586719418,2000267981,25586987399
2,80000000,23607747473,2002618499,25610365972
2,80000000,23603817957,1996887409,25600705366
2,80000000,26708794323,2196521195,28905315518
2,80000000,26675021358,2331447866,29006469224
2,80000000,23366637200,1979704313,25346341513
2,80000000,26693709482,2333568378,29027277860
2,80000000,23439839637,1988412900,25428252537
2,80000000,26708368979,2331236491,29039605470
2,80000000,23611246894,2000914764,25612161658
2,80000000,23478726084,1984066670,25462792754
2,80000000,23612527250,2000152815,25612680065
2,80000000,23618661256,1997309420,25615970676
2,80000000,23641514899,2003488100,25645002999
2,80000000,26714331454,2336551468,29050882922
2,80000000,23397548836,2035776125,25433324961
2,80000000,23640944468,1999600266,25640544734
2,80000000,26750783756,2330783274,29081567030
2,80000000,23627561684,1997128858,25624690542
2,80000000,23578570764,1998699306,25577270070
2,80000000,23588711844,2000794317,25589506161
2,80000000,23608051757,1999895218,25607946975
2,80000000,23406017884,2031528216,25437546100
2,80000000,26694110245,2330993081,29025103326
2,80000000,23602118864,2003359866,25605478730
2,80000000,23604679315,1998254617,25602933932
2,80000000,23594961467,2000499499,25595460966
2,80000000,23621872128,2002575514,25624447642
2,80000000,26637768510,2328648967,28966417477
2,80000000,23585507666,1998781813,25584289479
2,80000000,23577584794,1999099732,25576684526
2,80000000,23629531923,2002786321,25632318244
2,80000000,26700144887,2326542492,29026687379
2,80000000,23569008690,1998057070,25567065760
2,80000000,23602259286,1997490475,25599749761
2,80000000,23581569545,2000468583,25582038128
2,80000000,23626919367,1998395224,25625314591
2,80000000,26658538125,2324023259,28982561384
2,80000000,23593830218,2006577730,25600407948
2,80000000,26666761948,2331979645,28998741593
2,80000000,23614044243,1998323420,25612367663
2,80000000,26704434278,2335042046,29039476324
2,80000000,23782653668,1997948905,25780602573
2,80000000,26727895794,2330571536,29058467330
2,80000000,23604027650,2001836837,25605864487
2,80000000,23666085417,2000033658,25666119075
2,80000000,23571422884,2001388956,25572811840
2,80000000,23632921226,2001190721,25634111947
2,80000000,23635039911,2006701130,25641741041
2,80000000,23606003202,1998787066,25604790268
2,80000000,23598595543,2000823934,25599419477
2,80000000,23606820628,2003601532,25610422160
2,80000000,23626666476,1998533850,25625200326
2,80000000,23401435191,2032959571,25434394762
2,80000000,26752530893,2325541149,29078072042
2,80000000,26683764696,2329358415,29013123111
2,80000000,23620767605,2004453468,25625221073
2,80000000,23601634056,1998157559,25599791615
2,80000000,26690818700,2335236787,29026055487
2,80000000,26729616434,2334236010,29063852444
2,80000000,23585943639,2000093916,25586037555
2,80000000,23634999170,2003934681,25638933851
2,80000000,26665317518,2325515078,28990832596
2,80000000,23376622619,1978795526,25355418145
2,80000000,26666114885,2333603589,28999718474
2,80000000,23649148971,2002188623,25651337594
2,80000000,23641476086,2000338928,25641815014
2,80000000,23455296104,1989283725,25444579829
2,80000000,23378200034,1978936342,25357136376
2,80000000,26697450741,2331871852,29029322593
2,80000000,26696003323,2334041568,29030044891
2,80000000,23646372015,2004913985,25651286000
2,80000000,23569028535,1999469543,25568498078
2,80000000,26735611567,2337771264,29073382831
2,80000000,26662558486,2328977580,28991536066
2,80000000,23379333375,2032105010,25411438385
2,80000000,26057407754,2260357350,28317765104
2,80000000,23610595598,2002823805,25613419403
2,80000000,23588412864,1999415789,25587828653
2,80000000,26696064947,2331325051,29027389998
2,80000000,23580782020,1999193297,25579975317
2,80000000,26708151001,2330083817,29038234818
2,80000000,23415687864,2034241833,25449929697
2,80000000,23595817076,2000395351,25596212427
2,80000000,26600548277,2326081862,28926630139
2,80000000,23602885115,2000767120,25603652235
2,80000000,26740962029,2333568795,29074530824
2,80000000,23595106909,2001908816,25597015725
2,80000000,26631881705,2322700745,28954582450
2,80000000,23590840448,2000335033,25591175481
2,80000000,26654543105,2324772288,28979315393
2,80000000,23610841813,2001718944,25612560757
2,80000000,23412020072,2031367758,25443387830
2,80000000,23589469057,1999654177,25589123234
2,80000000,23623761483,2003394386,25627155869
2,80000000,23618276051,2001798147,25620074198
2,80000000,23626496267,2003957171,25630453438
2,80000000,26713367997,2330607949,29043975946
2,80000000,26704214347,2330044703,29034259050
2,80000000,23417937210,2036065769,25454002979
2,90000000,26726687843,2251646545,28978334388
2,90000000,26528949315,2289237754,28818187069
2,90000000,26559559929,2237154991,28796714920
2,90000000,26782923742,2248913862,29031837604
2,90000000,30255367687,2628234991,32883602678
2,90000000,26709325823,2247758756,28957084579
2,90000000,26642922119,2226281082,28869203201
2,90000000,26758871517,2252363085,29011234602
2,90000000,30213907628,2531617979,32745525607
2,90000000,26572615034,2238593329,28811208363
2,90000000,26516454323,2289877330,28806331653
2,90000000,30248833691,2527940176,32776773867
2,90000000,30232765239,2628106959,32860872198
2,90000000,30244633594,2611315512,32855949106
2,90000000,26512363775,2285773819,28798137594
2,90000000,30213951493,2619103875,32833055368
2,90000000,26755604057,2249573551,29005177608
2,90000000,26575360126,2239126848,28814486974
2,90000000,26725974120,2255944618,28981918738
2,90000000,26577614207,2235974139,28813588346
2,90000000,26740232019,2250196196,28990428215
2,90000000,26739688679,2250442295,28990130974
2,90000000,26555448784,2232985974,28788434758
2,90000000,30201018423,2617782806,32818801229
2,90000000,26744268883,2252945414,28997214297
2,90000000,26752786220,2251691510,29004477730
2,90000000,26588196298,2236408859,28824605157
2,90000000,26559994875,2237962330,28797957205
2,90000000,26518820836,2283705641,28802526477
2,90000000,26822463599,2249969429,29072433028
2,90000000,26476358893,2229245196,28705604089
2,90000000,30181031999,2621922597,32802954596
2,90000000,26719045320,2249890849,28968936169
2,90000000,30223571025,2622576773,32846147798
2,90000000,30235619400,2623592433,32859211833
2,90000000,26770764862,2251337293,29022102155
2,90000000,26722709905,2250731211,28973441116
2,90000000,26491481031,2228804517,28720285548
2,90000000,30191647805,2624139682,32815787487
2,90000000,30212750319,2618350760,32831101079
2,90000000,26751461721,2249153644,29000615365
2,90000000,30249935953,2575339478,32825275431
2,90000000,26743795157,2250396438,28994191595
2,90000000,26560655331,2233663123,28794318454
2,90000000,26728992330,2251916601,28980908931
2,90000000,26526187516,2294599933,28820787449
2,90000000,26752500516,2253082067,29005582583
2,90000000,30146779057,2609894396,32756673453
2,90000000,26747735347,2248735199,28996470546
2,90000000,26748943322,2251236524,29000179846
2,90000000,26633401243,2234570222,28867971465
2,90000000,30209172442,2622587350,32831759792
2,90000000,30148137759,2365670130,32513807889
2,90000000,26739661696,2250031237,28989692933
2,90000000,26530946872,2282566734,28813513606
2,90000000,26739754657,2251523558,28991278215
2,90000000,30262564194,2616360481,32878924675
2,90000000,26711603693,2249204584,28960808277
2,90000000,26556905913,2286698748,28843604661
2,90000000,26742277067,2250340223,28992617290
2,90000000,26736168968,2251651480,28987820448
2,90000000,30170291889,2533069203,32703361092
2,90000000,26723923070,2251623491,28975546561
2,90000000,26720811464,2254116982,28974928446
2,90000000,26686415128,2247431752,28933846880
2,90000000,26558072978,2232817762,28790890740
2,90000000,26523375918,2287563153,28810939071
2,90000000,26537528792,2234839015,28772367807
2,90000000,26721749721,2247669803,28969419524
2,90000000,30223052684,2618596407,32841649091
2,90000000,26737205097,2250143325,28987348422
2,90000000,26833921108,2256141581,29090062689
2,90000000,30261863480,2620040033,32881903513
2,90000000,26721240594,2248043211,28969283805
2,90000000,30240208097,2618949508,32859157605
2,90000000,26486811835,2286139011,28772950846
2,90000000,26715788969,2251237858,28967026827
2,90000000,26740858189,2253378242,28994236431
2,90000000,26747152653,2252155032,28999307685
2,90000000,30201214616,2624998330,32826212946
2,90000000,26744858720,2250285759,28995144479
2,90000000,30219230509,2567646971,32786877480
2,90000000,26742733160,2249603841,28992337001
2,90000000,30204320862,2614513217,32818834079
2,90000000,26755443870,2248162159,29003606029
2,90000000,26730115835,2251028096,28981143931
2,90000000,26727447642,2249244658,28976692300
2,90000000,26720115157,2248946030,28969061187
2,90000000,26732011810,2252312891,28984324701
2,90000000,26600328655,2238542416,28838871071
2,90000000,26815469858,2252463673,29067933531
2,90000000,26737139175,2250118216,28987257391
2,90000000,26722182110,2253127041,28975309151
2,90000000,26521834612,2286917912,28808752524
2,90000000,30273250815,2617835987,32891086802
2,90000000,26532684124,2288863117,28821547241
2,90000000,26725127587,2248981074,28974108661
2,90000000,30193207948,2618226092,32811434040
2,90000000,26690773932,2249639947,28940413879
2,90000000,26735206099,2247881277,28983087376
2,90000000,26720208696,2249554748,28969763444
2,90000000,26763470536,2252688819,29016159355
2,90000000,26693671642,2248483019,28942154661
2,90000000,30174637218,2618797458,32793434676
2,90000000,26708851415,2248353487,28957204902
2,90000000,26751784530,2252522273,29004306803
2,90000000,26734594660,2250155704,28984750364
2,90000000,30206390261,2620050773,32826441034
2,90000000,26754653310,2252691956,29007345266
2,90000000,26782913128,2251888205,29034801333
2,90000000,26716825659,2248512299,28965337958
2,90000000,30134424836,2615289133,32749713969
2,90000000,26722857089,2250201611,28973058700
2,90000000,26765421266,2248465277,29013886543
2,90000000,30231230921,2615207468,32846438389
2,100000000,29959795511,2502587075,32462382586
2,100000000,33754951490,2910714824,36665666314
2,100000000,29660199730,2540496351,32200696081
2,100000000,29653613083,2484031724,32137644807
2,100000000,29898544905,2498133447,32396678352
2,100000000,29897064228,2500429954,32397494182
2,100000000,29886007276,2501131798,32387139074
2,100000000,29935040455,2500095513,32435135968
2,100000000,33747139644,2906576788,36653716432
2,100000000,29856726416,2499474743,32356201159
2,100000000,29657140225,2536516889,32193657114
2,100000000,29834680447,2501712740,32336393187
2,100000000,29682079122,2485339248,32167418370
2,100000000,29943005215,2500923252,32443928467
2,100000000,29887197358,2501694179,32388891537
2,100000000,33158779239,2519640927,35678420166
2,100000000,29913648877,2498215875,32411864752
2,100000000,33601853531,2814144374,36415997905
2,100000000,29912099632,2500467830,32412567462
2,100000000,29692053703,2481624199,32173677902
2,100000000,29927407490,2501607962,32429015452
2,100000000,33818540421,2914800154,36733340575
2,100000000,29809057543,2540475615,32349533158
2,100000000,33784445239,2912492274,36696937513
2,100000000,33266665184,2523574227,35790239411
2,100000000,29933053460,2508072824,32441126284
2,100000000,33791590496,2910283247,36701873743
2,100000000,29677633802,2481671435,32159305237
2,100000000,29884374296,2499909253,32384283549
2,100000000,29921374685,2504522286,32425896971
2,100000000,33844062436,2910026263,36754088699
2,100000000,33708099453,2906338623,36614438076
2,100000000,29876892692,2500032772,32376925464
2,100000000,29863702092,2499493813,32363195905
2,100000000,29900626463,2500902213,32401528676
2,100000000,33696021025,2811109430,36507130455
2,100000000,29688904773,2481759716,32170664489
2,100000000,29884168027,2503403487,32387571514
2,100000000,33579794357,2818478906,36398273263
2,100000000,29702356037,2541075130,32243431167
2,100000000,33747302028,2907379778,36654681806
2,100000000,29912839304,2498259504,32411098808
2,100000000,29926462972,2499160289,32425623261
2,100000000,29677979476,2481709693,32159689169
2,100000000,29611737405,2537519649,32149257054
2,100000000,30024167066,2505121046,32529288112
2,100000000,29898912927,2499892961,32398805888
2,100000000,29858793710,2503660636,32362454346
2,100000000,33706966728,2903678521,36610645249
2,100000000,29625752418,2473808166,32099560584
2,100000000,29836827580,2500427516,32337255096
2,100000000,29915696856,2505318424,32421015280
2,100000000,33804411810,2910602132,36715013942
2,100000000,29695720169,2485598983,32181319152
2,100000000,33818581265,2818627991,36637209256
2,100000000,29709339733,2484058900,32193398633
2,100000000,33734944063,2814290456,36549234519
2,100000000,29689371737,2482803005,32172174742
2,100000000,29871174501,2499268783,32370443284
2,100000000,33830183674,2909817070,36740000744
2,100000000,29915316349,2503900464,32419216813
2,100000000,29893633696,2498351608,32391985304
2,100000000,33765927843,2912989203,36678917046
2,100000000,29891225928,2500376295,32391602223
2,100000000,29894199871,2502207600,32396407471
2,100000000,29863777020,2503333606,32367110626
2,100000000,29866665881,2503063767,32369729648
2,100000000,29894069434,2503590631,32397660065
2,100000000,29879962803,2498774439,32378737242
2,100000000,29649686307,2549450913,32199137220
2,100000000,29835518497,2497079745,32332598242
2,100000000,29830723368,2499067118,32329790486
2,100000000,29901187791,2503036354,32404224145
2,100000000,29893890697,2499365783,32393256480
2,100000000,29876284279,2496336396,32372620675
2,100000000,33685391909,2817435057,36502826966
2,100000000,29932322356,2497492428,32429814784
2,100000000,33817921940,2911605311,36729527251
2,100000000,33860371700,2915778717,36776150417
2,100000000,29954892690,2499407674,32454300364
2,100000000,29887159805,2508626741,32395786546
2,100000000,33687976408,2906198662,36594175070
2,100000000,29891842301,2498884813,32390727114
2,100000000,33146329488,2822038698,35968368186
2,100000000,29910301937,2502749400,32413051337
2,100000000,29932644060,2498430261,32431074321
2,100000000,29860728001,2500004073,32360732074
2,100000000,29944100976,2498258376,32442359352
2,100000000,29854007944,2502233191,32356241135
2,100000000,29865246943,2501431811,32366678754
2,100000000,29850494325,2501232348,32351726673
2,100000000,29623105078,2477249139,32100354217
2,100000000,29951143945,2501639455,32452783400
2,100000000,29648064321,2538711228,32186775549
2,100000000,33766445267,2908217168,36674662435
2,100000000,29907075712,2498216329,32405292041
2,100000000,29844356119,2501463381,32345819500
2,100000000,29883615732,2500850558,32384466290
2,100000000,29874280884,2504973545,32379254429
2,100000000,33727480008,2818623156,36546103164
2,100000000,29880624404,2500465715,32381090119
2,100000000,29628671344,2473239017,32101910361
2,100000000,29835993908,2499761472,32335755380
2,100000000,29880071873,2497640426,32377712299
2,100000000,29915195662,2503432884,32418628546
2,100000000,33824748460,2913454058,36738202518
2,100000000,29672054141,2538869615,32210923756
2,100000000,33689528298,2811084357,36500612655
2,100000000,29839471357,2499148968,32338620325
2,100000000,29904400733,2499858345,32404259078
2,100000000,33788373742,2907598389,36695972131
2,100000000,33819408302,2911786144,36731194446
2,100000000,29908010507,2503044786,32411055293
2,100000000,29871772250,2502090135,32373862385
2,100000000,33815423954,2907149325,36722573279
4,1000,196492,48283,244775
4,1000,244223,166986,411209
4,1000,236938,63847,300785
4,1000,286597,53659,340256
4,1000,219341,45339,264680
4,1000,303432,47415,350847
4,1000,306938,47816,354754
4,1000,285975,48196,334171
4,1000,238007,59367,297374
4,1000,177989,52255,230244
4,1000,210402,48004,258406
4,1000,309414,47796,357210
4,1000,277568,54608,332176
4,1000,245313,48218,293531
4,1000,235858,48453,284311
4,1000,225274,47490,272764
4,1000,210443,64018,274461
4,1000,197414,49051,246465
4,1000,409912,49132,459044
4,1000,213040,95323,308363
4,1000,220211,46191,266402
4,1000,303032,47200,350232
4,1000,294103,47372,341475
4,1000,303367,46505,349872
4,1000,297366,46558,343924
4,1000,255178,47941,303119
4,1000,264041,46840,310881
4,1000,244071,46747,290818
4,1000,219060,45721,264781
4,1000,279941,62534,342475
4,1000,240360,48878,289238
4,1000,318897,46951,365848
4,1000,232356,46970,279326
4,1000,244166,53271,297437
4,1000,204742,64849,269591
4,1000,235279,49969,285248
4,1000,197368,115928,313296
4,1000,230435,47427,277862
4,1000,217917,48280,266197
4,1000,306918,49578,356496
4,1000,234018,53638,287656
4,1000,363065,54269,417334
4,1000,357707,47806,405513
4,1000,249069,47776,296845
4,1000,326668,48549,375217
4,1000,242423,51740,294163
4,1000,359108,54049,413157
4,1000,216703,46471,263174
4,1000,308542,49646,358188
4,1000,236367,47663,284030
4,1000,295968,58045,354013
4,1000,196320,47918,244238
4,1000,307844,91120,398964
4,1000,239049,55580,294629
4,1000,249115,48826,297941
4,1000,237299,46299,283598
4,1000,269931,46986,316917
4,1000,236274,67013,303287
4,1000,242139,57458,299597
4,1000,236826,47367,284193
4,1000,239943,48043,287986
4,1000,309312,50925,360237
4,1000,287531,46439,333970
4,1000,230112,50087,280199
4,1000,232962,47399,280361
4,1000,313007,48030,361037
4,1000,260845,51728,312573
4,1000,195497,49845,245342
4,1000,234529,46371,280900
4,1000,203400,48653,252053
4,1000,233093,48097,281190
4,1000,304741,50866,355607
4,1000,270577,51259,321836
4,1000,222486,47393,269879
4,1000,205058,63535,268593
4,1000,262956,48512,311468
4,1000,246032,161801,407833
4,1000,310158,47594,357752
4,1000,206701,50175,256876
4,1000,208857,46239,255096
4,1000,225734,48943,274677
4,1000,235403,46586,281989
4,1000,286083,48131,334214
4,1000,306211,53216,359427
4,1000,271158,49322,320480
4,1000,223752,110116,333868
4,1000,282868,89758,372626
4,1000,266140,64088,330228
4,1000,248810,53068,301878
4,1000,250325,52987,303312
4,1000,231187,48401,279588
4,1000,370039,60249,430288
4,1000,237961,47009,284970
4,1000,329772,55243,385015
4,1000,242329,49287,291616
4,1000,197805,48438,246243
4,1000,300756,52658,353414
4,1000,221090,49063,270153
4,1000,356849,49257,406106
4,1000,244835,47709,292544
4,1000,237055,51041,288096
4,1000,248930,47715,296645
4,1000,240156,47462,287618
4,1000,255914,158361,414275
4,1000,244692,50477,295169
4,1000,266091,48761,314852
4,1000,310418,48922,359340
4,1000,247849,51005,298854
4,1000,244632,92885,337517
4,1000,239898,151982,391880
4,1000,222229,46803,269032
4,1000,231899,47336,279235
4,1000,252785,209227,462012
4,1000,295220,59094,354314
4,1000,214713,48326,263039
4,2000,401187,93393,494580
4,2000,465557,87029,552586
4,2000,511131,98837,609968
4,2000,545014,88229,633243
4,2000,352430,89737,442167
4,2000,480718,105285,586003
4,2000,518532,92735,611267
4,2000,524531,93339,617870
4,2000,372085,89357,461442
4,2000,461236,93777,555013
4,2000,365870,88181,454051
4,2000,433894,106079,539973
4,2000,424299,94813,519112
4,2000,414901,219082,633983
4,2000,405803,88234,494037
4,2000,466833,99310,566143
4,2000,374478,88512,462990
4,2000,384247,86115,470362
4,2000,448420,253155,701575
4,2000,469176,96325,565501
4,2000,443303,93592,536895
4,2000,394278,134310,528588
4,2000,484002,95050,579052
4,2000,372065,85801,457866
4,2000,355443,92878,448321
4,2000,423696,97031,520727
4,2000,492147,94896,587043
4,2000,451908,95155,547063
4,2000,373477,85019,458496
4,2000,436493,94043,530536
4,2000,393746,95304,489050
4,2000,487138,98480,585618
4,2000,495169,93760,588929
4,2000,381797,86196,467993
4,2000,455069,95884,550953
4,2000,438314,94094,532408
4,2000,379027,205719,584746
4,2000,412160,91784,503944
4,2000,492345,99685,592030
4,2000,436188,102006,538194
4,2000,425690,97394,523084
4,2000,496724,96990,593714
4,2000,368538,93856,462394
4,2000,421308,94786,516094
4,2000,370051,111660,481711
4,2000,398606,87968,486574
4,2000,373683,90466,464149
4,2000,428473,102384,530857
4,2000,401988,90000,491988
4,2000,515838,87122,602960
4,2000,395403,125736,521139
4,2000,469116,142718,611834
4,2000,386943,191115,578058
4,2000,369437,87421,456858
4,2000,392888,84311,477199
4,2000,505374,101833,607207
4,2000,490851,96164,587015
4,2000,360836,99136,459972
4,2000,385896,175989,561885
4,2000,382495,89268,471763
4,2000,368097,98246,466343
4,2000,357442,95938,453380
4,2000,409569,117193,526762
4,2000,379203,113944,493147
4,2000,413695,94678,508373
4,2000,375900,89063,464963
4,2000,378211,86708,464919
4,2000,386036,89735,475771
4,2000,472378,96927,569305
4,2000,392006,98739,490745
4,2000,453632,92771,546403
4,2000,341206,207977,549183
4,2000,389601,93082,482683
4,2000,390919,87214,478133
4,2000,465226,90815,556041
4,2000,389102,95203,484305
4,2000,352691,96482,449173
4,2000,518986,97026,616012
4,2000,327591,94160,421751
4,2000,376586,85837,462423
4,2000,543880,88065,631945
4,2000,392131,85510,477641
4,2000,382745,104848,487593
4,2000,443262,95750,539012
4,2000,379805,86557,466362
4,2000,367325,112607,479932
4,2000,415038,94856,509894
4,2000,434601,91848,526449
4,2000,410422,93945,504367
4,2000,329349,90722,420071
4,2000,294329,88884,383213
4,2000,461969,92044,554013
4,2000,452371,103299,555670
4,2000,371598,96827,468425
4,2000,367760,98239,465999
4,2000,375854,88309,464163
4,2000,375513,87505,463018
4,2000,329665,95591,425256
4,2000,417492,97884,515376
4,2000,427687,88302,515989
4,2000,496943,94190,591133
4,2000,434997,84941,519938
4,2000,343359,92386,435745
4,2000,384616,87907,472523
4,2000,292693,86909,379602
4,2000,428244,94248,522492
4,2000,439809,95492,535301
4,2000,360415,95035,455450
4,2000,371733,102888,474621
4,2000,470765,85631,556396
4,2000,489699,98275,587974
4,2000,418351,90701,509052
4,2000,487631,94949,582580
4,2000,438427,92269,530696
4,2000,369590,85990,455580
4,3000,519656,142909,662565
4,3000,482212,136983,619195
4,3000,543444,133890,677334
4,3000,457209,2064690,2521899
4,3000,523896,141059,664955
4,3000,570417,138872,709289
4,3000,426691,150724,577415
4,3000,456829,137494,594323
4,3000,552697,136358,689055
4,3000,423231,151966,575197
4,3000,437791,2095836,2533627
4,3000,511490,133017,644507
4,3000,476068,138299,614367
4,3000,543795,134707,678502
4,3000,537748,134228,671976
4,3000,406355,127889,534244
4,3000,381584,2358697,2740281
4,3000,556291,142646,698937
4,3000,564052,144054,708106
4,3000,446116,2151379,2597495
4,3000,527738,2105245,2632983
4,3000,539514,133123,672637
4,3000,527530,139720,667250
4,3000,519249,136665,655914
4,3000,545246,147772,693018
4,3000,461035,2175123,2636158
4,3000,475158,138382,613540
4,3000,552508,134831,687339
4,3000,2289376,130413,2419789
4,3000,629556,139777,769333
4,3000,459154,136518,595672
4,3000,525545,143979,669524
4,3000,563559,133475,697034
4,3000,508282,133168,641450
4,3000,515159,137398,652557
4,3000,468362,136203,604565
4,3000,637007,1844048,2481055
4,3000,2591371,134079,2725450
4,3000,447243,2267294,2714537
4,3000,491590,286747,778337
4,3000,499155,138858,638013
4,3000,474914,162658,637572
4,3000,443809,150885,594694
4,3000,478817,134297,613114
4,3000,579348,133973,713321
4,3000,548285,145338,693623
4,3000,556273,135063,691336
4,3000,545583,140242,685825
4,3000,545728,131173,676901
4,3000,501842,152564,654406
4,3000,545119,146625,691744
4,3000,537893,145145,683038
4,3000,490273,153927,644200
4,3000,572597,133941,706538
4,3000,447497,830871,1278368
4,3000,603850,138687,742537
4,3000,594171,137409,731580
4,3000,424079,158422,582501
4,3000,539969,131011,670980
4,3000,613925,143970,757895
4,3000,475574,133081,608655
4,3000,450609,135101,585710
4,3000,504898,2027993,2532891
4,3000,536595,134533,671128
4,3000,548540,147626,696166
4,3000,479302,550812,1030114
4,3000,504309,132502,636811
4,3000,479184,132954,612138
4,3000,592756,346651,939407
4,3000,538076,131976,670052
4,3000,617413,141097,758510
4,3000,572516,134114,706630
4,3000,531451,137409,668860
4,3000,455721,137739,593460
4,3000,488332,129981,618313
4,3000,608688,132891,741579
4,3000,550256,134055,684311
4,3000,418794,2527729,2946523
4,3000,603620,133235,736855
4,3000,548618,148011,696629
4,3000,540390,141107,681497
4,3000,584942,140707,725649
4,3000,462192,371234,833426
4,3000,507957,141920,649877
4,3000,599908,134560,734468
4,3000,448368,142665,591033
4,3000,549180,144836,694016
4,3000,413843,128179,542022
4,3000,485135,156044,641179
4,3000,509328,139935,649263
4,3000,547037,144211,691248
4,3000,538268,138730,676998
4,3000,493289,133388,626677
4,3000,443663,158871,602534
4,3000,556184,128520,684704
4,3000,2752729,128690,2881419
4,3000,560341,134198,694539
4,3000,485270,131954,617224
4,3000,526138,208241,734379
4,3000,520461,135952,656413
4,3000,518097,136855,654952
4,3000,450880,159206,610086
4,3000,423697,135078,558775
4,3000,585111,134737,719848
4,3000,524578,137377,661955
4,3000,500848,143916,644764
4,3000,533764,1779258,2313022
4,3000,511449,133598,645047
4,3000,431304,151388,582692
4,3000,458169,130644,588813
4,3000,516832,133128,649960
4,3000,451391,296757,748148
4,3000,434974,130776,565750
4,3000,466963,133376,600339
4,3000,611343,127544,738887
4,4000,581083,167815,748898
4,4000,577727,240354,818081
4,4000,665627,252938,918565
4,4000,639944,254305,894249
4,4000,2551904,187083,2738987
4,4000,630640,216373,847013
4,4000,535476,173170,708646
4,4000,706040,177135,883175
4,4000,2430452,167469,2597921
4,4000,2540015,169286,2709301
4,4000,580169,226894,807063
4,4000,2494573,168237,2662810
4,4000,582643,324341,906984
4,4000,733782,164679,898461
4,4000,708741,182409,891150
4,4000,570172,233500,803672
4,4000,723317,176667,899984
4,4000,589817,200345,790162
4,4000,608856,174634,783490
4,4000,713724,194597,908321
4,4000,581615,241688,823303
4,4000,564341,256226,820567
4,4000,690198,187946,878144
4,4000,564367,225954,790321
4,4000,2322648,179528,2502176
4,4000,733013,170107,903120
4,4000,571841,194166,766007
4,4000,837043,232593,1069636
4,4000,724026,179789,903815
4,4000,647656,290268,937924
4,4000,560752,238800,799552
4,4000,581604,242882,824486
4,4000,553054,209748,762802
4,4000,559522,228935,788457
4,4000,580651,240709,821360
4,4000,597507,245696,843203
4,4000,736558,171840,908398
4,4000,733088,181834,914922
4,4000,735492,170413,905905
4,4000,576980,223078,800058
4,4000,708891,188501,897392
4,4000,564706,227480,792186
4,4000,633698,229521,863219
4,4000,573623,208829,782452
4,4000,592415,214835,807250
4,4000,3490395,170545,3660940
4,4000,731650,168005,899655
4,4000,583495,323386,906881
4,4000,2479531,166490,2646021
4,4000,570628,225764,796392
4,4000,592899,216561,809460
4,4000,585448,211929,797377
4,4000,584409,228556,812965
4,4000,613147,227968,841115
4,4000,566955,224090,791045
4,4000,584046,222906,806952
4,4000,563765,225802,789567
4,4000,563397,222723,786120
4,4000,721091,173641,894732
4,4000,691273,208373,899646
4,4000,582945,201415,784360
4,4000,589806,235408,825214
4,4000,567537,236282,803819
4,4000,2219221,179289,2398510
4,4000,623300,329451,952751
4,4000,749513,167357,916870
4,4000,593331,240488,833819
4,4000,587414,194729,782143
4,4000,660755,168451,829206
4,4000,650899,358814,1009713
4,4000,711361,176447,887808
4,4000,577851,232946,810797
4,4000,732794,174647,907441
4,4000,574111,236458,810569
4,4000,719055,232552,951607
4,4000,574021,232742,806763
4,4000,581240,174636,755876
4,4000,625024,248269,873293
4,4000,2917962,167539,3085501
4,4000,562911,223745,786656
4,4000,653064,231732,884796
4,4000,656252,253887,910139
4,4000,549613,225387,775000
4,4000,731994,169736,901730
4,4000,581142,245430,826572
4,4000,574770,224045,798815
4,4000,739203,166774,905977
4,4000,643923,364336,1008259
4,4000,572831,181656,754487
4,4000,572307,236684,808991
4,4000,583457,238549,822006
4,4000,558566,222336,780902
4,4000,1969916,185139,2155055
4,4000,661657,212910,874567
4,4000,564860,226730,791590
4,4000,642442,243949,886391
4,4000,575408,212983,788391
4,4000,737527,181393,918920
4,4000,599622,267838,867460
4,4000,744158,177134,921292
4,4000,585808,231234,817042
4,4000,564925,241276,806201
4,4000,580199,242020,822219
4,4000,571315,227310,798625
4,4000,740558,166596,907154
4,4000,734823,169922,904745
4,4000,734892,165907,900799
4,4000,604210,196479,800689
4,4000,643671,229598,873269
4,4000,721938,168303,890241
4,4000,728045,246817,974862
4,4000,570247,226784,797031
4,4000,566223,172227,738450
4,4000,3406343,167835,3574178
4,4000,726741,168878,895619
4,5000,2655116,202431,2857547
4,5000,863829,202285,1066114
4,5000,681791,307193,988984
4,5000,709906,222775,932681
4,5000,691193,541292,1232485
4,5000,685668,267729,953397
4,5000,692046,287515,979561
4,5000,711741,217621,929362
4,5000,667019,281434,948453
4,5000,2555446,218159,2773605
4,5000,2474575,207985,2682560
4,5000,716047,234741,950788
4,5000,857247,266197,1123444
4,5000,882924,259081,1142005
4,5000,691228,278153,969381
4,5000,696758,238864,935622
4,5000,2648639,208919,2857558
4,5000,857833,266200,1124033
4,5000,856307,271765,1128072
4,5000,856566,275759,1132325
4,5000,658592,214915,873507
4,5000,656951,271565,928516
4,5000,2815506,204307,3019813
4,5000,661855,256065,917920
4,5000,694910,224996,919906
4,5000,717087,466261,1183348
4,5000,692507,320771,1013278
4,5000,2562493,205204,2767697
4,5000,907434,276618,1184052
4,5000,2627948,217211,2845159
4,5000,678217,282501,960718
4,5000,840943,279812,1120755
4,5000,697984,268741,966725
4,5000,1193462,213448,1406910
4,5000,684722,293244,977966
4,5000,856196,243921,1100117
4,5000,684301,233347,917648
4,5000,692547,226205,918752
4,5000,702969,276907,979876
4,5000,3044324,211097,3255421
4,5000,712998,276860,989858
4,5000,686322,219793,906115
4,5000,702441,215729,918170
4,5000,885098,280854,1165952
4,5000,709170,274957,984127
4,5000,684860,287794,972654
4,5000,673072,277677,950749
4,5000,2771351,227344,2998695
4,5000,710164,276571,986735
4,5000,704357,237149,941506
4,5000,2830368,213859,3044227
4,5000,701706,277105,978811
4,5000,681344,265991,947335
4,5000,666351,272021,938372
4,5000,1848759,203499,2052258
4,5000,699259,225583,924842
4,5000,695784,261784,957568
4,5000,682225,221045,903270
4,5000,671982,271211,943193
4,5000,788390,2267410,3055800
4,5000,715074,208225,923299
4,5000,685257,225354,910611
4,5000,699126,271593,970719
4,5000,908032,2098198,3006230
4,5000,702415,234519,936934
4,5000,2002849,215699,2218548
4,5000,2605834,204156,2809990
4,5000,688395,282813,971208
4,5000,892025,272933,1164958
4,5000,676218,338033,1014251
4,5000,2535118,204816,2739934
4,5000,1434866,220299,1655165
4,5000,658252,276629,934881
4,5000,2584533,207111,2791644
4,5000,720278,244826,965104
4,5000,708858,243540,952398
4,5000,714108,277464,991572
4,5000,863850,568849,1432699
4,5000,708320,275686,984006
4,5000,674027,268952,942979
4,5000,671588,246745,918333
4,5000,3482758,208267,3691025
4,5000,696467,217910,914377
4,5000,678766,287751,966517
4,5000,675763,278404,954167
4,5000,2668349,215213,2883562
4,5000,678340,266655,944995
4,5000,672595,277923,950518
4,5000,666629,262955,929584
4,5000,673304,253993,927297
4,5000,1487504,203073,1690577
4,5000,674981,274342,949323
4,5000,701319,294394,995713
4,5000,933112,224005,1157117
4,5000,688049,218385,906434
4,5000,703163,263322,966485
4,5000,2544117,213075,2757192
4,5000,675936,282140,958076
4,5000,1325227,221747,1546974
4,5000,843006,257023,1100029
4,5000,676371,278783,955154
4,5000,681371,269591,950962
4,5000,694734,245381,940115
4,5000,791710,272564,1064274
4,5000,684047,279428,963475
4,5000,1435311,236087,1671398
4,5000,667599,305007,972606
4,5000,860182,1211458,2071640
4,5000,788156,269476,1057632
4,5000,686685,270614,957299
4,5000,696454,278020,974474
4,5000,677972,282120,960092
4,5000,1295930,207818,1503748
4,5000,697105,269307,966412
4,5000,689848,280318,970166
4,6000,3398155,278806,3676961
4,6000,1310434,271195,1581629
4,6000,1343286,254328,1597614
4,6000,1625873,255995,1881868
4,6000,2959408,412772,3372180
4,6000,1308629,260452,1569081
4,6000,2675676,240876,2916552
4,6000,3295606,275583,3571189
4,6000,1569341,247561,1816902
4,6000,2462310,253715,2716025
4,6000,1811904,275947,2087851
4,6000,1613138,256970,1870108
4,6000,1277882,252488,1530370
4,6000,1167656,269199,1436855
4,6000,1225995,299231,1525226
4,6000,2734991,359893,3094884
4,6000,1769937,248813,2018750
4,6000,1351524,256091,1607615
4,6000,1149365,251261,1400626
4,6000,1885883,406116,2291999
4,6000,1532800,257724,1790524
4,6000,1157252,446886,1604138
4,6000,1275547,266797,1542344
4,6000,1223725,263349,1487074
4,6000,3293068,277392,3570460
4,6000,955087,252458,1207545
4,6000,3301744,270165,3571909
4,6000,2720166,256106,2976272
4,6000,1725167,244976,1970143
4,6000,3309864,277466,3587330
4,6000,1345270,267398,1612668
4,6000,3265979,279260,3545239
4,6000,1574914,261349,1836263
4,6000,1666269,249381,1915650
4,6000,3215372,278899,3494271
4,6000,3231504,280585,3512089
4,6000,1481325,247610,1728935
4,6000,3318006,277910,3595916
4,6000,3215672,267686,3483358
4,6000,2578054,408289,2986343
4,6000,3082063,244279,3326342
4,6000,1870955,469021,2339976
4,6000,2907695,281034,3188729
4,6000,1159859,257218,1417077
4,6000,1375914,339599,1715513
4,6000,3337226,277010,3614236
4,6000,1410321,274963,1685284
4,6000,1656044,599830,2255874
4,6000,1265418,251465,1516883
4,6000,2615478,267861,2883339
4,6000,3023812,248946,3272758
4,6000,2424613,461034,2885647
4,6000,1495238,255671,1750909
4,6000,2744220,244159,2988379
4,6000,1427341,251282,1678623
4,6000,1197230,260808,1458038
4,6000,2843440,259636,3103076
4,6000,1315380,245208,1560588
4,6000,1332445,269201,1601646
4,6000,1433009,270036,1703045
4,6000,1629202,252834,1882036
4,6000,2545502,245706,2791208
4,6000,2846461,258885,3105346
4,6000,1074335,260013,1334348
4,6000,1535911,311832,1847743
4,6000,1185096,259758,1444854
4,6000,1774396,244417,2018813
4,6000,1496270,250590,1746860
4,6000,1820968,280878,2101846
4,6000,3356707,258536,3615243
4,6000,1836576,257494,2094070
4,6000,1874392,270358,2144750
4,6000,1343562,249763,1593325
4,6000,1403921,262305,1666226
4,6000,1308873,264148,1573021
4,6000,3281262,271393,3552655
4,6000,2754622,266247,3020869
4,6000,3235054,272684,3507738
4,6000,1885384,289386,2174770
4,6000,3347216,276266,3623482
4,6000,1091007,254310,1345317
4,6000,2852521,263416,3115937
4,6000,1985814,265054,2250868
4,6000,1322005,266707,1588712
4,6000,1629095,249682,1878777
4,6000,3332425,268238,3600663
4,6000,2707672,428698,3136370
4,6000,1245559,250914,1496473
4,6000,2241888,251141,2493029
4,6000,1037638,291459,1329097
4,6000,1582649,273744,1856393
4,6000,3055006,401525,3456531
4,6000,1292554,254576,1547130
4,6000,1157763,300269,1458032
4,6000,3246081,275948,3522029
4,6000,1474134,258259,1732393
4,6000,1525704,268484,1794188
4,6000,3325414,278344,3603758
4,6000,2126654,303734,2430388
4,6000,3368363,276019,3644382
4,6000,1363239,250239,1613478
4,6000,2269310,267884,2537194
4,6000,1209201,248900,1458101
4,6000,3216781,274294,3491075
4,6000,1596286,253420,1849706
4,6000,3441458,283558,3725016
4,6000,2517992,253678,2771670
4,6000,1968718,466764,2435482
4,6000,3434943,269949,3704892
4,6000,3212135,268788,3480923
4,6000,1609852,251360,1861212
4,6000,2423831,254246,2678077
4,6000,1623475,253711,1877186
4,6000,1472361,244385,1716746
4,6000,1419068,254363,1673431
4,7000,3282174,335816,3617990
4,7000,3499700,302129,3801829
4,7000,1426500,303646,1730146
4,7000,1641215,300867,1942082
4,7000,3083082,306989,3390071
4,7000,2645720,420648,3066368
4,7000,2607631,317657,2925288
4,7000,3396675,314082,3710757
4,7000,2909809,328088,3237897
4,7000,3619891,307971,3927862
4,7000,3547379,315633,3863012
4,7000,3289723,511156,3800879
4,7000,2972902,476867,3449769
4,7000,3505069,323199,3828268
4,7000,3602453,336419,3938872
4,7000,3370020,326903,3696923
4,7000,3331505,319321,3650826
4,7000,1575464,296922,1872386
4,7000,3493427,295586,3789013
4,7000,2963966,315964,3279930
4,7000,3308826,317506,3626332
4,7000,1934949,310163,2245112
4,7000,1340826,295899,1636725
4,7000,2882544,319844,3202388
4,7000,1495288,298361,1793649
4,7000,2867954,308736,3176690
4,7000,1947605,333131,2280736
4,7000,2670564,315843,2986407
4,7000,2599851,337206,2937057
4,7000,2577177,312007,2889184
4,7000,1262559,305789,1568348
4,7000,1459432,322151,1781583
4,7000,3350566,549612,3900178
4,7000,2920036,321581,3241617
4,7000,972336,343218,1315554
4,7000,2918587,345911,3264498
4,7000,3496276,319676,3815952
4,7000,1839560,411415,2250975
4,7000,3278105,317875,3595980
4,7000,1615827,467006,2082833
4,7000,1335145,308504,1643649
4,7000,2073100,355943,2429043
4,7000,3359176,327312,3686488
4,7000,1910058,494816,2404874
4,7000,1064426,366601,1431027
4,7000,1569627,286389,1856016
4,7000,2951472,298169,3249641
4,7000,1803489,446049,2249538
4,7000,3343092,448702,3791794
4,7000,3346762,327771,3674533
4,7000,1664982,409916,2074898
4,7000,2928381,319806,3248187
4,7000,2719828,324371,3044199
4,7000,3291541,312999,3604540
4,7000,2545812,339430,2885242
4,7000,1891832,337840,2229672
4,7000,2484059,297256,2781315
4,7000,3194699,320566,3515265
4,7000,1592662,296090,1888752
4,7000,3749258,299756,4049014
4,7000,2759609,322165,3081774
4,7000,1358401,340578,1698979
4,7000,2803928,313049,3116977
4,7000,3254374,375333,3629707
4,7000,2678060,490708,3168768
4,7000,1651366,415977,2067343
4,7000,1869631,323371,2193002
4,7000,3247142,307127,3554269
4,7000,1226066,295467,1521533
4,7000,1184357,319521,1503878
4,7000,2805275,292021,3097296
4,7000,1512973,312293,1825266
4,7000,3451839,321150,3772989
4,7000,3258012,319846,3577858
4,7000,2584562,396956,2981518
4,7000,1946147,303292,2249439
4,7000,1825511,511628,2337139
4,7000,3050320,325568,3375888
4,7000,2465002,305478,2770480
4,7000,3554636,319697,3874333
4,7000,3245168,511565,3756733
4,7000,1171812,299164,1470976
4,7000,2662253,295093,2957346
4,7000,1582563,305175,1887738
4,7000,1946543,348452,2294995
4,7000,1588845,438711,2027556
4,7000,1255009,482515,1737524
4,7000,1347348,300289,1647637
4,7000,1855986,331537,2187523
4,7000,2033387,333997,2367384
4,7000,1852748,298692,2151440
4,7000,1597328,312777,1910105
4,7000,2611437,463159,3074596
4,7000,1266340,295685,1562025
4,7000,1312968,300680,1613648
4,7000,2748482,318267,3066749
4,7000,2739894,292601,3032495
4,7000,2754251,477957,3232208
4,7000,2637424,296361,2933785
4,7000,2672113,313561,2985674
4,7000,2618299,417871,3036170
4,7000,2507404,378405,2885809
4,7000,1485437,306697,1792134
4,7000,1695585,444271,2139856
4,7000,3307856,322448,3630304
4,7000,2048552,437619,2486171
4,7000,2938312,406263,3344575
4,7000,3044177,322858,3367035
4,7000,2809187,315331,3124518
4,7000,1502593,298480,1801073
4,7000,2966048,310139,3276187
4,7000,3196912,321359,3518271
4,7000,3570139,321770,3891909
4,7000,2919990,309664,3229654
4,7000,1387298,311146,1698444
4,8000,1796104,351546,2147650
4,8000,2085419,341873,2427292
4,8000,2380833,370656,2751489
4,8000,3809295,369168,4178463
4,8000,1559420,378314,1937734
4,8000,3467102,331674,3798776
4,8000,3108474,358758,3467232
4,8000,1935630,357735,2293365
4,8000,1140257,336091,1476348
4,8000,1130979,379520,1510499
4,8000,2842011,369224,3211235
4,8000,1474694,351787,1826481
4,8000,1502391,358347,1860738
4,8000,2021103,344757,2365860
4,8000,1389895,343905,1733800
4,8000,1075551,347793,1423344
4,8000,1051075,375282,1426357
4,8000,1212324,636647,1848971
4,8000,1971501,495636,2467137
4,8000,1658227,452127,2110354
4,8000,1238872,360976,1599848
4,8000,1568357,422052,1990409
4,8000,1153672,373600,1527272
4,8000,1384838,359854,1744692
4,8000,1679735,349011,2028746
4,8000,1962022,359972,2321994
4,8000,1241317,332678,1573995
4,8000,1520162,350620,1870782
4,8000,2943399,419080,3362479
4,8000,2694812,390312,3085124
4,8000,1226368,335595,1561963
4,8000,2285561,471540,2757101
4,8000,1510508,337304,1847812
4,8000,1086312,340953,1427265
4,8000,1354285,325960,1680245
4,8000,1554835,321145,1875980
4,8000,1119744,335258,1455002
4,8000,3012820,461867,3474687
4,8000,2203582,371088,2574670
4,8000,2000806,386471,2387277
4,8000,3019652,350383,3370035
4,8000,1342828,338611,1681439
4,8000,2584932,338581,2923513
4,8000,1157533,373714,1531247
4,8000,2842317,440261,3282578
4,8000,1398746,369958,1768704
4,8000,1120644,402131,1522775
4,8000,1582142,346905,1929047
4,8000,2302550,344900,2647450
4,8000,2739079,437432,3176511
4,8000,1453548,584623,2038171
4,8000,1316127,357138,1673265
4,8000,1115649,509273,1624922
4,8000,1253158,474547,1727705
4,8000,2788710,454753,3243463
4,8000,2853234,441063,3294297
4,8000,3072737,388739,3461476
4,8000,2458923,404711,2863634
4,8000,2044212,473472,2517684
4,8000,3595790,372504,3968294
4,8000,1596605,334812,1931417
4,8000,2929107,344721,3273828
4,8000,2199096,334956,2534052
4,8000,2896012,372310,3268322
4,8000,1064870,339412,1404282
4,8000,1475444,323695,1799139
4,8000,2323567,420090,2743657
4,8000,1271747,550389,1822136
4,8000,1494358,396416,1890774
4,8000,2570044,513489,3083533
4,8000,1055929,335498,1391427
4,8000,2916777,423150,3339927
4,8000,3724203,357755,4081958
4,8000,2900428,373827,3274255
4,8000,1084298,429922,1514220
4,8000,3059209,448311,3507520
4,8000,1996311,331612,2327923
4,8000,1199767,384701,1584468
4,8000,1974965,330468,2305433
4,8000,2752529,544108,3296637
4,8000,1132659,454501,1587160
4,8000,1690100,635501,2325601
4,8000,2689184,520887,3210071
4,8000,1374221,336357,1710578
4,8000,1488217,337794,1826011
4,8000,2397107,436730,2833837
4,8000,1158343,376546,1534889
4,8000,2215915,337758,2553673
4,8000,1341073,401724,1742797
4,8000,1064251,389432,1453683
4,8000,1147864,337398,1485262
4,8000,1195188,454154,1649342
4,8000,1400740,340978,1741718
4,8000,1335721,348443,1684164
4,8000,1562053,363430,1925483
4,8000,1458063,343947,1802010
4,8000,1142444,409558,1552002
4,8000,1087538,341046,1428584
4,8000,1093455,450114,1543569
4,8000,1768835,371737,2140572
4,8000,2950483,371129,3321612
4,8000,1533740,334265,1868005
4,8000,1940619,345193,2285812
4,8000,960208,358476,1318684
4,8000,2679647,387173,3066820
4,8000,1615164,379903,1995067
4,8000,1089778,347193,1436971
4,8000,1578210,343089,1921299
4,8000,3170709,352505,3523214
4,8000,1420650,324297,1744947
4,8000,2259437,379595,2639032
4,8000,1607507,353420,1960927
4,8000,3323899,352375,3676274
4,8000,1270408,427857,1698265
4,8000,1130255,362034,1492289
4,9000,1434360,385318,1819678
4,9000,1517529,497330,2014859
4,9000,1153339,387846,1541185
4,9000,1175927,490573,1666500
4,9000,2595265,415165,3010430
4,9000,1036832,367161,1403993
4,9000,1479574,369488,1849062
4,9000,2552805,371595,2924400
4,9000,3252859,377342,3630201
4,9000,1125300,377372,1502672
4,9000,3205642,386522,3592164
4,9000,2882484,526341,3408825
4,9000,1281176,379449,1660625
4,9000,1113815,385195,1499010
4,9000,1828507,405961,2234468
4,9000,2256403,387717,2644120
4,9000,2290643,388730,2679373
4,9000,1397178,376096,1773274
4,9000,2412152,391548,2803700
4,9000,1720059,413911,2133970
4,9000,2052188,577310,2629498
4,9000,974561,394978,1369539
4,9000,1367282,411957,1779239
4,9000,1830646,389463,2220109
4,9000,1486984,362706,1849690
4,9000,1186909,364716,1551625
4,9000,3107316,399524,3506840
4,9000,1562428,401392,1963820
4,9000,3011506,421725,3433231
4,9000,1142553,425470,1568023
4,9000,1947157,386932,2334089
4,9000,2261434,516789,2778223
4,9000,1384491,373860,1758351
4,9000,2072986,399097,2472083
4,9000,2133556,380325,2513881
4,9000,1153092,379544,1532636
4,9000,1293719,397176,1690895
4,9000,1460198,372845,1833043
4,9000,1382475,366898,1749373
4,9000,1121006,369261,1490267
4,9000,2049134,400490,2449624
4,9000,1151851,386701,1538552
4,9000,1224295,390011,1614306
4,9000,1947475,379318,2326793
4,9000,2028953,408869,2437822
4,9000,1082370,536994,1619364
4,9000,1161757,395450,1557207
4,9000,1130116,381927,1512043
4,9000,1311747,421437,1733184
4,9000,1153259,416857,1570116
4,9000,2677432,400048,3077480
4,9000,1249892,384507,1634399
4,9000,1115933,654984,1770917
4,9000,1361446,480345,1841791
4,9000,1498265,388458,1886723
4,9000,1516094,390201,1906295
4,9000,1533778,378081,1911859
4,9000,1709402,399889,2109291
4,9000,1304127,380536,1684663
4,9000,1465041,384065,1849106
4,9000,1121724,377698,1499422
4,9000,1433144,366432,1799576
4,9000,2565367,366394,2931761
4,9000,1582399,409586,1991985
4,9000,1677684,380650,2058334
4,9000,1478800,385872,1864672
4,9000,1608782,402313,2011095
4,9000,2929643,379016,3308659
4,9000,1979587,377112,2356699
4,9000,2141586,377607,2519193
4,9000,1604282,489821,2094103
4,9000,1099072,385102,1484174
4,9000,1240568,400251,1640819
4,9000,1464765,384419,1849184
4,9000,1467758,396954,1864712
4,9000,1429665,399493,1829158
4,9000,2617184,477884,3095068
4,9000,2143431,391458,2534889
4,9000,1359378,383667,1743045
4,9000,1171939,376220,1548159
4,9000,1705958,385973,2091931
4,9000,1765149,506283,2271432
4,9000,1458529,427868,1886397
4,9000,1637572,382443,2020015
4,9000,1677439,421501,2098940
4,9000,1813369,401022,2214391
4,9000,1283199,379592,1662791
4,9000,3293136,370367,3663503
4,9000,2276719,418028,2694747
4,9000,2598318,402161,3000479
4,9000,1800683,506107,2306790
4,9000,1134273,375084,1509357
4,9000,1262330,498078,1760408
4,9000,2262395,493345,2755740
4,9000,1313152,411946,1725098
4,9000,1465447,367618,1833065
4,9000,1412800,377404,1790204
4,9000,1779719,399871,2179590
4,9000,1914393,507785,2422178
4,9000,1376772,385980,1762752
4,9000,2690101,400101,3090202
4,9000,2377294,373516,2750810
4,9000,1181108,412252,1593360
4,9000,1174835,469448,1644283
4,9000,1497738,368592,1866330
4,9000,1239445,443308,1682753
4,9000,1999694,374429,2374123
4,9000,1163848,377501,1541349
4,9000,1553547,524134,2077681
4,9000,1441381,566360,2007741
4,9000,1820800,383797,2204597
4,9000,1220914,533882,1754796
4,9000,2691756,427332,3119088
4,9000,1637673,397323,2034996
4,9000,2706883,422855,3129738
4,10000,1751879,411887,2163766
4,10000,1827289,436593,2263882
4,10000,1606860,442571,2049431
4,10000,1744239,628657,2372896
4,10000,1621658,548466,2170124
4,10000,1823741,409212,2232953
4,10000,1513320,442308,1955628
4,10000,1363371,465968,1829339
4,10000,1326809,508519,1835328
4,10000,1674195,418853,2093048
4,10000,1575328,664123,2239451
4,10000,1267792,571051,1838843
4,10000,1769181,409478,2178659
4,10000,1766868,426516,2193384
4,10000,2313270,423153,2736423
4,10000,1850904,440081,2290985
4,10000,2042871,662660,2705531
4,10000,1742226,416008,2158234
4,10000,3557094,428489,3985583
4,10000,1603961,433265,2037226
4,10000,1802115,643140,2445255
4,10000,1323149,458122,1781271
4,10000,1291798,570324,1862122
4,10000,1645055,423255,2068310
4,10000,1785001,419388,2204389
4,10000,1580429,441636,2022065
4,10000,2069344,420059,2489403
4,10000,1123695,463613,1587308
4,10000,2479326,427724,2907050
4,10000,1212362,420542,1632904
4,10000,1562776,708722,2271498
4,10000,2304177,425117,2729294
4,10000,1413240,421346,1834586
4,10000,1612878,463899,2076777
4,10000,1616633,450125,2066758
4,10000,1679436,485087,2164523
4,10000,1866324,413188,2279512
4,10000,1214304,461078,1675382
4,10000,1619804,423930,2043734
4,10000,1528164,420164,1948328
4,10000,1586180,429136,2015316
4,10000,2629376,429059,3058435
4,10000,1596999,438648,2035647
4,10000,1579461,441429,2020890
4,10000,1186801,425781,1612582
4,10000,1692609,424121,2116730
4,10000,1739165,406750,2145915
4,10000,2404619,480465,2885084
4,10000,1584312,408030,1992342
4,10000,1793787,561540,2355327
4,10000,1610128,424290,2034418
4,10000,1586603,438233,2024836
4,10000,1660745,444532,2105277
4,10000,2201504,666740,2868244
4,10000,1662534,426139,2088673
4,10000,1769704,409809,2179513
4,10000,1619894,423826,2043720
4,10000,1362585,443956,1806541
4,10000,1857129,422511,2279640
4,10000,2370130,417860,2787990
4,10000,1626900,454328,2081228
4,10000,1601510,419516,2021026
4,10000,1589686,438940,2028626
4,10000,2389360,557557,2946917
4,10000,1210324,441561,1651885
4,10000,1505887,522808,2028695
4,10000,3736988,427162,4164150
4,10000,1426680,447305,1873985
4,10000,1277869,545717,1823586
4,10000,1191230,428299,1619529
4,10000,1775306,430443,2205749
4,10000,2134646,416495,2551141
4,10000,1804476,522968,2327444
4,10000,1624528,429028,2053556
4,10000,1680248,414468,2094716
4,10000,1856065,440110,2296175
4,10000,1807019,458563,2265582
4,10000,1321014,461085,1782099
4,10000,1661812,421285,2083097
4,10000,1651352,421230,2072582
4,10000,1571350,551516,2122866
4,10000,1271332,445014,1716346
4,10000,1884323,576528,2460851
4,10000,1668400,592959,2261359
4,10000,2104460,431855,2536315
4,10000,1546953,445215,1992168
4,10000,1623216,496981,2120197
4,10000,1614753,447040,2061793
4,10000,2139690,408533,2548223
4,10000,2154683,423955,2578638
4,10000,1599472,441320,2040792
4,10000,1645555,558481,2204036
4,10000,1861191,430312,2291503
4,10000,1592170,420206,2012376
4,10000,1676020,423839,2099859
4,10000,1669949,555731,2225680
4,10000,2170979,509588,2680567
4,10000,2288434,408668,2697102
4,10000,1630450,668356,2298806
4,10000,1625820,434192,2060012
4,10000,1301240,454979,1756219
4,10000,1262447,532569,1795016
4,10000,1469594,529292,1998886
4,10000,2129347,419720,2549067
4,10000,2004034,417288,2421322
4,10000,1821552,410695,2232247
4,10000,1830467,409511,2239978
4,10000,1612344,440722,2053066
4,10000,1599844,420162,2020006
4,10000,1679490,686972,2366462
4,10000,1631175,416065,2047240
4,10000,1574381,427575,2001956
4,10000,2378122,419921,2798043
4,10000,1319265,458859,1778124
4,10000,2487825,430691,2918516
4,10000,2123742,418762,2542504
4,10000,1444848,415613,1860461
4,10000,2034784,425907,2460691
4,10000,1709615,423755,2133370
4,10000,2328954,420069,2749023
4,10000,1779928,410351,2190279
4,10000,1573492,433539,2007031
4,10000,1840632,420907,2261539
4,10000,2874162,419215,3293377
4,10000,2498288,420498,2918786
4,10000,1531245,440920,1972165
4,10000,2498699,414004,2912703
4,10000,1577284,437840,2015124
4,10000,1589421,474404,2063825
4,10000,1524439,456256,1980695
4,10000,1500898,659774,2160672
4,10000,1753091,420851,2173942
4,10000,1839024,443352,2282376
4,10000,1256231,504704,1760935
4,10000,2329757,412251,2742008
4,10000,1730300,417688,2147988
4,10000,3785821,431710,4217531
4,10000,1466530,449465,1915995
4,10000,1834115,394818,2228933
4,10000,1438551,418465,1857016
4,10000,2382702,406626,2789328
4,10000,1672545,459080,2131625
4,10000,1593202,401503,1994705
4,10000,1585216,561638,2146854
4,10000,1805702,400944,2206646
4,10000,2345211,419520,2764731
4,10000,1615102,455852,2070954
4,10000,1683737,405675,2089412
4,10000,1651199,423150,2074349
4,10000,1357331,449622,1806953
4,10000,3914280,424465,4338745
4,10000,2131256,417675,2548931
4,10000,1656080,414625,2070705
4,10000,1813466,400227,2213693
4,10000,1706533,426999,2133532
4,10000,1298368,454181,1752549
4,10000,1575706,429358,2005064
4,10000,1506057,448713,1954770
4,10000,1667774,409915,2077689
4,10000,1673493,416520,2090013
4,10000,1761537,557057,2318594
4,10000,1683526,652258,2335784
4,10000,1580024,449613,2029637
4,10000,2375667,420475,2796142
4,10000,1677119,453937,2131056
4,10000,2158779,445119,2603898
4,10000,1551707,414735,1966442
4,10000,3518185,413737,3931922
4,10000,1583436,441570,2025006
4,10000,3534953,407714,3942667
4,10000,1756606,423646,2180252
4,10000,2183263,427261,2610524
4,10000,1616177,454141,2070318
4,10000,1557908,435489,1993397
4,10000,1656296,529785,2186081
4,10000,2126058,414804,2540862
4,10000,1111742,426006,1537748
4,10000,2248181,614688,2862869
4,10000,1509940,449473,1959413
4,10000,1595244,451210,2046454
4,10000,1652193,435567,2087760
4,10000,1504592,422856,1927448
4,10000,1538857,434591,1973448
4,10000,1291794,438074,1729868
4,10000,1460337,430046,1890383
4,10000,1755107,408447,2163554
4,10000,1729970,426530,2156500
4,10000,1566244,451154,2017398
4,10000,1742568,418089,2160657
4,10000,1573500,446563,2020063
4,10000,1599352,417151,2016503
4,10000,1807740,558696,2366436
4,10000,1594180,443769,2037949
4,10000,2170099,417702,2587801
4,10000,1567320,629965,2197285
4,10000,1851003,425787,2276790
4,10000,3575062,441694,4016756
4,10000,1654519,416421,2070940
4,10000,1215009,505530,1720539
4,10000,1485740,436835,1922575
4,10000,2100167,408624,2508791
4,10000,2309513,417105,2726618
4,10000,1334394,558236,1892630
4,10000,1583099,449903,2033002
4,10000,2220821,633717,2854538
4,10000,3705026,414842,4119868
4,10000,1985713,414810,2400523
4,10000,2099480,410305,2509785
4,10000,1501511,423096,1924607
4,10000,1705516,414008,2119524
4,10000,2445606,414805,2860411
4,10000,1697128,418589,2115717
4,10000,1574006,423195,1997201
4,10000,1406793,437232,1844025
4,10000,1801500,408779,2210279
4,10000,1786583,428799,2215382
4,10000,2431737,555715,2987452
4,10000,1368061,434219,1802280
4,10000,1854911,414750,2269661
4,10000,2590198,420759,3010957
4,10000,1625165,687032,2312197
4,10000,1644163,418340,2062503
4,10000,1554169,646993,2201162
4,10000,2282067,415379,2697446
4,10000,1637971,436812,2074783
4,10000,1833199,437829,2271028
4,10000,1779430,453347,2232777
4,10000,2108335,422386,2530721
4,10000,1237120,479008,1716128
4,10000,1522981,437037,1960018
4,20000,1782573,1086663,2869236
4,20000,2977454,989577,3967031
4,20000,2950685,996670,3947355
4,20000,2966768,830244,3797012
4,20000,1901330,949292,2850622
4,20000,3065539,813063,3878602
4,20000,2349245,862308,3211553
4,20000,3004928,833818,3838746
4,20000,1986917,871664,2858581
4,20000,3033292,855444,3888736
4,20000,3100040,826612,3926652
4,20000,2975972,796447,3772419
4,20000,1914403,854457,2768860
4,20000,1845648,830337,2675985
4,20000,1759847,952918,2712765
4,20000,1709052,844444,2553496
4,20000,2974962,813708,3788670
4,20000,2959654,846344,3805998
4,20000,1736621,852730,2589351
4,20000,2978417,835790,3814207
4,20000,2995814,850306,3846120
4,20000,2969822,808961,3778783
4,20000,3038421,808335,3846756
4,20000,2231379,854547,3085926
4,20000,1871803,857976,2729779
4,20000,3035578,855866,3891444
4,20000,1893402,882900,2776302
4,20000,2985533,1019234,4004767
4,20000,2983713,826032,3809745
4,20000,3024211,829031,3853242
4,20000,2998474,837762,3836236
4,20000,2305384,854232,3159616
4,20000,2952620,832780,3785400
4,20000,2997239,1081004,4078243
4,20000,2964124,1043665,4007789
4,20000,3033153,855010,3888163
4,20000,2998470,831971,3830441
4,20000,1804380,848808,2653188
4,20000,3800274,828955,4629229
4,20000,2992357,849417,3841774
4,20000,2965093,824493,3789586
4,20000,1905355,990630,2895985
4,20000,2942421,898946,3841367
4,20000,2981729,827068,3808797
4,20000,2977931,851355,3829286
4,20000,3134520,1089053,4223573
4,20000,1852102,829372,2681474
4,20000,2981195,831392,3812587
4,20000,1765909,854829,2620738
4,20000,2993628,828860,3822488
4,20000,2983047,942530,3925577
4,20000,2356734,861713,3218447
4,20000,2958304,1085030,4043334
4,20000,2963270,921485,3884755
4,20000,2016319,942176,2958495
4,20000,1721198,863443,2584641
4,20000,1787572,868377,2655949
4,20000,2936780,828687,3765467
4,20000,1851755,991699,2843454
4,20000,2415184,851196,3266380
4,20000,1900059,864028,2764087
4,20000,2976427,807614,3784041
4,20000,2961709,852322,3814031
4,20000,2971564,830809,3802373
4,20000,1847131,1028333,2875464
4,20000,2447894,881202,3329096
4,20000,2964148,830320,3794468
4,20000,3770903,814893,4585796
4,20000,3010926,1007204,4018130
4,20000,2943221,807866,3751087
4,20000,3004687,834558,3839245
4,20000,2965079,931161,3896240
4,20000,2998471,832711,3831182
4,20000,2971833,861620,3833453
4,20000,3036191,805540,3841731
4,20000,3017335,831871,3849206
4,20000,2990105,808211,3798316
4,20000,2927611,867127,3794738
4,20000,2310418,854911,3165329
4,20000,3026110,939478,3965588
4,20000,2458172,818561,3276733
4,20000,3008763,841342,3850105
4,20000,2981815,969268,3951083
4,20000,2974169,810817,3784986
4,20000,2058634,987610,3046244
4,20000,3044980,952743,3997723
4,20000,2929399,839336,3768735
4,20000,2945202,938594,3883796
4,20000,2916513,809125,3725638
4,20000,2952485,945533,3898018
4,20000,2941510,833044,3774554
4,20000,1923471,816477,2739948
4,20000,3089085,858956,3948041
4,20000,3044306,860323,3904629
4,20000,2079246,986219,3065465
4,20000,3007453,844779,3852232
4,20000,3088442,874224,3962666
4,20000,2928100,826548,3754648
4,20000,1738961,857210,2596171
4,20000,2840433,813677,3654110
4,20000,2967309,851288,3818597
4,20000,3008834,847828,3856662
4,20000,2128246,856547,2984793
4,20000,2923169,808987,3732156
4,20000,2005955,1007039,3012994
4,20000,2989189,847424,3836613
4,20000,2950801,831254,3782055
4,20000,3040207,850748,3890955
4,20000,2036938,981579,3018517
4,20000,2316033,852189,3168222
4,20000,1792043,872068,2664111
4,20000,2018446,1235022,3253468
4,20000,2941963,897905,3839868
4,20000,2978000,1056874,4034874
4,20000,1796624,863717,2660341
4,30000,4680440,3716567,8397007
4,30000,7063700,1279053,8342753
4,30000,6481945,1757781,8239726
4,30000,7117294,1252707,8370001
4,30000,5757538,1244061,7001599
4,30000,4830689,3675167,8505856
4,30000,7349606,1724276,9073882
4,30000,4670212,1236012,5906224
4,30000,7057568,1326529,8384097
4,30000,7801802,1257543,9059345
4,30000,4814764,1403195,6217959
4,30000,4633590,1254129,5887719
4,30000,7062891,1363995,8426886
4,30000,5682421,1240565,6922986
4,30000,6857000,1278683,8135683
4,30000,6241601,1485357,7726958
4,30000,7088856,1463033,8551889
4,30000,4915056,1272581,6187637
4,30000,7023853,1504431,8528284
4,30000,6840324,1216653,8056977
4,30000,7524322,1520330,9044652
4,30000,5269933,1218621,6488554
4,30000,5892712,1250195,7142907
4,30000,6993006,1224388,8217394
4,30000,6241346,1238682,7480028
4,30000,6294193,1458382,7752575
4,30000,5874793,1535745,7410538
4,30000,6447645,1465610,7913255
4,30000,6206861,1228051,7434912
4,30000,6768807,1271522,8040329
4,30000,7416957,1726784,9143741
4,30000,5316665,1255900,6572565
4,30000,6866520,1260696,8127216
4,30000,6657080,1234870,7891950
4,30000,4557951,2554631,7112582
4,30000,6684254,1779625,8463879
4,30000,5213569,1255396,6468965
4,30000,7040809,1639322,8680131
4,30000,6170505,1227309,7397814
4,30000,6989076,1333717,8322793
4,30000,6612722,1270110,7882832
4,30000,7242904,1222600,8465504
4,30000,5295249,1261641,6556890
4,30000,6492653,1219879,7712532
4,30000,6723832,1510387,8234219
4,30000,6659782,1262816,7922598
4,30000,4781126,1595257,6376383
4,30000,7134603,1371890,8506493
4,30000,7206428,1363623,8570051
4,30000,6709462,1234385,7943847
4,30000,6159201,1262155,7421356
4,30000,7218873,1410013,8628886
4,30000,5947619,1265457,7213076
4,30000,5719124,1263393,6982517
4,30000,7134925,1247615,8382540
4,30000,5818672,1519408,7338080
4,30000,7255773,1318538,8574311
4,30000,4584410,1458901,6043311
4,30000,6187478,1239387,7426865
4,30000,4549415,1403658,5953073
4,30000,5400731,1512732,6913463
4,30000,6228081,1218367,7446448
4,30000,6939749,1258826,8198575
4,30000,4719204,3720187,8439391
4,30000,6643058,1367600,8010658
4,30000,6250120,1254958,7505078
4,30000,5364957,1247113,6612070
4,30000,4735990,3682554,8418544
4,30000,5383823,1543766,6927589
4,30000,7299501,1248506,8548007
4,30000,6826708,1258366,8085074
4,30000,6680820,1372757,8053577
4,30000,6117822,1251498,7369320
4,30000,6929083,1253489,8182572
4,30000,6112285,1232742,7345027
4,30000,5633655,1363480,6997135
4,30000,6181576,1247207,7428783
4,30000,6805247,1258942,8064189
4,30000,7132593,1241059,8373652
4,30000,5701094,1224677,6925771
4,30000,7397716,1514276,8911992
4,30000,6693507,1223330,7916837
4,30000,6836925,1532415,8369340
4,30000,5524231,1263194,6787425
4,30000,7275240,1262224,8537464
4,30000,5076780,1241571,6318351
4,30000,7104463,1267272,8371735
4,30000,5060017,1262610,6322627
4,30000,4518289,1423139,5941428
4,30000,6633556,1245823,7879379
4,30000,6168239,1237266,7405505
4,30000,6910782,1725876,8636658
4,30000,6984160,1377398,8361558
4,30000,7199141,1451649,8650790
4,30000,4816301,1595019,6411320
4,30000,7162360,1450095,8612455
4,30000,6269930,1260150,7530080
4,30000,6774289,1376249,8150538
4,30000,7121589,1244428,8366017
4,30000,7231818,1225910,8457728
4,30000,6790254,1262454,8052708
4,30000,5413981,1238170,6652151
4,30000,6824842,1234973,8059815
4,30000,6170917,1316618,7487535
4,30000,7994415,1248498,9242913
4,30000,4654919,1660622,6315541
4,30000,4755986,1475544,6231530
4,30000,6681240,1253893,7935133
4,30000,7135461,1231519,8366980
4,30000,6961831,1237249,8199080
4,30000,7185533,1242805,8428338
4,30000,4791437,1997717,6789154
4,30000,5258506,1301563,6560069
4,30000,6820248,1258738,8078986
4,30000,6116263,1223707,7339970
4,40000,6949413,1944277,8893690
4,40000,6638534,1689129,8327663
4,40000,6521746,1654771,8176517
4,40000,8202747,1659075,9861822
4,40000,7323017,1920012,9243029
4,40000,6974413,2250460,9224873
4,40000,8213445,1641512,9854957
4,40000,8134877,1674033,9808910
4,40000,8042743,1674405,9717148
4,40000,7302753,2349012,9651765
4,40000,10045053,1634988,11680041
4,40000,7445687,1979917,9425604
4,40000,6698172,1688316,8386488
4,40000,7924935,1692503,9617438
4,40000,9783756,1765415,11549171
4,40000,7375573,1629653,9005226
4,40000,8109932,2161882,10271814
4,40000,6543511,2033142,8576653
4,40000,6512467,1811326,8323793
4,40000,7277747,1626589,8904336
4,40000,8171693,1660417,9832110
4,40000,6530008,1656343,8186351
4,40000,7271413,1639341,8910754
4,40000,9014703,1959704,10974407
4,40000,9987264,1706951,11694215
4,40000,6419699,1669505,8089204
4,40000,6949217,1960237,8909454
4,40000,9595678,1676421,11272099
4,40000,9827056,1697705,11524761
4,40000,6925678,1616982,8542660
4,40000,7045116,1675998,8721114
4,40000,9228922,2034682,11263604
4,40000,8400194,1658768,10058962
4,40000,7426924,1660848,9087772
4,40000,10059851,1620505,11680356
4,40000,8201776,1749150,9950926
4,40000,8162932,1761118,9924050
4,40000,8510004,1667945,10177949
4,40000,9076406,1918915,10995321
4,40000,7342651,1660766,9003417
4,40000,7372759,1669720,9042479
4,40000,6703513,1957941,8661454
4,40000,9936511,1805736,11742247
4,40000,7295353,1717290,9012643
4,40000,7435659,1726514,9162173
4,40000,8327320,1625206,9952526
4,40000,9219597,1998838,11218435
4,40000,7913707,1911634,9825341
4,40000,8405083,1643902,10048985
4,40000,8883190,2057463,10940653
4,40000,7731708,1825426,9557134
4,40000,8238298,1627901,9866199
4,40000,9874127,1647137,11521264
4,40000,8110322,1670245,9780567
4,40000,8361753,1617222,9978975
4,40000,9931951,1694622,11626573
4,40000,7458861,1964811,9423672
4,40000,8750030,1685965,10435995
4,40000,8203829,1684255,9888084
4,40000,6957540,1617833,8575373
4,40000,9920600,1663150,11583750
4,40000,7786293,1830724,9617017
4,40000,8671803,1630425,10302228
4,40000,9823848,1689125,11512973
4,40000,8622535,1943007,10565542
4,40000,8409687,1627646,10037333
4,40000,7716277,1792493,9508770
4,40000,7797878,1943913,9741791
4,40000,7696089,1897068,9593157
4,40000,7470935,1946122,9417057
4,40000,8480331,1620254,10100585
4,40000,8097619,1904595,10002214
4,40000,6595521,1771472,8366993
4,40000,7139297,1634399,8773696
4,40000,8704793,1673851,10378644
4,40000,7005023,1818300,8823323
4,40000,8373958,1642535,10016493
4,40000,10128659,1634073,11762732
4,40000,8879411,2086329,10965740
4,40000,6956386,1901670,8858056
4,40000,10226683,1650324,11877007
4,40000,8871916,1952204,10824120
4,40000,9804934,1807920,11612854
4,40000,8804697,1632257,10436954
4,40000,8315759,1640051,9955810
4,40000,6897621,1714417,8612038
4,40000,9054155,2400759,11454914
4,40000,6753293,1672459,8425752
4,40000,6518878,1692757,8211635
4,40000,6883922,1712613,8596535
4,40000,6683935,1655232,8339167
4,40000,8418271,1644973,10063244
4,40000,9846297,1816225,11662522
4,40000,7143249,1952660,9095909
4,40000,6995804,1910482,8906286
4,40000,9956054,1757971,11714025
4,40000,7393875,1642174,9036049
4,40000,8055806,1629991,9685797
4,40000,8554544,1658641,10213185
4,40000,6658689,1829819,8488508
4,40000,10162460,1663716,11826176
4,40000,7459764,1640149,9099913
4,40000,8453570,1903338,10356908
4,40000,7670024,1623698,9293722
4,40000,7989128,1771539,9760667
4,40000,7253899,1624951,8878850
4,40000,6673342,1711986,8385328
4,40000,7848891,1842829,9691720
4,40000,8134377,1635950,9770327
4,40000,7020245,2045089,9065334
4,40000,8928068,1942342,10870410
4,40000,6521848,1673498,8195346
4,40000,7373995,1782133,9156128
4,40000,6465104,1913621,8378725
4,40000,9840617,1770353,11610970
4,50000,10480676,2135293,12615969
4,50000,8376343,2192465,10568808
4,50000,6207383,2773164,8980547
4,50000,10801009,2637987,13438996
4,50000,9517777,2558694,12076471
4,50000,9120214,2637004,11757218
4,50000,10874396,2573211,13447607
4,50000,8490208,2180436,10670644
4,50000,8255261,2271137,10526398
4,50000,10383911,2249923,12633834
4,50000,9218120,2136430,11354550
4,50000,9870489,2200059,12070548
4,50000,8850061,2229361,11079422
4,50000,6399644,2818017,9217661
4,50000,9623451,2428934,12052385
4,50000,9994294,2674513,12668807
4,50000,8801853,2342693,11144546
4,50000,10351896,2586204,12938100
4,50000,9097919,2598761,11696680
4,50000,9392941,2598492,11991433
4,50000,8460730,2217640,10678370
4,50000,8751994,2425630,11177624
4,50000,9820183,2759359,12579542
4,50000,10875846,2615654,13491500
4,50000,8774572,2376790,11151362
4,50000,9082396,2509317,11591713
4,50000,8355849,2206459,10562308
4,50000,4962044,2413732,7375776
4,50000,8876949,2524550,11401499
4,50000,8432083,2255750,10687833
4,50000,10852332,2567126,13419458
4,50000,8566299,2280753,10847052
4,50000,9439043,2476870,11915913
4,50000,9670640,2430787,12101427
4,50000,8476714,2150682,10627396
4,50000,10434835,2194015,12628850
4,50000,8297568,2234045,10531613
4,50000,9336470,2321847,11658317
4,50000,8406982,2194061,10601043
4,50000,8693398,2190617,10884015
4,50000,10893915,2379692,13273607
4,50000,4940713,2579805,7520518
4,50000,9034730,2486519,11521249
4,50000,8381831,2299602,10681433
4,50000,10153983,2615617,12769600
4,50000,11129544,2657268,13786812
4,50000,9659016,2403480,12062496
4,50000,8322266,2317347,10639613
4,50000,9970086,2664264,12634350
4,50000,10399239,2111411,12510650
4,50000,9310840,2601565,11912405
4,50000,10287776,2229938,12517714
4,50000,10933547,2553685,13487232
4,50000,9808856,2505296,12314152
4,50000,5153169,2401313,7554482
4,50000,9998927,2673209,12672136
4,50000,10331960,2317170,12649130
4,50000,7064683,2669544,9734227
4,50000,4943740,2507302,7451042
4,50000,9574613,2215299,11789912
4,50000,7036064,2552647,9588711
4,50000,10828053,2414834,13242887
4,50000,10449771,2592426,13042197
4,50000,7813326,2180828,9994154
4,50000,7300557,2180107,9480664
4,50000,9075082,2427617,11502699
4,50000,10235280,2088998,12324278
4,50000,9300560,2469976,11770536
4,50000,9160551,2358536,11519087
4,50000,9125684,2266415,11392099
4,50000,10447194,2797408,13244602
4,50000,9156551,2169123,11325674
4,50000,8855166,2549639,11404805
4,50000,10482784,2166550,12649334
4,50000,10702330,2608618,13310948
4,50000,9574197,2718312,12292509
4,50000,6603074,2466607,9069681
4,50000,10383102,2202088,12585190
4,50000,10703242,2669653,13372895
4,50000,8419713,2447549,10867262
4,50000,8295435,2309078,10604513
4,50000,9331503,2417437,11748940
4,50000,9093301,2315217,11408518
4,50000,9331097,2086728,11417825
4,50000,10776950,2616934,13393884
4,50000,10834126,2611983,13446109
4,50000,10607789,2733334,13341123
4,50000,9052409,2709915,11762324
4,50000,9717351,2286468,12003819
4,50000,8752251,2166761,10919012
4,50000,9599517,2161083,11760600
4,50000,8378230,2100628,10478858
4,50000,8318615,2203871,10522486
4,50000,8212887,2202411,10415298
4,50000,8374898,2178005,10552903
4,50000,8530483,2117942,10648425
4,50000,8644010,2172454,10816464
4,50000,11103427,2697155,13800582
4,50000,10363056,2592894,12955950
4,50000,10720641,2466765,13187406
4,50000,10315993,2312351,12628344
4,50000,10626465,2670224,13296689
4,50000,9686051,2278917,11964968
4,50000,8463589,2080993,10544582
4,50000,10633566,2720020,13353586
4,50000,9989039,2192189,12181228
4,50000,9696386,2298900,11995286
4,50000,11397146,2617176,14014322
4,50000,10691675,2640367,13332042
4,50000,8718392,2432249,11150641
4,50000,4889704,2577163,7466867
4,50000,10416128,2618166,13034294
4,50000,10182779,2169134,12351913
4,50000,4416041,2129511,6545552
4,50000,11119710,2655308,13775018
4,60000,5954872,2890724,8845596
4,60000,11186594,2485607,13672201
4,60000,11205183,2547020,13752203
4,60000,11771661,2864767,14636428
4,60000,10719914,2913442,13633356
4,60000,12005318,2721551,14726869
4,60000,7322566,2870867,10193433
4,60000,10127433,2507223,12634656
4,60000,11555691,2513724,14069415
4,60000,10629722,2855666,13485388
4,60000,10816529,2542883,13359412
4,60000,12269679,2998480,15268159
4,60000,11814953,2875649,14690602
4,60000,6090428,3018012,9108440
4,60000,12129670,2886201,15015871
4,60000,12632554,2878881,15511435
4,60000,6074359,3076388,9150747
4,60000,6181395,2658690,8840085
4,60000,11409968,2858886,14268854
4,60000,12334606,2806743,15141349
4,60000,10281389,2927485,13208874
4,60000,12354869,2958701,15313570
4,60000,10695714,2898246,13593960
4,60000,11125605,2767341,13892946
4,60000,5940042,2952008,8892050
4,60000,11582572,2895957,14478529
4,60000,10186243,2613223,12799466
4,60000,10542685,2936608,13479293
4,60000,12122366,2532437,14654803
4,60000,12347743,2924317,15272060
4,60000,11737904,2897932,14635836
4,60000,5939783,4555469,10495252
4,60000,11715536,2544938,14260474
4,60000,11413801,2519689,13933490
4,60000,11906218,2958830,14865048
4,60000,11825718,2573609,14399327
4,60000,10806976,2604513,13411489
4,60000,9971247,2766154,12737401
4,60000,11951614,2483603,14435217
4,60000,11791123,2503831,14294954
4,60000,6034150,2950281,8984431
4,60000,10092485,2527125,12619610
4,60000,11425544,2489993,13915537
4,60000,5617383,2752640,8370023
4,60000,10963987,3136819,14100806
4,60000,6024896,2722745,8747641
4,60000,5846864,2883058,8729922
4,60000,5813501,2903391,8716892
4,60000,10103053,2485533,12588586
4,60000,5850374,2850642,8701016
4,60000,12595996,2899285,15495281
4,60000,11011770,2609716,13621486
4,60000,12694468,3011848,15706316
4,60000,10755944,2475100,13231044
4,60000,11220161,2551979,13772140
4,60000,10769390,2478955,13248345
4,60000,11369619,2534155,13903774
4,60000,10253799,2500640,12754439
4,60000,12316226,2923482,15239708
4,60000,6424078,3044444,9468522
4,60000,5314228,2564014,7878242
4,60000,11398889,2592179,13991068
4,60000,12563503,2892570,15456073
4,60000,13347602,2916569,16264171
4,60000,5734683,2939055,8673738
4,60000,7900133,2499998,10400131
4,60000,10984186,2526230,13510416
4,60000,10462426,2911286,13373712
4,60000,10815780,2524421,13340201
4,60000,9150139,2520575,11670714
4,60000,11393033,2889631,14282664
4,60000,12984537,2909465,15894002
4,60000,11837009,2942290,14779299
4,60000,7095062,2842904,9937966
4,60000,11900036,2534790,14434826
4,60000,5467282,2940818,8408100
4,60000,5749307,3138481,8887788
4,60000,6366157,2932352,9298509
4,60000,11215007,2955514,14170521
4,60000,10851549,2853403,13704952
4,60000,10811317,2933416,13744733
4,60000,12261073,2904783,15165856
4,60000,10882998,2888217,13771215
4,60000,11213562,2916470,14130032
4,60000,11598023,2556445,14154468
4,60000,5738142,2877218,8615360
4,60000,11109392,3026546,14135938
4,60000,11398941,2978076,14377017
4,60000,11885865,2469418,14355283
4,60000,7391771,2998544,10390315
4,60000,10185976,2452485,12638461
4,60000,11273538,3080207,14353745
4,60000,6056282,2896680,8952962
4,60000,9981299,2513674,12494973
4,60000,9926831,2546566,12473397
4,60000,10276202,2744342,13020544
4,60000,12371528,2510466,14881994
4,60000,11320714,2839624,14160338
4,60000,10786753,2999029,13785782
4,60000,10264595,2462765,12727360
4,60000,12099245,2899420,14998665
4,60000,5873775,2965425,8839200
4,60000,11537634,3115283,14652917
4,60000,11901001,2892472,14793473
4,60000,11948901,2966274,14915175
4,60000,10337531,2472444,12809975
4,60000,11706304,2545605,14251909
4,60000,11590433,2527094,14117527
4,60000,10152223,2651259,12803482
4,60000,10939264,2936607,13875871
4,60000,6054793,3081707,9136500
4,60000,11386867,3066308,14453175
4,60000,11131448,2879431,14010879
4,60000,13171461,2930655,16102116
4,60000,5712364,2853621,8565985
4,70000,10110684,3021294,13131978
4,70000,12688853,3604111,16292964
4,70000,6274474,2942719,9217193
4,70000,13583561,3499014,17082575
4,70000,12851595,3636700,16488295
4,70000,14331938,3475278,17807216
4,70000,13143693,3121962,16265655
4,70000,11876251,2873242,14749493
4,70000,13701601,2907313,16608914
4,70000,12550561,3416848,15967409
4,70000,7150073,3492690,10642763
4,70000,7867826,3013696,10881522
4,70000,13561571,3012857,16574428
4,70000,11832877,2977366,14810243
4,70000,14382286,3512263,17894549
4,70000,12171679,2886492,15058171
4,70000,14118551,2964342,17082893
4,70000,14080188,2943468,17023656
4,70000,6993074,3402999,10396073
4,70000,12697483,3341902,16039385
4,70000,12669780,3594815,16264595
4,70000,12570256,3557819,16128075
4,70000,11814637,2917636,14732273
4,70000,11970284,2955359,14925643
4,70000,8527486,2996425,11523911
4,70000,12929120,2969238,15898358
4,70000,11913896,2873526,14787422
4,70000,13601971,3458865,17060836
4,70000,13070419,3557197,16627616
4,70000,13228615,3488756,16717371
4,70000,13993790,3481608,17475398
4,70000,13999729,2958824,16958553
4,70000,12664669,3282392,15947061
4,70000,11943573,3109987,15053560
4,70000,13045173,3573950,16619123
4,70000,12978522,3107331,16085853
4,70000,13035648,3243247,16278895
4,70000,13640378,3054506,16694884
4,70000,14382864,3356073,17738937
4,70000,14108425,2986763,17095188
4,70000,14621762,3511996,18133758
4,70000,15276663,3468382,18745045
4,70000,6899154,3357281,10256435
4,70000,13631455,3536856,17168311
4,70000,11986622,3113889,15100511
4,70000,13280572,2887790,16168362
4,70000,14071106,2991111,17062217
4,70000,14628330,3304110,17932440
4,70000,13101868,2944356,16046224
4,70000,13986785,3505435,17492220
4,70000,14110639,3479583,17590222
4,70000,6987968,3503461,10491429
4,70000,14421643,3633193,18054836
4,70000,14247156,3604389,17851545
4,70000,6990349,3775820,10766169
4,70000,13474341,2917057,16391398
4,70000,7085513,3302551,10388064
4,70000,14097017,2920634,17017651
4,70000,13989217,2926924,16916141
4,70000,14257893,3331146,17589039
4,70000,7884695,3567771,11452466
4,70000,12193580,3055766,15249346
4,70000,14587766,3526082,18113848
4,70000,7031403,3359107,10390510
4,70000,8096648,3617784,11714432
4,70000,11923479,3068109,14991588
4,70000,6360029,3055403,9415432
4,70000,13886918,3573198,17460116
4,70000,14330084,3507097,17837181
4,70000,12548348,3539475,16087823
4,70000,14402605,3450675,17853280
4,70000,6859132,2968624,9827756
4,70000,13492406,3545499,17037905
4,70000,14008915,3596656,17605571
4,70000,12566687,3491086,16057773
4,70000,13101146,3624014,16725160
4,70000,13470607,3392480,16863087
4,70000,13335083,3418042,16753125
4,70000,13962045,2975820,16937865
4,70000,11943996,2889163,14833159
4,70000,7032165,3399068,10431233
4,70000,12365388,3290919,15656307
4,70000,9128570,2987678,12116248
4,70000,13744888,2894891,16639779
4,70000,6841127,3543245,10384372
4,70000,12875011,2971127,15846138
4,70000,14280781,3525204,17805985
4,70000,13735664,3713304,17448968
4,70000,13728139,3655176,17383315
4,70000,7094323,3296456,10390779
4,70000,14766117,3346063,18112180
4,70000,6832553,3323659,10156212
4,70000,7016840,3379340,10396180
4,70000,14767158,3566004,18333162
4,70000,14089984,3316809,17406793
4,70000,12581515,3377851,15959366
4,70000,12691971,3453697,16145668
4,70000,14384669,3523065,17907734
4,70000,12671511,3555311,16226822
4,70000,12855147,3079613,15934760
4,70000,7351510,3458711,10810221
4,70000,11987251,3036853,15024104
4,70000,13189603,2900267,16089870
4,70000,13936730,2914134,16850864
4,70000,6859365,3547514,10406879
4,70000,7761162,3459842,11221004
4,70000,14613405,3602793,18216198
4,70000,12887738,3611216,16498954
4,70000,13966921,3536122,17503043
4,70000,13585353,3557019,17142372
4,70000,14070967,3455621,17526588
4,70000,13968616,2916688,16885304
4,70000,13308234,2989497,16297731
4,70000,12239015,2889912,15128927
4,70000,13434844,2986404,16421248
4,80000,8250620,3350963,11601583
4,80000,7999384,4074590,12073974
4,80000,14126271,3501752,17628023
4,80000,8847485,3890387,12737872
4,80000,9225729,3863734,13089463
4,80000,9362878,3511026,12873904
4,80000,8338087,3756633,12094720
4,80000,7314594,3578958,10893552
4,80000,9193440,4136767,13330207
4,80000,8350336,3674878,12025214
4,80000,8772833,3432203,12205036
4,80000,9746347,3381140,13127487
4,80000,8322305,3361473,11683778
4,80000,9152431,3407404,12559835
4,80000,9043208,3880598,12923806
4,80000,8644409,3395517,12039926
4,80000,8197835,3976114,12173949
4,80000,8094257,3939276,12033533
4,80000,9030221,3782306,12812527
4,80000,7811600,4012710,11824310
4,80000,8158407,4023655,12182062
4,80000,8948595,4072355,13020950
4,80000,8161985,3808714,11970699
4,80000,8933195,3373503,12306698
4,80000,8627059,3375249,12002308
4,80000,8963580,3969696,12933276
4,80000,7760917,3913820,11674737
4,80000,9019878,3510352,12530230
4,80000,9799721,3508237,13307958
4,80000,8050246,3730317,11780563
4,80000,7964743,4167817,12132560
4,80000,7810991,4232193,12043184
4,80000,8725424,4035399,12760823
4,80000,8801178,3978298,12779476
4,80000,7943718,4117084,12060802
4,80000,8408642,3447113,11855755
4,80000,7725243,4099781,11825024
4,80000,8115060,4247571,12362631
4,80000,7265120,3506530,10771650
4,80000,8391314,4367746,12759060
4,80000,7201865,3472099,10673964
4,80000,9017172,3755348,12772520
4,80000,10193070,3451634,13644704
4,80000,13360981,3552592,16913573
4,80000,9728120,3883265,13611385
4,80000,9809639,3455699,13265338
4,80000,7879298,3840276,11719574
4,80000,8134424,3787841,11922265
4,80000,13749692,3429718,17179410
4,80000,9543326,3960099,13503425
4,80000,7898815,3927402,11826217
4,80000,10116920,3548103,13665023
4,80000,8156688,3432614,11589302
4,80000,13549263,3574162,17123425
4,80000,7812069,4116599,11928668
4,80000,8831595,3380958,12212553
4,80000,7868588,3977098,11845686
4,80000,7898367,4210364,12108731
4,80000,16939449,3586120,20525569
4,80000,7783120,3979017,11762137
4,80000,8092195,3978173,12070368
4,80000,8070469,3941155,12011624
4,80000,8065694,3928466,11994160
4,80000,8051905,4285466,12337371
4,80000,9027532,3471476,12499008
4,80000,9666888,3551050,13217938
4,80000,15312388,3947199,19259587
4,80000,8283967,3512733,11796700
4,80000,13467799,3567433,17035232
4,80000,10836593,3498841,14335434
4,80000,8122575,4080395,12202970
4,80000,7849532,4099939,11949471
4,80000,8388543,3772761,12161304
4,80000,8291180,4131991,12423171
4,80000,8812845,3564555,12377400
4,80000,8011856,4091435,12103291
4,80000,8372142,4082989,12455131
4,80000,8748167,3406050,12154217
4,80000,7684273,4188650,11872923
4,80000,8218307,3505567,11723874
4,80000,7858898,4055743,11914641
4,80000,9365307,4117108,13482415
4,80000,8537429,3651108,12188537
4,80000,7284956,3482936,10767892
4,80000,8080969,3854552,11935521
4,80000,8601680,3464223,12065903
4,80000,8025113,4048843,12073956
4,80000,9191720,3904455,13096175
4,80000,8517355,3495128,12012483
4,80000,8152407,3879028,12031435
4,80000,7786216,4172983,11959199
4,80000,8835308,4138887,12974195
4,80000,8441092,3429411,11870503
4,80000,9030552,3333481,12364033
4,80000,7290291,3505928,10796219
4,80000,8228815,4451424,12680239
4,80000,9044987,3405106,12450093
4,80000,7713453,3376404,11089857
4,80000,9327609,3792203,13119812
4,80000,9331522,3310185,12641707
4,80000,8063432,4009215,12072647
4,80000,7543426,3520502,11063928
4,80000,8810382,3306935,12117317
4,80000,8055548,4049440,12104988
4,80000,9533072,3886170,13419242
4,80000,7349498,3433847,10783345
4,80000,8593132,3772729,12365861
4,80000,7851508,4144254,11995762
4,80000,9785600,4140750,13926350
4,80000,8499540,3431535,11931075
4,80000,8556982,3405121,11962103
4,80000,7543631,3565485,11109116
4,80000,8088205,3791685,11879890
4,80000,8190356,3345859,11536215
4,80000,8374583,3400073,11774656
4,90000,9754089,3908681,13662770
4,90000,9075797,4415385,13491182
4,90000,9093550,3781244,12874794
4,90000,8476692,3812081,12288773
4,90000,10210480,4274256,14484736
4,90000,8941604,4425804,13367408
4,90000,9262866,4814237,14077103
4,90000,9753733,3907815,13661548
4,90000,8982271,4553959,13536230
4,90000,9485834,4431573,13917407
4,90000,9506579,4467864,13974443
4,90000,9346368,4446253,13792621
4,90000,9110100,4256767,13366867
4,90000,9757236,4336137,14093373
4,90000,8966103,4430898,13397001
4,90000,8571433,4445492,13016925
4,90000,10309818,3901208,14211026
4,90000,9202953,4799131,14002084
4,90000,8471827,3922849,12394676
4,90000,9573917,3866960,13440877
4,90000,10721190,4467760,15188950
4,90000,9328296,3798119,13126415
4,90000,8878739,4495254,13373993
4,90000,9418521,4538132,13956653
4,90000,9499136,3918211,13417347
4,90000,9141698,3878891,13020589
4,90000,10336392,3958283,14294675
4,90000,8970919,4497231,13468150
4,90000,10396088,4414942,14811030
4,90000,8388074,3877939,12266013
4,90000,8972100,4490090,13462190
4,90000,9046240,4344218,13390458
4,90000,9441292,3844618,13285910
4,90000,11988690,3904787,15893477
4,90000,9302530,3906339,13208869
4,90000,9354521,3918478,13272999
4,90000,9017799,4616315,13634114
4,90000,9212596,3919106,13131702
4,90000,8947998,4637540,13585538
4,90000,8250728,3965039,12215767
4,90000,9992333,4376016,14368349
4,90000,9203934,4769198,13973132
4,90000,9307394,4786380,14093774
4,90000,10378100,4792358,15170458
4,90000,9513169,4866405,14379574
4,90000,11717264,3865977,15583241
4,90000,9051427,4294502,13345929
4,90000,8944203,4663590,13607793
4,90000,9038440,3972215,13010655
4,90000,8248911,3895897,12144808
4,90000,9085876,4566424,13652300
4,90000,8888890,4357206,13246096
4,90000,9122064,4608589,13730653
4,90000,10468849,3930038,14398887
4,90000,8681541,4664961,13346502
4,90000,9191748,4484518,13676266
4,90000,9212756,4778715,13991471
4,90000,9315879,4012411,13328290
4,90000,9006423,4335905,13342328
4,90000,9356844,4911663,14268507
4,90000,9458005,4491411,13949416
4,90000,8042048,3904126,11946174
4,90000,9133191,4818708,13951899
4,90000,11090740,4668537,15759277
4,90000,9064732,4609869,13674601
4,90000,9217223,4647256,13864479
4,90000,8326577,3832171,12158748
4,90000,9958112,4365409,14323521
4,90000,9387355,4473121,13860476
4,90000,9114398,3806592,12920990
4,90000,9029910,4450345,13480255
4,90000,10811808,4229292,15041100
4,90000,9393903,4395182,13789085
4,90000,9326191,3914046,13240237
4,90000,9159455,3922806,13082261
4,90000,9933780,4409315,14343095
4,90000,9311912,4550158,13862070
4,90000,8852400,4536054,13388454
4,90000,10005423,4327266,14332689
4,90000,11107453,4637405,15744858
4,90000,9707299,4304108,14011407
4,90000,9311955,4386148,13698103
4,90000,9088504,4650431,13738935
4,90000,9401674,4505079,13906753
4,90000,9705497,4030733,13736230
4,90000,10054260,4426895,14481155
4,90000,8623883,4616379,13240262
4,90000,9295517,3805065,13100582
4,90000,9938897,4165146,14104043
4,90000,10533392,4379242,14912634
4,90000,9149011,4644418,13793429
4,90000,9289314,4550539,13839853
4,90000,10907385,3950935,14858320
4,90000,9093996,4460434,13554430
4,90000,10454438,4121836,14576274
4,90000,8211968,3887875,12099843
4,90000,18509376,3844640,22354016
4,90000,9591515,4052655,13644170
4,90000,9383334,4544068,13927402
4,90000,9181474,3909604,13091078
4,90000,9411635,4372785,13784420
4,90000,10657073,4752296,15409369
4,90000,9691297,4634757,14326054
4,90000,8934364,4358536,13292900
4,90000,9046951,4489155,13536106
4,90000,8364193,4058823,12423016
4,90000,10559686,3949874,14509560
4,90000,9123996,4356721,13480717
4,90000,9153271,3852294,13005565
4,90000,10140573,3770026,13910599
4,90000,8943084,4501335,13444419
4,90000,8499196,3840239,12339435
4,90000,9188433,4421500,13609933
4,90000,9262445,4690562,13953007
4,90000,8300392,3985633,12286025
4,100000,10533267,5308738,15842005
4,100000,10929763,4795955,15725718
4,100000,9794303,4916479,14710782
4,100000,10265930,4873880,15139810
4,100000,9973665,4330292,14303957
4,100000,9366765,4307261,13674026
4,100000,10258361,4818543,15076904
4,100000,16826859,4372130,21198989
4,100000,11476096,5090020,16566116
4,100000,9378455,4196190,13574645
4,100000,10192428,5113691,15306119
4,100000,11485596,5034269,16519865
4,100000,10105620,4830584,14936204
4,100000,11996844,5072515,17069359
4,100000,9068305,4338408,13406713
4,100000,10513755,4245901,14759656
4,100000,10846219,4254265,15100484
4,100000,12955749,4694426,17650175
4,100000,10303229,5410835,15714064
4,100000,11736185,4442424,16178609
4,100000,9943185,4974068,14917253
4,100000,9946094,4907291,14853385
4,100000,10074521,4810804,14885325
4,100000,9064663,4310981,13375644
4,100000,11439109,4221963,15661072
4,100000,9986757,5231695,15218452
4,100000,10723638,4554622,15278260
4,100000,10169757,5359632,15529389
4,100000,9883727,4919349,14803076
4,100000,10125704,5125768,15251472
4,100000,10958490,4990473,15948963
4,100000,9194364,4583672,13778036
4,100000,10104687,5263224,15367911
4,100000,10335912,4173107,14509019
4,100000,10360698,5096216,15456914
4,100000,11205271,4848848,16054119
4,100000,10577083,4401348,14978431
4,100000,10188294,5347493,15535787
4,100000,12029936,4408113,16438049
4,100000,8946884,4240627,13187511
4,100000,10096085,5288464,15384549
4,100000,9461104,4268998,13730102
4,100000,9346340,4362822,13709162
4,100000,10193838,4885757,15079595
4,100000,9840651,4908252,14748903
4,100000,12001819,4810672,16812491
4,100000,9905923,4807487,14713410
4,100000,11451527,4120525,15572052
4,100000,10243415,5030157,15273572
4,100000,11060552,4447707,15508259
4,100000,10335303,4687912,15023215
4,100000,10291135,4873539,15164674
4,100000,11756939,4326793,16083732
4,100000,10185290,4993567,15178857
4,100000,9909747,4550699,14460446
4,100000,10091774,4922185,15013959
4,100000,12312549,4442296,16754845
4,100000,10613368,4809118,15422486
4,100000,12203348,4363772,16567120
4,100000,11646258,4833539,16479797
4,100000,11878944,4189965,16068909
4,100000,11293737,5264006,16557743
4,100000,11676186,4144227,15820413
4,100000,10094047,5135759,15229806
4,100000,10641752,4319396,14961148
4,100000,9931079,5093033,15024112
4,100000,10624319,4520508,15144827
4,100000,10262297,4482539,14744836
4,100000,10148362,5146706,15295068
4,100000,10329321,5113191,15442512
4,100000,11164174,4487408,15651582
4,100000,10799749,4906930,15706679
4,100000,10157321,4994234,15151555
4,100000,9760253,4849617,14609870
4,100000,11299219,4132813,15432032
4,100000,10420950,5002430,15423380
4,100000,10147078,5057148,15204226
4,100000,10873480,5164540,16038020
4,100000,10551394,4298765,14850159
4,100000,11299052,4944329,16243381
4,100000,10237195,5034937,15272132
4,100000,10199214,5302169,15501383
4,100000,10249218,4193132,14442350
4,100000,10277528,5326688,15604216
4,100000,10136288,5099378,15235666
4,100000,10630074,5011218,15641292
4,100000,9261626,4345470,13607096
4,100000,12028918,5008329,17037247
4,100000,10207219,4989942,15197161
4,100000,10438029,4265455,14703484
4,100000,10129089,4875574,15004663
4,100000,9127820,4239795,13367615
4,100000,11775321,4256791,16032112
4,100000,10339951,4410734,14750685
4,100000,10282025,5477050,15759075
4,100000,9321439,4639843,13961282
4,100000,10269319,5111482,15380801
4,100000,12394055,4291635,16685690
4,100000,9740701,4966317,14707018
4,100000,10340715,5179893,15520608
4,100000,9694616,4945858,14640474
4,100000,10877091,4849998,15727089
4,100000,10236209,4232520,14468729
4,100000,10607361,5045228,15652589
4,100000,10254251,5037231,15291482
4,100000,9657187,5042951,14700138
4,100000,11803770,4864512,16668282
4,100000,9147840,4432481,13580321
4,100000,10262573,5018537,15281110
4,100000,9165443,4242707,13408150
4,100000,10670373,4854858,15525231
4,100000,10693461,5027454,15720915
4,100000,9592352,5096974,14689326
4,100000,9064635,4412113,13476748
4,100000,10655016,4228650,14883666
4,100000,11180423,4332195,15512618
4,100000,9947589,5209578,15157167
4,100000,10870156,5340416,16210572
4,100000,9920626,5248413,15169039
4,100000,10391710,4388610,14780320
4,100000,10108753,4927017,15035770
4,100000,10266775,5062518,15329293
4,100000,9161646,4278328,13439974
4,100000,10256906,4182833,14439739
4,100000,9175041,4235258,13410299
4,100000,10251725,5166213,15417938
4,100000,9744917,4913867,14658784
4,100000,10267096,5112791,15379887
4,100000,9797197,5044788,14841985
4,100000,10489329,4880185,15369514
4,100000,9620343,4967588,14587931
4,100000,10892686,4224475,15117161
4,100000,11583286,4230771,15814057
4,100000,13321958,4927849,18249807
4,100000,11881867,4212142,16094009
4,100000,11434463,4530039,15964502
4,100000,10667087,5086849,15753936
4,100000,10234200,4946141,15180341
4,100000,10274645,5146283,15420928
4,100000,10336683,5355721,15692404
4,100000,12534468,4328942,16863410
4,100000,10813054,4903126,15716180
4,100000,10747075,4878006,15625081
4,100000,10006335,4974252,14980587
4,100000,9955592,5031123,14986715
4,100000,10792694,4840063,15632757
4,100000,10607992,4361702,14969694
4,100000,10266351,5049204,15315555
4,100000,10958831,4221564,15180395
4,100000,11099450,5181233,16280683
4,100000,10061546,4811025,14872571
4,100000,10262982,4449699,14712681
4,100000,9336907,4120913,13457820
4,100000,10192227,4850082,15042309
4,100000,11058617,4260159,15318776
4,100000,10409624,5042199,15451823
4,100000,10085333,5202714,15288047
4,100000,12326657,4660732,16987389
4,100000,10164860,4948508,15113368
4,100000,10321693,4243555,14565248
4,100000,9869900,5041690,14911590
4,100000,10762029,4279780,15041809
4,100000,9748253,4924274,14672527
4,100000,9066212,4402395,13468607
4,100000,10288713,4743095,15031808
4,100000,9243411,4160664,13404075
4,100000,9823546,4878105,14701651
4,100000,10988164,5212569,16200733
4,100000,10855805,4733326,15589131
4,100000,13352774,4444184,17796958
4,100000,9653222,5159681,14812903
4,100000,12957312,4426703,17384015
4,100000,12018557,4456430,16474987
4,100000,10314175,5293603,15607778
4,100000,10328677,5363126,15691803
4,100000,11817064,4342616,16159680
4,100000,12017792,4624320,16642112
4,100000,10710867,5070883,15781750
4,100000,9830025,4964766,14794791
4,100000,10176058,4862458,15038516
4,100000,11857905,4266185,16124090
4,100000,11060849,5008917,16069766
4,100000,10185336,5212856,15398192
4,100000,11262356,4130167,15392523
4,100000,10360802,5332191,15692993
4,100000,10234457,4182812,14417269
4,100000,10232131,4879159,15111290
4,100000,10562574,4332167,14894741
4,100000,10490865,4916425,15407290
4,100000,10109858,5121345,15231203
4,100000,9206719,4557883,13764602
4,100000,11232232,5392111,16624343
4,100000,10271603,4948916,15220519
4,100000,10418764,4851563,15270327
4,100000,10762394,4279424,15041818
4,100000,10506558,4143073,14649631
4,100000,10260137,4941125,15201262
4,100000,10321484,5081492,15402976
4,100000,11151765,4190653,15342418
4,100000,9914178,4825649,14739827
4,100000,10151134,4836341,14987475
4,100000,10908872,4900973,15809845
4,100000,9366917,4218953,13585870
4,100000,9104691,4290265,13394956
4,100000,10165675,5051161,15216836
4,100000,9640456,5003473,14643929
4,100000,10201494,4924977,15126471
4,100000,10158185,4203284,14361469
4,100000,9093145,4221712,13314857
4,100000,11274442,5085394,16359836
4,100000,10273367,5201057,15474424
4,100000,9683432,5062428,14745860
4,100000,9912078,4978240,14890318
4,100000,11722768,4409425,16132193
4,100000,9385596,4277818,13663414
4,100000,8955893,4542520,13498413
4,100000,10320028,5405976,15726004
4,100000,10311869,4929539,15241408
4,100000,11354973,4291518,15646491
4,100000,10921278,4691227,15612505
4,100000,10601343,4257975,14859318
4,100000,10075934,4641230,14717164
4,100000,11095340,4957462,16052802
4,100000,12174022,4781240,16955262
4,100000,9850573,5098716,14949289
4,100000,11807006,4883677,16690683
4,100000,9283703,4335825,13619528
4,100000,10146221,4920154,15066375
4,100000,9236415,4530695,13767110
4,100000,11527467,4281564,15809031
4,200000,19431681,8592938,28024619
4,200000,21652838,9919727,31572565
4,200000,20119045,8757253,28876298
4,200000,20459112,8419129,28878241
4,200000,20091189,8470812,28562001
4,200000,22317863,8534997,30852860
4,200000,20931404,9759423,30690827
4,200000,20859925,9763943,30623868
4,200000,21310020,8363302,29673322
4,200000,20719838,9730664,30450502
4,200000,21285560,9711550,30997110
4,200000,19829054,8539382,28368436
4,200000,19649301,8560785,28210086
4,200000,22356746,9529930,31886676
4,200000,19395459,8346388,27741847
4,200000,21362469,10159617,31522086
4,200000,21160561,9593447,30754008
4,200000,21614114,10022209,31636323
4,200000,19683577,8184291,27867868
4,200000,21192198,10060666,31252864
4,200000,20443325,8732937,29176262
4,200000,20294749,8584240,28878989
4,200000,21068116,9700923,30769039
4,200000,19856363,8559348,28415711
4,200000,20048570,8196092,28244662
4,200000,21631173,9591507,31222680
4,200000,21504644,9911780,31416424
4,200000,22437605,9595477,32033082
4,200000,21432163,9518495,30950658
4,200000,19834965,8433814,28268779
4,200000,19732253,8394327,28126580
4,200000,21150051,8255445,29405496
4,200000,19670385,8597793,28268178
4,200000,22248148,9598815,31846963
4,200000,22251646,9541588,31793234
4,200000,21167450,9847940,31015390
4,200000,20822450,9795091,30617541
4,200000,21068054,9889392,30957446
4,200000,21168581,9950736,31119317
4,200000,21151053,9869064,31020117
4,200000,19706404,8614987,28321391
4,200000,21082198,10127082,31209280
4,200000,22233692,10007918,32241610
4,200000,19755234,8427503,28182737
4,200000,22312783,9700815,32013598
4,200000,21259696,9706523,30966219
4,200000,18493455,8262015,26755470
4,200000,21417806,9595824,31013630
4,200000,19827139,8622826,28449965
4,200000,19562823,8618302,28181125
4,200000,21301867,9827317,31129184
4,200000,18832796,8631799,27464595
4,200000,22436830,9927324,32364154
4,200000,19347134,8563562,27910696
4,200000,22419530,9849049,32268579
4,200000,22533336,10084353,32617689
4,200000,20213372,8366126,28579498
4,200000,21098471,9848258,30946729
4,200000,21576202,10137806,31714008
4,200000,22378373,9800169,32178542
4,200000,19431565,8521130,27952695
4,200000,21381713,9827317,31209030
4,200000,22597059,9962284,32559343
4,200000,21082040,9804700,30886740
4,200000,20753920,9992461,30746381
4,200000,21757142,9959474,31716616
4,200000,19699743,8518510,28218253
4,200000,20138987,8505670,28644657
4,200000,19509451,8439961,27949412
4,200000,20758416,9895690,30654106
4,200000,19827188,8602988,28430176
4,200000,22302907,9903090,32205997
4,200000,19430256,8535906,27966162
4,200000,21496979,10022211,31519190
4,200000,21662162,8388671,30050833
4,200000,22791493,9599626,32391119
4,200000,21596820,9584575,31181395
4,200000,21332046,9595866,30927912
4,200000,21214512,10038819,31253331
4,200000,20346647,8353142,28699789
4,200000,21746396,9531076,31277472
4,200000,19829147,8476137,28305284
4,200000,21621403,9605348,31226751
4,200000,23041391,10007388,33048779
4,200000,21583607,9871723,31455330
4,200000,19423292,8286776,27710068
4,200000,21420204,9958922,31379126
4,200000,21685274,9533052,31218326
4,200000,21560653,9992543,31553196
4,200000,19531672,8399823,27931495
4,200000,21695233,9907109,31602342
4,200000,21146159,8350046,29496205
4,200000,22779071,10014207,32793278
4,200000,21518386,10086467,31604853
4,200000,21232367,9703433,30935800
4,200000,19352101,8678494,28030595
4,200000,22084937,9537685,31622622
4,200000,21385590,9731570,31117160
4,200000,22372314,9543733,31916047
4,200000,21641984,9950671,31592655
4,200000,21134055,9876199,31010254
4,200000,22490180,9936391,32426571
4,200000,20936078,10041035,30977113
4,200000,21119386,10034920,31154306
4,200000,22390819,10315500,32706319
4,200000,22494763,9940603,32435366
4,200000,19135077,8508964,27644041
4,200000,20515589,8697377,29212966
4,200000,18945534,8458844,27404378
4,200000,19595214,8358853,27954067
4,200000,21006373,10083575,31089948
4,200000,21366087,10047276,31413363
4,200000,20784206,9977344,30761550
4,200000,19616903,8619341,28236244
4,200000,22224616,9546101,31770717
4,300000,29750180,12655440,42405620
4,300000,29734298,12578932,42313230
4,300000,29395278,12617235,42012513
4,300000,32594228,14695191,47289419
4,300000,29901273,12769468,42670741
4,300000,33208108,14807864,48015972
4,300000,33555321,14886096,48441417
4,300000,35342430,14323137,49665567
4,300000,32817998,14381102,47199100
4,300000,32865131,14703033,47568164
4,300000,32074232,14255404,46329636
4,300000,33499498,14682030,48181528
4,300000,33930936,14467465,48398401
4,300000,34382113,14219675,48601788
4,300000,32015529,14643764,46659293
4,300000,31746008,14332090,46078098
4,300000,33675383,14650378,48325761
4,300000,33028743,14559489,47588232
4,300000,34324843,14444515,48769358
4,300000,32380640,14709476,47090116
4,300000,32123920,14495831,46619751
4,300000,33417999,14612601,48030600
4,300000,34120882,14981008,49101890
4,300000,33421585,14578551,48000136
4,300000,32264273,14772838,47037111
4,300000,32556544,14794206,47350750
4,300000,29875550,12646392,42521942
4,300000,32127835,14841208,46969043
4,300000,33235991,14585333,47821324
4,300000,30063870,12698829,42762699
4,300000,32617792,14721031,47338823
4,300000,34176669,14599499,48776168
4,300000,32472655,14966055,47438710
4,300000,33214056,14871138,48085194
4,300000,31015477,12469434,43484911
4,300000,32320309,12471311,44791620
4,300000,30904019,12526046,43430065
4,300000,32632558,14548244,47180802
4,300000,32728318,14652898,47381216
4,300000,32809311,14661029,47470340
4,300000,33428182,14638849,48067031
4,300000,32930663,14404628,47335291
4,300000,32443532,14698901,47142433
4,300000,32745027,14552059,47297086
4,300000,32807001,14651645,47458646
4,300000,32700456,14522475,47222931
4,300000,32489296,14401133,46890429
4,300000,33003559,14892766,47896325
4,300000,29527689,12592797,42120486
4,300000,32843228,14624433,47467661
4,300000,29874670,12774933,42649603
4,300000,29784231,12491324,42275555
4,300000,32691136,15043060,47734196
4,300000,29961383,12544777,42506160
4,300000,33425924,14147526,47573450
4,300000,32758356,14772221,47530577
4,300000,32126574,14579686,46706260
4,300000,32471688,14601457,47073145
4,300000,33561759,14548815,48110574
4,300000,32011676,14566070,46577746
4,300000,32330447,14374176,46704623
4,300000,32806952,14954644,47761596
4,300000,32708410,14738861,47447271
4,300000,30473605,12757582,43231187
4,300000,33410287,14716789,48127076
4,300000,32634365,14731593,47365958
4,300000,29734703,12713233,42447936
4,300000,29556307,12689992,42246299
4,300000,32956243,14575914,47532157
4,300000,33847663,14396077,48243740
4,300000,32828242,14544979,47373221
4,300000,32304878,14415391,46720269
4,300000,32307379,14454294,46761673
4,300000,32646621,14511978,47158599
4,300000,32553162,14220842,46774004
4,300000,30418683,12760788,43179471
4,300000,29909078,12571242,42480320
4,300000,32928034,14907729,47835763
4,300000,32170471,14823117,46993588
4,300000,33015099,14370314,47385413
4,300000,32987023,15002945,47989968
4,300000,34295511,14628917,48924428
4,300000,30497488,12675755,43173243
4,300000,33380468,14679146,48059614
4,300000,29521929,12802767,42324696
4,300000,32745957,14417184,47163141
4,300000,30210998,12717402,42928400
4,300000,29676513,12637698,42314211
4,300000,33396923,14532603,47929526
4,300000,33115156,14677116,47792272
4,300000,30523418,12774925,43298343
4,300000,29431347,12640263,42071610
4,300000,33044719,14517920,47562639
4,300000,34058693,14671329,48730022
4,300000,32134039,14395325,46529364
4,300000,32771861,14769711,47541572
4,300000,32900242,14798695,47698937
4,300000,29615279,12796150,42411429
4,300000,30322298,12694641,43016939
4,300000,33952447,14825987,48778434
4,300000,33079804,14496594,47576398
4,300000,29670214,12803448,42473662
4,300000,29918893,12547077,42465970
4,300000,34062622,14583910,48646532
4,300000,33603434,14170578,47774012
4,300000,33322076,13613400,46935476
4,300000,32070426,14564644,46635070
4,300000,30786528,12783527,43570055
4,300000,32445701,14919737,47365438
4,300000,30306677,12717001,43023678
4,300000,31666292,14121401,45787693
4,300000,32442213,14791717,47233930
4,300000,32370113,14709595,47079708
4,300000,33254616,15092213,48346829
4,300000,32912645,14806223,47718868
4,400000,42861338,17231829,60093167
4,400000,44349752,19620209,63969961
4,400000,44616491,19622128,64238619
4,400000,39299990,16768314,56068304
4,400000,44663251,19780936,64444187
4,400000,42960903,17191574,60152477
4,400000,39969027,17148936,57117963
4,400000,46546116,19197364,65743480
4,400000,39267191,16685141,55952332
4,400000,44758585,19726632,64485217
4,400000,40598159,17127095,57725254
4,400000,45764556,19425717,65190273
4,400000,39771085,16734764,56505849
4,400000,40924107,16846647,57770754
4,400000,45079308,19563010,64642318
4,400000,41097492,16598546,57696038
4,400000,45849143,19168924,65018067
4,400000,44587570,19065019,63652589
4,400000,46160919,19330969,65491888
4,400000,41395977,19776448,61172425
4,400000,40220494,16980415,57200909
4,400000,45342021,18630655,63972676
4,400000,44402264,19536554,63938818
4,400000,45291978,19390472,64682450
4,400000,40335592,16993406,57328998
4,400000,44225592,19141461,63367053
4,400000,45262617,19608814,64871431
4,400000,40365255,16986149,57351404
4,400000,44212644,19465766,63678410
4,400000,46307720,19706070,66013790
4,400000,40376202,16690178,57066380
4,400000,44169998,19512555,63682553
4,400000,44750313,19437362,64187675
4,400000,43589042,19974725,63563767
4,400000,40405647,16776043,57181690
4,400000,44635043,19214368,63849411
4,400000,43674606,19620275,63294881
4,400000,44993226,19434728,64427954
4,400000,44707011,19590261,64297272
4,400000,44267653,19679030,63946683
4,400000,40094907,16869492,56964399
4,400000,45465994,19484034,64950028
4,400000,45636287,19701466,65337753
4,400000,45114253,19808474,64922727
4,400000,43186600,17254354,60440954
4,400000,44854075,19426632,64280707
4,400000,43610969,19625388,63236357
4,400000,42863749,17049735,59913484
4,400000,45741273,19071793,64813066
4,400000,43998341,19592925,63591266
4,400000,44793253,19479998,64273251
4,400000,45788815,19555282,65344097
4,400000,39099658,16924879,56024537
4,400000,44913156,16727116,61640272
4,400000,40834735,16508428,57343163
4,400000,44254606,19301277,63555883
4,400000,45514939,19355916,64870855
4,400000,45449289,19473372,64922661
4,400000,44412705,19492863,63905568
4,400000,41012085,17080637,58092722
4,400000,41462269,16631547,58093816
4,400000,40088316,17002420,57090736
4,400000,40135919,16907927,57043846
4,400000,44887074,16751019,61638093
4,400000,44827832,18882272,63710104
4,400000,44759700,19731459,64491159
4,400000,45241150,19475869,64717019
4,400000,44814514,19761093,64575607
4,400000,46136628,19916169,66052797
4,400000,41050452,17011370,58061822
4,400000,46098322,19410981,65509303
4,400000,45893060,19651935,65544995
4,400000,45348198,19065456,64413654
4,400000,44538105,19469306,64007411
4,400000,44475910,19236982,63712892
4,400000,40332326,17285568,57617894
4,400000,44507669,16964964,61472633
4,400000,40438113,16936926,57375039
4,400000,45116556,19481864,64598420
4,400000,44256430,19223898,63480328
4,400000,44651278,19269999,63921277
4,400000,45312201,19295334,64607535
4,400000,45738723,17172192,62910915
4,400000,44866324,19805410,64671734
4,400000,43022162,18657344,61679506
4,400000,40950377,16859976,57810353
4,400000,43115002,18807060,61922062
4,400000,40167826,16930527,57098353
4,400000,45448734,19518558,64967292
4,400000,45504075,19725005,65229080
4,400000,45408259,19532493,64940752
4,400000,45472975,19117352,64590327
4,400000,40987908,16896429,57884337
4,400000,44219001,19644563,63863564
4,400000,45134859,19682256,64817115
4,400000,44682586,19726916,64409502
4,400000,40470528,16962343,57432871
4,400000,39852173,16810652,56662825
4,400000,44872966,19383975,64256941
4,400000,45725264,19583876,65309140
4,400000,44398144,19653606,64051750
4,400000,45410123,19499287,64909410
4,400000,44012627,19360013,63372640
4,400000,44377013,19770023,64147036
4,400000,46076869,19745719,65822588
4,400000,44427826,19514071,63941897
4,400000,45422294,19560738,64983032
4,400000,44467121,19535573,64002694
4,400000,44901027,19355888,64256915
4,400000,46594369,19468127,66062496
4,400000,44753319,19460068,64213387
4,400000,44890112,19301938,64192050
4,400000,40104254,16965565,57069819
4,400000,43592438,16719104,60311542
4,400000,39482415,16958274,56440689
4,500000,56914592,24162342,81076934
4,500000,55985052,23999469,79984521
4,500000,51042342,21476085,72518427
4,500000,55181824,24302360,79484184
4,500000,56531836,24169049,80700885
4,500000,56681957,24213874,80895831
4,500000,57686483,24392583,82079066
4,500000,50842004,21148356,71990360
4,500000,50284292,21226523,71510815
4,500000,50782943,20975812,71758755
4,500000,51456363,21391040,72847403
4,500000,52115492,21306462,73421954
4,500000,56489505,23990906,80480411
4,500000,57307009,24370753,81677762
4,500000,57899990,24847972,82747962
4,500000,56860862,24233777,81094639
4,500000,50855368,20986905,71842273
4,500000,51071190,21366721,72437911
4,500000,56938286,24657609,81595895
4,500000,51467155,21102344,72569499
4,500000,52286520,21046034,73332554
4,500000,52080519,21127978,73208497
4,500000,51204834,21659826,72864660
4,500000,56408376,24012047,80420423
4,500000,50589680,21347355,71937035
4,500000,52466911,23761027,76227938
4,500000,55511999,24312601,79824600
4,500000,50500776,21431950,71932726
4,500000,56620707,24015832,80636539
4,500000,57881342,24581914,82463256
4,500000,56436778,21126931,77563709
4,500000,57073715,24597025,81670740
4,500000,58485234,24737743,83222977
4,500000,56913649,24590902,81504551
4,500000,57453397,24237854,81691251
4,500000,57858992,24302826,82161818
4,500000,49968273,21169667,71137940
4,500000,56267877,23694064,79961941
4,500000,56322828,24207794,80530622
4,500000,55709448,24473669,80183117
4,500000,57594170,24871649,82465819
4,500000,56385779,24507600,80893379
4,500000,51671416,23831655,75503071
4,500000,49790103,21018707,70808810
4,500000,56042680,24032706,80075386
4,500000,58470852,24308516,82779368
4,500000,51821477,23988292,75809769
4,500000,58555009,24235728,82790737
4,500000,55057053,23963741,79020794
4,500000,56731436,24466714,81198150
4,500000,50817375,21066031,71883406
4,500000,55784200,24334734,80118934
4,500000,56745128,24527531,81272659
4,500000,49823413,21113631,70937044
4,500000,58665549,24476464,83142013
4,500000,56820046,24689413,81509459
4,500000,57553562,24587610,82141172
4,500000,51168423,21368785,72537208
4,500000,51041358,21081980,72123338
4,500000,56464667,24015340,80480007
4,500000,52197253,21073322,73270575
4,500000,56600490,24289612,80890102
4,500000,57095730,24145960,81241690
4,500000,51398998,21181265,72580263
4,500000,51540285,21055744,72596029
4,500000,57182138,24442764,81624902
4,500000,51045959,21275305,72321264
4,500000,56189416,23950519,80139935
4,500000,57667165,24396286,82063451
4,500000,57846020,24444139,82290159
4,500000,56571902,24249244,80821146
4,500000,52164108,21317429,73481537
4,500000,53528390,23623585,77151975
4,500000,50813396,21060630,71874026
4,500000,56650437,24410507,81060944
4,500000,58143189,24561503,82704692
4,500000,56581649,24156575,80738224
4,500000,56217509,23616342,79833851
4,500000,50119753,21215422,71335175
4,500000,56994865,24153494,81148359
4,500000,56920036,24420752,81340788
4,500000,50878825,21466671,72345496
4,500000,54055881,21416581,75472462
4,500000,51170111,21096608,72266719
4,500000,57480184,23995955,81476139
4,500000,56915995,23955840,80871835
4,500000,51150144,21133794,72283938
4,500000,50764914,21131137,71896051
4,500000,54756177,24399650,79155827
4,500000,50927153,21070845,71997998
4,500000,56607614,24425908,81033522
4,500000,50856245,21274977,72131222
4,500000,57612594,24033401,81645995
4,500000,50826597,21241810,72068407
4,500000,56966399,24078103,81044502
4,500000,56964135,24199937,81164072
4,500000,51855463,20939379,72794842
4,500000,57696459,24571218,82267677
4,500000,55656421,24425249,80081670
4,500000,56742400,24147249,80889649
4,500000,57930356,24357606,82287962
4,500000,52706299,23752705,76459004
4,500000,55007435,23595829,78603264
4,500000,57505127,24413516,81918643
4,500000,56492296,24172803,80665099
4,500000,57513546,24443890,81957436
4,500000,57221596,24470427,81692023
4,500000,56657298,24405305,81062603
4,500000,50463667,20867967,71331634
4,500000,55617609,24064583,79682192
4,500000,57231842,24092627,81324469
4,500000,56317872,24577440,80895312
4,500000,53575841,20730666,74306507
4,500000,56478803,24303464,80782267
4,500000,57027134,24401593,81428727
4,600000,69372265,28776928,98149193
4,600000,69160299,29363084,98523383
4,600000,62053699,24832927,86886626
4,600000,64687983,25508679,90196662
4,600000,68693525,28810100,97503625
4,600000,68930062,28966843,97896905
4,600000,61456270,25545490,87001760
4,600000,70771345,29251041,100022386
4,600000,69159959,29102332,98262291
4,600000,61644354,25274551,86918905
4,600000,61592702,25261023,86853725
4,600000,68658249,29425127,98083376
4,600000,70572953,29095022,99667975
4,600000,67746654,29069468,96816122
4,600000,67253915,25163212,92417127
4,600000,68948197,29290591,98238788
4,600000,67776560,29208426,96984986
4,600000,68971680,29628427,98600107
4,600000,69619283,29197268,98816551
4,600000,69010730,29025362,98036092
4,600000,68813123,29156608,97969731
4,600000,69423637,30983388,100407025
4,600000,70341625,29489319,99830944
4,600000,68859628,29393014,98252642
4,600000,68903329,29586384,98489713
4,600000,68579569,29084527,97664096
4,600000,70326800,29229192,99555992
4,600000,65829839,25482289,91312128
4,600000,69440313,28929301,98369614
4,600000,61552136,25364167,86916303
4,600000,70273463,29252782,99526245
4,600000,69823665,29114696,98938361
4,600000,62113096,25379831,87492927
4,600000,69226782,29191555,98418337
4,600000,69275268,29364369,98639637
4,600000,64866530,28744325,93610855
4,600000,68854574,28954899,97809473
4,600000,68611429,29141589,97753018
4,600000,69376222,28749651,98125873
4,600000,63902625,28230824,92133449
4,600000,69136985,29457450,98594435
4,600000,67708818,28954778,96663596
4,600000,69513663,29231109,98744772
4,600000,68643361,29338590,97981951
4,600000,62367257,25255865,87623122
4,600000,69483977,29185943,98669920
4,600000,68721961,28857598,97579559
4,600000,68289033,29119258,97408291
4,600000,67911907,28994683,96906590
4,600000,67614569,29445742,97060311
4,600000,67776037,28638098,96414135
4,600000,60798724,25518622,86317346
4,600000,62104383,25285659,87390042
4,600000,69850690,29587363,99438053
4,600000,68794228,29059559,97853787
4,600000,69147863,29471462,98619325
4,600000,64478373,29371638,93850011
4,600000,61382045,25042499,86424544
4,600000,68943655,29277810,98221465
4,600000,69060377,29337932,98398309
4,600000,68860253,29147334,98007587
4,600000,62541524,25353564,87895088
4,600000,67218321,29274880,96493201
4,600000,60813562,25202239,86015801
4,600000,61453542,25350500,86804042
4,600000,69778460,28366664,98145124
4,600000,61706736,25268143,86974879
4,600000,67736470,29473916,97210386
4,600000,67429749,28957547,96387296
4,600000,67306638,29428244,96734882
4,600000,61550974,25549354,87100328
4,600000,67415555,25274096,92689651
4,600000,61878206,25563606,87441812
4,600000,62676074,25485038,88161112
4,600000,67352370,29202609,96554979
4,600000,61229718,25466153,86695871
4,600000,67704363,28443269,96147632
4,600000,68647290,29512603,98159893
4,600000,69665852,29607746,99273598
4,600000,70328486,29186391,99514877
4,600000,61647006,25302618,86949624
4,600000,70530564,29098142,99628706
4,600000,67827102,28772606,96599708
4,600000,67161633,29165750,96327383
4,600000,61824101,25734504,87558605
4,600000,68785190,29624072,98409262
4,600000,67784354,29153699,96938053
4,600000,69924861,29708173,99633034
4,600000,65366725,28565962,93932687
4,600000,61962825,25422772,87385597
4,600000,69576851,29439153,99016004
4,600000,70065490,29122401,99187891
4,600000,64208936,28269248,92478184
4,600000,69202175,29187107,98389282
4,600000,61758749,25490235,87248984
4,600000,69157897,29459492,98617389
4,600000,68307809,29280054,97587863
4,600000,69318220,29301481,98619701
4,600000,69131651,29450856,98582507
4,600000,68714879,29709560,98424439
4,600000,69948679,29468210,99416889
4,600000,68895068,29039626,97934694
4,600000,69468510,29268468,98736978
4,600000,68669407,29595933,98265340
4,600000,68697735,29239952,97937687
4,600000,69058827,29163130,98221957
4,600000,68800935,29476746,98277681
4,600000,69482181,29206724,98688905
4,600000,68628957,29399803,98028760
4,600000,61605006,25671606,87276612
4,600000,61649278,24849252,86498530
4,600000,61459087,25429465,86888552
4,600000,63701401,28798249,92499650
4,600000,62796244,25294859,88091103
4,600000,68992968,29052337,98045305
4,700000,72829973,29642453,102472426
4,700000,72866806,29584959,102451765
4,700000,81246373,33858584,115104957
4,700000,79315816,33950716,113266532
4,700000,72581769,29755048,102336817
4,700000,72269182,29181448,101450630
4,700000,72100826,29269994,101370820
4,700000,80999181,34560540,115559721
4,700000,73807736,29998743,103806479
4,700000,80903220,34654731,115557951
4,700000,82271425,34093635,116365060
4,700000,79486523,33993115,113479638
4,700000,72584956,29640687,102225643
4,700000,80624799,34174338,114799137
4,700000,81121469,34137959,115259428
4,700000,72780834,29888070,102668904
4,700000,80286654,33953749,114240403
4,700000,72480770,29746107,102226877
4,700000,81967082,34409518,116376600
4,700000,81464707,34155319,115620026
4,700000,81405697,33018754,114424451
4,700000,81271548,34022615,115294163
4,700000,74413706,34556807,108970513
4,700000,81434744,33608673,115043417
4,700000,81469294,34434179,115903473
4,700000,75601609,33790759,109392368
4,700000,82211541,34018684,116230225
4,700000,82745927,34242822,116988749
4,700000,82509603,34275249,116784852
4,700000,76096239,34613635,110709874
4,700000,81430161,34181217,115611378
4,700000,74791055,33700736,108491791
4,700000,80599042,33924969,114524011
4,700000,81014653,34408481,115423134
4,700000,75761848,33826428,109588276
4,700000,75286065,34218207,109504272
4,700000,74477665,34056506,108534171
4,700000,72632616,29418243,102050859
4,700000,81408041,33819977,115228018
4,700000,80040461,33896049,113936510
4,700000,72767410,29670814,102438224
4,700000,72869908,29476552,102346460
4,700000,82819539,33164556,115984095
4,700000,72462969,29609244,102072213
4,700000,81082233,33404335,114486568
4,700000,76815057,34629079,111444136
4,700000,81394112,33884046,115278158
4,700000,81188187,34509014,115697201
4,700000,72657429,29796967,102454396
4,700000,82229563,34319584,116549147
4,700000,81837341,33936997,115774338
4,700000,72950125,28615413,101565538
4,700000,82598379,33807372,116405751
4,700000,77570372,34470677,112041049
4,700000,73372789,29707265,103080054
4,700000,73665849,28814219,102480068
4,700000,81531884,34251780,115783664
4,700000,80338289,33934041,114272330
4,700000,80179766,34034378,114214144
4,700000,81417754,34254288,115672042
4,700000,80421057,34166024,114587081
4,700000,80956923,33898566,114855489
4,700000,72726436,29470072,102196508
4,700000,81720824,34092586,115813410
4,700000,73695514,29541287,103236801
4,700000,82276601,33716253,115992854
4,700000,81067698,34650906,115718604
4,700000,72450269,29322959,101773228
4,700000,80814718,33825131,114639849
4,700000,81254658,34084331,115338989
4,700000,81011712,34334938,115346650
4,700000,82188118,34065214,116253332
4,700000,81639497,34147512,115787009
4,700000,80890589,33838959,114729548
4,700000,72682442,29698894,102381336
4,700000,72663027,29888935,102551962
4,700000,81453091,34306749,115759840
4,700000,72216766,29730045,101946811
4,700000,81159782,33912840,115072622
4,700000,77522857,32613330,110136187
4,700000,71985788,29776504,101762292
4,700000,82920258,34145451,117065709
4,700000,74881174,29217384,104098558
4,700000,80182602,34073032,114255634
4,700000,72916280,29485259,102401539
4,700000,72941832,29434735,102376567
4,700000,78827315,32924035,111751350
4,700000,81596383,34484657,116081040
4,700000,72926297,29805242,102731539
4,700000,72654293,29519053,102173346
4,700000,81131484,33895352,115026836
4,700000,81462996,34148464,115611460
4,700000,80291742,34238133,114529875
4,700000,81968103,34274748,116242851
4,700000,81000771,34164611,115165382
4,700000,81917692,34077375,115995067
4,700000,72260742,29609684,101870426
4,700000,75627335,29345392,104972727
4,700000,79687207,33911012,113598219
4,700000,72515751,29551067,102066818
4,700000,72618380,29560352,102178732
4,700000,78134604,33857803,111992407
4,700000,82411928,34054154,116466082
4,700000,76582603,34623933,111206536
4,700000,77415458,34066355,111481813
4,700000,81531665,34177231,115708896
4,700000,81398546,34166718,115565264
4,700000,74758370,34135122,108893492
4,700000,82278543,33191009,115469552
4,700000,82283268,34030614,116313882
4,700000,73311221,29762440,103073661
4,700000,74709884,29688855,104398739
4,700000,81353741,34019884,115373625
4,700000,80499893,34067842,114567735
4,700000,81224234,34153867,115378101
4,800000,84358158,33915356,118273514
4,800000,94421236,39412652,133833888
4,800000,93682279,38944267,132626546
4,800000,94369401,39183498,133552899
4,800000,94215449,38972579,133188028
4,800000,93986648,39312667,133299315
4,800000,87646175,33854674,121500849
4,800000,94006247,39032548,133038795
4,800000,88759984,39150560,127910544
4,800000,95949189,39423566,135372755
4,800000,93195434,38936086,132131520
4,800000,88828201,39118341,127946542
4,800000,83679747,33658710,117338457
4,800000,93917373,38976945,132894318
4,800000,87651867,38191603,125843470
4,800000,93707445,39430516,133137961
4,800000,94708565,39211258,133919823
4,800000,93662046,39060717,132722763
4,800000,95161103,39073929,134235032
4,800000,94610260,39442668,134052928
4,800000,86663352,33396036,120059388
4,800000,93850165,38836677,132686842
4,800000,93646922,38129606,131776528
4,800000,85150631,33770096,118920727
4,800000,95180593,39131931,134312524
4,800000,94079408,39304073,133383481
4,800000,84633176,33873427,118506603
4,800000,94649795,39547433,134197228
4,800000,93471633,39430372,132902005
4,800000,92704344,38884106,131588450
4,800000,94215228,39161585,133376813
4,800000,83066431,33980436,117046867
4,800000,93896461,39609948,133506409
4,800000,92905112,39377567,132282679
4,800000,93964915,39217312,133182227
4,800000,94204791,38979880,133184671
4,800000,94406910,39286645,133693555
4,800000,93832254,39248952,133081206
4,800000,83775092,33852501,117627593
4,800000,87081939,33337338,120419277
4,800000,84421806,33956557,118378363
4,800000,83789264,33701781,117491045
4,800000,93932948,39148725,133081673
4,800000,84988621,33769707,118758328
4,800000,93233948,39288114,132522062
4,800000,94683163,38167784,132850947
4,800000,90451446,39241400,129692846
4,800000,83871594,34122413,117994007
4,800000,91737214,39003613,130740827
4,800000,94171497,38947573,133119070
4,800000,94084760,39330205,133414965
4,800000,95202043,39303029,134505072
4,800000,88970676,38466528,127437204
4,800000,87086589,37770099,124856688
4,800000,93842291,39630197,133472488
4,800000,83942293,33735609,117677902
4,800000,95719883,39308030,135027913
4,800000,93498247,39160336,132658583
4,800000,94097721,39283114,133380835
4,800000,94313575,39084367,133397942
4,800000,93756795,39461565,133218360
4,800000,94841898,39101711,133943609
4,800000,86422559,33879845,120302404
4,800000,84033054,33752345,117785399
4,800000,93018499,39175868,132194367
4,800000,84107668,33664771,117772439
4,800000,95871723,39250424,135122147
4,800000,94138401,39186161,133324562
4,800000,83930062,33796227,117726289
4,800000,86126832,33988824,120115656
4,800000,83871724,33714690,117586414
4,800000,88417501,39229191,127646692
4,800000,93556870,39293002,132849872
4,800000,83922178,33569131,117491309
4,800000,83552045,34089825,117641870
4,800000,92421283,39086632,131507915
4,800000,94037418,38821841,132859259
4,800000,94029410,38984206,133013616
4,800000,93458234,39134224,132592458
4,800000,94429126,39073162,133502288
4,800000,94241001,39144144,133385145
4,800000,83346183,33999873,117346056
4,800000,94220343,39014501,133234844
4,800000,94275452,38888625,133164077
4,800000,90996650,38143638,129140288
4,800000,85260413,33961491,119221904
4,800000,88513628,39188904,127702532
4,800000,93941283,39030199,132971482
4,800000,93284615,38982611,132267226
4,800000,94103192,39142211,133245403
4,800000,83138134,33972341,117110475
4,800000,89961814,38940376,128902190
4,800000,92298298,38390388,130688686
4,800000,93910845,39116795,133027640
4,800000,83822209,33984357,117806566
4,800000,95747528,39172116,134919644
4,800000,83725544,33773318,117498862
4,800000,84433843,33380618,117814461
4,800000,83803766,33773222,117576988
4,800000,86373827,33867810,120241637
4,800000,94642256,39153032,133795288
4,800000,94097676,39344753,133442429
4,800000,88622799,37798917,126421716
4,800000,86265257,38196012,124461269
4,800000,85236664,33672245,118908909
4,800000,84254784,33726631,117981415
4,800000,83176841,33556418,116733259
4,800000,92690371,37955300,130645671
4,800000,95146763,37873739,133020502
4,800000,94135787,38944028,133079815
4,800000,94778734,38772492,133551226
4,800000,94102481,38962139,133064620
4,800000,93569021,38892817,132461838
4,800000,94649531,39123571,133773102
4,800000,84072671,33792279,117864950
4,900000,106954590,43569798,150524388
4,900000,95762002,38294081,134056083
4,900000,105843036,43928478,149771514
4,900000,95214599,38046786,133261385
4,900000,106251816,43835990,150087806
4,900000,105588211,44089569,149677780
4,900000,107801198,44204166,152005364
4,900000,106459227,44090182,150549409
4,900000,108268251,43888656,152156907
4,900000,96247016,37990582,134237598
4,900000,107401069,44152068,151553137
4,900000,106763605,44353310,151116915
4,900000,94702948,38379336,133082284
4,900000,108169610,44025504,152195114
4,900000,95313125,38263910,133577035
4,900000,108104701,43874860,151979561
4,900000,106510997,44030990,150541987
4,900000,95329815,37918437,133248252
4,900000,95299113,37632408,132931521
4,900000,94305878,38242755,132548633
4,900000,96393020,38164947,134557967
4,900000,106768500,44494374,151262874
4,900000,108183552,43989347,152172899
4,900000,109064649,44087724,153152373
4,900000,106769850,44217556,150987406
4,900000,94868181,37864105,132732286
4,900000,106077230,43663411,149740641
4,900000,106622292,44753154,151375446
4,900000,105743686,44024804,149768490
4,900000,109104402,44023370,153127772
4,900000,106720438,44308034,151028472
4,900000,106612198,43839145,150451343
4,900000,107228080,43254513,150482593
4,900000,106451493,43729469,150180962
4,900000,107210069,43800541,151010610
4,900000,105584928,44053108,149638036
4,900000,106014568,43987747,150002315
4,900000,105395075,43509593,148904668
4,900000,106986277,44006448,150992725
4,900000,108007469,43909610,151917079
4,900000,106302726,44350013,150652739
4,900000,99009793,44505106,143514899
4,900000,108040808,43903977,151944785
4,900000,106644716,43985526,150630242
4,900000,106059277,44131737,150191014
4,900000,105775494,43530547,149306041
4,900000,106686674,44403454,151090128
4,900000,106297274,44163823,150461097
4,900000,104310265,43801013,148111278
4,900000,106770399,44238977,151009376
4,900000,105963058,44016859,149979917
4,900000,106355713,42974260,149329973
4,900000,107550200,43933347,151483547
4,900000,104296860,44092042,148388902
4,900000,106513845,43814263,150328108
4,900000,98111786,38288016,136399802
4,900000,103040982,44535825,147576807
4,900000,106850075,44070766,150920841
4,900000,105447124,43777284,149224408
4,900000,104271923,44011052,148282975
4,900000,106324868,43996011,150320879
4,900000,96331837,38068258,134400095
4,900000,105932182,44057391,149989573
4,900000,94714835,38209850,132924685
4,900000,108053259,44534766,152588025
4,900000,95330792,38060996,133391788
4,900000,107942413,43981168,151923581
4,900000,107112455,44971988,152084443
4,900000,107284048,44142063,151426111
4,900000,95383956,38211139,133595095
4,900000,94239027,38119658,132358685
4,900000,106411983,43992031,150404014
4,900000,94932646,37899424,132832070
4,900000,95141903,38161538,133303441
4,900000,107079898,43994589,151074487
4,900000,95214724,38312337,133527061
4,900000,95236319,37962062,133198381
4,900000,104263687,44159637,148423324
4,900000,95157592,37597929,132755521
4,900000,108147383,43270560,151417943
4,900000,106377342,44028538,150405880
4,900000,108288474,43937170,152225644
4,900000,95748606,37525375,133273981
4,900000,105866513,42770314,148636827
4,900000,106577464,43850385,150427849
4,900000,96328782,38032261,134361043
4,900000,95059698,38267855,133327553
4,900000,106946587,43882037,150828624
4,900000,103685871,43950183,147636054
4,900000,107662661,44295088,151957749
4,900000,105180621,44342021,149522642
4,900000,106554665,43916028,150470693
4,900000,106929110,43917026,150846136
4,900000,104127092,44001207,148128299
4,900000,106417712,43931260,150348972
4,900000,106388576,44010481,150399057
4,900000,104226088,43996899,148222987
4,900000,106841738,44325084,151166822
4,900000,95263165,38142668,133405833
4,900000,104817099,44023145,148840244
4,900000,106297392,44001377,150298769
4,900000,95188816,38050306,133239122
4,900000,107713236,44032375,151745611
4,900000,106716970,43787517,150504487
4,900000,105186023,43693959,148879982
4,900000,107056602,43746761,150803363
4,900000,101392956,42759286,144152242
4,900000,106629069,44023074,150652143
4,900000,102675708,43003643,145679351
4,900000,95219099,38026643,133245742
4,900000,95512974,37953582,133466556
4,900000,107002281,44272250,151274531
4,900000,105336484,43914061,149250545
4,900000,95259871,37773920,133033791
4,900000,95029061,37934309,132963370
4,1000000,119774843,48845289,168620132
4,1000000,106741297,42330583,149071880
4,1000000,120897064,48949192,169846256
4,1000000,119649385,49006202,168655587
4,1000000,121090959,48801981,169892940
4,1000000,119505395,49408860,168914255
4,1000000,106531675,42398312,148929987
4,1000000,107200069,42043738,149243807
4,1000000,119556094,48175841,167731935
4,1000000,109644781,42153167,151797948
4,1000000,119926607,48949787,168876394
4,1000000,118325742,47891979,166217721
4,1000000,120284124,49221592,169505716
4,1000000,119543375,49168035,168711410
4,1000000,120036056,49289273,169325329
4,1000000,119969379,48992941,168962320
4,1000000,106797235,42450005,149247240
4,1000000,118086091,48821726,166907817
4,1000000,107080595,42341052,149421647
4,1000000,117697392,48592060,166289452
4,1000000,105698782,42329122,148027904
4,1000000,119857330,48695111,168552441
4,1000000,119430980,49055022,168486002
4,1000000,119458115,49082138,168540253
4,1000000,106920809,42379446,149300255
4,1000000,119445218,48819412,168264630
4,1000000,120004450,48284613,168289063
4,1000000,119730791,49394765,169125556
4,1000000,118539872,48920599,167460471
4,1000000,120881777,48863389,169745166
4,1000000,107246750,41997976,149244726
4,1000000,106083856,41585890,147669746
4,1000000,119348988,48953050,168302038
4,1000000,120548951,48644840,169193791
4,1000000,119398959,49469338,168868297
4,1000000,120625506,48676035,169301541
4,1000000,107009206,42127612,149136818
4,1000000,106042707,42079142,148121849
4,1000000,119812749,48932135,168744884
4,1000000,120419929,48907556,169327485
4,1000000,119494733,48776012,168270745
4,1000000,119624846,49477008,169101854
4,1000000,119436905,48441961,167878866
4,1000000,120544088,48927177,169471265
4,1000000,119706413,48618219,168324632
4,1000000,107310871,42177005,149487876
4,1000000,106266375,42351024,148617399
4,1000000,119266282,49067109,168333391
4,1000000,106869179,42353514,149222693
4,1000000,106097234,41930751,148027985
4,1000000,107283462,41307204,148590666
4,1000000,110100094,42353194,152453288
4,1000000,119215789,48479687,167695476
4,1000000,105895070,42499868,148394938
4,1000000,120155148,49026473,169181621
4,1000000,107013068,42331027,149344095
4,1000000,117487570,48419746,165907316
4,1000000,119563875,49047536,168611411
4,1000000,119813363,49332836,169146199
4,1000000,119292820,49097022,168389842
4,1000000,106849954,42262501,149112455
4,1000000,117926996,48256652,166183648
4,1000000,112822543,47840204,160662747
4,1000000,119536391,48584198,168120589
4,1000000,120415487,48894371,169309858
4,1000000,117878551,48735486,166614037
4,1000000,119463003,49067864,168530867
4,1000000,117347205,48874336,166221541
4,1000000,120709204,48345473,169054677
4,1000000,120507377,49106220,169613597
4,1000000,109281564,42256713,151538277
4,1000000,119249126,48815750,168064876
4,1000000,119420982,48693448,168114430
4,1000000,119805671,48534273,168339944
4,1000000,106887036,42327053,149214089
4,1000000,107358617,42195117,149553734
4,1000000,119687201,48587015,168274216
4,1000000,119794176,48785280,168579456
4,1000000,119891809,48895608,168787417
4,1000000,105918786,41798991,147717777
4,1000000,119516938,48972150,168489088
4,1000000,107003453,42598835,149602288
4,1000000,118950528,48903930,167854458
4,1000000,109201857,41851799,151053656
4,1000000,119864561,48786964,168651525
4,1000000,120085432,48607626,168693058
4,1000000,106825662,42329736,149155398
4,1000000,105795320,42454372,148249692
4,1000000,120186121,48579606,168765727
4,1000000,119328630,49042572,168371202
4,1000000,118940582,48923968,167864550
4,1000000,106906100,42314954,149221054
4,1000000,120075895,48963847,169039742
4,1000000,119451367,49037299,168488666
4,1000000,120898451,49163821,170062272
4,1000000,120008810,49055510,169064320
4,1000000,114482709,47578298,162061007
4,1000000,107158215,42387928,149546143
4,1000000,119503620,48113526,167617146
4,1000000,119932035,49162131,169094166
4,1000000,119931511,48925441,168856952
4,1000000,107009174,41942451,148951625
4,1000000,119303158,48210137,167513295
4,1000000,119535597,48909237,168444834
4,1000000,106711576,42343848,149055424
4,1000000,117755872,48847256,166603128
4,1000000,108387221,42527976,150915197
4,1000000,120020430,48619434,168639864
4,1000000,119849139,48955752,168804891
4,1000000,121335522,49129714,170465236
4,1000000,119679490,49479920,169159410
4,1000000,119722759,48971386,168694145
4,1000000,118400704,48912875,167313579
4,1000000,106987364,42309620,149296984
4,1000000,119656520,48675016,168331536
4,1000000,107140033,42272997,149413030
4,1000000,119045902,49028426,168074328
4,1000000,119806071,48499842,168305913
4,1000000,106813459,42482800,149296259
4,1000000,106666578,42322284,148988862
4,1000000,121529991,48908926,170438917
4,1000000,120137956,47432811,167570767
4,1000000,106769048,42462448,149231496
4,1000000,119947507,49031448,168978955
4,1000000,106954859,42347727,149302586
4,1000000,107097585,42015095,149112680
4,1000000,119115160,48331117,167446277
4,1000000,120439500,49086562,169526062
4,1000000,119772607,49389478,169162085
4,1000000,119126882,49218859,168345741
4,1000000,107331501,42443052,149774553
4,1000000,116624815,49142764,165767579
4,1000000,107339538,42306935,149646473
4,1000000,107144573,42353635,149498208
4,1000000,106836071,42416659,149252730
4,1000000,119277517,48197289,167474806
4,1000000,119350233,49257709,168607942
4,1000000,119305791,48933869,168239660
4,1000000,119687723,48841274,168528997
4,1000000,106745521,42475099,149220620
4,1000000,118067095,47683639,165750734
4,1000000,119971991,48905202,168877193
4,1000000,120049307,49251897,169301204
4,1000000,108916035,42385950,151301985
4,1000000,106136033,42083753,148219786
4,1000000,110404978,42231419,152636397
4,1000000,107153717,42349921,149503638
4,1000000,106660087,42256735,148916822
4,1000000,119665927,48746390,168412317
4,1000000,106780627,42216258,148996885
4,1000000,119364417,48866504,168230921
4,1000000,121220126,47996954,169217080
4,1000000,118986777,48496456,167483233
4,1000000,106855337,42346020,149201357
4,1000000,105746662,42359010,148105672
4,1000000,106979640,42234541,149214181
4,1000000,118075130,48231055,166306185
4,1000000,119647817,48992728,168640545
4,1000000,115835796,46623954,162459750
4,1000000,108442856,42340496,150783352
4,1000000,106599199,42499764,149098963
4,1000000,114443376,48818846,163262222
4,1000000,119233449,49321107,168554556
4,1000000,119003969,49033404,168037373
4,1000000,118914580,48988713,167903293
4,1000000,113832064,49204449,163036513
4,1000000,119613814,49042809,168656623
4,1000000,113546852,49029226,162576078
4,1000000,119429828,49126679,168556507
4,1000000,119971398,48938129,168909527
4,1000000,106020861,42038634,148059495
4,1000000,119165225,48569246,167734471
4,1000000,119554564,49118293,168672857
4,1000000,105840108,41764656,147604764
4,1000000,119204246,48516698,167720944
4,1000000,119792228,48965385,168757613
4,1000000,105770258,42765477,148535735
4,1000000,119485355,48970445,168455800
4,1000000,107539048,42497609,150036657
4,1000000,106924746,42252541,149177287
4,1000000,119684529,48961973,168646502
4,1000000,117809245,48128027,165937272
4,1000000,107822989,42391676,150214665
4,1000000,119313031,48655443,167968474
4,1000000,119023909,48615509,167639418
4,1000000,119653914,48819834,168473748
4,1000000,119264374,48528079,167792453
4,1000000,121823287,48656330,170479617
4,1000000,106170098,42425274,148595372
4,1000000,105914446,42436722,148351168
4,1000000,118673656,49319636,167993292
4,1000000,111718328,47540082,159258410
4,1000000,117246683,49094761,166341444
4,1000000,105837549,42506274,148343823
4,1000000,116837358,48541037,165378395
4,1000000,119241000,48455020,167696020
4,1000000,118311062,48664427,166975489
4,1000000,121051287,48979452,170030739
4,1000000,107060219,42312714,149372933
4,1000000,118656480,47999426,166655906
4,1000000,119583927,48980980,168564907
4,1000000,117469136,48849431,166318567
4,1000000,117912487,47422115,165334602
4,1000000,108716904,42164052,150880956
4,1000000,119283128,48389611,167672739
4,1000000,119137109,48535377,167672486
4,1000000,119411157,49159042,168570199
4,1000000,121013288,47787279,168800567
4,1000000,120917682,49115813,170033495
4,1000000,119652811,48702728,168355539
4,1000000,119492859,49064687,168557546
4,1000000,118859034,49000672,167859706
4,1000000,106360575,42105029,148465604
4,1000000,120456867,48358544,168815411
4,1000000,106744062,42515312,149259374
4,1000000,106718474,42423982,149142456
4,1000000,105547858,41986531,147534389
4,1000000,106611129,42305476,148916605
4,1000000,120544942,48729024,169273966
4,1000000,106897494,42481031,149378525
4,1000000,105919655,42643550,148563205
4,1000000,118161869,48852339,167014208
4,1000000,119112078,49042633,168154711
4,1000000,106579221,41975126,148554347
4,1000000,112423104,47188827,159611931
4,1000000,115164814,42447593,157612407
4,1000000,105686027,42228143,147914170
4,1000000,121623293,48514254,170137547
4,1000000,117825081,49352331,167177412
4,1000000,112338528,47669728,160008256
4,2000000,227015818,84247362,311263180
4,2000000,252309131,97458276,349767407
4,2000000,253157060,97947877,351104937
4,2000000,254540353,98150347,352690700
4,2000000,246599487,97572583,344172070
4,2000000,246562870,97216382,343779252
4,2000000,251932856,97612157,349545013
4,2000000,252177393,97840674,350018067
4,2000000,224792645,83930766,308723411
4,2000000,252568870,97570242,350139112
4,2000000,255309523,98039861,353349384
4,2000000,227789959,83959577,311749536
4,2000000,242937632,95401958,338339590
4,2000000,225619183,83828725,309447908
4,2000000,225269944,83843009,309112953
4,2000000,250110925,97747076,347858001
4,2000000,246610329,94498020,341108349
4,2000000,249487404,97923867,347411271
4,2000000,253299100,97808124,351107224
4,2000000,247120082,97717397,344837479
4,2000000,242795162,95223018,338018180
4,2000000,249795452,97363422,347158874
4,2000000,228540397,84103592,312643989
4,2000000,246977624,97660752,344638376
4,2000000,227271299,84046250,311317549
4,2000000,225076366,83870671,308947037
4,2000000,227463369,84368496,311831865
4,2000000,250998261,97730882,348729143
4,2000000,252240029,97461394,349701423
4,2000000,228480063,84389386,312869449
4,2000000,252556610,97570022,350126632
4,2000000,244068435,95179525,339247960
4,2000000,227379112,84345791,311724903
4,2000000,249931211,98096616,348027827
4,2000000,252580726,97423262,350003988
4,2000000,249708423,97816345,347524768
4,2000000,224373938,83679432,308053370
4,2000000,253310350,97848530,351158880
4,2000000,224507424,84018717,308526141
4,2000000,224429374,84026683,308456057
4,2000000,251406159,97463202,348869361
4,2000000,253987338,96993276,350980614
4,2000000,248724490,95272773,343997263
4,2000000,253358344,97896458,351254802
4,2000000,227135286,84009490,311144776
4,2000000,251967690,96434861,348402551
4,2000000,254389103,97709240,352098343
4,2000000,227336795,84159506,311496301
4,2000000,253175429,97928889,351104318
4,2000000,226785087,84247042,311032129
4,2000000,227489514,84241676,311731190
4,2000000,227238042,84387530,311625572
4,2000000,229248235,84223383,313471618
4,2000000,250877149,97878118,348755267
4,2000000,253726730,98293174,352019904
4,2000000,226449270,84290842,310740112
4,2000000,226812148,84099941,310912089
4,2000000,253609236,97777457,351386693
4,2000000,253095139,97802732,350897871
4,2000000,250416572,97844775,348261347
4,2000000,226930356,84357141,311287497
4,2000000,249907928,97880343,347788271
4,2000000,254556076,97960881,352516957
4,2000000,253283364,97650567,350933931
4,2000000,226956478,84348631,311305109
4,2000000,225425296,83571964,308997260
4,2000000,250016958,97165067,347182025
4,2000000,253923552,97436052,351359604
4,2000000,248606195,97729576,346335771
4,2000000,252157461,98165578,350323039
4,2000000,224521241,83985198,308506439
4,2000000,254556926,97295348,351852274
4,2000000,251439188,97410244,348849432
4,2000000,226989465,84115897,311105362
4,2000000,248845114,98067181,346912295
4,2000000,253759480,97258597,351018077
4,2000000,227337600,84262675,311600275
4,2000000,224029503,83572269,307601772
4,2000000,227253843,84087959,311341802
4,2000000,252313019,97510379,349823398
4,2000000,224574329,84219195,308793524
4,2000000,249055168,94835974,343891142
4,2000000,227410691,84294277,311704968
4,2000000,253706735,97678485,351385220
4,2000000,224732044,84146754,308878798
4,2000000,252503218,97726271,350229489
4,2000000,227646048,84019409,311665457
4,2000000,253351844,97449532,350801376
4,2000000,247212003,97591557,344803560
4,2000000,252567368,97608078,350175446
4,2000000,252140169,98379914,350520083
4,2000000,252564390,97944681,350509071
4,2000000,226708751,84374053,311082804
4,2000000,252333609,97717812,350051421
4,2000000,226651401,83861472,310512873
4,2000000,246759749,97324936,344084685
4,2000000,227021910,84221972,311243882
4,2000000,227143140,84337802,311480942
4,2000000,252693769,97219425,349913194
4,2000000,252776507,97297435,350073942
4,2000000,252725604,97844709,350570313
4,2000000,253352353,97450750,350803103
4,2000000,224411007,84739246,309150253
4,2000000,225416871,83790531,309207402
4,2000000,226474269,84557937,311032206
4,2000000,226673562,84248361,310921923
4,2000000,254989092,98087368,353076460
4,2000000,250721710,95127182,345848892
4,2000000,252259248,98185771,350445019
4,2000000,253112782,97817425,350930207
4,2000000,255197309,96742977,351940286
4,2000000,250803106,98370258,349173364
4,2000000,253486044,98049397,351535441
4,2000000,253877591,98083324,351960915
4,2000000,254410949,97910164,352321113
4,3000000,390113296,146507544,536620840
4,3000000,390348632,146869367,537217999
4,3000000,391316453,147314028,538630481
4,3000000,392546297,145211615,537757912
4,3000000,346957318,125117176,472074494
4,3000000,378808417,142492862,521301279
4,3000000,385159257,146879626,532038883
4,3000000,390609046,146462207,537071253
4,3000000,389693156,141832073,531525229
4,3000000,390351295,146719021,537070316
4,3000000,390590905,145487217,536078122
4,3000000,390247722,145704577,535952299
4,3000000,391519373,146158292,537677665
4,3000000,356340074,126649837,482989911
4,3000000,391539363,145115412,536654775
4,3000000,390613765,146344172,536957937
4,3000000,391107608,146631711,537739319
4,3000000,350678758,126000783,476679541
4,3000000,363097504,126748651,489846155
4,3000000,383130510,146384038,529514548
4,3000000,391400810,146444526,537845336
4,3000000,392907830,146755996,539663826
4,3000000,391947879,147156178,539104057
4,3000000,347643223,125137659,472780882
4,3000000,391097744,146954543,538052287
4,3000000,390221129,147030187,537251316
4,3000000,381408061,146401042,527809103
4,3000000,390211213,146000639,536211852
4,3000000,386404451,140677147,527081598
4,3000000,349387946,125155373,474543319
4,3000000,347174156,127649716,474823872
4,3000000,351770426,126469352,478239778
4,3000000,350193723,126474340,476668063
4,3000000,392390930,142167349,534558279
4,3000000,349760651,125256649,475017300
4,3000000,385888985,146140236,532029221
4,3000000,380884762,146165940,527050702
4,3000000,387122282,146318196,533440478
4,3000000,386970415,142214831,529185246
4,3000000,353179197,126266168,479445365
4,3000000,391025587,146693803,537719390
4,3000000,390875209,146248646,537123855
4,3000000,350790785,126369052,477159837
4,3000000,352386591,126423840,478810431
4,3000000,391216167,146163396,537379563
4,3000000,390146428,146670730,536817158
4,3000000,348551001,125063475,473614476
4,3000000,391414454,146655395,538069849
4,3000000,350903829,126508673,477412502
4,3000000,392641999,146585100,539227099
4,3000000,391195536,146670644,537866180
4,3000000,391692820,146324180,538017000
4,3000000,347763733,125018148,472781881
4,3000000,392953799,146789769,539743568
4,3000000,350775090,126372875,477147965
4,3000000,350155362,126525170,476680532
4,3000000,391986839,146292558,538279397
4,3000000,386123546,146541103,532664649
4,3000000,350736944,126461046,477197990
4,3000000,390996035,146628127,537624162
4,3000000,390408968,146141297,536550265
4,3000000,390909888,146442000,537351888
4,3000000,375707539,142252926,517960465
4,3000000,377160354,141783850,518944204
4,3000000,390719351,126394498,517113849
4,3000000,390656267,146651963,537308230
4,3000000,392699059,146482299,539181358
4,3000000,389655512,146362867,536018379
4,3000000,387129578,141664126,528793704
4,3000000,391052534,146602858,537655392
4,3000000,390328433,146241112,536569545
4,3000000,391173044,146898143,538071187
4,3000000,352060898,126544241,478605139
4,3000000,348126578,125558476,473685054
4,3000000,391565603,146634741,538200344
4,3000000,393180153,146808003,539988156
4,3000000,381327727,146599552,527927279
4,3000000,390583392,146024487,536607879
4,3000000,385910843,142400163,528311006
4,3000000,391395937,146878605,538274542
4,3000000,391538785,146758453,538297238
4,3000000,386437631,146082192,532519823
4,3000000,390455487,146580312,537035799
4,3000000,386050446,142129269,528179715
4,3000000,353190084,126545830,479735914
4,3000000,348085798,125315355,473401153
4,3000000,350813350,126444439,477257789
4,3000000,348407041,125251982,473659023
4,3000000,394374817,142065606,536440423
4,3000000,390079338,146988143,537067481
4,3000000,376143164,142548951,518692115
4,3000000,388200612,146481016,534681628
4,3000000,386675415,146498639,533174054
4,3000000,392662456,146774142,539436598
4,3000000,350620832,126315192,476936024
4,3000000,388570161,146037686,534607847
4,3000000,390348242,147271630,537619872
4,3000000,390823660,146619005,537442665
4,3000000,352939181,126316978,479256159
4,3000000,385714832,146269731,531984563
4,3000000,381990919,145970555,527961474
4,3000000,393579977,146537000,540116977
4,3000000,376494224,141988288,518482512
4,3000000,385138978,141845481,526984459
4,3000000,349668355,126374908,476043263
4,3000000,379146211,142748440,521894651
4,3000000,390462288,146802391,537264679
4,3000000,376463265,142016812,518480077
4,3000000,358681504,126294912,484976416
4,3000000,383288214,146240941,529529155
4,3000000,391020221,145896245,536916466
4,3000000,386212395,146709303,532921698
4,3000000,379800524,145904437,525704961
4,3000000,347904916,125148265,473053181
4,3000000,350945725,126325640,477271365
4,4000000,525659638,195674878,721334516
4,4000000,524681179,195714508,720395687
4,4000000,473374543,166968432,640342975
4,4000000,476728808,168639227,645368035
4,4000000,519832932,167403299,687236231
4,4000000,531289275,194988565,726277840
4,4000000,525165170,189813068,714978238
4,4000000,532035981,195689255,727725236
4,4000000,530349843,195740049,726089892
4,4000000,477587647,168748612,646336259
4,4000000,475939295,168130576,644069871
4,4000000,472132552,167113935,639246487
4,4000000,525154225,195279633,720433858
4,4000000,531581095,195221993,726803088
4,4000000,475463411,170011906,645475317
4,4000000,512496376,189515072,702011448
4,4000000,532148330,195369660,727517990
4,4000000,477192775,168503718,645696493
4,4000000,521544930,190268901,711813831
4,4000000,477264556,168867320,646131876
4,4000000,477593906,168453893,646047799
4,4000000,531712842,196119750,727832592
4,4000000,524425657,190030186,714455843
4,4000000,477065567,168592487,645658054
4,4000000,472987863,167303766,640291629
4,4000000,475768233,167115712,642883945
4,4000000,524593315,193231367,717824682
4,4000000,472246341,166939256,639185597
4,4000000,480960547,168349893,649310440
4,4000000,531582299,195082172,726664471
4,4000000,471981412,170020888,642002300
4,4000000,476492751,168681341,645174092
4,4000000,531010986,195353148,726364134
4,4000000,532281333,195927950,728209283
4,4000000,476803324,168523722,645327046
4,4000000,519611683,195347641,714959324
4,4000000,531569399,195428123,726997522
4,4000000,531933776,195103120,727036896
4,4000000,476123643,168680074,644803717
4,4000000,531557728,195761772,727319500
4,4000000,525056261,195009499,720065760
4,4000000,531725727,196209868,727935595
4,4000000,529275564,189172094,718447658
4,4000000,526265266,194376030,720641296
4,4000000,530960330,196035639,726995969
4,4000000,476907347,168528504,645435851
4,4000000,529819557,189486428,719305985
4,4000000,525393083,195484451,720877534
4,4000000,531624508,195145009,726769517
4,4000000,531965835,194697741,726663576
4,4000000,528534195,189278167,717812362
4,4000000,476003151,168646224,644649375
4,4000000,512773797,189376905,702150702
4,4000000,478177253,168147224,646324477
4,4000000,475764956,168501871,644266827
4,4000000,531910328,195205839,727116167
4,4000000,532452310,195294140,727746450
4,4000000,524635646,195437244,720072890
4,4000000,516590641,189374241,705964882
4,4000000,530864004,195083061,725947065
4,4000000,472449096,166655714,639104810
4,4000000,531556564,196196475,727753039
4,4000000,479249773,168630115,647879888
4,4000000,519116373,195128093,714244466
4,4000000,472468660,167023543,639492203
4,4000000,532534730,195327495,727862225
4,4000000,477082810,168598445,645681255
4,4000000,527844258,196193366,724037624
4,4000000,533821231,194673204,728494435
4,4000000,477364714,168583277,645947991
4,4000000,524436375,189619226,714055601
4,4000000,531588607,195046758,726635365
4,4000000,530256798,195502276,725759074
4,4000000,525797690,195993230,721790920
4,4000000,528191122,189363440,717554562
4,4000000,505250040,189928184,695178224
4,4000000,531568123,195598055,727166178
4,4000000,531557927,195429184,726987111
4,4000000,478647123,168672294,647319417
4,4000000,472029823,167047136,639076959
4,4000000,477075197,168606880,645682077
4,4000000,478608199,168271392,646879591
4,4000000,533880806,193231297,727112103
4,4000000,532877125,195475198,728352323
4,4000000,475840095,168459112,644299207
4,4000000,532106735,195469473,727576208
4,4000000,480564927,168509046,649073973
4,4000000,526495297,195403641,721898938
4,4000000,524381818,195703466,720085284
4,4000000,523589353,195736796,719326149
4,4000000,476641017,168621491,645262508
4,4000000,530126827,195164789,725291616
4,4000000,525142925,195764619,720907544
4,4000000,473367354,170279710,643647064
4,4000000,532168702,189346634,721515336
4,4000000,524995005,195568497,720563502
4,4000000,533282081,195894402,729176483
4,4000000,523980849,194759860,718740709
4,4000000,527702877,189210255,716913132
4,4000000,527087438,195482947,722570385
4,4000000,532593697,195476933,728070630
4,4000000,518785656,195163171,713948827
4,4000000,478412297,168033699,646445996
4,4000000,477713318,168442016,646155334
4,4000000,529737429,195405262,725142691
4,4000000,526047280,195192459,721239739
4,4000000,530678395,189726244,720404639
4,4000000,531387582,195419586,726807168
4,4000000,479096438,168349058,647445496
4,4000000,476926594,168610738,645537332
4,4000000,521005715,189481535,710487250
4,4000000,531410986,194568723,725979709
4,4000000,531881451,195419938,727301389
4,4000000,518710697,195650043,714360740
4,4000000,476589608,168749219,645338827
4,5000000,674591337,243805940,918397277
4,5000000,675412312,244125253,919537565
4,5000000,675764598,244763532,920528130
4,5000000,609837823,210597326,820435149
4,5000000,668310799,244256747,912567546
4,5000000,603791001,210365622,814156623
4,5000000,674102487,244268259,918370746
4,5000000,675113453,244469409,919582862
4,5000000,674543239,244172426,918715665
4,5000000,677085632,244288230,921373862
4,5000000,675410617,244010762,919421379
4,5000000,659357311,243856693,903214004
4,5000000,676575552,244745261,921320813
4,5000000,677149352,244361700,921511052
4,5000000,674412512,244997997,919410509
4,5000000,666677125,242983917,909661042
4,5000000,676010205,243934679,919944884
4,5000000,658660896,243741041,902401937
4,5000000,599425688,208610656,808036344
4,5000000,654317589,237662277,891979866
4,5000000,599785579,212861173,812646752
4,5000000,675847061,244802255,920649316
4,5000000,674473159,244601438,919074597
4,5000000,673511115,244306035,917817150
4,5000000,646506365,236754868,883261233
4,5000000,674434092,244937913,919372005
4,5000000,598237655,208230910,806468565
4,5000000,672764807,244388573,917153380
4,5000000,675977184,243677264,919654448
4,5000000,606052715,210482819,816535534
4,5000000,676331543,245135726,921467269
4,5000000,600061474,211390483,811451957
4,5000000,673022620,244427937,917450557
4,5000000,651112901,236924205,888037106
4,5000000,668069529,244123785,912193314
4,5000000,676047400,244539947,920587347
4,5000000,674267041,243907426,918174467
4,5000000,674061593,244147882,918209475
4,5000000,667548155,243925661,911473816
4,5000000,675450195,244735711,920185906
4,5000000,606396003,210659099,817055102
4,5000000,674261347,243390228,917651575
4,5000000,674830220,244752299,919582519
4,5000000,672845921,244022196,916868117
4,5000000,605590579,210470735,816061314
4,5000000,604999144,210745975,815745119
4,5000000,674306536,243586699,917893235
4,5000000,672393631,244201329,916594960
4,5000000,610797397,210713818,821511215
4,5000000,605340369,210742795,816083164
4,5000000,667036258,244160172,911196430
4,5000000,607234531,210454690,817689221
4,5000000,672648399,244819473,917467872
4,5000000,661074862,244141352,905216214
4,5000000,659609007,237128529,896737536
4,5000000,674814465,244135075,918949540
4,5000000,674013374,245013821,919027195
4,5000000,672809175,245944479,918753654
4,5000000,605676390,210701516,816377906
4,5000000,677263348,244473939,921737287
4,5000000,663704678,243962640,907667318
4,5000000,609847871,210659102,820506973
4,5000000,674989146,244781356,919770502
4,5000000,674263339,243443292,917706631
4,5000000,605473407,210347708,815821115
4,5000000,674826286,244383935,919210221
4,5000000,674277446,243922254,918199700
4,5000000,677122641,245214616,922337257
4,5000000,674883524,244642398,919525922
4,5000000,675269394,244798670,920068064
4,5000000,675369110,245491724,920860834
4,5000000,667230175,243771117,911001292
4,5000000,673894440,244946152,918840592
4,5000000,610113956,210665776,820779732
4,5000000,675403237,244661054,920064291
4,5000000,676026356,244703239,920729595
4,5000000,665748642,245988635,911737277
4,5000000,600638302,213181627,813819929
4,5000000,675384994,244907443,920292437
4,5000000,666396584,244200496,910597080
4,5000000,603360266,208953342,812313608
4,5000000,600783860,208917558,809701418
4,5000000,676472071,244946964,921419035
4,5000000,675860616,245001497,920862113
4,5000000,604841478,210405588,815247066
4,5000000,674249039,244106890,918355929
4,5000000,675441591,244303557,919745148
4,5000000,676094660,245000617,921095277
4,5000000,605627213,210442008,816069221
4,5000000,675753021,244743654,920496675
4,5000000,664376776,244032061,908408837
4,5000000,664623877,243782610,908406487
4,5000000,665295775,244951090,910246865
4,5000000,666054379,244092751,910147130
4,5000000,676107685,243169444,919277129
4,5000000,666797431,243990908,910788339
4,5000000,676256872,244425373,920682245
4,5000000,672842834,244657792,917500626
4,5000000,674029611,244992896,919022507
4,5000000,665747756,245885455,911633211
4,5000000,607596707,210931478,818528185
4,5000000,607225992,210489515,817715507
4,5000000,674494836,243384068,917878904
4,5000000,677178196,243545066,920723262
4,5000000,667721746,243382605,911104351
4,5000000,676371057,245083469,921454526
4,5000000,600766901,209200437,809967338
4,5000000,666899410,244839113,911738523
4,5000000,673194825,244963094,918157919
4,5000000,675494370,243488556,918982926
4,5000000,608028132,210498956,818527088
4,5000000,675717100,244279376,919996476
4,5000000,659109303,243379180,902488483
4,5000000,610150677,210748238,820898915
4,5000000,669839391,244073155,913912546
4,6000000,823713400,290172490,1113885890
4,6000000,820793351,293058287,1113851638
4,6000000,800233574,291748890,1091982464
4,6000000,806268012,284706747,1090974759
4,6000000,810802416,293024451,1103826867
4,6000000,732334598,249885617,982220215
4,6000000,781898143,253185117,1035083260
4,6000000,804661098,292372499,1097033597
4,6000000,812702492,293127080,1105829572
4,6000000,807741406,284651748,1092393154
4,6000000,735044224,250919768,985963992
4,6000000,820079956,293932369,1114012325
4,6000000,813167652,284217762,1097385414
4,6000000,821922549,293557025,1115479574
4,6000000,820111798,292476653,1112588451
4,6000000,734164091,250263214,984427305
4,6000000,738206890,251904747,990111637
4,6000000,812104116,293664283,1105768399
4,6000000,804833316,284672196,1089505512
4,6000000,821949726,293203700,1115153426
4,6000000,820783456,293760892,1114544348
4,6000000,726336854,250029441,976366295
4,6000000,737396345,252637643,990033988
4,6000000,811491793,293217619,1104709412
4,6000000,815260290,285041701,1100301991
4,6000000,822352456,294121153,1116473609
4,6000000,823219564,293455300,1116674864
4,6000000,812684826,284266700,1096951526
4,6000000,727656230,250231278,977887508
4,6000000,820160950,293651082,1113812032
4,6000000,817348771,284134211,1101482982
4,6000000,819402379,293052359,1112454738
4,6000000,820290360,294585388,1114875748
4,6000000,735475475,252238570,987714045
4,6000000,813378296,294224700,1107602996
4,6000000,729500645,250140835,979641480
4,6000000,812404289,293623759,1106028048
4,6000000,819619291,294411329,1114030620
4,6000000,822450419,294354593,1116805012
4,6000000,765116122,253054318,1018170440
4,6000000,817481271,294154558,1111635829
4,6000000,737837137,252649410,990486547
4,6000000,801719926,293098952,1094818878
4,6000000,735545986,252683430,988229416
4,6000000,737492477,252846920,990339397
4,6000000,816673533,284164885,1100838418
4,6000000,821253480,293859315,1115112795
4,6000000,729456959,255349204,984806163
4,6000000,806314378,284224368,1090538746
4,6000000,819215680,293513607,1112729287
4,6000000,819693231,293319933,1113013164
4,6000000,728131327,254631177,982762504
4,6000000,812710135,293450737,1106160872
4,6000000,734678109,252260332,986938441
4,6000000,736597275,252461880,989059155
4,6000000,810449243,293725736,1104174979
4,6000000,819166275,294121142,1113287417
4,6000000,735512434,252666307,988178741
4,6000000,798579401,284279763,1082859164
4,6000000,812224228,292117148,1104341376
4,6000000,804834433,285270991,1090105424
4,6000000,736582382,252277516,988859898
4,6000000,811606167,293439516,1105045683
4,6000000,815776365,285169090,1100945455
4,6000000,740313637,252725026,993038663
4,6000000,810552819,292885516,1103438335
4,6000000,736661222,252574840,989236062
4,6000000,813014161,292323227,1105337388
4,6000000,818806561,292956634,1111763195
4,6000000,803437723,292433562,1095871285
4,6000000,822514453,292687295,1115201748
4,6000000,820733001,293298039,1114031040
4,6000000,734426023,250884639,985310662
4,6000000,821972409,293075490,1115047899
4,6000000,819740544,293400586,1113141130
4,6000000,811730037,284886298,1096616335
4,6000000,819602883,292674907,1112277790
4,6000000,801874388,293473773,1095348161
4,6000000,813971472,284357058,1098328530
4,6000000,811471964,293282933,1104754897
4,6000000,811246195,293232380,1104478575
4,6000000,815730693,285325622,1101056315
4,6000000,738566094,252347209,990913303
4,6000000,821891092,293368243,1115259335
4,6000000,815837745,284826100,1100663845
4,6000000,811700521,293535131,1105235652
4,6000000,735424757,252803520,988228277
4,6000000,823138897,292716699,1115855596
4,6000000,812384128,293308660,1105692788
4,6000000,819791228,294128108,1113919336
4,6000000,736857189,252421993,989279182
4,6000000,797695858,293307472,1091003330
4,6000000,795490822,284886119,1080376941
4,6000000,736353594,252749655,989103249
4,6000000,822292050,293823875,1116115925
4,6000000,812279036,292679527,1104958563
4,6000000,761838460,253218251,1015056711
4,6000000,794400348,284573339,1078973687
4,6000000,733275428,250785568,984060996
4,6000000,738046809,252229368,990276177
4,6000000,811049410,293185083,1104234493
4,6000000,813842298,293483414,1107325712
4,6000000,735396774,252177775,987574549
4,6000000,819659463,294397668,1114057131
4,6000000,736040725,252700284,988741009
4,6000000,815443505,283913788,1099357293
4,6000000,819850177,292816348,1112666525
4,6000000,810391854,293691768,1104083622
4,6000000,812385397,284359718,1096745115
4,6000000,811059801,292663014,1103722815
4,6000000,809190188,293242347,1102432535
4,6000000,729135875,250474001,979609876
4,6000000,736991801,252552622,989544423
4,6000000,810789015,292840962,1103629977
4,6000000,817806069,283928463,1101734532
4,7000000,859012248,291546692,1150558940
4,7000000,859586495,297416889,1157003384
4,7000000,949242167,331320275,1280562442
4,7000000,966921608,340951439,1307873047
4,7000000,966589612,342802201,1309391813
4,7000000,957397450,341646203,1299043653
4,7000000,965310643,341550660,1306861303
4,7000000,966074282,342442094,1308516376
4,7000000,866713453,294191282,1160904735
4,7000000,953306726,342327893,1295634619
4,7000000,867878233,294321672,1162199905
4,7000000,868756464,294354038,1163110502
4,7000000,969545246,341962162,1311507408
4,7000000,955020959,342762901,1297783860
4,7000000,965351941,342426046,1307777987
4,7000000,858215815,297361223,1155577038
4,7000000,869084823,293968730,1163053553
4,7000000,938595506,331614851,1270210357
4,7000000,944671876,343218720,1287890596
4,7000000,966923227,341802305,1308725532
4,7000000,946200307,341410352,1287610659
4,7000000,938986304,332000461,1270986765
4,7000000,945436790,341982117,1287418907
4,7000000,964713209,341911982,1306625191
4,7000000,875039403,294732764,1169772167
4,7000000,858602921,297834311,1156437232
4,7000000,946706278,331290390,1277996668
4,7000000,969256340,342433270,1311689610
4,7000000,858807256,297741309,1156548565
4,7000000,966497479,342258575,1308756054
4,7000000,870772486,294721248,1165493734
4,7000000,954972830,342075254,1297048084
4,7000000,949073717,341763225,1290836942
4,7000000,968286594,342386131,1310672725
4,7000000,868862936,294524445,1163387381
4,7000000,967832356,341977238,1309809594
4,7000000,867226681,294356735,1161583416
4,7000000,967160046,341738657,1308898703
4,7000000,873031286,294752055,1167783341
4,7000000,957880326,342065825,1299946151
4,7000000,957706787,341715433,1299422220
4,7000000,959681461,342219774,1301901235
4,7000000,969813732,342910140,1312723872
4,7000000,857068455,291571176,1148639631
4,7000000,955833491,341307598,1297141089
4,7000000,967343393,341759664,1309103057
4,7000000,970518130,342841565,1313359695
4,7000000,966587909,342949494,1309537403
4,7000000,954176866,341240833,1295417699
4,7000000,966461899,343060266,1309522165
4,7000000,858890441,292096369,1150986810
4,7000000,968290183,342757681,1311047864
4,7000000,968620575,343071515,1311692090
4,7000000,967305318,342314780,1309620098
4,7000000,966155058,342604647,1308759705
4,7000000,943580400,342274201,1285854601
4,7000000,969091477,342575508,1311666985
4,7000000,968846136,342216920,1311063056
4,7000000,958026571,343107070,1301133641
4,7000000,957707969,341062629,1298770598
4,7000000,945647725,341940097,1287587822
4,7000000,968603528,341501010,1310104538
4,7000000,956340380,341250610,1297590990
4,7000000,957038618,341395253,1298433871
4,7000000,944557334,341655823,1286213157
4,7000000,967398580,341981767,1309380347
4,7000000,944302125,342069300,1286371425
4,7000000,967070771,342328574,1309399345
4,7000000,969201848,342240196,1311442044
4,7000000,957521247,342838732,1300359979
4,7000000,967360248,342137001,1309497249
4,7000000,860038473,297241674,1157280147
4,7000000,954824893,340503348,1295328241
4,7000000,857864136,291828317,1149692453
4,7000000,954703120,342376368,1297079488
4,7000000,966128846,342402705,1308531551
4,7000000,968206458,342157194,1310363652
4,7000000,943779612,341388233,1285167845
4,7000000,965722214,342304571,1308026785
4,7000000,964443261,343034322,1307477583
4,7000000,967485657,341841036,1309326693
4,7000000,857594713,291837046,1149431759
4,7000000,859108311,297064302,1156172613
4,7000000,866980549,294406167,1161386716
4,7000000,966298926,342815724,1309114650
4,7000000,947766308,331925935,1279692243
4,7000000,968517465,342177328,1310694793
4,7000000,959181094,342009329,1301190423
4,7000000,860458538,297578249,1158036787
4,7000000,968763981,343152023,1311916004
4,7000000,955325139,342266325,1297591464
4,7000000,966136923,342825785,1308962708
4,7000000,955578194,340864784,1296442978
4,7000000,868603275,294653292,1163256567
4,7000000,869212506,294565301,1163777807
4,7000000,967359607,341552767,1308912374
4,7000000,945809931,341964527,1287774458
4,7000000,868259082,294671877,1162930959
4,7000000,957094471,342067521,1299161992
4,7000000,926483156,332231885,1258715041
4,7000000,945942645,341489849,1287432494
4,7000000,965480404,341996550,1307476954
4,7000000,967879955,341755064,1309635019
4,7000000,958288957,341599671,1299888628
4,7000000,869078870,294507973,1163586843
4,7000000,957154948,341462539,1298617487
4,7000000,945481930,340757471,1286239401
4,7000000,943500085,341320173,1284820258
4,7000000,868427685,294310345,1162738030
4,7000000,965848960,341670943,1307519903
4,7000000,965978772,342671478,1308650250
4,7000000,966087370,342882928,1308970298
4,7000000,958255324,341397466,1299652790
4,7000000,966120430,341498819,1307619249
4,7000000,956256536,341814329,1298070865
4,8000000,1001067161,336504150,1337571311
4,8000000,1000395006,337115747,1337510753
4,8000000,1103365927,391438524,1494804451
4,8000000,1116920243,390350018,1507270261
4,8000000,1100418558,391091346,1491509904
4,8000000,1079771466,380243488,1460014954
4,8000000,1114823264,391049075,1505872339
4,8000000,1111330235,391046861,1502377096
4,8000000,1065785232,379177325,1444962557
4,8000000,1000718009,336817629,1337535638
4,8000000,1118679369,390056041,1508735410
4,8000000,1002159755,336472898,1338632653
4,8000000,998302643,336857737,1335160380
4,8000000,1112286051,390117074,1502403125
4,8000000,1115636658,391332957,1506969615
4,8000000,1113202940,390508552,1503711492
4,8000000,1113080877,391527486,1504608363
4,8000000,1000606831,336300760,1336907591
4,8000000,1078972210,380290231,1459262441
4,8000000,1117592218,390729643,1508321861
4,8000000,1113084810,390585533,1503670343
4,8000000,1065419745,378617167,1444036912
4,8000000,1115959160,392557576,1508516736
4,8000000,1128183925,391100156,1519284081
4,8000000,1101027382,389979212,1491006594
4,8000000,1104118505,391710930,1495829435
4,8000000,1099939373,390216240,1490155613
4,8000000,1116092735,390734943,1506827678
4,8000000,1113289965,389808755,1503098720
4,8000000,1115114290,392466116,1507580406
4,8000000,1112356562,391874487,1504231049
4,8000000,1102092294,396500640,1498592934
4,8000000,1104286357,391188347,1495474704
4,8000000,1102251126,389924018,1492175144
4,8000000,1113244401,389857990,1503102391
4,8000000,1113150547,390436028,1503586575
4,8000000,1001728114,337164488,1338892602
4,8000000,1115214177,390508956,1505723133
4,8000000,1000924567,336595267,1337519834
4,8000000,1112696856,389800080,1502496936
4,8000000,1114259631,390666529,1504926160
4,8000000,1103940593,390480038,1494420631
4,8000000,1112548348,390507087,1503055435
4,8000000,1111114113,389655122,1500769235
4,8000000,1113964938,390765484,1504730422
4,8000000,1114620492,390990530,1505611022
4,8000000,1113970692,390168035,1504138727
4,8000000,1114580643,390025025,1504605668
4,8000000,1102524337,391246846,1493771183
4,8000000,1001672288,336464728,1338137016
4,8000000,998998440,336814010,1335812450
4,8000000,1115085676,390188617,1505274293
4,8000000,991191136,333506524,1324697660
4,8000000,1102643761,390832067,1493475828
4,8000000,992722049,333620381,1326342430
4,8000000,1001596841,336493125,1338089966
4,8000000,1000305004,336957241,1337262245
4,8000000,1064279152,379582681,1443861833
4,8000000,997663523,336599723,1334263246
4,8000000,1116564532,390953678,1507518210
4,8000000,1097679198,389524570,1487203768
4,8000000,1112891161,389593079,1502484240
4,8000000,1104717636,391362222,1496079858
4,8000000,1091035426,390753871,1481789297
4,8000000,1112118119,389681024,1501799143
4,8000000,1113303588,391758307,1505061895
4,8000000,989254105,333225123,1322479228
4,8000000,1104048631,391091090,1495139721
4,8000000,1113687922,391182089,1504870011
4,8000000,1102278144,389806046,1492084190
4,8000000,1104682842,389208071,1493890913
4,8000000,1115263012,391444491,1506707503
4,8000000,1114667174,389549996,1504217170
4,8000000,999999311,336479955,1336479266
4,8000000,1115160402,390143955,1505304357
4,8000000,999918380,336529324,1336447704
4,8000000,1106078844,390625246,1496704090
4,8000000,1105572758,389502993,1495075751
4,8000000,1101485442,391381685,1492867127
4,8000000,1104372921,390150257,1494523178
4,8000000,1103633781,390721478,1494355259
4,8000000,993781747,334328071,1328109818
4,8000000,1104099918,389208104,1493308022
4,8000000,1004866538,337288869,1342155407
4,8000000,1116638544,390327948,1506966492
4,8000000,988003469,333289630,1321293099
4,8000000,1104573891,389447861,1494021752
4,8000000,1104049621,389739639,1493789260
4,8000000,999189601,336817337,1336006938
4,8000000,1115713044,391292256,1507005300
4,8000000,1118067553,390215854,1508283407
4,8000000,1107480718,389803315,1497284033
4,8000000,1111151909,390023347,1501175256
4,8000000,1100682677,389195216,1489877893
4,8000000,1089400804,390991115,1480391919
4,8000000,1105688991,389989208,1495678199
4,8000000,1001466734,336457963,1337924697
4,8000000,1114364032,390816256,1505180288
4,8000000,1101995421,390302390,1492297811
4,8000000,1104398314,388883740,1493282054
4,8000000,1119092140,390132372,1509224512
4,8000000,1115138478,389895751,1505034229
4,8000000,1113356282,391066394,1504422676
4,8000000,1003792994,336872296,1340665290
4,8000000,988090400,333268822,1321359222
4,8000000,1006536552,336437393,1342973945
4,8000000,999442661,336373187,1335815848
4,8000000,1114273245,389966279,1504239524
4,8000000,1102474408,388145319,1490619727
4,8000000,1113796491,389490835,1503287326
4,8000000,1114361399,390157212,1504518611
4,8000000,1115581326,389764596,1505345922
4,8000000,1091622297,390974582,1482596879
4,8000000,1115347648,388643316,1503990964
4,8000000,999362777,336251002,1335613779
4,9000000,1124103401,382343712,1506447113
4,9000000,1264357157,437458958,1701816115
4,9000000,1252449586,430584710,1683034296
4,9000000,1136405772,378843131,1515248903
4,9000000,1251084644,435196477,1686281121
4,9000000,1235503582,437222004,1672725586
4,9000000,1265344337,430028234,1695372571
4,9000000,1263554924,437928443,1701483367
4,9000000,1264039817,428991635,1693031452
4,9000000,1264673655,436999225,1701672880
4,9000000,1265998108,427239150,1693237258
4,9000000,1262022127,439375211,1701397338
4,9000000,1262785523,429494406,1692279929
4,9000000,1266697740,439413687,1706111427
4,9000000,1133877459,378779161,1512656620
4,9000000,1265338129,437801032,1703139161
4,9000000,1262179048,430228017,1692407065
4,9000000,1133863198,378759741,1512622939
4,9000000,1132116193,378867166,1510983359
4,9000000,1254427835,438320555,1692748390
4,9000000,1263535936,428651296,1692187232
4,9000000,1123042931,379553898,1502596829
4,9000000,1134583587,379175549,1513759136
4,9000000,1253119546,438766941,1691886487
4,9000000,1266926329,429524727,1696451056
4,9000000,1248396917,438243073,1686639990
4,9000000,1264967865,429457992,1694425857
4,9000000,1250680408,438335622,1689016030
4,9000000,1264562375,428330675,1692893050
4,9000000,1263102768,437080209,1700182977
4,9000000,1262974325,385322327,1648296652
4,9000000,1121038592,375070880,1496109472
4,9000000,1268365249,434044172,1702409421
4,9000000,1264609403,436694690,1701304093
4,9000000,1134482097,379087812,1513569909
4,9000000,1263708661,438197254,1701905915
4,9000000,1250774224,429566598,1680340822
4,9000000,1136216160,378366011,1514582171
4,9000000,1251766976,434410534,1686177510
4,9000000,1263605590,438695719,1702301309
4,9000000,1251796810,387475269,1639272079
4,9000000,1263627017,438921701,1702548718
4,9000000,1249294904,429784733,1679079637
4,9000000,1251769914,437684794,1689454708
4,9000000,1122974399,375463006,1498437405
4,9000000,1125015569,374775139,1499790708
4,9000000,1233713115,435805334,1669518449
4,9000000,1262701990,437374957,1700076947
4,9000000,1138072451,378410604,1516483055
4,9000000,1260043828,438274143,1698317971
4,9000000,1261397226,428751848,1690149074
4,9000000,1261147273,438097662,1699244935
4,9000000,1135140208,379014506,1514154714
4,9000000,1132808525,378374379,1511182904
4,9000000,1135299356,378181771,1513481127
4,9000000,1265424773,437289050,1702713823
4,9000000,1249241734,429331890,1678573624
4,9000000,1253415452,438268939,1691684391
4,9000000,1222120260,427221785,1649342045
4,9000000,1121162561,374788334,1495950895
4,9000000,1235450217,435540459,1670990676
4,9000000,1262506976,438436477,1700943453
4,9000000,1262121800,428447021,1690568821
4,9000000,1264045687,438030191,1702075878
4,9000000,1266905605,428841341,1695746946
4,9000000,1220173413,427633823,1647807236
4,9000000,1262658746,429850264,1692509010
4,9000000,1235663231,437333406,1672996637
4,9000000,1263627791,429905758,1693533549
4,9000000,1232655923,438346550,1671002473
4,9000000,1250067347,429551312,1679618659
4,9000000,1264248637,438803931,1703052568
4,9000000,1265794742,429007921,1694802663
4,9000000,1253222278,437526032,1690748310
4,9000000,1248984162,389052512,1638036674
4,9000000,1121934402,382672104,1504606506
4,9000000,1265347924,414534828,1679882752
4,9000000,1134656974,378912024,1513568998
4,9000000,1263351743,413689180,1677040923
4,9000000,1135988261,379181418,1515169679
4,9000000,1249769010,435292288,1685061298
4,9000000,1261505718,437594350,1699100068
4,9000000,1133110198,378137409,1511247607
4,9000000,1250717527,437485283,1688202810
4,9000000,1252836735,428883529,1681720264
4,9000000,1263540214,438208830,1701749044
4,9000000,1263934212,438721283,1702655495
4,9000000,1261843253,437785772,1699629025
4,9000000,1251063669,427684753,1678748422
4,9000000,1264431451,438682674,1703114125
4,9000000,1264708549,429194498,1693903047
4,9000000,1264325887,437628038,1701953925
4,9000000,1262346239,428145811,1690492050
4,9000000,1251299687,438283494,1689583181
4,9000000,1250800493,430320232,1681120725
4,9000000,1261909826,438271297,1700181123
4,9000000,1121284962,374845870,1496130832
4,9000000,1265036703,437228839,1702265542
4,9000000,1264999769,428599773,1693599542
4,9000000,1264934455,437804884,1702739339
4,9000000,1251418673,430075017,1681493690
4,9000000,1267767825,438844045,1706611870
4,9000000,1264272386,428491689,1692764075
4,9000000,1254558010,438257660,1692815670
4,9000000,1265463946,440380579,1705844525
4,9000000,1267764004,438621491,1706385495
4,9000000,1252936448,385728121,1638664569
4,9000000,1266333595,437680966,1704014561
4,9000000,1239022829,429379563,1668402392
4,9000000,1207173562,426100820,1633274382
4,9000000,1236925271,429227509,1666152780
4,9000000,1253675515,436804067,1690479582
4,9000000,1249205598,387787986,1636993584
4,9000000,1132894070,378617922,1511511992
4,9000000,1134696057,378883600,1513579657
4,10000000,1267613551,420872067,1688485618
4,10000000,1270485568,421150233,1691635801
4,10000000,1400697272,487323124,1888020396
4,10000000,1353866839,422569448,1776436287
4,10000000,1420205970,488005572,1908211542
4,10000000,1253215659,417044790,1670260449
4,10000000,1418148276,487291685,1905439961
4,10000000,1391876942,472950566,1864827508
4,10000000,1271952282,420925898,1692878180
4,10000000,1409187871,473669455,1882857326
4,10000000,1413183352,487099503,1900282855
4,10000000,1407379098,474035814,1881414912
4,10000000,1269029758,420584833,1689614591
4,10000000,1271075684,420911698,1691987382
4,10000000,1384909905,486403175,1871313080
4,10000000,1408190002,473553986,1881743988
4,10000000,1255202063,416834053,1672036116
4,10000000,1415048254,473447877,1888496131
4,10000000,1417620400,486539140,1904159540
4,10000000,1403967619,473787587,1877755206
4,10000000,1419624571,488478107,1908102678
4,10000000,1403600751,473487615,1877088366
4,10000000,1387499042,486491894,1873990936
4,10000000,1409201788,475354308,1884556096
4,10000000,1399151875,486144564,1885296439
4,10000000,1350129885,422429268,1772559153
4,10000000,1384712690,486919188,1871631878
4,10000000,1256152987,416935411,1673088398
4,10000000,1414531990,487612784,1902144774
4,10000000,1354489588,422154508,1776644096
4,10000000,1258479975,417026877,1675506852
4,10000000,1386057067,422139097,1808196164
4,10000000,1412416527,488645669,1901062196
4,10000000,1405857286,473949083,1879806369
4,10000000,1255880675,416454629,1672335304
4,10000000,1397270091,473172292,1870442383
4,10000000,1414762868,486367316,1901130184
4,10000000,1390274006,473625000,1863899006
4,10000000,1397811441,487142147,1884953588
4,10000000,1410031084,473752110,1883783194
4,10000000,1257405593,426029247,1683434840
4,10000000,1415484820,487275277,1902760097
4,10000000,1412072850,488214768,1900287618
4,10000000,1404394801,473338534,1877733335
4,10000000,1414152992,488620909,1902773901
4,10000000,1392558533,474775535,1867334068
4,10000000,1386948638,488546403,1875495041
4,10000000,1334458413,421666692,1756125105
4,10000000,1384537415,488364975,1872902390
4,10000000,1406786678,474064996,1880851674
4,10000000,1399381256,487195465,1886576721
4,10000000,1404637738,473518769,1878156507
4,10000000,1402804738,487729425,1890534163
4,10000000,1404258267,473322563,1877580830
4,10000000,1415946776,488464516,1904411292
4,10000000,1344438236,422356428,1766794664
4,10000000,1414429145,486928720,1901357865
4,10000000,1385915257,474182662,1860097919
4,10000000,1394568614,487523542,1882092156
4,10000000,1269670292,420785195,1690455487
4,10000000,1413373975,488384343,1901758318
4,10000000,1268642185,421034092,1689676277
4,10000000,1401473437,487792884,1889266321
4,10000000,1376327177,473943735,1850270912
4,10000000,1254663027,416366469,1671029496
4,10000000,1412918866,473569048,1886487914
4,10000000,1377181617,487008850,1864190467
4,10000000,1267932165,420834508,1688766673
4,10000000,1381007117,485579819,1866586936
4,10000000,1408628540,474190531,1882819071
4,10000000,1384840360,487181357,1872021717
4,10000000,1268113755,421070844,1689184599
4,10000000,1269240414,421541743,1690782157
4,10000000,1380559112,472194055,1852753167
4,10000000,1415014755,486612772,1901627527
4,10000000,1403043249,474014865,1877058114
4,10000000,1402938733,486779353,1889718086
4,10000000,1405274612,472945129,1878219741
4,10000000,1416466154,487234190,1903700344
4,10000000,1380356808,474126231,1854483039
4,10000000,1266787077,421055405,1687842482
4,10000000,1411993411,474379906,1886373317
4,10000000,1416320244,487439624,1903759868
4,10000000,1391294006,472942938,1864236944
4,10000000,1421876579,485842052,1907718631
4,10000000,1380238718,475016229,1855254947
4,10000000,1416139785,488116618,1904256403
4,10000000,1270884788,421230415,1692115203
4,10000000,1271810422,421225268,1693035690
4,10000000,1414465861,473467304,1887933165
4,10000000,1411017083,486445422,1897462505
4,10000000,1406409341,472412184,1878821525
4,10000000,1368731294,473573659,1842304953
4,10000000,1407994206,473992467,1881986673
4,10000000,1256547795,425478779,1682026574
4,10000000,1418709377,486932708,1905642085
4,10000000,1256110012,417150474,1673260486
4,10000000,1370011509,474122388,1844133897
4,10000000,1399184450,487179119,1886363569
4,10000000,1352946024,472647137,1825593161
4,10000000,1414401384,487115328,1901516712
4,10000000,1402949497,474432870,1877382367
4,10000000,1270684319,421744846,1692429165
4,10000000,1410989232,474232353,1885221585
4,10000000,1416692607,487601551,1904294158
4,10000000,1407149234,474413844,1881563078
4,10000000,1416999514,486848806,1903848320
4,10000000,1405144253,473729436,1878873689
4,10000000,1400507937,487722340,1888230277
4,10000000,1405173510,472480840,1877654350
4,10000000,1414405851,486525316,1900931167
4,10000000,1408041890,475004541,1883046431
4,10000000,1270026653,420746538,1690773191
4,10000000,1269654278,420737384,1690391662
4,10000000,1267419195,421245046,1688664241
4,10000000,1408218426,474989228,1883207654
4,10000000,1400031506,488027067,1888058573
4,10000000,1402108085,473006625,1875114710
4,10000000,1414162012,486933050,1901095062
4,10000000,1340949607,422392329,1763341936
4,10000000,1413134974,486878091,1900013065
4,10000000,1403750066,474430892,1878180958
4,10000000,1402241610,488750759,1890992369
4,10000000,1390332313,474108491,1864440804
4,10000000,1271160203,420605846,1691766049
4,10000000,1409405678,474789343,1884195021
4,10000000,1399430327,487577896,1887008223
4,10000000,1375017084,473131908,1848148992
4,10000000,1414246416,487252310,1901498726
4,10000000,1257080846,417062088,1674142934
4,10000000,1396800884,487977534,1884778418
4,10000000,1404786521,472557535,1877344056
4,10000000,1416404600,486470570,1902875170
4,10000000,1405894964,474773073,1880668037
4,10000000,1418344636,486319134,1904663770
4,10000000,1269396788,420497380,1689894168
4,10000000,1417049962,420759398,1837809360
4,10000000,1253563924,416889300,1670453224
4,10000000,1256960415,416833464,1673793879
4,10000000,1267532888,420457194,1687990082
4,10000000,1413228527,487036690,1900265217
4,10000000,1268633080,420957926,1689591006
4,10000000,1405023136,487154378,1892177514
4,10000000,1373177474,473835830,1847013304
4,10000000,1396292528,486424640,1882717168
4,10000000,1375571187,473933703,1849504890
4,10000000,1269781350,420774694,1690556044
4,10000000,1254541094,417350055,1671891149
4,10000000,1269098789,421137944,1690236733
4,10000000,1369960267,422147541,1792107808
4,10000000,1414120771,486619443,1900740214
4,10000000,1256441005,417049481,1673490486
4,10000000,1258116956,426001698,1684118654
4,10000000,1268856902,421055984,1689912886
4,10000000,1399863148,487168066,1887031214
4,10000000,1406700296,473455151,1880155447
4,10000000,1412662453,487840376,1900502829
4,10000000,1270881203,421409823,1692291026
4,10000000,1254748492,416473541,1671222033
4,10000000,1411841813,472483865,1884325678
4,10000000,1398519361,486831469,1885350830
4,10000000,1406485138,473174284,1879659422
4,10000000,1413842602,487672055,1901514657
4,10000000,1390873546,472996444,1863869990
4,10000000,1415335830,486855876,1902191706
4,10000000,1267884416,420414252,1688298668
4,10000000,1267320817,420560374,1687881191
4,10000000,1371757145,422551643,1794308788
4,10000000,1412737209,486901385,1899638594
4,10000000,1391573881,474688857,1866262738
4,10000000,1412488709,487245712,1899734421
4,10000000,1404694948,474215575,1878910523
4,10000000,1385478599,486949428,1872428027
4,10000000,1404741752,473576443,1878318195
4,10000000,1420914290,487737950,1908652240
4,10000000,1376302433,473643500,1849945933
4,10000000,1415387010,486600850,1901987860
4,10000000,1403563843,474673691,1878237534
4,10000000,1414227275,487321674,1901548949
4,10000000,1406610166,473973212,1880583378
4,10000000,1415970623,487284775,1903255398
4,10000000,1404038213,474091056,1878129269
4,10000000,1413107407,487125847,1900233254
4,10000000,1404114453,474127250,1878241703
4,10000000,1399108152,487073257,1886181409
4,10000000,1266872121,420794720,1687666841
4,10000000,1418755037,486750821,1905505858
4,10000000,1259955642,418228638,1678184280
4,10000000,1414337150,485779878,1900117028
4,10000000,1403439204,472913421,1876352625
4,10000000,1414969475,486318796,1901288271
4,10000000,1393647894,473303372,1866951266
4,10000000,1257940979,417452445,1675393424
4,10000000,1409075318,473920281,1882995599
4,10000000,1402730398,488099533,1890829931
4,10000000,1372491555,474015191,1846506746
4,10000000,1383442654,485695088,1869137742
4,10000000,1405249783,474101708,1879351491
4,10000000,1417468536,487035395,1904503931
4,10000000,1402722669,473409846,1876132515
4,10000000,1413967562,486271024,1900238586
4,10000000,1404464794,472823557,1877288351
4,10000000,1269825270,421088085,1690913355
4,10000000,1259155402,418436732,1677592134
4,10000000,1261039632,417958145,1678997777
4,10000000,1414758242,487493391,1902251633
4,10000000,1413933185,487155453,1901088638
4,10000000,1407513640,473411299,1880924939
4,10000000,1412789156,487521092,1900310248
4,10000000,1390891566,474189726,1865081292
4,10000000,1396832831,487342710,1884175541
4,10000000,1390229183,474030115,1864259298
4,10000000,1396353461,486418926,1882772387
4,10000000,1402946372,474267728,1877214100
4,10000000,1399924018,486396341,1886320359
4,10000000,1405205387,474065372,1879270759
4,10000000,1417624753,488243160,1905867913
4,10000000,1404262894,473959394,1878222288
4,10000000,1416585115,487998470,1904583585
4,10000000,1255695701,417493837,1673189538
4,10000000,1271846540,421317126,1693163666
4,10000000,1368243653,473865252,1842108905
4,10000000,1270862933,421241251,1692104184
4,10000000,1255873659,425382869,1681256528
4,10000000,1415661581,486659415,1902320996
4,10000000,1368058947,475245355,1843304302
4,10000000,1415352090,487242031,1902594121
4,10000000,1354652778,422172734,1776825512
4,10000000,1417080535,487355278,1904435813
4,10000000,1405233804,473813413,1879047217
4,20000000,2968082899,962006870,3930089769
4,20000000,2962120441,964244380,3926364821
4,20000000,2903221286,966456135,3869677421
4,20000000,2963558896,963532034,3927090930
4,20000000,2655422611,843020238,3498442849
4,20000000,2656219646,842315135,3498534781
4,20000000,2966218529,963507946,3929726475
4,20000000,2660187496,842881292,3503068788
4,20000000,2657345886,843926125,3501272011
4,20000000,2937616621,960514517,3898131138
4,20000000,2970696686,962171923,3932868609
4,20000000,2962993819,962841851,3925835670
4,20000000,2959395452,964075230,3923470682
4,20000000,2898666156,964376297,3863042453
4,20000000,2958643470,964112815,3922756285
4,20000000,2964733728,902935380,3867669108
4,20000000,2938217449,981028683,3919246132
4,20000000,2966727295,902125681,3868852976
4,20000000,2967637248,960925968,3928563216
4,20000000,2624530572,835889620,3460420192
4,20000000,2655177808,842760536,3497938344
4,20000000,2964755062,965870148,3930625210
4,20000000,2933866363,907023410,3840889773
4,20000000,2937442370,979894197,3917336567
4,20000000,2657240721,843413653,3500654374
4,20000000,2964553711,963421239,3927974950
4,20000000,2934379608,962745113,3897124721
4,20000000,2964824818,961454425,3926279243
4,20000000,2628866401,836302578,3465168979
4,20000000,2962607485,962604651,3925212136
4,20000000,2971354389,966603489,3937957878
4,20000000,2963960269,959785664,3923745933
4,20000000,2940106489,906084715,3846191204
4,20000000,2962453735,960948924,3923402659
4,20000000,2896022607,965668977,3861691584
4,20000000,2902486011,910292319,3812778330
4,20000000,2960336058,901675401,3862011459
4,20000000,2663291050,842851063,3506142113
4,20000000,2651428466,842809930,3494238396
4,20000000,2938280009,980361330,3918641339
4,20000000,2959183434,963196514,3922379948
4,20000000,2990573840,963310804,3953884644
4,20000000,2902985254,911517942,3814503196
4,20000000,2966790387,963201796,3929992183
4,20000000,2659242481,843736855,3502979336
4,20000000,2661645435,843912726,3505558161
4,20000000,2968963845,961242013,3930205858
4,20000000,2965178324,980935004,3946113328
4,20000000,2969172486,958408432,3927580918
4,20000000,2905614018,960563080,3866177098
4,20000000,2863663770,950443063,3814106833
4,20000000,2964435201,965103733,3929538934
4,20000000,2970322539,962414424,3932736963
4,20000000,2946024781,961280160,3907304941
4,20000000,2967086441,962142847,3929229288
4,20000000,2629791765,855512966,3485304731
4,20000000,2658684740,843738334,3502423074
4,20000000,2967690688,843277101,3810967789
4,20000000,2631076223,853730269,3484806492
4,20000000,2961938323,965111420,3927049743
4,20000000,2970537781,963250841,3933788622
4,20000000,2973260428,962643567,3935903995
4,20000000,2967955439,965102269,3933057708
4,20000000,2654863799,842783689,3497647488
4,20000000,2968398438,964467524,3932865962
4,20000000,2653929080,843728481,3497657561
4,20000000,2966160578,962566041,3928726619
4,20000000,2967284787,964664075,3931948862
4,20000000,2659155742,842918595,3502074337
4,20000000,2932276086,907960801,3840236887
4,20000000,2966355275,963337776,3929693051
4,20000000,2936149881,964196398,3900346279
4,20000000,2647637747,836038485,3483676232
4,20000000,2628231928,834670751,3462902679
4,20000000,2963988714,963052433,3927041147
4,20000000,2657931501,843150925,3501082426
4,20000000,2654094325,843030656,3497124981
4,20000000,2965068676,964209058,3929277734
4,20000000,2957310894,964414380,3921725274
4,20000000,2942908728,964854406,3907763134
4,20000000,2961631394,965899262,3927530656
4,20000000,2939463216,967231003,3906694219
4,20000000,2969269493,963667356,3932936849
4,20000000,2829140726,948868789,3778009515
4,20000000,2628708209,854510609,3483218818
4,20000000,2965157998,965752250,3930910248
4,20000000,2972046011,962145813,3934191824
4,20000000,2901918763,964692029,3866610792
4,20000000,2958670714,961597134,3920267848
4,20000000,2961289336,962234805,3923524141
4,20000000,2939228362,982429375,3921657737
4,20000000,2652358773,844189172,3496547945
4,20000000,2657790160,842651329,3500441489
4,20000000,2632849695,854061404,3486911099
4,20000000,2974041520,961845413,3935886933
4,20000000,2656736150,843290736,3500026886
4,20000000,2962799670,965378273,3928177943
4,20000000,2631632900,835548888,3467181788
4,20000000,2656024061,844087243,3500111304
4,20000000,2960482789,964931928,3925414717
4,20000000,2958109660,966069063,3924178723
4,20000000,2956014149,961949664,3917963813
4,20000000,2963336381,963842106,3927178487
4,20000000,2655067032,842170096,3497237128
4,20000000,2962877070,960878367,3923755437
4,20000000,2628088365,835485947,3463574312
4,20000000,2960863448,965755997,3926619445
4,20000000,2951464596,961584239,3913048835
4,20000000,2962068599,964759455,3926828054
4,20000000,2960308260,963819339,3924127599
4,20000000,2950075320,907491927,3857567247
4,20000000,2935398736,981039860,3916438596
4,20000000,2653868624,842939745,3496808369
4,20000000,2960779040,963084960,3923864000
4,20000000,2960320215,904909139,3865229354
4,30000000,4513330396,1421657147,5934987543
4,30000000,4473379852,1423224620,5896604472
4,30000000,4488295169,1426213399,5914508568
4,30000000,4089310867,1264441138,5353752005
4,30000000,4084220063,1265181058,5349401121
4,30000000,4059471864,1257629037,5317100901
4,30000000,4488876493,1425456064,5914332557
4,30000000,4523840011,1419565234,5943405245
4,30000000,4518684226,1423848197,5942532423
4,30000000,4512927476,1423867113,5936794589
4,30000000,4325064210,1271325893,5596390103
4,30000000,4526340269,1423446962,5949787231
4,30000000,4522987771,1422143451,5945131222
4,30000000,4520209791,1418296917,5938506708
4,30000000,4524305017,1421707234,5946012251
4,30000000,4086731515,1265809779,5352541294
4,30000000,4520742117,1423418058,5944160175
4,30000000,4434408647,1425156932,5859565579
4,30000000,4570968241,1472596811,6043565052
4,30000000,4088099003,1266847799,5354946802
4,30000000,4481697630,1422272186,5903969816
4,30000000,4064077299,1254465017,5318542316
4,30000000,4522049004,1424279723,5946328727
4,30000000,4482740693,1426585024,5909325717
4,30000000,4087642820,1265168079,5352810899
4,30000000,4050451651,1282122308,5332573959
4,30000000,4487546253,1426052707,5913598960
4,30000000,4092898012,1266057609,5358955621
4,30000000,4573557797,1471496255,6045054052
4,30000000,4517972066,1419879095,5937851161
4,30000000,4527590880,1470322745,5997913625
4,30000000,4432715035,1426555764,5859270799
4,30000000,4098076514,1265809247,5363885761
4,30000000,4429642885,1420584861,5850227746
4,30000000,4489026860,1425125715,5914152575
4,30000000,4085514240,1265482755,5350996995
4,30000000,4322937349,1270489280,5593426629
4,30000000,4478224293,1421190612,5899414905
4,30000000,4536625652,1424484305,5961109957
4,30000000,4527262931,1423325710,5950588641
4,30000000,4361036498,1271659588,5632696086
4,30000000,4090148872,1265930179,5356079051
4,30000000,4440457168,1426366695,5866823863
4,30000000,4303832358,1270886716,5574719074
4,30000000,4091947223,1265901269,5357848492
4,30000000,4490253163,1422758306,5913011469
4,30000000,4518862469,1421879419,5940741888
4,30000000,4525335451,1474127454,5999462905
4,30000000,4091467315,1267594658,5359061973
4,30000000,4082366956,1264557391,5346924347
4,30000000,4088250994,1266395931,5354646925
4,30000000,4521277010,1426804439,5948081449
4,30000000,4525886850,1469828270,5995715120
4,30000000,4097550834,1266991635,5364542469
4,30000000,4483669447,1421706914,5905376361
4,30000000,4517729251,1422595649,5940324900
4,30000000,4561731595,1471160299,6032891894
4,30000000,4479839183,1433020592,5912859775
4,30000000,4517269213,1424192709,5941461922
4,30000000,4295331874,1271282533,5566614407
4,30000000,4514998346,1421570091,5936568437
4,30000000,4515526615,1423131761,5938658376
4,30000000,4517860854,1425180728,5943041582
4,30000000,4513330763,1423084864,5936415627
4,30000000,4519938955,1419590092,5939529047
4,30000000,4084849713,1264775739,5349625452
4,30000000,4478718854,1421856894,5900575748
4,30000000,4523139167,1419690961,5942830128
4,30000000,4521884419,1423682169,5945566588
4,30000000,4522599077,1422245413,5944844490
4,30000000,4357792302,1421101065,5778893367
4,30000000,4521425252,1423601536,5945026788
4,30000000,4514828061,1419571800,5934399861
4,30000000,4520798909,1426108283,5946907192
4,30000000,4088528578,1266337073,5354865651
4,30000000,4104914750,1265278540,5370193290
4,30000000,4087965729,1265489384,5353455113
4,30000000,4084325931,1265498575,5349824506
4,30000000,4568720073,1473305302,6042025375
4,30000000,4517554582,1420330508,5937885090
4,30000000,4090428338,1267827118,5358255456
4,30000000,4087170516,1265459824,5352630340
4,30000000,4331183846,1270658331,5601842177
4,30000000,4519243314,1421707915,5940951229
4,30000000,4575105849,1473196110,6048301959
4,30000000,4087177347,1265824515,5353001862
4,30000000,4523643566,1423312474,5946956040
4,30000000,4519948420,1421187948,5941136368
4,30000000,4518155679,1423725460,5941881139
4,30000000,4536183856,1424926403,5961110259
4,30000000,4481734812,1420364684,5902099496
4,30000000,4085879459,1265542892,5351422351
4,30000000,4467961230,1422190074,5890151304
4,30000000,4481062933,1422651326,5903714259
4,30000000,4247557764,1270888044,5518445808
4,30000000,4518339228,1422996064,5941335292
4,30000000,4086310250,1269229440,5355539690
4,30000000,4081517438,1264240239,5345757677
4,30000000,4478231767,1419869040,5898100807
4,30000000,4519416643,1421280108,5940696751
4,30000000,4517844304,1423116320,5940960624
4,30000000,4084531351,1265549141,5350080492
4,30000000,4533418193,1467235717,6000653910
4,30000000,4520460296,1425620964,5946081260
4,30000000,4513745741,1420733871,5934479612
4,30000000,4517620555,1422146625,5939767180
4,30000000,4540440379,1422409316,5962849695
4,30000000,4043728354,1282177964,5325906318
4,30000000,4438828941,1426257198,5865086139
4,30000000,4517000601,1426153689,5943154290
4,30000000,4525465413,1420335698,5945801111
4,30000000,4521533922,1421864481,5943398403
4,30000000,4521755804,1468651156,5990406960
4,30000000,4037593579,1253341716,5290935295
4,30000000,4483751214,1422347842,5906099056
4,40000000,5994368366,1892811029,7887179395
4,40000000,5542980769,1689128036,7232108805
4,40000000,6091145283,1897772729,7988918012
4,40000000,6100689752,1901628892,8002318644
4,40000000,5569232473,1693086314,7262318787
4,40000000,5692986375,1696856997,7389843372
4,40000000,6094884226,1891859998,7986744224
4,40000000,5984750301,1897098679,7881848980
4,40000000,5547228245,1688816438,7236044683
4,40000000,5668414506,1695854929,7364269435
4,40000000,5549145450,1689376306,7238521756
4,40000000,5976902614,1890088273,7866990887
4,40000000,5980985785,1896151761,7877137546
4,40000000,6039894407,1892372586,7932266993
4,40000000,6103237460,1893979674,7997217134
4,40000000,6098082778,1892543664,7990626442
4,40000000,6149644977,1955285254,8104930231
4,40000000,5550773060,1688710818,7239483878
4,40000000,5538663141,1688256468,7226919609
4,40000000,5545586016,1688424555,7234010571
4,40000000,6097069137,1892066481,7989135618
4,40000000,6147151159,1953038014,8100189173
4,40000000,6046862941,1895214595,7942077536
4,40000000,5984751989,1894335706,7879087695
4,40000000,6096715403,1895641092,7992356495
4,40000000,6094715309,1896035175,7990750484
4,40000000,6097689449,1894864191,7992553640
4,40000000,5548816145,1686574118,7235390263
4,40000000,5577014296,1693348249,7270362545
4,40000000,5572066581,1693448164,7265514745
4,40000000,5554477652,1688874812,7243352464
4,40000000,6099456145,1896876059,7996332204
4,40000000,6093169902,1887961466,7981131368
4,40000000,5492256842,1670620589,7162877431
4,40000000,5557522186,1688787300,7246309486
4,40000000,5974178595,1893171355,7867349950
4,40000000,5491545706,1672266100,7163811806
4,40000000,6092526979,1894970594,7987497573
4,40000000,6085431322,1894693834,7980125156
4,40000000,6088142523,1891103620,7979246143
4,40000000,6086870557,1894160041,7981030598
4,40000000,5559508060,1687596793,7247104853
4,40000000,5972215943,1891240816,7863456759
4,40000000,5552094255,1688206426,7240300681
4,40000000,5490387769,1672451453,7162839222
4,40000000,5546930087,1688912322,7235842409
4,40000000,5486092352,1672322482,7158414834
4,40000000,6083677029,1891902552,7975579581
4,40000000,6089032478,1892731330,7981763808
4,40000000,6097134498,1896641433,7993775931
4,40000000,6147367238,1954175732,8101542970
4,40000000,5977654970,1894894164,7872549134
4,40000000,6094663239,1894589906,7989253145
4,40000000,6149239400,1955059410,8104298810
4,40000000,5550289355,1687771841,7238061196
4,40000000,5548541745,1687376489,7235918234
4,40000000,5624554191,1693179755,7317733946
4,40000000,6091990003,1892019498,7984009501
4,40000000,6088925250,1893943234,7982868484
4,40000000,5498707001,1708351502,7207058503
4,40000000,5553351970,1689299073,7242651043
4,40000000,5675021079,1694799564,7369820643
4,40000000,6102545029,1896343251,7998888280
4,40000000,6095578802,1890181226,7985760028
4,40000000,5632744444,1695077036,7327821480
4,40000000,6094286790,1896401529,7990688319
4,40000000,6098234429,1892148653,7990383082
4,40000000,6097654905,1894869469,7992524374
4,40000000,6168142356,1957905724,8126048080
4,40000000,5548489461,1688711161,7237200622
4,40000000,5552196320,1688588542,7240784862
4,40000000,6091271165,1894658639,7985929804
4,40000000,5547066136,1688957841,7236023977
4,40000000,5567682862,1693315568,7260998430
4,40000000,6099366533,1891473313,7990839846
4,40000000,5531654859,1686854043,7218508902
4,40000000,5506158542,1676868580,7183027122
4,40000000,6099582838,1894680859,7994263697
4,40000000,6096173277,1894711421,7990884698
4,40000000,6036674272,1895438721,7932112993
4,40000000,5626947176,1693660572,7320607748
4,40000000,6101985492,1895202790,7997188282
4,40000000,5551218343,1689432830,7240651173
4,40000000,6102378462,1893120419,7995498881
4,40000000,6080690654,1888045378,7968736032
4,40000000,5547252145,1687602321,7234854466
4,40000000,5551001177,1688251445,7239252622
4,40000000,5480303174,1671252540,7151555714
4,40000000,6105857033,1893536700,7999393733
4,40000000,6105500597,1899996225,8005496822
4,40000000,6108265029,1895133653,8003398682
4,40000000,5546026483,1686705296,7232731779
4,40000000,6040457784,1896105486,7936563270
4,40000000,5500547480,1671111529,7171659009
4,40000000,5546369327,1688253471,7234622798
4,40000000,5536595173,1687468804,7224063977
4,40000000,6033254242,1894697095,7927951337
4,40000000,5543513126,1687621718,7231134844
4,40000000,6047797238,1900634549,7948431787
4,40000000,6092743244,1896995620,7989738864
4,40000000,5546341238,1687339179,7233680417
4,40000000,5974942710,1893855804,7868798514
4,40000000,5543539397,1688246621,7231786018
4,40000000,5479572461,1672951120,7152523581
4,40000000,5544215166,1690580028,7234795194
4,40000000,6188598106,1960309627,8148907733
4,40000000,6097943418,1894520756,7992464174
4,40000000,5520364064,1676814762,7197178826
4,40000000,6090111278,1893806169,7983917447
4,40000000,6096706948,1892075745,7988782693
4,40000000,6043805799,1892629510,7936435309
4,40000000,5558010154,1690274832,7248284986
4,40000000,6048739793,1903240400,7951980193
4,40000000,5548433766,1690932700,7239366466
4,40000000,6094265461,1892558318,7986823779
4,50000000,7556989796,2370073919,9927063715
4,50000000,7041095659,2117251426,9158347085
4,50000000,7693927857,2368423327,10062351184
4,50000000,7059699197,2109342770,9169041967
4,50000000,7706200072,2367909309,10074109381
4,50000000,7795305325,2449762612,10245067937
4,50000000,7546751824,2369409199,9916161023
4,50000000,7028828173,2110184916,9139013089
4,50000000,7034435152,2110441012,9144876164
4,50000000,7038117163,2108906029,9147023192
4,50000000,7910332635,2452369285,10362701920
4,50000000,7707286344,2370763373,10078049717
4,50000000,7703497621,2369099626,10072597247
4,50000000,7026489447,2114449950,9140939397
4,50000000,7027951469,2108957725,9136909194
4,50000000,7549090259,2367296850,9916387109
4,50000000,7580992287,2364040022,9945032309
4,50000000,7503741638,2366225237,9869966875
4,50000000,7690417278,2365933108,10056350386
4,50000000,7689259853,2361279733,10050539586
4,50000000,7691986558,2364667130,10056653688
4,50000000,7576722083,2373395391,9950117474
4,50000000,7020630383,2110052201,9130682584
4,50000000,7026036095,2110465128,9136501223
4,50000000,7682894102,2364863309,10047757411
4,50000000,7688759868,2367702984,10056462852
4,50000000,7652918786,2362219966,10015138752
4,50000000,6967972021,2136458579,9104430600
4,50000000,7508661353,2368850342,9877511695
4,50000000,7704950902,2362817164,10067768066
4,50000000,6956696531,2136438034,9093134565
4,50000000,6971998115,2095069714,9067067829
4,50000000,7685571302,2365405704,10050977006
4,50000000,7555336798,2369952501,9925289299
4,50000000,7030887074,2110327022,9141214096
4,50000000,7609258122,2363841541,9973099663
4,50000000,7025208415,2109543207,9134751622
4,50000000,7583675158,2367034420,9950709578
4,50000000,7503863134,2364326619,9868189753
4,50000000,7581833128,2437220727,10019053855
4,50000000,7701225377,2365799805,10067025182
4,50000000,7618475539,2365508804,9983984343
4,50000000,7047152611,2111157504,9158310115
4,50000000,6969176908,2101238102,9070415010
4,50000000,7687493002,2367272606,10054765608
4,50000000,7021218260,2111417993,9132636253
4,50000000,7536693693,2366289554,9902983247
4,50000000,7025631006,2109463357,9135094363
4,50000000,7696540379,2362525597,10059065976
4,50000000,6967585065,2095833297,9063418362
4,50000000,7035798482,2116516786,9152315268
4,50000000,7027956012,2108125734,9136081746
4,50000000,6976890355,2097611087,9074501442
4,50000000,7030272832,2110391445,9140664277
4,50000000,7018296448,2110181367,9128477815
4,50000000,7623651786,2366064145,9989715931
4,50000000,7030305051,2109832749,9140137800
4,50000000,7030079410,2109480824,9139560234
4,50000000,7554382860,2365865507,9920248367
4,50000000,7027117997,2109322438,9136440435
4,50000000,7021671636,2111139818,9132811454
4,50000000,7684698259,2443953817,10128652076
4,50000000,7027053367,2110094987,9137148354
4,50000000,7704325788,2370257555,10074583343
4,50000000,7700050344,2365372240,10065422584
4,50000000,7704121560,2362275514,10066397074
4,50000000,7036217598,2110390868,9146608466
4,50000000,7030671872,2109504982,9140176854
4,50000000,7043134277,2117703729,9160838006
4,50000000,7699287787,2367455436,10066743223
4,50000000,7560210886,2368171484,9928382370
4,50000000,7696429864,2363709163,10060139027
4,50000000,7031159203,2111391668,9142550871
4,50000000,7699681464,2365387579,10065069043
4,50000000,7034042573,2112377474,9146420047
4,50000000,7695553614,2364568012,10060121626
4,50000000,7685985398,2364237405,10050222803
4,50000000,7691629071,2366128553,10057757624
4,50000000,7687533699,2365030447,10052564146
4,50000000,7689647372,2369284040,10058931412
4,50000000,7505709857,2365455087,9871164944
4,50000000,7588182696,2363328998,9951511694
4,50000000,7575350412,2362000251,9937350663
4,50000000,7628895368,2365402685,9994298053
4,50000000,7016708893,2111097871,9127806764
4,50000000,7029342500,2109096350,9138438850
4,50000000,7701045132,2369151520,10070196652
4,50000000,7585359733,2368102943,9953462676
4,50000000,6971424470,2110392117,9081816587
4,50000000,6959404133,2089989587,9049393720
4,50000000,7559747484,2366420738,9926168222
4,50000000,7701110808,2366170899,10067281707
4,50000000,7018447302,2108833611,9127280913
4,50000000,7865962903,2451648204,10317611107
4,50000000,7697792459,2367728518,10065520977
4,50000000,7029568846,2108395893,9137964739
4,50000000,7029259579,2110528614,9139788193
4,50000000,7625333536,2369584542,9994918078
4,50000000,7036881369,2117801597,9154682966
4,50000000,7506440507,2365123039,9871563546
4,50000000,7537073189,2368325561,9905398750
4,50000000,7032181166,2110320840,9142502006
4,50000000,7747538752,2452574907,10200113659
4,50000000,6976398014,2096575933,9072973947
4,50000000,7042695278,2116102263,9158797541
4,50000000,7032395048,2117934861,9150329909
4,50000000,7682674221,2365047207,10047721428
4,50000000,7652402757,2364170061,10016572818
4,50000000,7557214402,2365382589,9922596991
4,50000000,7692734029,2362703507,10055437536
4,50000000,7698401672,2364112957,10062514629
4,50000000,7030544974,2110528802,9141073776
4,50000000,7705088170,2365542765,10070630935
4,50000000,7503714237,2365975060,9869689297
4,50000000,7630017614,2372636892,10002654506
4,60000000,8525689306,2532669867,11058359173
4,60000000,8524310707,2532488605,11056799312
4,60000000,8572236683,2533061937,11105298620
4,60000000,9315610388,2836369376,12151979764
4,60000000,9309435156,2844170930,12153606086
4,60000000,9296774909,2837817378,12134592287
4,60000000,9309423399,2843828404,12153251803
4,60000000,8538741519,2533997844,11072739363
4,60000000,8536643150,2535362656,11072005806
4,60000000,9165267388,2837922866,12003190254
4,60000000,9530702065,2932309586,12463011651
4,60000000,9307255764,2837184482,12144440246
4,60000000,8450302898,2534527891,10984830789
4,60000000,9232745608,2833876614,12066622222
4,60000000,8525915196,2530790175,11056705371
4,60000000,9234884579,2839919409,12074803988
4,60000000,9341491195,2936954402,12278445597
4,60000000,8520299740,2532858712,11053158452
4,60000000,9278302560,2832170372,12110472932
4,60000000,9309975373,2838671898,12148647271
4,60000000,9134275087,2846734463,11981009550
4,60000000,8521964207,2532477720,11054441927
4,60000000,9303912958,2839443523,12143356481
4,60000000,9148998821,2836432351,11985431172
4,60000000,9166011318,2834013654,12000024972
4,60000000,9510857208,2938260315,12449117523
4,60000000,8520845677,2531483753,11052329430
4,60000000,8510139986,2532767937,11042907923
4,60000000,8532669019,2533933774,11066602793
4,60000000,8448329352,2507438443,10955767795
4,60000000,8507979956,2531112937,11039092893
4,60000000,9533206774,2939367367,12472574141
4,60000000,9149446498,2839495356,11988941854
4,60000000,9310804457,2837577462,12148381919
4,60000000,9239152675,2845396086,12084548761
4,60000000,9324210947,2844066547,12168277494
4,60000000,9307798751,2837181576,12144980327
4,60000000,9306954245,2840073521,12147027766
4,60000000,9333850611,2844070980,12177921591
4,60000000,8537612332,2533478719,11071091051
4,60000000,9327196075,2835252706,12162448781
4,60000000,9324890848,2934062647,12258953495
4,60000000,9296700889,2836438294,12133139183
4,60000000,9295747105,2841171260,12136918365
4,60000000,9311849382,2846058520,12157907902
4,60000000,8535752293,2531927987,11067680280
4,60000000,9303486469,2840174147,12143660616
4,60000000,8525796833,2534342425,11060139258
4,60000000,8541051253,2531851973,11072903226
4,60000000,8528847571,2531214825,11060062396
4,60000000,8528046363,2533541665,11061588028
4,60000000,8520076510,2535348223,11055424733
4,60000000,9308681930,2840523865,12149205795
4,60000000,8570028116,2531748038,11101776154
4,60000000,8449404074,2508063784,10957467858
4,60000000,8526606669,2532423855,11059030524
4,60000000,9552655062,2932602240,12485257302
4,60000000,8527053426,2533849652,11060903078
4,60000000,8534834029,2532688288,11067522317
4,60000000,9085770557,2844311519,11930082076
4,60000000,9230363431,2838260562,12068623993
4,60000000,9317006588,2845531431,12162538019
4,60000000,9230923115,2838331425,12069254540
4,60000000,8523079094,2535247910,11058327004
4,60000000,8537718779,2532341792,11070060571
4,60000000,8461912934,2514780612,10976693546
4,60000000,8447470135,2507881876,10955352011
4,60000000,8525964022,2535054240,11061018262
4,60000000,9143146090,2844000555,11987146645
4,60000000,9228489832,2833304026,12061793858
4,60000000,8531368370,2531901438,11063269808
4,60000000,8524297582,2532221347,11056518929
4,60000000,8446214533,2507870088,10954084621
4,60000000,8527133458,2533434643,11060568101
4,60000000,9243005327,2835076763,12078082090
4,60000000,9312300605,2840034410,12152335015
4,60000000,8524531653,2532714847,11057246500
4,60000000,9163176275,2841538567,12004714842
4,60000000,8564496377,2531555862,11096052239
4,60000000,9307145995,2833601005,12140747000
4,60000000,9312766851,2836543106,12149309957
4,60000000,8522965207,2535536075,11058501282
4,60000000,8517711587,2532910280,11050621867
4,60000000,9309444487,2838751925,12148196412
4,60000000,9459915907,2930572069,12390487976
4,60000000,8455702359,2508529671,10964232030
4,60000000,9305673996,2835330452,12141004448
4,60000000,8442662440,2563449802,11006112242
4,60000000,9205003933,2831266982,12036270915
4,60000000,9349780359,2837570627,12187350986
4,60000000,9128485524,2832572814,11961058338
4,60000000,8512205051,2532923347,11045128398
4,60000000,8437347798,2510427786,10947775584
4,60000000,9315816295,2840495335,12156311630
4,60000000,8524165343,2532093354,11056258697
4,60000000,8521267473,2530823675,11052091148
4,60000000,8526318780,2532361049,11058679829
4,60000000,8529006333,2532719175,11061725508
4,60000000,9310915531,2835264761,12146180292
4,60000000,9304522101,2835583740,12140105841
4,60000000,9308067624,2837805724,12145873348
4,60000000,9319900437,2837225518,12157125955
4,60000000,9301703281,2829006097,12130709378
4,60000000,9317385653,2833702444,12151088097
4,60000000,9305908291,2838596475,12144504766
4,60000000,8519580814,2535624959,11055205773
4,60000000,8520943975,2533493985,11054437960
4,60000000,9241838890,2841118678,12082957568
4,60000000,9302852052,2834774450,12137626502
4,60000000,9310777320,2840776666,12151553986
4,60000000,9324148421,2833598137,12157746558
4,60000000,9135046413,2844003806,11979050219
4,60000000,9236655206,2837163212,12073818418
4,60000000,9530573230,2940334140,12470907370
4,60000000,9218573773,2835254600,12053828373
4,70000000,11240862132,3421835793,14662697925
4,70000000,11233908902,3427296565,14661205467
4,70000000,11233738130,3423306640,14657044770
4,70000000,10046851455,2955289179,13002140634
4,70000000,11248630782,3427978130,14676608912
4,70000000,10036220615,2954178658,12990399273
4,70000000,11235324523,3426651164,14661975687
4,70000000,11226183460,3422266913,14648450373
4,70000000,11222301986,3423141044,14645443030
4,70000000,11227851177,3425694820,14653545997
4,70000000,11217923289,3422150653,14640073942
4,70000000,11214810023,3428691670,14643501693
4,70000000,11225472857,3422245653,14647718510
4,70000000,9962016864,2988362160,12950379024
4,70000000,11232029940,3426395946,14658425886
4,70000000,9936995071,2928587497,12865582568
4,70000000,10047154015,2958754533,13005908548
4,70000000,10029001767,2953078013,12982079780
4,70000000,11219816707,3432873580,14652690287
4,70000000,9967778225,2934673748,12902451973
4,70000000,10051486402,2957351100,13008837502
4,70000000,9954572763,2934040258,12888613021
4,70000000,10046192573,2956216262,13002408835
4,70000000,11237207927,3429356548,14666564475
4,70000000,10031157939,2952164983,12983322922
4,70000000,11242234275,3431640086,14673874361
4,70000000,10028904821,2952250792,12981155613
4,70000000,11035935934,3425800287,14461736221
4,70000000,11222765450,3418356557,14641122007
4,70000000,9935789836,2925337731,12861127567
4,70000000,11235718785,3426399890,14662118675
4,70000000,11225425803,3424121509,14649547312
4,70000000,9940019648,2930260925,12870280573
4,70000000,10035875038,2953182452,12989057490
4,70000000,11235665393,3419643803,14655309196
4,70000000,10039857956,2954650983,12994508939
4,70000000,11048559251,3426296047,14474855298
4,70000000,11216825381,3420536198,14637361579
4,70000000,11242677447,3422738591,14665416038
4,70000000,11134069443,3421324279,14555393722
4,70000000,10042439477,2954711391,12997150868
4,70000000,11212644794,3422082072,14634726866
4,70000000,11238473991,3421945893,14660419884
4,70000000,9925509214,2926961299,12852470513
4,70000000,11251444542,3421918025,14673362567
4,70000000,11242091547,3340868035,14582959582
4,70000000,11121111335,3415459592,14536570927
4,70000000,11208256215,3424802851,14633059066
4,70000000,9963932308,2938910385,12902842693
4,70000000,11276462083,3433203044,14709665127
4,70000000,11221525668,3429457758,14650983426
4,70000000,11214738207,3427436880,14642175087
4,70000000,11223731017,3422037594,14645768611
4,70000000,11232363329,3426980264,14659343593
4,70000000,11229439401,3426999064,14656438465
4,70000000,11222840238,3416014546,14638854784
4,70000000,9970529793,2936417479,12906947272
4,70000000,9925405279,2927386755,12852792034
4,70000000,11230021979,3420457303,14650479282
4,70000000,11234687223,3424885937,14659573160
4,70000000,11082633332,3429980624,14512613956
4,70000000,11127087827,3416985726,14544073553
4,70000000,11235316817,3417828407,14653145224
4,70000000,10039967615,2956880320,12996847935
4,70000000,9958457462,2989026052,12947483514
4,70000000,11211027446,3415907228,14626934674
4,70000000,10998876820,3418997300,14417874120
4,70000000,11219386364,3424032835,14643419199
4,70000000,11027363226,3413770144,14441133370
4,70000000,9934236665,2927961209,12862197874
4,70000000,11220586037,3419213804,14639799841
4,70000000,11003641569,3416901224,14420542793
4,70000000,11233756827,3422616639,14656373466
4,70000000,11213928449,3421372461,14635300910
4,70000000,11229314975,3421081270,14650396245
4,70000000,11211501870,3422477832,14633979702
4,70000000,11243417066,3425036779,14668453845
4,70000000,11218463876,3423763020,14642226896
4,70000000,11237902951,3420660796,14658563747
4,70000000,11221560274,3423278010,14644838284
4,70000000,11130712058,3420357442,14551069500
4,70000000,9923298015,2926321874,12849619889
4,70000000,11136465149,3420399998,14556865147
4,70000000,11203246651,3421946552,14625193203
4,70000000,11223028690,3420541061,14643569751
4,70000000,11235189591,3424655427,14659845018
4,70000000,10047650555,2957594073,13005244628
4,70000000,11223109195,3421824280,14644933475
4,70000000,10031898662,2955363609,12987262271
4,70000000,11224031465,3425379111,14649410576
4,70000000,10019205016,2953242307,12972447323
4,70000000,10825515712,3316101852,14141617564
4,70000000,11216580911,3422690162,14639271073
4,70000000,10850451947,3311754568,14162206515
4,70000000,10045294405,2954988073,13000282478
4,70000000,9953120293,2934466879,12887587172
4,70000000,11128422204,3424031729,14552453933
4,70000000,11241099181,3430580636,14671679817
4,70000000,11246351749,3427801036,14674152785
4,70000000,11215421887,3421343937,14636765824
4,70000000,10037158167,2954383379,12991541546
4,70000000,11198940616,3422125229,14621065845
4,70000000,11019428010,3419401445,14438829455
4,70000000,11216529113,3423053893,14639583006
4,70000000,11081951657,3422988001,14504939658
4,70000000,10055506008,2954285699,13009791707
4,70000000,10717793070,3312268900,14030061970
4,70000000,11246283306,3422558519,14668841825
4,70000000,11223088608,3420089148,14643177756
4,70000000,9966947632,2928582707,12895530339
4,70000000,11228360232,3419476724,14647836956
4,70000000,11207244492,3419530509,14626775001
4,70000000,11231418500,3423851269,14655269769
4,70000000,11222584339,3421321518,14643905857
4,70000000,11224725107,3420336613,14645061720
4,80000000,12677571350,3906593409,16584164759
4,80000000,12926486064,3909667392,16836153456
4,80000000,12945097179,3917599044,16862696223
4,80000000,11478310439,3354695431,14833005870
4,80000000,12671923767,3908384799,16580308566
4,80000000,12847291798,3918537070,16765828868
4,80000000,11477274910,3417654432,14894929342
4,80000000,12710930984,3915413491,16626344475
4,80000000,11429963267,3343040701,14773003968
4,80000000,11564023690,3375389354,14939413044
4,80000000,12968791099,3911845166,16880636265
4,80000000,12934309037,3922202603,16856511640
4,80000000,11443883527,3347536135,14791419662
4,80000000,11448696229,3347772686,14796468915
4,80000000,12829054431,3914013740,16743068171
4,80000000,12368527873,3778826857,16147354730
4,80000000,11565453700,3378734452,14944188152
4,80000000,11561789971,3378533989,14940323960
4,80000000,11568265633,3377702405,14945968038
4,80000000,12934327881,3910018709,16844346590
4,80000000,11555693697,3376247427,14931941124
4,80000000,12936498456,3907868396,16844366852
4,80000000,12357620140,3789085916,16146706056
4,80000000,12702335293,3916205842,16618541135
4,80000000,12716102762,3916124869,16632227631
4,80000000,12511616066,3779115590,16290731656
4,80000000,12355170991,3780719964,16135890955
4,80000000,12705954698,3923824642,16629779340
4,80000000,12864505404,3919306298,16783811702
4,80000000,11563722853,3377860064,14941582917
4,80000000,12941920297,3920025679,16861945976
4,80000000,11556231404,3375738712,14931970116
4,80000000,12943273922,3919025564,16862299486
4,80000000,11566223753,3376636142,14942859895
4,80000000,11565271031,3376672071,14941943102
4,80000000,12951053676,3914873100,16865926776
4,80000000,12918044686,3913296124,16831340810
4,80000000,12700630078,3913167998,16613798076
4,80000000,12835366131,3919031615,16754397746
4,80000000,12833743294,3922562247,16756305541
4,80000000,11482328434,3414886602,14897215036
4,80000000,12957604547,3923060688,16880665235
4,80000000,12940314480,3928073356,16868387836
4,80000000,12695528847,3923460008,16618988855
4,80000000,11574276378,3377520157,14951796535
4,80000000,12694269623,3922263889,16616533512
4,80000000,12952639098,3926586283,16879225381
4,80000000,11561919207,3377365310,14939284517
4,80000000,11534242907,3376735001,14910977908
4,80000000,11598654760,3384366055,14983020815
4,80000000,12937563089,3918655231,16856218320
4,80000000,12942537646,3913262717,16855800363
4,80000000,12480597021,3788491508,16269088529
4,80000000,11438004862,3343629820,14781634682
4,80000000,12950447658,3925570330,16876017988
4,80000000,11572968870,3377571155,14950540025
4,80000000,12500989760,3788561789,16289551549
4,80000000,12935051428,3920421100,16855472528
4,80000000,12947984171,3919011210,16866995381
4,80000000,11463606181,3416231921,14879838102
4,80000000,12925387940,3914289143,16839677083
4,80000000,11558054344,3377175901,14935230245
4,80000000,12940468273,3910363326,16850831599
4,80000000,12949377471,3913253570,16862631041
4,80000000,12939041091,3912520049,16851561140
4,80000000,12918674887,3911158833,16829833720
4,80000000,12904964621,3907137271,16812101892
4,80000000,12492394464,3779343506,16271737970
4,80000000,12923958790,3909823264,16833782054
4,80000000,11589928514,3376919769,14966848283
4,80000000,12917062375,3914170814,16831233189
4,80000000,12934511858,3916147292,16850659150
4,80000000,12964390156,3911696236,16876086392
4,80000000,12698656276,3918751953,16617408229
4,80000000,11439645507,3344380677,14784026184
4,80000000,12922304381,3906449457,16828753838
4,80000000,11616715151,3377966562,14994681713
4,80000000,11567030204,3375059033,14942089237
4,80000000,11559690743,3379056515,14938747258
4,80000000,12844608914,3908208763,16752817677
4,80000000,11562749415,3376690848,14939440263
4,80000000,12950260463,3908710858,16858971321
4,80000000,12929165958,3906153681,16835319639
4,80000000,12931565066,3906081257,16837646323
4,80000000,12942786127,3905524474,16848310601
4,80000000,12925833959,3908998674,16834832633
4,80000000,12815310074,3904087861,16719397935
4,80000000,11498365442,3416216905,14914582347
4,80000000,12939085632,3911624052,16850709684
4,80000000,12943160734,3912354481,16855515215
4,80000000,12500385278,3777428816,16277814094
4,80000000,11555686797,3376426529,14932113326
4,80000000,11566978054,3376918896,14943896950
4,80000000,12926075543,3907209800,16833285343
4,80000000,13043506490,3911249454,16954755944
4,80000000,12949676768,3909239410,16858916178
4,80000000,12846871013,3915180346,16762051359
4,80000000,12495768240,3778732249,16274500489
4,80000000,11566221842,3376786195,14943008037
4,80000000,12700377880,3909980199,16610358079
4,80000000,11559480677,3378587381,14938068058
4,80000000,12940654481,3914899067,16855553548
4,80000000,11559524423,3378403141,14937927564
4,80000000,11573835083,3376960074,14950795157
4,80000000,12489909028,3779003353,16268912381
4,80000000,11572515908,3377895833,14950411741
4,80000000,11582496264,3376701031,14959197295
4,80000000,12932855380,3918941063,16851796443
4,80000000,12815080923,3914973387,16730054310
4,80000000,11562317140,3379005153,14941322293
4,80000000,12673764950,3914407273,16588172223
4,80000000,12975583274,3911844355,16887427629
4,80000000,12965181572,3917728317,16882909889
4,80000000,12845441364,3911100628,16756541992
4,80000000,11652192478,3377696535,15029889013
4,90000000,14659815917,4408021395,19067837312
4,90000000,13101029296,3802258137,16903287433
4,90000000,14676694754,4404838046,19081532800
4,90000000,12963415664,3763699340,16727115004
4,90000000,14150095442,4255083136,18405178578
4,90000000,13100408453,3799096572,16899505025
4,90000000,13090660549,3800873537,16891534086
4,90000000,14377354984,4414175074,18791530058
4,90000000,14653582744,4402300034,19055882778
4,90000000,14644567403,4411492843,19056060246
4,90000000,13082534775,3799181482,16881716257
4,90000000,14673501098,4410163969,19083665067
4,90000000,13094451100,3798186730,16892637830
4,90000000,13101694626,3797193728,16898888354
4,90000000,13082650186,3799800639,16882450825
4,90000000,13113719054,3799185790,16912904844
4,90000000,14655969082,4411057857,19067026939
4,90000000,14410447183,4405681709,18816128892
4,90000000,14159013317,4258370250,18417383567
4,90000000,14650629072,4405394081,19056023153
4,90000000,12941130734,3764408701,16705539435
4,90000000,13083695969,3797525847,16881221816
4,90000000,13100987896,3798209090,16899196986
4,90000000,14656233730,4408126835,19064360565
4,90000000,14676362539,4407089284,19083451823
4,90000000,12962336367,3765111596,16727447963
4,90000000,14541729634,4409889812,18951619446
4,90000000,14671399622,4409721389,19081121011
4,90000000,14659313178,4423078044,19082391222
4,90000000,14640096829,4409457849,19049554678
4,90000000,14403377903,4423317092,18826694995
4,90000000,14656556194,4424105879,19080662073
4,90000000,13961904440,4265185721,18227090161
4,90000000,14649811447,4414613384,19064424831
4,90000000,14666044847,4413142352,19079187199
4,90000000,13088864388,3801173482,16890037870
4,90000000,14549473086,4410466296,18959939382
4,90000000,14660404871,4413471101,19073875972
4,90000000,13127537835,3808185108,16935722943
4,90000000,12990919889,3771392781,16762312670
4,90000000,14180978297,4271001881,18451980178
4,90000000,13086108109,3797978090,16884086199
4,90000000,13095384014,3798938802,16894322816
4,90000000,14400442625,4422753826,18823196451
4,90000000,13137479150,3798011840,16935490990
4,90000000,13005462979,3846324906,16851787885
4,90000000,13097425415,3799158574,16896583989
4,90000000,13114841785,3799819769,16914661554
4,90000000,14642258449,4411298211,19053556660
4,90000000,14175405061,4261564337,18436969398
4,90000000,14418612525,4415440235,18834052760
4,90000000,14659972830,4419959950,19079932780
4,90000000,13096544683,3797120300,16893664983
4,90000000,12955352426,3761608648,16716961074
4,90000000,14544377439,4411632715,18956010154
4,90000000,13100263111,3803861280,16904124391
4,90000000,13082059432,3801278855,16883338287
4,90000000,13103876709,3805238425,16909115134
4,90000000,14654415013,4408249272,19062664285
4,90000000,13131332511,3797349383,16928681894
4,90000000,13095671932,3801372045,16897043977
4,90000000,13102959492,3797577078,16900536570
4,90000000,12983432619,3843353241,16826785860
4,90000000,14652018570,4408719115,19060737685
4,90000000,14409654682,4402846207,18812500889
4,90000000,12958609812,3761227111,16719836923
4,90000000,13012781199,3775524483,16788305682
4,90000000,13119179199,3800943002,16920122201
4,90000000,13099463640,3799117690,16898581330
4,90000000,14175431567,4266256790,18441688357
4,90000000,14373813708,4395174911,18768988619
4,90000000,14639041400,4400801776,19039843176
4,90000000,14655491161,4401993294,19057484455
4,90000000,14657963721,4399928765,19057892486
4,90000000,13085880790,3798173070,16884053860
4,90000000,14400277630,4396663127,18796940757
4,90000000,13008788219,3844953233,16853741452
4,90000000,13117075719,3799558628,16916634347
4,90000000,13099862746,3801306625,16901169371
4,90000000,12953030849,3762300648,16715331497
4,90000000,13089371090,3797245651,16886616741
4,90000000,14203696164,4260916827,18464612991
4,90000000,13109094347,3798824945,16907919292
4,90000000,14693746896,4396225508,19089972404
4,90000000,12983276815,3774567131,16757843946
4,90000000,14638098019,4391472689,19029570708
4,90000000,14645370442,4395158810,19040529252
4,90000000,14635339425,4402373371,19037712796
4,90000000,13109006788,3801318216,16910325004
4,90000000,14382278699,4402598642,18784877341
4,90000000,14356452125,4401281739,18757733864
4,90000000,14398717077,4398071421,18796788498
4,90000000,13125658801,3803129326,16928788127
4,90000000,14632585309,4400451130,19033036439
4,90000000,14373290378,4397132160,18770422538
4,90000000,14644076859,4402322807,19046399666
4,90000000,12937647069,3760377380,16698024449
4,90000000,14646936020,4407972529,19054908549
4,90000000,14639883932,4411305445,19051189377
4,90000000,13090504809,3795940809,16886445618
4,90000000,14396478549,4403814752,18800293301
4,90000000,14682725915,4404215408,19086941323
4,90000000,14548235592,4402317762,18950553354
4,90000000,13087916699,3798215504,16886132203
4,90000000,14409280528,4415697185,18824977713
4,90000000,14686277694,4408235534,19094513228
4,90000000,14661539683,4409638850,19071178533
4,90000000,14676558511,4413314215,19089872726
4,90000000,14365861188,4410506012,18776367200
4,90000000,14138647254,4253793897,18392441151
4,90000000,14541532656,4407142424,18948675080
4,90000000,12975032805,3766754679,16741787484
4,90000000,12993548692,3843971300,16837519992
4,90000000,14702607868,4412392612,19115000480
4,90000000,14654617815,4415072004,19069689819
4,100000000,14527168718,4193323482,18720492200
4,100000000,16256838152,4902150939,21158989091
4,100000000,16415584517,4906973889,21322558406
4,100000000,16358617560,4907079875,21265697435
4,100000000,16410909868,4906708168,21317618036
4,100000000,16094871667,4905684509,21000556176
4,100000000,16371264401,4899692925,21270957326
4,100000000,16007321992,4721411347,20728733339
4,100000000,16375979584,4909208676,21285188260
4,100000000,14485085271,4182862382,18667947653
4,100000000,16384602330,4900665944,21285268274
4,100000000,16383720754,4908005634,21291726388
4,100000000,16247142464,4909282080,21156424544
4,100000000,14521463466,4192729843,18714193309
4,100000000,16053459489,4908738151,20962197640
4,100000000,14650507107,4224911320,18875418427
4,100000000,14629492035,4221775948,18851267983
4,100000000,14549021306,4272748563,18821769869
4,100000000,16389218519,4900980909,21290199428
4,100000000,16412910328,4899213627,21312123955
4,100000000,14484490952,4183590090,18668081042
4,100000000,16402253522,4912663465,21314916987
4,100000000,16397721703,4912980040,21310701743
4,100000000,16384970814,4906066911,21291037725
4,100000000,16382098128,4914716839,21296814967
4,100000000,16269886174,4916703090,21186589264
4,100000000,16379210032,4914518268,21293728300
4,100000000,16403541961,4914915881,21318457842
4,100000000,14491392658,4184463961,18675856619
4,100000000,14668524374,4220509122,18889033496
4,100000000,16379291045,4916169192,21295460237
4,100000000,16384370117,4916640424,21301010541
4,100000000,14646747552,4223246813,18869994365
4,100000000,16445308257,4910586317,21355894574
4,100000000,16427557347,4908048222,21335605569
4,100000000,16460655901,4906946078,21367601979
4,100000000,14637224716,4218478204,18855702920
4,100000000,16364651958,4909632126,21274284084
4,100000000,16406442682,4910726254,21317168936
4,100000000,16379175305,4906308100,21285483405
4,100000000,14643179759,4222035779,18865215538
4,100000000,14640066385,4222409616,18862476001
4,100000000,16382445433,4901098301,21283543734
4,100000000,14650588031,4221243117,18871831148
4,100000000,16383063070,4894388063,21277451133
4,100000000,14624093846,4233713954,18857807800
4,100000000,16108457104,4893446305,21001903409
4,100000000,16246303216,4892836706,21139139922
4,100000000,14634366814,4220668241,18855035055
4,100000000,14643009273,4221032285,18864041558
4,100000000,14628244779,4219050331,18847295110
4,100000000,14620593007,4220745397,18841338404
4,100000000,14664668987,4227102369,18891771356
4,100000000,14635382399,4223969653,18859352052
4,100000000,14642523238,4219500422,18862023660
4,100000000,16383169223,4886933989,21270103212
4,100000000,15803597124,4721264681,20524861805
4,100000000,15802836385,4714559556,20517395941
4,100000000,16254894230,4884689898,21139584128
4,100000000,15805961364,4718102854,20524064218
4,100000000,14535872319,4194050092,18729922411
4,100000000,16104376146,4884456746,20988832892
4,100000000,16385307862,4891342474,21276650336
4,100000000,14643217046,4219729945,18862946991
4,100000000,16357166080,4889225976,21246392056
4,100000000,16388696837,4881133994,21269830831
4,100000000,14626070242,4219303849,18845374091
4,100000000,16366061367,4886794674,21252856041
4,100000000,14640355805,4227912071,18868267876
4,100000000,14659658571,4227321795,18886980366
4,100000000,14663514554,4220160469,18883675023
4,100000000,16371642887,4880013721,21251656608
4,100000000,14496685145,4180687759,18677372904
4,100000000,14482480131,4181322125,18663802256
4,100000000,14640706376,4219529746,18860236122
4,100000000,14646665455,4221760750,18868426205
4,100000000,16387138891,4889623179,21276762070
4,100000000,14630148253,4219729897,18849878150
4,100000000,14640324255,4224916983,18865241238
4,100000000,14643115490,4220254969,18863370459
4,100000000,16426011933,4892073349,21318085282
4,100000000,14521539066,4193872271,18715411337
4,100000000,16246163746,4896608155,21142771901
4,100000000,16376557984,4893217725,21269775709
4,100000000,16377609132,4892051044,21269660176
4,100000000,16405030698,4894210342,21299241040
4,100000000,16403824702,4898142913,21301967615
4,100000000,16300236346,4897523820,21197760166
4,100000000,16384616247,4896180160,21280796407
4,100000000,16566651001,4864388281,21431039282
4,100000000,14527808273,4196308506,18724116779
4,100000000,16375734667,4908769663,21284504330
4,100000000,16260370176,4898301926,21158672102
4,100000000,16380109006,4896350338,21276459344
4,100000000,14632567104,4221157613,18853724717
4,100000000,16115077492,4897785995,21012863487
4,100000000,16373640078,4903524485,21277164563
4,100000000,14534805956,4199168021,18733973977
4,100000000,16359864343,4905993086,21265857429
4,100000000,16377518858,4906255414,21283774272
4,100000000,14486533722,4182811689,18669345411
4,100000000,14537957388,4195576386,18733533774
4,100000000,14646740402,4220846840,18867587242
4,100000000,14696675985,4224043153,18920719138
4,100000000,14667388622,4222608323,18889996945
4,100000000,16249500773,4891730261,21141231034
4,100000000,16358076740,4894442387,21252519127
4,100000000,14640752683,4224930447,18865683130
4,100000000,16397645984,4885858210,21283504194
4,100000000,16083892300,4892458710,20976351010
4,100000000,14550524579,4269349335,18819873914
4,100000000,14649709690,4220658188,18870367878
4,100000000,14632266185,4221049536,18853315721
4,100000000,14629344011,4224573103,18853917114
4,100000000,14644169190,4221292134,18865461324
8,1000,474326,147043,621369
8,1000,250497,169396,419893
8,1000,222504,263059,485563
8,1000,271344,308704,580048
8,1000,301660,209330,510990
8,1000,310885,173924,484809
8,1000,300132,173505,473637
8,1000,268303,322647,590950
8,1000,218446,95203,313649
8,1000,355636,188849,544485
8,1000,291186,188814,480000
8,1000,301850,189094,490944
8,1000,332832,101599,434431
8,1000,389223,221937,611160
8,1000,310080,181101,491181
8,1000,196444,217549,413993
8,1000,212849,195204,408053
8,1000,309782,205084,514866
8,1000,271045,245647,516692
8,1000,407067,131000,538067
8,1000,321083,116418,437501
8,1000,245994,306621,552615
8,1000,212408,232601,445009
8,1000,262208,192403,454611
8,1000,389489,93156,482645
8,1000,292410,217034,509444
8,1000,327594,97843,425437
8,1000,516610,151468,668078
8,1000,378508,187343,565851
8,1000,336724,98647,435371
8,1000,417790,100186,517976
8,1000,277824,91756,369580
8,1000,277307,174328,451635
8,1000,350994,155946,506940
8,1000,405659,104186,509845
8,1000,275741,202741,478482
8,1000,301953,189793,491746
8,1000,365945,199107,565052
8,1000,370893,98167,469060
8,1000,257769,288438,546207
8,1000,262147,92441,354588
8,1000,357527,234956,592483
8,1000,292191,89359,381550
8,1000,370269,197225,567494
8,1000,320763,272571,593334
8,1000,231047,170992,402039
8,1000,246998,88818,335816
8,1000,381847,89442,471289
8,1000,391812,103872,495684
8,1000,348680,246823,595503
8,1000,219638,201209,420847
8,1000,438291,168057,606348
8,1000,260586,310571,571157
8,1000,330290,200896,531186
8,1000,251098,106176,357274
8,1000,299992,288698,588690
8,1000,353858,95601,449459
8,1000,341349,117574,458923
8,1000,261140,184228,445368
8,1000,338998,321307,660305
8,1000,292822,259196,552018
8,1000,389455,176610,566065
8,1000,190438,182191,372629
8,1000,325486,101189,426675
8,1000,247597,106737,354334
8,1000,208208,207733,415941
8,1000,330563,152714,483277
8,1000,303463,199556,503019
8,1000,342686,235821,578507
8,1000,372166,187725,559891
8,1000,227132,285824,512956
8,1000,363238,190535,553773
8,1000,355673,92988,448661
8,1000,266613,357681,624294
8,1000,313770,187111,500881
8,1000,344070,113992,458062
8,1000,394142,188424,582566
8,1000,223881,208405,432286
8,1000,246347,353333,599680
8,1000,358840,180605,539445
8,1000,203734,188377,392111
8,1000,394304,173408,567712
8,1000,360406,156792,517198
8,1000,335743,89725,425468
8,1000,303281,171045,474326
8,1000,304914,205766,510680
8,1000,330466,113681,444147
8,1000,415479,200542,616021
8,1000,247187,269052,516239
8,1000,241295,223011,464306
8,1000,493063,209699,702762
8,1000,293602,129961,423563
8,1000,325293,281427,606720
8,1000,225283,387783,613066
8,1000,310688,95014,405702
8,1000,298278,253535,551813
8,1000,413884,215838,629722
8,1000,350452,217485,567937
8,1000,346301,221570,567871
8,1000,286559,185182,471741
8,1000,257365,197413,454778
8,1000,329293,228121,557414
8,1000,360127,100958,461085
8,1000,272200,144178,416378
8,1000,337654,261551,599205
8,1000,242732,256339,499071
8,1000,379093,175832,554925
8,1000,313223,213503,526726
8,1000,464432,151638,616070
8,1000,332786,206751,539537
8,1000,247072,239657,486729
8,1000,185058,182905,367963
8,1000,324275,177378,501653
8,1000,213344,98269,311613
8,1000,276019,168989,445008
8,2000,491378,2107088,2598466
8,2000,425523,2276543,2702066
8,2000,504075,534664,1038739
8,2000,394115,222124,616239
8,2000,419440,2599152,3018592
8,2000,408882,1981277,2390159
8,2000,535546,2148859,2684405
8,2000,476050,939323,1415373
8,2000,457729,1929398,2387127
8,2000,507184,2220730,2727914
8,2000,484444,2435446,2919890
8,2000,474327,1804481,2278808
8,2000,461989,2129779,2591768
8,2000,506271,2448003,2954274
8,2000,472373,2054452,2526825
8,2000,360279,234050,594329
8,2000,569631,2175405,2745036
8,2000,363728,1136189,1499917
8,2000,1438684,198593,1637277
8,2000,557924,2052291,2610215
8,2000,497314,1919125,2416439
8,2000,434901,2355189,2790090
8,2000,464961,235091,700052
8,2000,509513,538967,1048480
8,2000,533377,2156365,2689742
8,2000,466077,1754780,2220857
8,2000,501723,1908698,2410421
8,2000,602916,1936019,2538935
8,2000,498694,2412056,2910750
8,2000,395925,2501971,2897896
8,2000,437838,2412924,2850762
8,2000,378480,2481055,2859535
8,2000,393946,2447319,2841265
8,2000,561818,2312209,2874027
8,2000,475966,2322539,2798505
8,2000,461468,2040837,2502305
8,2000,566590,1990565,2557155
8,2000,526403,1888071,2414474
8,2000,510128,503247,1013375
8,2000,514910,2369592,2884502
8,2000,542264,2080585,2622849
8,2000,454143,1690510,2144653
8,2000,587314,2114164,2701478
8,2000,388133,2430280,2818413
8,2000,421923,2296856,2718779
8,2000,422246,2536825,2959071
8,2000,452689,1963063,2415752
8,2000,431201,2484475,2915676
8,2000,549831,296018,845849
8,2000,482302,695123,1177425
8,2000,372073,2343330,2715403
8,2000,438925,2284057,2722982
8,2000,423904,1727698,2151602
8,2000,583730,2126941,2710671
8,2000,520490,578789,1099279
8,2000,451705,1972791,2424496
8,2000,453142,780417,1233559
8,2000,528646,2153155,2681801
8,2000,432651,253421,686072
8,2000,402315,2313594,2715909
8,2000,475009,256633,731642
8,2000,450814,1515278,1966092
8,2000,582666,2053878,2636544
8,2000,426000,2358812,2784812
8,2000,402266,271351,673617
8,2000,498543,2123755,2622298
8,2000,468404,2381661,2850065
8,2000,475349,2171300,2646649
8,2000,404286,2211381,2615667
8,2000,460922,1279607,1740529
8,2000,597439,2028687,2626126
8,2000,429328,234687,664015
8,2000,512756,2358661,2871417
8,2000,306661,1476328,1782989
8,2000,422761,2048123,2470884
8,2000,471931,1284998,1756929
8,2000,492444,1150464,1642908
8,2000,564889,2171400,2736289
8,2000,500040,308555,808595
8,2000,433616,317991,751607
8,2000,391718,1892387,2284105
8,2000,396993,2533368,2930361
8,2000,451794,1871370,2323164
8,2000,480461,484799,965260
8,2000,380650,2071334,2451984
8,2000,502586,353691,856277
8,2000,401084,1799303,2200387
8,2000,431475,1658590,2090065
8,2000,417190,288232,705422
8,2000,510563,1188625,1699188
8,2000,643637,1019618,1663255
8,2000,529511,2253011,2782522
8,2000,491622,2599423,3091045
8,2000,558932,1119787,1678719
8,2000,512848,1377228,1890076
8,2000,516196,586780,1102976
8,2000,463726,2213332,2677058
8,2000,574489,1971580,2546069
8,2000,396090,1282483,1678573
8,2000,456183,2122954,2579137
8,2000,399025,255344,654369
8,2000,440737,267420,708157
8,2000,530067,2034783,2564850
8,2000,520707,2041561,2562268
8,2000,437096,2234076,2671172
8,2000,402481,228148,630629
8,2000,422420,2271166,2693586
8,2000,578284,2129515,2707799
8,2000,507535,1958885,2466420
8,2000,476693,2029334,2506027
8,2000,487391,2074941,2562332
8,2000,472861,625487,1098348
8,2000,539363,962126,1501489
8,2000,419402,2304807,2724209
8,2000,434111,299771,733882
8,3000,562176,2575458,3137634
8,3000,564281,1719611,2283892
8,3000,589392,2571345,3160737
8,3000,445768,2370768,2816536
8,3000,485738,1365879,1851617
8,3000,2351935,331823,2683758
8,3000,535891,2706819,3242710
8,3000,574213,2587763,3161976
8,3000,545078,1335018,1880096
8,3000,487306,2181759,2669065
8,3000,2938545,289130,3227675
8,3000,2804825,288623,3093448
8,3000,553410,2379633,2933043
8,3000,673699,1022274,1695973
8,3000,561849,2076818,2638667
8,3000,1567512,324801,1892313
8,3000,446811,2469191,2916002
8,3000,1139985,397360,1537345
8,3000,419212,1412482,1831694
8,3000,523710,1139353,1663063
8,3000,2708216,272429,2980645
8,3000,525882,2274118,2800000
8,3000,508421,2531349,3039770
8,3000,526463,860856,1387319
8,3000,576345,2541172,3117517
8,3000,2926243,230704,3156947
8,3000,448323,2470386,2918709
8,3000,2334028,239034,2573062
8,3000,610732,343393,954125
8,3000,513238,404799,918037
8,3000,557094,2294039,2851133
8,3000,572356,2195929,2768285
8,3000,2582006,356686,2938692
8,3000,1723895,270997,1994892
8,3000,633579,2066845,2700424
8,3000,2821225,373231,3194456
8,3000,559993,2531870,3091863
8,3000,446937,1215023,1661960
8,3000,444335,2511867,2956202
8,3000,552957,2435960,2988917
8,3000,552270,2184948,2737218
8,3000,2528704,290791,2819495
8,3000,1598311,343314,1941625
8,3000,2678547,308200,2986747
8,3000,558488,1537464,2095952
8,3000,596979,1978713,2575692
8,3000,2302818,269389,2572207
8,3000,567341,2406129,2973470
8,3000,2518349,363041,2881390
8,3000,556870,2324919,2881789
8,3000,672835,1993122,2665957
8,3000,562650,2446738,3009388
8,3000,2499383,290244,2789627
8,3000,2595211,260018,2855229
8,3000,601041,697270,1298311
8,3000,561299,1257540,1818839
8,3000,630030,1420401,2050431
8,3000,2834495,294391,3128886
8,3000,2741437,310694,3052131
8,3000,2808520,395007,3203527
8,3000,570177,1456360,2026537
8,3000,462876,2130398,2593274
8,3000,715745,1026643,1742388
8,3000,558471,2342389,2900860
8,3000,577917,848099,1426016
8,3000,590439,558275,1148714
8,3000,521550,1917975,2439525
8,3000,2633083,373734,3006817
8,3000,475871,847703,1323574
8,3000,2864572,359774,3224346
8,3000,545517,2330338,2875855
8,3000,1738662,259382,1998044
8,3000,2579911,380930,2960841
8,3000,569404,1104277,1673681
8,3000,403423,2385370,2788793
8,3000,2685108,323772,3008880
8,3000,509442,1141429,1650871
8,3000,561504,1944615,2506119
8,3000,2600849,265210,2866059
8,3000,562934,2389783,2952717
8,3000,593582,2585445,3179027
8,3000,2475279,280294,2755573
8,3000,561631,2458077,3019708
8,3000,519040,2059422,2578462
8,3000,616119,2219420,2835539
8,3000,663353,1879433,2542786
8,3000,670751,1991981,2662732
8,3000,561073,2136490,2697563
8,3000,2504993,283132,2788125
8,3000,509001,1654908,2163909
8,3000,532030,2439614,2971644
8,3000,627417,2055884,2683301
8,3000,2432219,377659,2809878
8,3000,593115,2419451,3012566
8,3000,509895,2681035,3190930
8,3000,558167,2228532,2786699
8,3000,462793,2068617,2531410
8,3000,494384,2590628,3085012
8,3000,2555248,230103,2785351
8,3000,478522,2144350,2622872
8,3000,599958,2665798,3265756
8,3000,2833542,409331,3242873
8,3000,2892374,424426,3316800
8,3000,504562,2099316,2603878
8,3000,2854718,281246,3135964
8,3000,1419577,300665,1720242
8,3000,574681,831461,1406142
8,3000,455280,1514856,1970136
8,3000,601102,2110726,2711828
8,3000,1101203,376333,1477536
8,3000,2705864,287086,2992950
8,3000,560731,2491755,3052486
8,3000,2577109,270005,2847114
8,3000,1841383,271933,2113316
8,3000,574437,2430372,3004809
8,4000,2784046,547856,3331902
8,4000,2392117,373301,2765418
8,4000,693447,1864052,2557499
8,4000,2669308,331155,3000463
8,4000,2744509,538267,3282776
8,4000,2596090,281447,2877537
8,4000,1849054,485401,2334455
8,4000,588208,2534843,3123051
8,4000,2913561,425298,3338859
8,4000,2666024,366575,3032599
8,4000,594693,2393147,2987840
8,4000,2696544,456353,3152897
8,4000,2523288,358348,2881636
8,4000,610495,2288528,2899023
8,4000,2816962,346622,3163584
8,4000,2761969,461899,3223868
8,4000,588914,1591909,2180823
8,4000,2857391,413286,3270677
8,4000,2722797,465198,3187995
8,4000,2484107,358187,2842294
8,4000,1682501,391732,2074233
8,4000,2509303,444686,2953989
8,4000,2578186,411027,2989213
8,4000,618557,2240997,2859554
8,4000,613206,2323034,2936240
8,4000,1357375,404606,1761981
8,4000,608128,2313630,2921758
8,4000,659305,445131,1104436
8,4000,2947896,354420,3302316
8,4000,2566936,573273,3140209
8,4000,587737,663631,1251368
8,4000,594198,2319234,2913432
8,4000,1725634,556405,2282039
8,4000,2762988,321804,3084792
8,4000,2967120,569236,3536356
8,4000,2624438,471512,3095950
8,4000,2484815,361056,2845871
8,4000,2685596,391168,3076764
8,4000,2871273,420831,3292104
8,4000,665923,2182057,2847980
8,4000,2552660,525743,3078403
8,4000,2591312,467142,3058454
8,4000,602115,1525014,2127129
8,4000,1969429,504825,2474254
8,4000,950909,542231,1493140
8,4000,2622170,409059,3031229
8,4000,2414971,316138,2731109
8,4000,2346632,370062,2716694
8,4000,842513,425971,1268484
8,4000,2590350,403776,2994126
8,4000,607615,2363084,2970699
8,4000,2747055,368209,3115264
8,4000,1021295,616269,1637564
8,4000,2644046,517647,3161693
8,4000,1760629,321334,2081963
8,4000,654645,2321859,2976504
8,4000,3222077,357252,3579329
8,4000,588624,2444271,3032895
8,4000,914024,345636,1259660
8,4000,2749441,548914,3298355
8,4000,2373088,541696,2914784
8,4000,2537964,443580,2981544
8,4000,3045578,327087,3372665
8,4000,2917958,446513,3364471
8,4000,2463507,432248,2895755
8,4000,2951765,386545,3338310
8,4000,605733,2289946,2895679
8,4000,1795670,354136,2149806
8,4000,2485961,424678,2910639
8,4000,2448294,389135,2837429
8,4000,2680965,400863,3081828
8,4000,2749226,319362,3068588
8,4000,2854307,415281,3269588
8,4000,2344226,419686,2763912
8,4000,2430719,348830,2779549
8,4000,1422414,543976,1966390
8,4000,590611,2446155,3036766
8,4000,2570599,401623,2972222
8,4000,2465462,499772,2965234
8,4000,2828626,448709,3277335
8,4000,2637029,405329,3042358
8,4000,1716424,541069,2257493
8,4000,605469,1354167,1959636
8,4000,588472,2561642,3150114
8,4000,2534420,402557,2936977
8,4000,1989182,362365,2351547
8,4000,2942607,337109,3279716
8,4000,2750622,382928,3133550
8,4000,868105,394624,1262729
8,4000,607629,2367638,2975267
8,4000,601884,2327840,2929724
8,4000,2766882,412836,3179718
8,4000,1453183,456958,1910141
8,4000,3079325,372748,3452073
8,4000,2082781,473176,2555957
8,4000,2830687,388708,3219395
8,4000,2304966,465552,2770518
8,4000,870509,534073,1404582
8,4000,600763,2329009,2929772
8,4000,2533405,401148,2934553
8,4000,2530363,391524,2921887
8,4000,2463930,362778,2826708
8,4000,2737759,427985,3165744
8,4000,587517,1514922,2102439
8,4000,2798540,427685,3226225
8,4000,2363931,398003,2761934
8,4000,2709674,390611,3100285
8,4000,1558558,375680,1934238
8,4000,1868221,420559,2288780
8,4000,1843898,391657,2235555
8,4000,2545149,488372,3033521
8,4000,2631268,489702,3120970
8,4000,2654422,557599,3212021
8,4000,609431,2756875,3366306
8,4000,3060817,416226,3477043
8,5000,1830170,636848,2467018
8,5000,1102721,483796,1586517
8,5000,824308,514305,1338613
8,5000,1603627,570025,2173652
8,5000,987011,430782,1417793
8,5000,1610183,544551,2154734
8,5000,986077,432920,1418997
8,5000,1619113,603523,2222636
8,5000,1132071,474216,1606287
8,5000,2779893,900107,3680000
8,5000,3258776,496404,3755180
8,5000,2855287,510920,3366207
8,5000,2651746,587199,3238945
8,5000,2856775,708818,3565593
8,5000,1232430,550621,1783051
8,5000,1617571,734223,2351794
8,5000,2730023,681091,3411114
8,5000,2180093,718974,2899067
8,5000,1071923,464552,1536475
8,5000,1486162,577068,2063230
8,5000,948175,442886,1391061
8,5000,1357833,409989,1767822
8,5000,1037348,430881,1468229
8,5000,2851009,587640,3438649
8,5000,938139,560522,1498661
8,5000,2621766,494069,3115835
8,5000,2361451,516545,2877996
8,5000,2705331,593237,3298568
8,5000,2067459,444732,2512191
8,5000,2871848,551563,3423411
8,5000,1839611,448664,2288275
8,5000,2528850,467373,2996223
8,5000,2614522,636955,3251477
8,5000,1545274,388301,1933575
8,5000,1673002,524273,2197275
8,5000,1617491,533459,2150950
8,5000,2925026,554004,3479030
8,5000,1636158,455014,2091172
8,5000,896364,503391,1399755
8,5000,2640919,553190,3194109
8,5000,1159551,567165,1726716
8,5000,2893185,497138,3390323
8,5000,2552135,421597,2973732
8,5000,2655927,448560,3104487
8,5000,954426,513744,1468170
8,5000,2709541,483383,3192924
8,5000,1020523,520076,1540599
8,5000,1213028,505803,1718831
8,5000,3070080,518227,3588307
8,5000,859506,490308,1349814
8,5000,2818961,892266,3711227
8,5000,3300604,603076,3903680
8,5000,2654931,500417,3155348
8,5000,1705203,499290,2204493
8,5000,2054557,604814,2659371
8,5000,2756847,451814,3208661
8,5000,959819,453926,1413745
8,5000,2769210,654769,3423979
8,5000,2240017,628074,2868091
8,5000,1065784,578188,1643972
8,5000,1406735,621701,2028436
8,5000,1961043,518047,2479090
8,5000,1058059,701577,1759636
8,5000,1269591,473824,1743415
8,5000,1583131,505800,2088931
8,5000,931861,524774,1456635
8,5000,2683388,504093,3187481
8,5000,2770792,705650,3476442
8,5000,1057237,479628,1536865
8,5000,2582518,520272,3102790
8,5000,1028445,766852,1795297
8,5000,959186,500615,1459801
8,5000,817451,477051,1294502
8,5000,1861770,589302,2451072
8,5000,1708090,403069,2111159
8,5000,2091194,569892,2661086
8,5000,2828320,830732,3659052
8,5000,1643774,506458,2150232
8,5000,1092519,578642,1671161
8,5000,2855909,637070,3492979
8,5000,2837079,728352,3565431
8,5000,2120032,466111,2586143
8,5000,1811079,567695,2378774
8,5000,1477582,434728,1912310
8,5000,947794,456892,1404686
8,5000,1204842,698739,1903581
8,5000,3088305,671368,3759673
8,5000,3313814,800714,4114528
8,5000,1225651,601947,1827598
8,5000,1805518,552448,2357966
8,5000,2718709,628461,3347170
8,5000,1981514,751071,2732585
8,5000,910206,534099,1444305
8,5000,971056,649354,1620410
8,5000,3015639,513110,3528749
8,5000,1022421,513596,1536017
8,5000,2544336,441409,2985745
8,5000,2931181,516082,3447263
8,5000,2591789,582233,3174022
8,5000,2830942,590982,3421924
8,5000,1894125,457174,2351299
8,5000,918442,447660,1366102
8,5000,2690256,689836,3380092
8,5000,1247044,516063,1763107
8,5000,2627048,371241,2998289
8,5000,1073887,477005,1550892
8,5000,2073995,481339,2555334
8,5000,1668287,600677,2268964
8,5000,2601123,537184,3138307
8,5000,996929,633693,1630622
8,5000,3057882,607556,3665438
8,5000,1012355,475987,1488342
8,5000,1654107,637631,2291738
8,5000,2712705,588442,3301147
8,5000,1583442,658317,2241759
8,6000,1141958,512595,1654553
8,6000,1134627,600198,1734825
8,6000,2931380,482726,3414106
8,6000,2727718,543690,3271408
8,6000,1843207,518494,2361701
8,6000,931143,782988,1714131
8,6000,3083951,605469,3689420
8,6000,2858737,663127,3521864
8,6000,1030884,531652,1562536
8,6000,1347417,752674,2100091
8,6000,2883829,701520,3585349
8,6000,3256372,648920,3905292
8,6000,1162476,472549,1635025
8,6000,2779107,735652,3514759
8,6000,2044909,526228,2571137
8,6000,2415799,606618,3022417
8,6000,3209824,540863,3750687
8,6000,1180057,467979,1648036
8,6000,2368462,594512,2962974
8,6000,1969759,723432,2693191
8,6000,1671992,572447,2244439
8,6000,2906830,618194,3525024
8,6000,1195979,574582,1770561
8,6000,3117443,684126,3801569
8,6000,3182226,690155,3872381
8,6000,2709128,670330,3379458
8,6000,1125849,614265,1740114
8,6000,1153315,447138,1600453
8,6000,2580621,536105,3116726
8,6000,1457445,824630,2282075
8,6000,2079949,545114,2625063
8,6000,2259875,578066,2837941
8,6000,2777414,663221,3440635
8,6000,1027528,535840,1563368
8,6000,2400213,568976,2969189
8,6000,2652210,521081,3173291
8,6000,1842393,491357,2333750
8,6000,2011486,673607,2685093
8,6000,1002055,1136390,2138445
8,6000,1044410,562893,1607303
8,6000,1778628,712618,2491246
8,6000,2011894,596343,2608237
8,6000,2117636,745294,2862930
8,6000,2944504,583918,3528422
8,6000,2457789,513819,2971608
8,6000,2119327,526467,2645794
8,6000,2865135,651083,3516218
8,6000,2771914,723422,3495336
8,6000,1040111,455694,1495805
8,6000,2683160,535170,3218330
8,6000,3044672,670067,3714739
8,6000,2704516,714846,3419362
8,6000,2815081,697085,3512166
8,6000,3143020,587287,3730307
8,6000,1668525,833845,2502370
8,6000,1749760,633324,2383084
8,6000,2024519,627756,2652275
8,6000,2641661,908317,3549978
8,6000,3331760,499583,3831343
8,6000,1280727,487774,1768501
8,6000,1425428,655462,2080890
8,6000,1534761,516853,2051614
8,6000,1148562,534065,1682627
8,6000,1588986,659214,2248200
8,6000,2804231,644786,3449017
8,6000,1149452,680053,1829505
8,6000,1656106,670201,2326307
8,6000,2340923,587224,2928147
8,6000,3254403,644570,3898973
8,6000,1590488,570629,2161117
8,6000,2492891,578693,3071584
8,6000,2579946,985560,3565506
8,6000,1433158,550543,1983701
8,6000,1185622,564216,1749838
8,6000,1534692,574307,2108999
8,6000,3068299,679985,3748284
8,6000,2125714,731054,2856768
8,6000,2660341,600180,3260521
8,6000,2227891,681300,2909191
8,6000,1017356,684401,1701757
8,6000,2620872,757416,3378288
8,6000,2074678,620237,2694915
8,6000,3207636,653478,3861114
8,6000,2938218,734939,3673157
8,6000,1038601,785552,1824153
8,6000,1843980,575605,2419585
8,6000,1719840,689506,2409346
8,6000,3052246,576169,3628415
8,6000,3050090,662752,3712842
8,6000,2613962,668331,3282293
8,6000,2201075,519693,2720768
8,6000,1138583,622214,1760797
8,6000,1090160,645496,1735656
8,6000,3049303,507072,3556375
8,6000,1164326,444230,1608556
8,6000,2327096,812058,3139154
8,6000,2598684,537009,3135693
8,6000,1653256,787452,2440708
8,6000,1895732,621757,2517489
8,6000,1647866,650858,2298724
8,6000,1160089,590300,1750389
8,6000,2962597,548605,3511202
8,6000,2759464,906957,3666421
8,6000,979275,562344,1541619
8,6000,2539214,573318,3112532
8,6000,3169381,732384,3901765
8,6000,1426438,546830,1973268
8,6000,1033249,619915,1653164
8,6000,1071236,459726,1530962
8,6000,902366,597759,1500125
8,6000,882095,573607,1455702
8,6000,2749344,661990,3411334
8,6000,1142863,451632,1594495
8,6000,1637199,658217,2295416
8,6000,1135081,637004,1772085
8,7000,2097306,685216,2782522
8,7000,1866464,748600,2615064
8,7000,1114009,720353,1834362
8,7000,2248558,654675,2903233
8,7000,957164,808850,1766014
8,7000,1012946,738294,1751240
8,7000,2583950,762930,3346880
8,7000,2519596,708268,3227864
8,7000,2837863,769242,3607105
8,7000,2629214,742186,3371400
8,7000,2297066,686360,2983426
8,7000,3059508,717672,3777180
8,7000,1896532,682919,2579451
8,7000,1047642,714543,1762185
8,7000,2592656,755212,3347868
8,7000,1396191,631902,2028093
8,7000,2094912,816124,2911036
8,7000,1104736,526159,1630895
8,7000,938294,701146,1639440
8,7000,978697,778610,1757307
8,7000,2587937,777630,3365567
8,7000,1263354,568661,1832015
8,7000,1280078,686500,1966578
8,7000,1731727,671129,2402856
8,7000,2604064,698651,3302715
8,7000,928114,682915,1611029
8,7000,2812592,743432,3556024
8,7000,1070961,693417,1764378
8,7000,2365893,721939,3087832
8,7000,1887943,806163,2694106
8,7000,1057498,848763,1906261
8,7000,1122465,721378,1843843
8,7000,2359316,678052,3037368
8,7000,1076448,739814,1816262
8,7000,2509598,852313,3361911
8,7000,935693,579516,1515209
8,7000,1740335,679505,2419840
8,7000,2244787,556035,2800822
8,7000,1875480,600511,2475991
8,7000,910002,666092,1576094
8,7000,1292480,555370,1847850
8,7000,1161486,679931,1841417
8,7000,2149314,584155,2733469
8,7000,1655539,779397,2434936
8,7000,2763607,668651,3432258
8,7000,1027890,494576,1522466
8,7000,2587347,620553,3207900
8,7000,1221052,541029,1762081
8,7000,2215935,734531,2950466
8,7000,1324845,663392,1988237
8,7000,963230,750357,1713587
8,7000,1594603,867509,2462112
8,7000,985948,574562,1560510
8,7000,1072014,521585,1593599
8,7000,1045853,630743,1676596
8,7000,1125448,840570,1966018
8,7000,2941668,683483,3625151
8,7000,950790,772318,1723108
8,7000,1282008,661734,1943742
8,7000,1712353,674265,2386618
8,7000,1131857,525073,1656930
8,7000,2500461,531793,3032254
8,7000,1121106,691890,1812996
8,7000,2919946,681237,3601183
8,7000,1116439,591339,1707778
8,7000,2807062,849832,3656894
8,7000,2646337,696398,3342735
8,7000,1874851,524998,2399849
8,7000,3083485,550122,3633607
8,7000,1137795,665026,1802821
8,7000,1189581,764274,1953855
8,7000,2128324,941587,3069911
8,7000,1008379,764996,1773375
8,7000,1887254,606964,2494218
8,7000,2085613,660513,2746126
8,7000,2890296,585699,3475995
8,7000,3450362,532721,3983083
8,7000,1312583,584057,1896640
8,7000,1444384,527722,1972106
8,7000,1049142,557282,1606424
8,7000,1992843,729974,2722817
8,7000,1854658,653977,2508635
8,7000,1257471,496479,1753950
8,7000,1036331,587647,1623978
8,7000,845603,713048,1558651
8,7000,1505098,583985,2089083
8,7000,1024337,559302,1583639
8,7000,1016331,767404,1783735
8,7000,1120785,581042,1701827
8,7000,951350,809144,1760494
8,7000,2351683,699788,3051471
8,7000,1034542,681737,1716279
8,7000,2764578,728135,3492713
8,7000,1057508,611044,1668552
8,7000,966107,714018,1680125
8,7000,1075116,804656,1879772
8,7000,1008638,673426,1682064
8,7000,1747150,658687,2405837
8,7000,2166813,553079,2719892
8,7000,2170671,650824,2821495
8,7000,2042169,719575,2761744
8,7000,2692829,682439,3375268
8,7000,1025069,578325,1603394
8,7000,2848672,649189,3497861
8,7000,1741682,565490,2307172
8,7000,1154591,574798,1729389
8,7000,887950,621321,1509271
8,7000,1485389,638310,2123699
8,7000,3105217,712117,3817334
8,7000,1709063,790577,2499640
8,7000,1070630,973162,2043792
8,7000,1095934,859854,1955788
8,7000,1786875,618801,2405676
8,7000,980518,753026,1733544
8,7000,2611078,838172,3449250
8,8000,874341,752280,1626621
8,8000,1792828,782649,2575477
8,8000,2583614,784504,3368118
8,8000,1713761,760634,2474395
8,8000,2785290,761938,3547228
8,8000,1355513,714879,2070392
8,8000,1255004,697972,1952976
8,8000,2558456,836198,3394654
8,8000,2410486,588238,2998724
8,8000,1774854,683591,2458445
8,8000,1118255,588224,1706479
8,8000,1558231,692974,2251205
8,8000,1095412,671761,1767173
8,8000,2396560,620517,3017077
8,8000,1921634,726622,2648256
8,8000,1027609,581102,1608711
8,8000,1111117,689423,1800540
8,8000,1635392,740689,2376081
8,8000,2875454,749222,3624676
8,8000,1029930,794588,1824518
8,8000,2180193,624571,2804764
8,8000,1765481,772128,2537609
8,8000,1280556,683074,1963630
8,8000,1046039,852197,1898236
8,8000,1294695,585080,1879775
8,8000,1067948,554446,1622394
8,8000,1045405,685094,1730499
8,8000,1239326,805102,2044428
8,8000,2781670,735095,3516765
8,8000,1397095,729704,2126799
8,8000,1022227,638328,1660555
8,8000,1492509,780313,2272822
8,8000,1042126,653930,1696056
8,8000,969911,695289,1665200
8,8000,3091987,641197,3733184
8,8000,2359089,889967,3249056
8,8000,1627273,837184,2464457
8,8000,1830741,678256,2508997
8,8000,1194265,740827,1935092
8,8000,1066984,669924,1736908
8,8000,1092957,742742,1835699
8,8000,1002043,653872,1655915
8,8000,2074203,674839,2749042
8,8000,1808399,728095,2536494
8,8000,1102366,578809,1681175
8,8000,1145745,524413,1670158
8,8000,1868524,721886,2590410
8,8000,1412995,948004,2360999
8,8000,2856150,771281,3627431
8,8000,2509079,852323,3361402
8,8000,1245493,664432,1909925
8,8000,1147251,712733,1859984
8,8000,1208667,560364,1769031
8,8000,1119773,695296,1815069
8,8000,1273682,757186,2030868
8,8000,1060692,722118,1782810
8,8000,1763386,596271,2359657
8,8000,879375,716178,1595553
8,8000,998796,618100,1616896
8,8000,1090405,883059,1973464
8,8000,1012344,555178,1567522
8,8000,1398040,971524,2369564
8,8000,2504743,836869,3341612
8,8000,1557681,794269,2351950
8,8000,1046208,634284,1680492
8,8000,1125300,678951,1804251
8,8000,2406871,776250,3183121
8,8000,950531,628284,1578815
8,8000,1971116,763455,2734571
8,8000,1435426,773574,2209000
8,8000,2392131,724101,3116232
8,8000,1186346,771792,1958138
8,8000,1150746,763441,1914187
8,8000,1077335,826120,1903455
8,8000,1698614,776636,2475250
8,8000,1624551,795976,2420527
8,8000,3041702,643586,3685288
8,8000,1110831,691261,1802092
8,8000,1652575,815777,2468352
8,8000,2666416,756754,3423170
8,8000,1169203,585231,1754434
8,8000,1977341,712465,2689806
8,8000,1081013,775296,1856309
8,8000,2454874,791803,3246677
8,8000,1109853,704830,1814683
8,8000,2759317,772999,3532316
8,8000,924019,659942,1583961
8,8000,1121788,720402,1842190
8,8000,1087861,636301,1724162
8,8000,1158550,663974,1822524
8,8000,1251579,642004,1893583
8,8000,2321122,712479,3033601
8,8000,1159986,852387,2012373
8,8000,2293127,841334,3134461
8,8000,989282,582939,1572221
8,8000,2100912,641355,2742267
8,8000,1172547,722611,1895158
8,8000,2572730,727303,3300033
8,8000,2336848,704492,3041340
8,8000,1731688,705657,2437345
8,8000,1808379,690927,2499306
8,8000,1040788,648977,1689765
8,8000,2825372,643447,3468819
8,8000,2143538,662289,2805827
8,8000,2492815,746076,3238891
8,8000,1744499,760545,2505044
8,8000,1701564,762527,2464091
8,8000,1740570,766607,2507177
8,8000,1308341,555239,1863580
8,8000,1923623,682805,2606428
8,8000,2175741,736145,2911886
8,8000,2905986,714766,3620752
8,8000,1641268,652471,2293739
8,8000,1300829,635723,1936552
8,8000,1147459,595258,1742717
8,9000,1215667,786385,2002052
8,9000,971138,896819,1867957
8,9000,1767423,748687,2516110
8,9000,1211795,1027209,2239004
8,9000,1382302,795897,2178199
8,9000,2300902,749953,3050855
8,9000,2068451,719496,2787947
8,9000,3544363,779382,4323745
8,9000,1230845,652393,1883238
8,9000,1955452,752682,2708134
8,9000,1187634,718663,1906297
8,9000,3273005,966718,4239723
8,9000,1187606,637533,1825139
8,9000,1391661,967594,2359255
8,9000,1089943,897553,1987496
8,9000,1295560,639710,1935270
8,9000,1346816,676659,2023475
8,9000,2091447,644506,2735953
8,9000,1098111,813309,1911420
8,9000,3012614,782602,3795216
8,9000,1204229,762817,1967046
8,9000,1046786,823004,1869790
8,9000,1198383,789098,1987481
8,9000,2894747,671219,3565966
8,9000,1181063,757418,1938481
8,9000,1294743,778937,2073680
8,9000,2057753,820642,2878395
8,9000,1108237,732798,1841035
8,9000,1190260,770858,1961118
8,9000,3066147,861674,3927821
8,9000,2691499,868986,3560485
8,9000,2427159,802163,3229322
8,9000,1490857,1240526,2731383
8,9000,2701430,819100,3520530
8,9000,1747176,712907,2460083
8,9000,1716753,788105,2504858
8,9000,3207303,693379,3900682
8,9000,1255358,638460,1893818
8,9000,2784362,740317,3524679
8,9000,2964192,714141,3678333
8,9000,1160657,747614,1908271
8,9000,2360031,815601,3175632
8,9000,1442313,670702,2113015
8,9000,1516883,703802,2220685
8,9000,1885455,871672,2757127
8,9000,1104809,763427,1868236
8,9000,1399540,783185,2182725
8,9000,989575,741099,1730674
8,9000,1252039,751608,2003647
8,9000,2869873,735139,3605012
8,9000,1266176,666031,1932207
8,9000,1595875,903885,2499760
8,9000,1274132,970878,2245010
8,9000,2088581,655094,2743675
8,9000,1454048,776439,2230487
8,9000,1181701,782681,1964382
8,9000,1878246,770801,2649047
8,9000,1344617,713056,2057673
8,9000,1274611,754744,2029355
8,9000,1384520,917009,2301529
8,9000,3524580,778465,4303045
8,9000,1516411,840628,2357039
8,9000,1438735,711030,2149765
8,9000,2421052,839150,3260202
8,9000,1352734,827222,2179956
8,9000,2653405,689245,3342650
8,9000,2813997,1037959,3851956
8,9000,2038970,668973,2707943
8,9000,1048758,771404,1820162
8,9000,1817574,727020,2544594
8,9000,1204392,732592,1936984
8,9000,1186239,830709,2016948
8,9000,1389881,764652,2154533
8,9000,1413442,823403,2236845
8,9000,2753238,681939,3435177
8,9000,1221117,789604,2010721
8,9000,1250651,968704,2219355
8,9000,1121330,743262,1864592
8,9000,1129750,766724,1896474
8,9000,1065460,859515,1924975
8,9000,3395877,861950,4257827
8,9000,1330420,908830,2239250
8,9000,1293502,699839,1993341
8,9000,1386258,881545,2267803
8,9000,3103107,751039,3854146
8,9000,2550214,768657,3318871
8,9000,2751248,709888,3461136
8,9000,2753421,818632,3572053
8,9000,1770087,887551,2657638
8,9000,1203024,625951,1828975
8,9000,1272607,717051,1989658
8,9000,1227008,726815,1953823
8,9000,2204284,911001,3115285
8,9000,2255398,779085,3034483
8,9000,2964325,690686,3655011
8,9000,2617680,666551,3284231
8,9000,1432181,817707,2249888
8,9000,1852151,929812,2781963
8,9000,1055568,899131,1954699
8,9000,1250441,714245,1964686
8,9000,2095526,852330,2947856
8,9000,2242755,936164,3178919
8,9000,1221729,635678,1857407
8,9000,1557608,627930,2185538
8,9000,1169767,964070,2133837
8,9000,1101940,925336,2027276
8,9000,3399849,883275,4283124
8,9000,1212584,635341,1847925
8,9000,1393372,957366,2350738
8,9000,3001707,723330,3725037
8,9000,1106008,848936,1954944
8,9000,1127045,733642,1860687
8,9000,3555606,678543,4234149
8,9000,1026387,833243,1859630
8,9000,1118637,650501,1769138
8,10000,1773869,712297,2486166
8,10000,1281199,773538,2054737
8,10000,1824333,896622,2720955
8,10000,2425333,784220,3209553
8,10000,1563761,979138,2542899
8,10000,2104954,879496,2984450
8,10000,1424796,712335,2137131
8,10000,1302557,747938,2050495
8,10000,1192415,912635,2105050
8,10000,1332271,882386,2214657
8,10000,1199820,866334,2066154
8,10000,1180668,878069,2058737
8,10000,1415031,914797,2329828
8,10000,1311492,847146,2158638
8,10000,1281549,994533,2276082
8,10000,1230395,785811,2016206
8,10000,1238107,868456,2106563
8,10000,1406880,865399,2272279
8,10000,2623786,796337,3420123
8,10000,1883781,939085,2822866
8,10000,1323100,811474,2134574
8,10000,1222969,908372,2131341
8,10000,1248795,715222,1964017
8,10000,1263677,826652,2090329
8,10000,1349271,789062,2138333
8,10000,1733137,744830,2477967
8,10000,2080194,864470,2944664
8,10000,1589171,803460,2392631
8,10000,1829909,941828,2771737
8,10000,1604205,925192,2529397
8,10000,1596773,894062,2490835
8,10000,1582179,967508,2549687
8,10000,1256609,837735,2094344
8,10000,1278386,1005191,2283577
8,10000,1321544,748997,2070541
8,10000,1171025,985519,2156544
8,10000,1248881,824237,2073118
8,10000,1322869,911354,2234223
8,10000,1264692,925062,2189754
8,10000,1242860,932838,2175698
8,10000,1561438,862518,2423956
8,10000,1297432,883246,2180678
8,10000,1604162,918233,2522395
8,10000,3239324,906218,4145542
8,10000,1276302,1011196,2287498
8,10000,1770291,1063114,2833405
8,10000,1381019,887009,2268028
8,10000,1918805,699641,2618446
8,10000,1368416,959888,2328304
8,10000,1306901,794820,2101721
8,10000,1292533,960229,2252762
8,10000,3140186,699167,3839353
8,10000,1266883,919153,2186036
8,10000,1740607,951814,2692421
8,10000,1416024,707476,2123500
8,10000,1543032,779204,2322236
8,10000,1071226,1004935,2076161
8,10000,1221052,938749,2159801
8,10000,1121416,884252,2005668
8,10000,1656954,763871,2420825
8,10000,1387885,879400,2267285
8,10000,2147522,978408,3125930
8,10000,1369622,895438,2265060
8,10000,1740573,879053,2619626
8,10000,2157313,1046754,3204067
8,10000,1943546,815558,2759104
8,10000,1238008,780489,2018497
8,10000,1525154,831756,2356910
8,10000,1254226,878010,2132236
8,10000,1453367,1009261,2462628
8,10000,1082031,868761,1950792
8,10000,1845552,795926,2641478
8,10000,1258459,1051384,2309843
8,10000,1313605,829030,2142635
8,10000,1685790,903149,2588939
8,10000,1443638,837870,2281508
8,10000,1548055,926584,2474639
8,10000,1461305,752032,2213337
8,10000,1265772,884170,2149942
8,10000,3414613,806470,4221083
8,10000,1776362,787293,2563655
8,10000,1895097,726977,2622074
8,10000,1158972,936402,2095374
8,10000,1145689,908747,2054436
8,10000,1115479,794287,1909766
8,10000,2432109,922590,3354699
8,10000,1737664,873589,2611253
8,10000,1493756,876236,2369992
8,10000,1813372,799671,2613043
8,10000,1703914,826856,2530770
8,10000,1405631,763004,2168635
8,10000,1470593,902307,2372900
8,10000,1176628,773077,1949705
8,10000,1109495,944999,2054494
8,10000,1198479,791263,1989742
8,10000,1419962,882146,2302108
8,10000,1184838,854430,2039268
8,10000,1335197,739505,2074702
8,10000,1235724,929096,2164820
8,10000,1282977,858697,2141674
8,10000,1892532,709775,2602307
8,10000,1073086,834086,1907172
8,10000,2011685,942370,2954055
8,10000,1477823,921308,2399131
8,10000,1697208,1002196,2699404
8,10000,1387667,880135,2267802
8,10000,1316422,757751,2074173
8,10000,1497410,801119,2298529
8,10000,2060345,853245,2913590
8,10000,1365381,931350,2296731
8,10000,1906564,723176,2629740
8,10000,1195384,935711,2131095
8,10000,1409620,751814,2161434
8,10000,1535256,796751,2332007
8,10000,1240503,859221,2099724
8,10000,1197244,860129,2057373
8,10000,1455941,906042,2361983
8,10000,2471069,893443,3364512
8,10000,1515228,847253,2362481
8,10000,1657790,928304,2586094
8,10000,2333591,905730,3239321
8,10000,1282376,872037,2154413
8,10000,3032944,863437,3896381
8,10000,1409458,1000622,2410080
8,10000,1370837,685143,2055980
8,10000,1456859,732640,2189499
8,10000,1545896,861425,2407321
8,10000,1228603,724227,1952830
8,10000,2230615,936605,3167220
8,10000,1525937,818481,2344418
8,10000,2201729,764892,2966621
8,10000,1218535,834923,2053458
8,10000,1327028,902673,2229701
8,10000,2301093,785282,3086375
8,10000,1183449,833777,2017226
8,10000,1107678,777530,1885208
8,10000,1336518,682483,2019001
8,10000,1860309,810101,2670410
8,10000,2353416,805464,3158880
8,10000,1443558,816427,2259985
8,10000,1202815,914756,2117571
8,10000,1206886,852122,2059008
8,10000,1284870,694410,1979280
8,10000,1278722,823918,2102640
8,10000,1210771,900776,2111547
8,10000,2116274,1011560,3127834
8,10000,1273130,856688,2129818
8,10000,1311992,858316,2170308
8,10000,2319249,943603,3262852
8,10000,1234117,1110984,2345101
8,10000,1985634,902596,2888230
8,10000,1909496,801996,2711492
8,10000,3299555,907727,4207282
8,10000,1751910,874494,2626404
8,10000,1597805,899744,2497549
8,10000,2288230,787496,3075726
8,10000,1238715,861000,2099715
8,10000,1077890,774822,1852712
8,10000,2219254,973620,3192874
8,10000,2457717,802289,3260006
8,10000,1219455,901510,2120965
8,10000,1186255,869068,2055323
8,10000,1981724,864231,2845955
8,10000,1463906,756250,2220156
8,10000,1181006,1061609,2242615
8,10000,1328416,928438,2256854
8,10000,1240060,875312,2115372
8,10000,1624630,1093288,2717918
8,10000,2547731,841361,3389092
8,10000,1728991,725654,2454645
8,10000,1594042,766125,2360167
8,10000,1368601,797001,2165602
8,10000,1860697,818646,2679343
8,10000,3202271,762854,3965125
8,10000,1237050,1010061,2247111
8,10000,1225304,1029479,2254783
8,10000,1285757,732047,2017804
8,10000,1188212,819435,2007647
8,10000,1509118,836010,2345128
8,10000,1535350,700225,2235575
8,10000,1344032,942848,2286880
8,10000,1482985,867605,2350590
8,10000,1267689,862268,2129957
8,10000,1332909,908127,2241036
8,10000,1264816,847958,2112774
8,10000,1435762,785410,2221172
8,10000,1273145,917560,2190705
8,10000,1429409,690399,2119808
8,10000,1364597,800816,2165413
8,10000,1313569,835790,2149359
8,10000,1459513,888774,2348287
8,10000,1582945,710177,2293122
8,10000,1581331,940158,2521489
8,10000,2023230,702498,2725728
8,10000,3674556,780932,4455488
8,10000,1243300,712002,1955302
8,10000,1554353,735372,2289725
8,10000,2481179,778464,3259643
8,10000,2442336,714259,3156595
8,10000,1818761,806840,2625601
8,10000,1423377,796512,2219889
8,10000,1219767,886861,2106628
8,10000,1276738,676229,1952967
8,10000,1388475,873994,2262469
8,10000,1192722,798980,1991702
8,10000,1170433,843078,2013511
8,10000,2375124,859658,3234782
8,10000,1567115,863439,2430554
8,10000,1651827,788079,2439906
8,10000,1138949,1033964,2172913
8,10000,1356484,741644,2098128
8,10000,1179041,901864,2080905
8,10000,1265063,845514,2110577
8,10000,1566671,924840,2491511
8,10000,1385701,782970,2168671
8,10000,1231658,1032634,2264292
8,10000,1285874,832351,2118225
8,10000,1531596,796544,2328140
8,10000,1648117,893871,2541988
8,10000,1741913,1126268,2868181
8,10000,2059525,994222,3053747
8,10000,1220637,1100941,2321578
8,10000,1202534,926873,2129407
8,10000,1228399,889835,2118234
8,10000,1520434,864337,2384771
8,10000,1231849,975043,2206892
8,10000,1510747,962442,2473189
8,10000,1524983,807310,2332293
8,10000,1801379,849086,2650465
8,10000,1435616,807421,2243037
8,20000,2062583,3804661,5867244
8,20000,2248401,2983915,5232316
8,20000,2012389,2741810,4754199
8,20000,1733476,3405834,5139310
8,20000,1688041,3636066,5324107
8,20000,1844882,3429297,5274179
8,20000,1917739,3308388,5226127
8,20000,2138706,1707238,3845944
8,20000,1810431,3409991,5220422
8,20000,1718036,3430573,5148609
8,20000,1661984,3337448,4999432
8,20000,1800583,3598827,5399410
8,20000,2078938,2747372,4826310
8,20000,1995659,3769275,5764934
8,20000,2345399,3768429,6113828
8,20000,1862588,3736211,5598799
8,20000,1830491,3465743,5296234
8,20000,1967005,3465935,5432940
8,20000,1662457,3315411,4977868
8,20000,2175340,3311829,5487169
8,20000,2259607,3715936,5975543
8,20000,2253386,1902614,4156000
8,20000,1691849,3604812,5296661
8,20000,1785377,3389402,5174779
8,20000,1841616,3727617,5569233
8,20000,2468806,3058721,5527527
8,20000,1941206,3543490,5484696
8,20000,1786218,3506505,5292723
8,20000,1811945,3139437,4951382
8,20000,1544433,3546142,5090575
8,20000,1802298,3382164,5184462
8,20000,2054769,2770389,4825158
8,20000,1792231,3512077,5304308
8,20000,2542231,2764297,5306528
8,20000,1727550,3394374,5121924
8,20000,2087671,2691746,4779417
8,20000,2121048,1491788,3612836
8,20000,1852878,3341048,5193926
8,20000,1816680,1927829,3744509
8,20000,1763313,3609342,5372655
8,20000,1880906,3403917,5284823
8,20000,2171118,3367765,5538883
8,20000,2141942,1869590,4011532
8,20000,1914770,4070651,5985421
8,20000,2154577,2968856,5123433
8,20000,3206387,3378385,6584772
8,20000,2524910,3274758,5799668
8,20000,2009009,3337623,5346632
8,20000,2117789,2903007,5020796
8,20000,1924338,3435733,5360071
8,20000,2079185,2366791,4445976
8,20000,2230558,2784653,5015211
8,20000,1884314,2965610,4849924
8,20000,1641013,3362808,5003821
8,20000,2440063,3293157,5733220
8,20000,2118798,1590415,3709213
8,20000,1749182,2907344,4656526
8,20000,1823396,2807538,4630934
8,20000,1690782,3225557,4916339
8,20000,1959890,2178170,4138060
8,20000,2307320,3314927,5622247
8,20000,2813244,3047025,5860269
8,20000,1920100,3411167,5331267
8,20000,1813636,2273443,4087079
8,20000,1980092,3461990,5442082
8,20000,2597815,2691404,5289219
8,20000,2149255,2240845,4390100
8,20000,2048508,3047146,5095654
8,20000,2257741,3481950,5739691
8,20000,2546207,3254566,5800773
8,20000,1876143,3704717,5580860
8,20000,2240727,2761362,5002089
8,20000,1804386,3093572,4897958
8,20000,1987568,2202143,4189711
8,20000,1820640,2046075,3866715
8,20000,1765588,2373971,4139559
8,20000,1855971,3088746,4944717
8,20000,1806584,3506278,5312862
8,20000,2310828,3642412,5953240
8,20000,1800107,3173958,4974065
8,20000,1982051,2767686,4749737
8,20000,1982808,3623385,5606193
8,20000,2397848,3013911,5411759
8,20000,1821188,3631425,5452613
8,20000,1612514,3484858,5097372
8,20000,2048779,3059681,5108460
8,20000,1897333,3092952,4990285
8,20000,1722166,2083368,3805534
8,20000,1990957,2835122,4826079
8,20000,1764394,3592265,5356659
8,20000,2156661,2868456,5025117
8,20000,2210015,1725747,3935762
8,20000,2127400,2708636,4836036
8,20000,1818759,3420041,5238800
8,20000,1709724,3067261,4776985
8,20000,1740997,3025980,4766977
8,20000,1851117,3382525,5233642
8,20000,2154666,2660486,4815152
8,20000,2153670,3228851,5382521
8,20000,1860985,3116519,4977504
8,20000,2142241,3539678,5681919
8,20000,2418064,3093429,5511493
8,20000,1691978,3209773,4901751
8,20000,1731727,3168965,4900692
8,20000,2189764,3362040,5551804
8,20000,2083133,3492377,5575510
8,20000,1987452,3479710,5467162
8,20000,2164764,3351319,5516083
8,20000,1634190,3334374,4968564
8,20000,2098957,2479915,4578872
8,20000,1881513,2950943,4832456
8,20000,2077086,3589942,5667028
8,20000,1865964,3028759,4894723
8,20000,1785199,2611802,4397001
8,20000,2157033,1634858,3791891
8,30000,3646095,1807824,5453919
8,30000,4921638,2217093,7138731
8,30000,5426083,2208566,7634649
8,30000,5616424,1909587,7526011
8,30000,6152158,2236266,8388424
8,30000,5143607,1898483,7042090
8,30000,5717004,1948385,7665389
8,30000,4646730,1713013,6359743
8,30000,5342424,1963827,7306251
8,30000,4720919,1989521,6710440
8,30000,6058327,2277963,8336290
8,30000,5009062,2227057,7236119
8,30000,5378713,2165511,7544224
8,30000,3569124,2082975,5652099
8,30000,5765410,2075578,7840988
8,30000,4884695,2096028,6980723
8,30000,5445349,2166847,7612196
8,30000,3739294,2126755,5866049
8,30000,5722771,1859565,7582336
8,30000,5080035,2383921,7463956
8,30000,4901120,2962017,7863137
8,30000,4149622,2081614,6231236
8,30000,5962580,1911015,7873595
8,30000,3919254,2008369,5927623
8,30000,5768610,2148523,7917133
8,30000,5790649,1921876,7712525
8,30000,5117202,2134792,7251994
8,30000,5106994,2319039,7426033
8,30000,5006115,1906950,6913065
8,30000,5520799,2061823,7582622
8,30000,5576349,2462967,8039316
8,30000,4766728,2504057,7270785
8,30000,3834391,2196317,6030708
8,30000,3447061,1813386,5260447
8,30000,5481897,2204866,7686763
8,30000,4877832,2112373,6990205
8,30000,4528696,2422041,6950737
8,30000,5222280,1987748,7210028
8,30000,4993451,2540671,7534122
8,30000,4596483,1807109,6403592
8,30000,5748399,1975379,7723778
8,30000,5205614,1892925,7098539
8,30000,5739820,1925748,7665568
8,30000,4077712,2151927,6229639
8,30000,5562153,1981570,7543723
8,30000,4767332,2077108,6844440
8,30000,5112374,2059280,7171654
8,30000,5026485,1876818,6903303
8,30000,4365785,2179511,6545296
8,30000,5860494,2155880,8016374
8,30000,4946606,2041955,6988561
8,30000,5683627,2145430,7829057
8,30000,3291819,2080906,5372725
8,30000,4638381,2066657,6705038
8,30000,4855308,2083640,6938948
8,30000,4005745,1855610,5861355
8,30000,5719170,1993392,7712562
8,30000,5029485,2432540,7462025
8,30000,4975562,2185820,7161382
8,30000,3901821,1920332,5822153
8,30000,2541654,4950253,7491907
8,30000,4856198,2319753,7175951
8,30000,4696416,1825608,6522024
8,30000,4383070,1970786,6353856
8,30000,4750235,2110030,6860265
8,30000,5985746,2016667,8002413
8,30000,4984967,2022554,7007521
8,30000,5855568,2083563,7939131
8,30000,4114525,1967905,6082430
8,30000,4710315,2227005,6937320
8,30000,5063040,2218148,7281188
8,30000,5139867,2097760,7237627
8,30000,5403881,1924101,7327982
8,30000,4713580,2650119,7363699
8,30000,5165286,2430128,7595414
8,30000,5268030,2386478,7654508
8,30000,5853852,2050369,7904221
8,30000,4000614,1989645,5990259
8,30000,4844498,1839617,6684115
8,30000,4243712,2160672,6404384
8,30000,6661145,2419790,9080935
8,30000,3949811,2070066,6019877
8,30000,4956929,2115845,7072774
8,30000,4148633,1892472,6041105
8,30000,3139773,1953919,5093692
8,30000,5568545,1902846,7471391
8,30000,5576171,1871100,7447271
8,30000,4489354,2026487,6515841
8,30000,4928587,2325798,7254385
8,30000,4174334,2053629,6227963
8,30000,5749990,1931206,7681196
8,30000,4667022,2362032,7029054
8,30000,5868614,1846983,7715597
8,30000,5053015,2340022,7393037
8,30000,4774690,2311810,7086500
8,30000,4635279,2268014,6903293
8,30000,5369518,2060910,7430428
8,30000,4118829,2135641,6254470
8,30000,5090685,1861553,6952238
8,30000,5499490,1868128,7367618
8,30000,5676767,2075083,7751850
8,30000,4892755,1928920,6821675
8,30000,5489782,2093523,7583305
8,30000,3924311,1941438,5865749
8,30000,5249483,1883712,7133195
8,30000,2576548,5010184,7586732
8,30000,4709633,2243261,6952894
8,30000,5763734,2131235,7894969
8,30000,3957994,1834913,5792907
8,30000,4520753,2262412,6783165
8,30000,4214090,1964591,6178681
8,30000,4950739,2278457,7229196
8,30000,4865931,1852317,6718248
8,30000,4325296,1982849,6308145
8,30000,6445412,2200688,8646100
8,40000,5950097,2562379,8512476
8,40000,4312333,2413260,6725593
8,40000,6701201,2535210,9236411
8,40000,6215712,3069930,9285642
8,40000,6141236,2529100,8670336
8,40000,5144768,2699810,7844578
8,40000,7148082,2561875,9709957
8,40000,6192535,2876433,9068968
8,40000,4632696,2526269,7158965
8,40000,6045725,2429511,8475236
8,40000,4913197,3214512,8127709
8,40000,4219973,2601310,6821283
8,40000,5039557,2546380,7585937
8,40000,6727407,2657096,9384503
8,40000,5827502,2593593,8421095
8,40000,6061955,2736215,8798170
8,40000,5859681,2514301,8373982
8,40000,5715334,2630012,8345346
8,40000,6620707,2563223,9183930
8,40000,5618019,2876323,8494342
8,40000,5053359,2688511,7741870
8,40000,5731965,2715961,8447926
8,40000,5016215,2821324,7837539
8,40000,5716562,2377622,8094184
8,40000,6512073,2796315,9308388
8,40000,6675726,2529651,9205377
8,40000,4725748,2573980,7299728
8,40000,4570019,2686416,7256435
8,40000,6258805,2510841,8769646
8,40000,4928312,2825739,7754051
8,40000,5878965,2615578,8494543
8,40000,4182933,2527792,6710725
8,40000,6455854,3005854,9461708
8,40000,5339283,2823171,8162454
8,40000,6668404,2609926,9278330
8,40000,5779839,2506765,8286604
8,40000,5435942,2914190,8350132
8,40000,6812057,2351092,9163149
8,40000,6847686,2763796,9611482
8,40000,5430796,2507498,7938294
8,40000,6882582,2442054,9324636
8,40000,5880584,2402820,8283404
8,40000,5571664,3045019,8616683
8,40000,4863403,2739897,7603300
8,40000,4838203,2806811,7645014
8,40000,6030756,3196495,9227251
8,40000,4826926,2711966,7538892
8,40000,5059851,2641201,7701052
8,40000,6463901,2687825,9151726
8,40000,5268912,2563694,7832606
8,40000,4943032,2554395,7497427
8,40000,3585530,2869346,6454876
8,40000,5206487,2740088,7946575
8,40000,5997248,2498330,8495578
8,40000,6709321,2944359,9653680
8,40000,4762514,2686498,7449012
8,40000,6092990,2540963,8633953
8,40000,3275882,2992376,6268258
8,40000,5150687,2808070,7958757
8,40000,5573503,2652212,8225715
8,40000,5643757,3086873,8730630
8,40000,5850025,2656866,8506891
8,40000,6979166,2531124,9510290
8,40000,6046261,2518922,8565183
8,40000,6752372,2593410,9345782
8,40000,6767043,2449743,9216786
8,40000,5875302,2785135,8660437
8,40000,4437638,2684342,7121980
8,40000,4833097,2348938,7182035
8,40000,6859354,2620230,9479584
8,40000,5831504,3406332,9237836
8,40000,6650779,2519012,9169791
8,40000,6043873,2358342,8402215
8,40000,6062677,2598910,8661587
8,40000,6552927,2675099,9228026
8,40000,5342865,3077528,8420393
8,40000,4854107,2686176,7540283
8,40000,6724104,2622197,9346301
8,40000,6029825,2748979,8778804
8,40000,6002541,2479892,8482433
8,40000,5921311,2718520,8639831
8,40000,4292661,2397745,6690406
8,40000,3254812,2619542,5874354
8,40000,6045920,2409655,8455575
8,40000,5484823,2381944,7866767
8,40000,5541919,2698987,8240906
8,40000,6845925,2606986,9452911
8,40000,4652930,2512784,7165714
8,40000,5599493,2756350,8355843
8,40000,5384761,2632919,8017680
8,40000,5532511,2653821,8186332
8,40000,6185347,2688452,8873799
8,40000,4872543,2785309,7657852
8,40000,6157887,2629375,8787262
8,40000,4321498,2851864,7173362
8,40000,4865195,2716692,7581887
8,40000,5998656,2595628,8594284
8,40000,4928699,2832891,7761590
8,40000,3909517,2671382,6580899
8,40000,6451856,2580461,9032317
8,40000,5320471,2694617,8015088
8,40000,5693830,2919655,8613485
8,40000,6971387,2524568,9495955
8,40000,4361580,2366821,6728401
8,40000,6246012,2389193,8635205
8,40000,7158539,2678403,9836942
8,40000,4267144,2637142,6904286
8,40000,5659681,2620987,8280668
8,40000,4692499,3093369,7785868
8,40000,6470633,2441897,8912530
8,40000,4445833,2686646,7132479
8,40000,4299214,2829200,7128414
8,40000,6341228,2634415,8975643
8,40000,5953228,2474360,8427588
8,40000,5727468,2548842,8276310
8,50000,5212829,3563095,8775924
8,50000,7370942,3051686,10422628
8,50000,7158907,3193526,10352433
8,50000,7619473,3079945,10699418
8,50000,7195390,3371114,10566504
8,50000,6189172,3913320,10102492
8,50000,7136214,3267268,10403482
8,50000,5229660,3061483,8291143
8,50000,6440174,3221703,9661877
8,50000,7892614,3523188,11415802
8,50000,7217488,3041396,10258884
8,50000,8341730,3552586,11894316
8,50000,6602426,3568968,10171394
8,50000,8365708,3233790,11599498
8,50000,5920827,3197885,9118712
8,50000,8137730,3298385,11436115
8,50000,7734260,3097437,10831697
8,50000,7550742,3354046,10904788
8,50000,6090236,3021360,9111596
8,50000,7334065,3299913,10633978
8,50000,7335371,3515086,10850457
8,50000,6013019,3120073,9133092
8,50000,7858872,3143421,11002293
8,50000,5668733,3140992,8809725
8,50000,6627525,3315910,9943435
8,50000,8123570,3368059,11491629
8,50000,7377729,3000335,10378064
8,50000,7673808,3136068,10809876
8,50000,6371096,3368564,9739660
8,50000,7292715,3284633,10577348
8,50000,4308922,3021056,7329978
8,50000,6809145,3294303,10103448
8,50000,5900638,3210880,9111518
8,50000,6767985,3143636,9911621
8,50000,6413740,3138222,9551962
8,50000,7458026,3465445,10923471
8,50000,6595511,3220508,9816019
8,50000,7806948,3462813,11269761
8,50000,8078031,3026968,11104999
8,50000,5609386,3127832,8737218
8,50000,7826276,2938022,10764298
8,50000,7297331,3028462,10325793
8,50000,5826046,3151964,8978010
8,50000,7663109,3302455,10965564
8,50000,5975743,3295080,9270823
8,50000,5754388,3294222,9048610
8,50000,6360005,3123352,9483357
8,50000,7692484,3077538,10770022
8,50000,7731318,3051621,10782939
8,50000,7016974,3153307,10170281
8,50000,7763549,3699546,11463095
8,50000,5382535,3130521,8513056
8,50000,7214632,3227648,10442280
8,50000,6051670,3421103,9472773
8,50000,4356716,3689186,8045902
8,50000,6753643,3543351,10296994
8,50000,6970504,3618179,10588683
8,50000,8074451,3448074,11522525
8,50000,7739392,3189268,10928660
8,50000,5640785,3156991,8797776
8,50000,7459917,3108854,10568771
8,50000,7861076,3316889,11177965
8,50000,6171095,3579813,9750908
8,50000,7590866,3052913,10643779
8,50000,6468815,2998957,9467772
8,50000,7287608,3045263,10332871
8,50000,7011553,3054006,10065559
8,50000,7161128,3528462,10689590
8,50000,7535053,3169098,10704151
8,50000,7719127,3041081,10760208
8,50000,7724511,3319492,11044003
8,50000,7397829,3266703,10664532
8,50000,6847323,3040325,9887648
8,50000,5597046,3195017,8792063
8,50000,6393011,3303125,9696136
8,50000,7339211,2994328,10333539
8,50000,5584996,3205402,8790398
8,50000,6219686,3201416,9421102
8,50000,6989926,3118330,10108256
8,50000,6678023,3108188,9786211
8,50000,7257640,3120866,10378506
8,50000,6017975,3208280,9226255
8,50000,7764544,3205234,10969778
8,50000,9091694,3355970,12447664
8,50000,7281279,3117305,10398584
8,50000,7315827,3395594,10711421
8,50000,7214183,3783060,10997243
8,50000,7299785,3058912,10358697
8,50000,6020780,3447522,9468302
8,50000,6237569,3210933,9448502
8,50000,7779904,3285824,11065728
8,50000,4232922,3233926,7466848
8,50000,6629484,3354066,9983550
8,50000,6191336,3050319,9241655
8,50000,7390370,2912706,10303076
8,50000,5920988,3038005,8958993
8,50000,6013813,3256302,9270115
8,50000,7718253,3125252,10843505
8,50000,5264137,3087714,8351851
8,50000,8166098,2999040,11165138
8,50000,6078095,2970276,9048371
8,50000,7336314,2971788,10308102
8,50000,7717550,3080176,10797726
8,50000,6503197,3397744,9900941
8,50000,7305582,3151020,10456602
8,50000,7512796,2998660,10511456
8,50000,5844153,3343500,9187653
8,50000,6643312,3250243,9893555
8,50000,6864900,3161004,10025904
8,50000,7063273,2850384,9913657
8,50000,7963471,3385592,11349063
8,50000,6125120,3306391,9431511
8,50000,5512061,3034236,8546297
8,50000,8093782,3173216,11266998
8,50000,7562957,3231675,10794632
8,60000,8048264,5277492,13325756
8,60000,6850541,5450064,12300605
8,60000,9777743,5725351,15503094
8,60000,8008821,5875390,13884211
8,60000,8715088,5176601,13891689
8,60000,7684216,6069402,13753618
8,60000,7935019,5767898,13702917
8,60000,5604441,5326980,10931421
8,60000,7324252,6498959,13823211
8,60000,8400748,5334680,13735428
8,60000,8948357,5827102,14775459
8,60000,6300798,5186838,11487636
8,60000,8929659,4967752,13897411
8,60000,8868912,5360643,14229555
8,60000,6633868,6069737,12703605
8,60000,7482545,3773182,11255727
8,60000,8270614,5422785,13693399
8,60000,8033699,5452238,13485937
8,60000,7119222,5972462,13091684
8,60000,9075427,5936993,15012420
8,60000,8344207,5829670,14173877
8,60000,8632407,4967149,13599556
8,60000,7625028,5362361,12987389
8,60000,8490427,5963412,14453839
8,60000,6251320,5262637,11513957
8,60000,7105844,5896942,13002786
8,60000,7312428,5335722,12648150
8,60000,6269033,5921790,12190823
8,60000,8038934,5663253,13702187
8,60000,8364756,5813379,14178135
8,60000,8618621,5057491,13676112
8,60000,9373307,6163631,15536938
8,60000,7938601,5414436,13353037
8,60000,9885600,4924332,14809932
8,60000,8497876,5493602,13991478
8,60000,8579061,5851278,14430339
8,60000,9482970,6006511,15489481
8,60000,7751351,5527509,13278860
8,60000,8554209,5888480,14442689
8,60000,9310020,6293448,15603468
8,60000,8094401,4272904,12367305
8,60000,8381970,6089886,14471856
8,60000,6937480,5760876,12698356
8,60000,8379788,5385177,13764965
8,60000,8346288,5779568,14125856
8,60000,6865678,5414602,12280280
8,60000,7193709,5464189,12657898
8,60000,7109617,6254476,13364093
8,60000,8530725,6049155,14579880
8,60000,8009539,5458663,13468202
8,60000,7917506,5747948,13665454
8,60000,6949519,5800109,12749628
8,60000,6603301,5055029,11658330
8,60000,7906316,5236498,13142814
8,60000,7826209,5421406,13247615
8,60000,7422369,5813127,13235496
8,60000,9443271,6111726,15554997
8,60000,8114134,5219698,13333832
8,60000,7771731,5677273,13449004
8,60000,5198694,5386576,10585270
8,60000,6931712,6104989,13036701
8,60000,8735622,5354541,14090163
8,60000,8389973,3561927,11951900
8,60000,6567357,5805847,12373204
8,60000,6370436,5995254,12365690
8,60000,7427190,5935997,13363187
8,60000,9124878,5011754,14136632
8,60000,8643801,5794259,14438060
8,60000,6575533,5723956,12299489
8,60000,8246517,3535586,11782103
8,60000,8419040,4984823,13403863
8,60000,8392602,5655038,14047640
8,60000,5975646,4029733,10005379
8,60000,8696693,5882739,14579432
8,60000,8842763,5497013,14339776
8,60000,7959234,5418162,13377396
8,60000,8373775,5880064,14253839
8,60000,7124055,5568639,12692694
8,60000,7182095,5139111,12321206
8,60000,8432915,5100597,13533512
8,60000,8849979,6020548,14870527
8,60000,8486625,4936029,13422654
8,60000,8815982,5920386,14736368
8,60000,8326928,5946740,14273668
8,60000,8427417,5796913,14224330
8,60000,7535193,5919101,13454294
8,60000,6881026,5306432,12187458
8,60000,7786258,5334061,13120319
8,60000,7793731,5454877,13248608
8,60000,8384771,5332742,13717513
8,60000,9094348,5956633,15050981
8,60000,8428003,4126200,12554203
8,60000,5322143,6249346,11571489
8,60000,9566436,5981672,15548108
8,60000,7723666,5520430,13244096
8,60000,8312509,5510255,13822764
8,60000,6916438,4368176,11284614
8,60000,8781683,5262545,14044228
8,60000,7406292,5766700,13172992
8,60000,9085913,4988533,14074446
8,60000,6801664,5428793,12230457
8,60000,5399749,5274628,10674377
8,60000,7714001,5337311,13051312
8,60000,7229000,6037405,13266405
8,60000,5336789,5405998,10742787
8,60000,8419252,5906415,14325667
8,60000,7998504,5357601,13356105
8,60000,9326335,5945094,15271429
8,60000,6868002,6279455,13147457
8,60000,9115318,5390670,14505988
8,60000,8768537,5441196,14209733
8,60000,8838722,5978298,14817020
8,60000,7436227,4988534,12424761
8,60000,7174373,6223558,13397931
8,60000,8271059,5352857,13623916
8,70000,8173059,6454877,14627936
8,70000,9289937,5915589,15205526
8,70000,9273241,6738021,16011262
8,70000,8628527,6468001,15096528
8,70000,9490575,6819531,16310106
8,70000,8583443,6583490,15166933
8,70000,9358028,6658475,16016503
8,70000,9843352,6037222,15880574
8,70000,8404680,5828249,14232929
8,70000,10909286,5493239,16402525
8,70000,10413467,7171504,17584971
8,70000,10216751,6407874,16624625
8,70000,6538381,6614947,13153328
8,70000,9996994,6575251,16572245
8,70000,9711940,6619817,16331757
8,70000,10000371,6914428,16914799
8,70000,8301986,5710354,14012340
8,70000,9424595,6582787,16007382
8,70000,8376585,6274123,14650708
8,70000,9478922,6301432,15780354
8,70000,9491139,6699236,16190375
8,70000,8456520,6995776,15452296
8,70000,10857599,6553306,17410905
8,70000,10580284,6638945,17219229
8,70000,10289941,5712533,16002474
8,70000,8373428,6664106,15037534
8,70000,10316945,6557847,16874792
8,70000,7814605,6487049,14301654
8,70000,9634527,6952158,16586685
8,70000,8244455,5778550,14023005
8,70000,10308610,5545327,15853937
8,70000,10886393,6659606,17545999
8,70000,7779084,6249135,14028219
8,70000,7646078,5419506,13065584
8,70000,8768181,6190094,14958275
8,70000,9516178,6761409,16277587
8,70000,8934882,6463777,15398659
8,70000,10261389,6661083,16922472
8,70000,8340486,6162221,14502707
8,70000,9365939,6832352,16198291
8,70000,8683350,6338696,15022046
8,70000,11152240,6054523,17206763
8,70000,10098294,5522885,15621179
8,70000,8648654,5193626,13842280
8,70000,8263024,6670264,14933288
8,70000,9072222,6528196,15600418
8,70000,10809688,5564676,16374364
8,70000,7430394,5791114,13221508
8,70000,9073999,6762692,15836691
8,70000,8738440,6679027,15417467
8,70000,9945590,6547263,16492853
8,70000,11069158,6323451,17392609
8,70000,9534193,5128635,14662828
8,70000,9272030,6692948,15964978
8,70000,9403742,5573108,14976850
8,70000,8408442,6351455,14759897
8,70000,9492186,5803572,15295758
8,70000,7953360,6159306,14112666
8,70000,8426207,6496362,14922569
8,70000,8556911,5582545,14139456
8,70000,8886859,6305579,15192438
8,70000,9154920,6778295,15933215
8,70000,10955032,4836236,15791268
8,70000,9370285,6861259,16231544
8,70000,7503019,5546761,13049780
8,70000,11089561,5970548,17060109
8,70000,8638479,5729432,14367911
8,70000,10520960,6503823,17024783
8,70000,8523689,6603614,15127303
8,70000,8280845,6111652,14392497
8,70000,5799001,6425830,12224831
8,70000,9183423,5794071,14977494
8,70000,9597708,5755135,15352843
8,70000,10563091,4548641,15111732
8,70000,9471871,6783867,16255738
8,70000,10344010,7055186,17399196
8,70000,8037300,5599180,13636480
8,70000,10300953,4713404,15014357
8,70000,8316972,6151164,14468136
8,70000,9986330,6748804,16735134
8,70000,8293467,6875806,15169273
8,70000,7257328,6195886,13453214
8,70000,10442688,5733915,16176603
8,70000,9093928,6732939,15826867
8,70000,9348747,6042861,15391608
8,70000,9830997,6343406,16174403
8,70000,9084023,6463521,15547544
8,70000,8429003,5508712,13937715
8,70000,7395243,6565209,13960452
8,70000,9372287,6815376,16187663
8,70000,8968304,5637783,14606087
8,70000,8944377,6796029,15740406
8,70000,8416413,5629207,14045620
8,70000,9512008,5467045,14979053
8,70000,8243415,6060767,14304182
8,70000,9498890,6793548,16292438
8,70000,9629081,6678456,16307537
8,70000,10020393,6717498,16737891
8,70000,8341919,6103604,14445523
8,70000,9946069,6243989,16190058
8,70000,10224374,5722933,15947307
8,70000,9452011,7094333,16546344
8,70000,9407504,6078639,15486143
8,70000,8179639,7803741,15983380
8,70000,8454594,4860436,13315030
8,70000,7304627,6809598,14114225
8,70000,8401761,6268216,14669977
8,70000,9532400,7126517,16658917
8,70000,8257885,6355527,14613412
8,70000,8546189,6612011,15158200
8,70000,9525210,6688650,16213860
8,70000,9523286,6777700,16300986
8,70000,9528144,7180824,16708968
8,70000,11787995,5963603,17751598
8,70000,10056323,6045447,16101770
8,80000,8520949,7879081,16400030
8,80000,11764601,7461646,19226247
8,80000,9005363,7276992,16282355
8,80000,9655235,6541796,16197031
8,80000,11455015,6431172,17886187
8,80000,11173500,7138001,18311501
8,80000,8963313,7638186,16601499
8,80000,11648284,7314612,18962896
8,80000,6504772,6507080,13011852
8,80000,8708260,8074589,16782849
8,80000,11617320,7110146,18727466
8,80000,9968297,6707102,16675399
8,80000,10378627,7465558,17844185
8,80000,11345520,6520248,17865768
8,80000,11488837,6550560,18039397
8,80000,10874203,6600947,17475150
8,80000,11872019,7023645,18895664
8,80000,6593602,7111633,13705235
8,80000,11456339,7116994,18573333
8,80000,12055854,7233964,19289818
8,80000,8424713,7001616,15426329
8,80000,11527090,7092017,18619107
8,80000,12202257,7248034,19450291
8,80000,10125642,7177931,17303573
8,80000,9485854,6784123,16269977
8,80000,6747913,7076214,13824127
8,80000,12071487,7008811,19080298
8,80000,6822853,7019957,13842810
8,80000,8407090,6630178,15037268
8,80000,10422628,7244345,17666973
8,80000,10260684,6254699,16515383
8,80000,10956194,6300055,17256249
8,80000,5961144,6886665,12847809
8,80000,11885974,7188732,19074706
8,80000,11437410,6645737,18083147
8,80000,9621002,7057133,16678135
8,80000,7511494,6946655,14458149
8,80000,8904371,6455781,15360152
8,80000,10328305,6410401,16738706
8,80000,9785982,7119941,16905923
8,80000,11781811,6172083,17953894
8,80000,10743956,7203596,17947552
8,80000,6078934,6836031,12914965
8,80000,9588287,7218660,16806947
8,80000,6794576,7122830,13917406
8,80000,9495524,7586406,17081930
8,80000,9853301,6900444,16753745
8,80000,10781019,7677731,18458750
8,80000,11427612,6757108,18184720
8,80000,10552667,6980342,17533009
8,80000,9498012,7483165,16981177
8,80000,7752397,7325460,15077857
8,80000,9729495,6978997,16708492
8,80000,6681331,6226725,12908056
8,80000,7693479,6303680,13997159
8,80000,10584231,6449113,17033344
8,80000,9961146,6662894,16624040
8,80000,10565698,7091745,17657443
8,80000,11650649,7408656,19059305
8,80000,11349479,7220012,18569491
8,80000,11393962,7320691,18714653
8,80000,11263053,6364497,17627550
8,80000,10842949,6831576,17674525
8,80000,10839393,7137205,17976598
8,80000,11175406,7351339,18526745
8,80000,10102022,7304538,17406560
8,80000,12177759,6854408,19032167
8,80000,10212619,6627380,16839999
8,80000,12208408,6739360,18947768
8,80000,8432898,6939152,15372050
8,80000,8707116,7421348,16128464
8,80000,10716007,7439108,18155115
8,80000,11248779,7193485,18442264
8,80000,6729930,5902212,12632142
8,80000,12082831,7045048,19127879
8,80000,9096265,5923424,15019689
8,80000,10652702,7122803,17775505
8,80000,6548579,6928493,13477072
8,80000,11392764,7134133,18526897
8,80000,8286428,7164605,15451033
8,80000,11595359,7505251,19100610
8,80000,10800308,7453682,18253990
8,80000,10436241,7423589,17859830
8,80000,9708754,6627505,16336259
8,80000,9031622,7031380,16063002
8,80000,9602486,7089282,16691768
8,80000,6473965,7795013,14268978
8,80000,6614533,7008297,13622830
8,80000,11491838,6434982,17926820
8,80000,9649912,6571158,16221070
8,80000,8608005,7325136,15933141
8,80000,6586049,6733221,13319270
8,80000,11070994,7317706,18388700
8,80000,11643676,7208735,18852411
8,80000,9501634,6856941,16358575
8,80000,11497983,7307777,18805760
8,80000,9576995,7073861,16650856
8,80000,7561270,7358700,14919970
8,80000,10819943,6070212,16890155
8,80000,6964672,6129860,13094532
8,80000,8637468,6920753,15558221
8,80000,8743387,6523982,15267369
8,80000,6416028,6378214,12794242
8,80000,6940572,7220974,14161546
8,80000,11675052,7108155,18783207
8,80000,10313440,7471485,17784925
8,80000,10152009,6795867,16947876
8,80000,6763237,6744040,13507277
8,80000,10718645,7257544,17976189
8,80000,10265428,6325348,16590776
8,80000,8352728,7892727,16245455
8,80000,10578008,6710283,17288291
8,80000,6496225,7325047,13821272
8,80000,8941763,7290085,16231848
8,80000,6629106,6395943,13025049
8,90000,12374792,6653458,19028250
8,90000,11375559,7404079,18779638
8,90000,11954102,6896540,18850642
8,90000,11686820,6899452,18586272
8,90000,12143638,6543969,18687607
8,90000,10756830,7335257,18092087
8,90000,11593388,7693984,19287372
8,90000,7687307,7568747,15256054
8,90000,12964948,7722375,20687323
8,90000,10802686,7461430,18264116
8,90000,12688262,6833622,19521884
8,90000,10917726,7888969,18806695
8,90000,12091673,8305237,20396910
8,90000,13221774,6939715,20161489
8,90000,12925632,7884414,20810046
8,90000,8757663,6496502,15254165
8,90000,12576081,7888666,20464747
8,90000,11339122,6663508,18002630
8,90000,11940758,7957209,19897967
8,90000,12762956,6748562,19511518
8,90000,12822211,6655889,19478100
8,90000,10830578,7442560,18273138
8,90000,7525755,7947775,15473530
8,90000,11887478,6607945,18495423
8,90000,9548264,7004074,16552338
8,90000,10575756,6704305,17280061
8,90000,9644048,7335349,16979397
8,90000,10725494,6443435,17168929
8,90000,11217733,8134886,19352619
8,90000,10830304,6960043,17790347
8,90000,10890758,7713853,18604611
8,90000,11273621,6775779,18049400
8,90000,12485132,6675118,19160250
8,90000,13019673,8037525,21057198
8,90000,10992609,8270812,19263421
8,90000,11811566,6799246,18610812
8,90000,10796311,6945517,17741828
8,90000,7583984,7707343,15291327
8,90000,12706714,6746386,19453100
8,90000,12802310,7833962,20636272
8,90000,12162275,8087782,20250057
8,90000,7493537,7720470,15214007
8,90000,11345415,7124354,18469769
8,90000,8620028,7846525,16466553
8,90000,11628791,6753646,18382437
8,90000,12902565,6724678,19627243
8,90000,11710546,7656856,19367402
8,90000,11364681,6710777,18075458
8,90000,11000360,5690993,16691353
8,90000,12232649,7511210,19743859
8,90000,12951864,6906938,19858802
8,90000,11598082,7600825,19198907
8,90000,9939099,7187915,17127014
8,90000,11911069,6849988,18761057
8,90000,12202939,6598415,18801354
8,90000,11121137,7320938,18442075
8,90000,11526278,7679842,19206120
8,90000,11692834,6928546,18621380
8,90000,8612763,7608681,16221444
8,90000,11505004,7212088,18717092
8,90000,11136291,7591672,18727963
8,90000,12316654,7000604,19317258
8,90000,12806250,8063584,20869834
8,90000,9813993,7438170,17252163
8,90000,12502580,6872823,19375403
8,90000,9336620,7671670,17008290
8,90000,11973091,7477443,19450534
8,90000,11955674,7147255,19102929
8,90000,12606807,6669415,19276222
8,90000,12985914,7829624,20815538
8,90000,11953364,7596534,19549898
8,90000,11681664,6896072,18577736
8,90000,13043903,7621995,20665898
8,90000,11261433,7678755,18940188
8,90000,12539036,6883668,19422704
8,90000,11413811,7642618,19056429
8,90000,11908921,7985415,19894336
8,90000,11761647,8156721,19918368
8,90000,12064514,7666540,19731054
8,90000,11010333,7243491,18253824
8,90000,13305600,7792077,21097677
8,90000,8600963,7806288,16407251
8,90000,10297794,7197296,17495090
8,90000,13303195,7895559,21198754
8,90000,8497666,7912118,16409784
8,90000,11712299,6549249,18261548
8,90000,10933537,7719295,18652832
8,90000,9539089,7426946,16966035
8,90000,7505660,7056175,14561835
8,90000,8910167,7487999,16398166
8,90000,13161328,7593982,20755310
8,90000,12108185,6679728,18787913
8,90000,11097533,7527364,18624897
8,90000,7515833,6938049,14453882
8,90000,10226057,8292957,18519014
8,90000,13055488,6481614,19537102
8,90000,10210658,7262360,17473018
8,90000,11909916,7632181,19542097
8,90000,7371779,7066062,14437841
8,90000,12943832,7822564,20766396
8,90000,11844012,8088112,19932124
8,90000,11645220,7372843,19018063
8,90000,12879576,6628265,19507841
8,90000,12474624,7777804,20252428
8,90000,11828514,6819359,18647873
8,90000,11770723,7788404,19559127
8,90000,10821683,7663863,18485546
8,90000,9549898,7613043,17162941
8,90000,10934994,7627618,18562612
8,90000,12588304,7812299,20400603
8,90000,11502257,6940764,18443021
8,90000,9115402,7004475,16119877
8,90000,10665984,7817999,18483983
8,90000,12654602,7918716,20573318
8,90000,11515453,7685394,19200847
8,100000,8347394,6334229,14681623
8,100000,13983180,7289139,21272319
8,100000,8390634,7646929,16037563
8,100000,13376039,8372108,21748147
8,100000,12074331,7890761,19965092
8,100000,12112715,7886533,19999248
8,100000,11991451,7601935,19593386
8,100000,12770934,7237778,20008712
8,100000,12410033,6875088,19285121
8,100000,12827982,8373764,21201746
8,100000,12778502,8284776,21063278
8,100000,12617378,8307567,20924945
8,100000,12224236,8497512,20721748
8,100000,12612331,7775174,20387505
8,100000,12461303,7753481,20214784
8,100000,13151880,8408858,21560738
8,100000,11133564,7755770,18889334
8,100000,8672812,8353044,17025856
8,100000,11197204,7098635,18295839
8,100000,13327887,8477751,21805638
8,100000,13608507,8112025,21720532
8,100000,8431935,9160054,17591989
8,100000,9611595,8296791,17908386
8,100000,12259695,7203669,19463364
8,100000,8302500,6815710,15118210
8,100000,13989302,8599379,22588681
8,100000,8329090,8335300,16664390
8,100000,8430560,6227569,14658129
8,100000,13778550,7571783,21350333
8,100000,11629004,7744240,19373244
8,100000,13080444,7466382,20546826
8,100000,8419428,7334373,15753801
8,100000,13401727,8167565,21569292
8,100000,14332545,8319200,22651745
8,100000,9598751,8436787,18035538
8,100000,12526952,7600461,20127413
8,100000,13211751,8311098,21522849
8,100000,14528138,8423534,22951672
8,100000,13600297,7426773,21027070
8,100000,14177746,8177580,22355326
8,100000,13001938,8034248,21036186
8,100000,13878925,7459630,21338555
8,100000,12284466,6796205,19080671
8,100000,13090146,7392803,20482949
8,100000,13091704,8391262,21482966
8,100000,12556426,8241010,20797436
8,100000,13432407,6234734,19667141
8,100000,13369389,7220218,20589607
8,100000,8193906,7570753,15764659
8,100000,14461478,7763617,22225095
8,100000,12999308,7182344,20181652
8,100000,12765604,8480740,21246344
8,100000,12074401,8285600,20360001
8,100000,13999975,8434958,22434933
8,100000,11277630,8303561,19581191
8,100000,13099168,8286358,21385526
8,100000,12174738,8982972,21157710
8,100000,8433219,7932839,16366058
8,100000,14174422,8469496,22643918
8,100000,14463924,8189717,22653641
8,100000,10262405,7260210,17522615
8,100000,11290363,8027703,19318066
8,100000,6829324,8251154,15080478
8,100000,8231449,8049904,16281353
8,100000,13892099,7634391,21526490
8,100000,12139696,8280677,20420373
8,100000,11180938,7882533,19063471
8,100000,13330288,8431800,21762088
8,100000,14027703,7351196,21378899
8,100000,13791149,7271506,21062655
8,100000,14083743,8940672,23024415
8,100000,12344011,8550597,20894608
8,100000,11037092,7304739,18341831
8,100000,12105414,8038582,20143996
8,100000,8360570,8307127,16667697
8,100000,13048267,8852999,21901266
8,100000,14209772,7595992,21805764
8,100000,12338408,8579168,20917576
8,100000,12303001,8330549,20633550
8,100000,12883244,8259062,21142306
8,100000,13128458,7114793,20243251
8,100000,12448786,9110016,21558802
8,100000,13061952,8488911,21550863
8,100000,13081580,9088124,22169704
8,100000,13026901,7316180,20343081
8,100000,10128524,7383298,17511822
8,100000,11480713,7831314,19312027
8,100000,12333790,8303715,20637505
8,100000,8267036,7950023,16217059
8,100000,13160142,7531115,20691257
8,100000,14065178,7115443,21180621
8,100000,12132412,9235422,21367834
8,100000,8340539,7463407,15803946
8,100000,13334365,7390130,20724495
8,100000,13532462,8453210,21985672
8,100000,8187561,6338678,14526239
8,100000,12188212,8312397,20500609
8,100000,12173828,7450234,19624062
8,100000,9212210,8480191,17692401
8,100000,8299733,7716540,16016273
8,100000,13074774,8755381,21830155
8,100000,14403420,8207999,22611419
8,100000,12493201,7734206,20227407
8,100000,12701911,8907741,21609652
8,100000,12105135,8866796,20971931
8,100000,13966193,7530610,21496803
8,100000,14161231,8771543,22932774
8,100000,12337891,7292082,19629973
8,100000,13834605,7346235,21180840
8,100000,11987651,8284448,20272099
8,100000,13075484,8709123,21784607
8,100000,12875305,7379739,20255044
8,100000,12149608,7694414,19844022
8,100000,13537562,8509588,22047150
8,100000,12737419,7365575,20102994
8,100000,13882633,8297522,22180155
8,100000,14030477,8608634,22639111
8,100000,12291502,8548207,20839709
8,100000,8380633,8109206,16489839
8,100000,12788557,8349669,21138226
8,100000,14076723,8504025,22580748
8,100000,12653366,7582968,20236334
8,100000,14391777,8343801,22735578
8,100000,12115928,7975288,20091216
8,100000,9544948,8781079,18326027
8,100000,8232230,6235564,14467794
8,100000,13051960,8089949,21141909
8,100000,13783162,8425017,22208179
8,100000,10350019,7205771,17555790
8,100000,12270372,8005696,20276068
8,100000,12203557,8034431,20237988
8,100000,6930397,7328334,14258731
8,100000,11910797,7567912,19478709
8,100000,14219987,8204582,22424569
8,100000,14145193,8572037,22717230
8,100000,8360167,7535881,15896048
8,100000,14015708,7279627,21295335
8,100000,12085565,8795951,20881516
8,100000,10675241,7628299,18303540
8,100000,11468521,6847456,18315977
8,100000,12203314,8114219,20317533
8,100000,12969806,7632842,20602648
8,100000,10523792,8603840,19127632
8,100000,8576187,8066378,16642565
8,100000,13439925,7974313,21414238
8,100000,13433474,8127832,21561306
8,100000,8525948,8465250,16991198
8,100000,12107238,7355547,19462785
8,100000,12948275,8267326,21215601
8,100000,10485857,7769220,18255077
8,100000,14033141,7251777,21284918
8,100000,14208949,8239741,22448690
8,100000,12784305,7720751,20505056
8,100000,8282025,7592354,15874379
8,100000,10994588,7449265,18443853
8,100000,11798002,6730706,18528708
8,100000,13117211,8206895,21324106
8,100000,10840240,8216042,19056282
8,100000,13155790,8676025,21831815
8,100000,13602781,8248599,21851380
8,100000,8535528,8198680,16734208
8,100000,12289406,8099791,20389197
8,100000,13365820,8316905,21682725
8,100000,12016125,7403900,19420025
8,100000,8500632,7886604,16387236
8,100000,12356430,8056113,20412543
8,100000,13028058,8495026,21523084
8,100000,12942605,8511821,21454426
8,100000,14062640,7079768,21142408
8,100000,13828770,8242064,22070834
8,100000,12035096,8237553,20272649
8,100000,14215924,8264571,22480495
8,100000,14479404,7606245,22085649
8,100000,12859975,7940942,20800917
8,100000,14183011,8156995,22340006
8,100000,9459659,8208775,17668434
8,100000,11477881,7725248,19203129
8,100000,9599432,7122525,16721957
8,100000,14247392,8423531,22670923
8,100000,14119064,8739705,22858769
8,100000,12312988,8345672,20658660
8,100000,8201545,6113662,14315207
8,100000,12781541,8469784,21251325
8,100000,13136000,8600807,21736807
8,100000,13522660,7545491,21068151
8,100000,12828778,7646999,20475777
8,100000,14413751,8414826,22828577
8,100000,12316709,8098100,20414809
8,100000,13314356,8425893,21740249
8,100000,13508685,7338609,20847294
8,100000,12997373,8450123,21447496
8,100000,13139702,7440628,20580330
8,100000,12173668,8225787,20399455
8,100000,13404057,8566138,21970195
8,100000,13399309,7625181,21024490
8,100000,12894947,7173446,20068393
8,100000,8199665,9233144,17432809
8,100000,12153442,7657969,19811411
8,100000,10383557,8324213,18707770
8,100000,8373491,8390222,16763713
8,100000,13346434,8751889,22098323
8,100000,11099461,8142367,19241828
8,100000,12222690,7634125,19856815
8,100000,9424794,8424960,17849754
8,100000,13087993,7282659,20370652
8,100000,13635042,8244182,21879224
8,100000,12242613,8534347,20776960
8,100000,12010678,7401465,19412143
8,100000,11513371,7453161,18966532
8,100000,11043696,7887473,18931169
8,100000,13738554,8522832,22261386
8,100000,14043669,8427504,22471173
8,100000,14381114,7344053,21725167
8,100000,11848485,7455870,19304355
8,100000,13978647,7524880,21503527
8,100000,13598849,7380267,20979116
8,100000,12798520,9161574,21960094
8,100000,8382203,7962730,16344933
8,100000,13812146,8768662,22580808
8,100000,13870850,7209119,21079969
8,100000,10956800,7625973,18582773
8,100000,13780288,8629550,22409838
8,100000,13836156,8369636,22205792
8,100000,14278707,7249415,21528122
8,100000,10547192,8425610,18972802
8,100000,14283530,7236265,21519795
8,100000,12093140,7168097,19261237
8,100000,9634666,8184471,17819137
8,100000,10314507,7240051,17554558
8,100000,8372609,8042457,16415066
8,200000,19327594,13929740,33257334
8,200000,17218468,15198755,32417223
8,200000,20556590,14364421,34921011
8,200000,17495686,14181268,31676954
8,200000,18688653,12335346,31023999
8,200000,17426099,12908162,30334261
8,200000,17441465,14159777,31601242
8,200000,16951443,14477344,31428787
8,200000,17436993,14189229,31626222
8,200000,18076902,14551288,32628190
8,200000,18710599,13670423,32381022
8,200000,16981001,15717353,32698354
8,200000,17707211,14219956,31927167
8,200000,17211531,13085645,30297176
8,200000,17246838,13832846,31079684
8,200000,17417177,14619272,32036449
8,200000,17508109,13850737,31358846
8,200000,17579628,14537540,32117168
8,200000,21344592,13669269,35013861
8,200000,16995881,13718713,30714594
8,200000,17387593,14032639,31420232
8,200000,17325088,13332079,30657167
8,200000,17235840,13830924,31066764
8,200000,17607324,13544092,31151416
8,200000,19073489,14379622,33453111
8,200000,18945704,14055026,33000730
8,200000,17312553,14733440,32045993
8,200000,18996800,14250534,33247334
8,200000,17586892,13673627,31260519
8,200000,21043197,14293096,35336293
8,200000,17455954,13750475,31206429
8,200000,17109549,13948055,31057604
8,200000,17361311,14079479,31440790
8,200000,17065411,14347194,31412605
8,200000,16923109,13137079,30060188
8,200000,17574805,14423927,31998732
8,200000,17553168,13823767,31376935
8,200000,19717300,15579999,35297299
8,200000,17681181,14215334,31896515
8,200000,17491625,14661539,32153164
8,200000,18887256,13289283,32176539
8,200000,17389810,14878688,32268498
8,200000,17415430,14596922,32012352
8,200000,17619744,12960966,30580710
8,200000,17249827,13864537,31114364
8,200000,17502199,13779591,31281790
8,200000,21013994,13754933,34768927
8,200000,17498027,14369325,31867352
8,200000,17475349,12687589,30162938
8,200000,17269443,13599262,30868705
8,200000,19322158,13215349,32537507
8,200000,17396372,13372431,30768803
8,200000,17419090,14233322,31652412
8,200000,17299524,14110877,31410401
8,200000,17382667,14049446,31432113
8,200000,17623820,14396689,32020509
8,200000,17057875,14127297,31185172
8,200000,17241730,14205471,31447201
8,200000,19378699,14334308,33713007
8,200000,17059471,13103840,30163311
8,200000,19068967,13102286,32171253
8,200000,17315078,12829337,30144415
8,200000,17333725,14430750,31764475
8,200000,17249446,13867225,31116671
8,200000,17546225,13857214,31403439
8,200000,17208316,14203614,31411930
8,200000,17297399,13643361,30940760
8,200000,17072668,13167245,30239913
8,200000,17321330,14075827,31397157
8,200000,17083845,13855454,30939299
8,200000,17383312,14073418,31456730
8,200000,19056254,13824445,32880699
8,200000,20594615,13750816,34345431
8,200000,17228752,12843656,30072408
8,200000,17524130,13519331,31043461
8,200000,17370837,13772412,31143249
8,200000,18120952,13664566,31785518
8,200000,17326143,13726041,31052184
8,200000,19598566,12169967,31768533
8,200000,17404842,14108935,31513777
8,200000,18996515,13268118,32264633
8,200000,17566450,13706783,31273233
8,200000,17392094,14100860,31492954
8,200000,17250763,13807564,31058327
8,200000,18676350,14162510,32838860
8,200000,17355770,12710995,30066765
8,200000,17319231,13655784,30975015
8,200000,18909142,15003122,33912264
8,200000,17204341,14171697,31376038
8,200000,17130650,14022292,31152942
8,200000,19234846,14225312,33460158
8,200000,17563257,14088062,31651319
8,200000,19695727,14835907,34531634
8,200000,17470391,13347088,30817479
8,200000,17486552,14014837,31501389
8,200000,17352226,14307900,31660126
8,200000,17453808,13236881,30690689
8,200000,17786674,14624826,32411500
8,200000,19321859,14193904,33515763
8,200000,17314064,13721179,31035243
8,200000,17647956,12505194,30153150
8,200000,17243128,13611973,30855101
8,200000,17044267,14969570,32013837
8,200000,18102455,15313490,33415945
8,200000,19058991,14034370,33093361
8,200000,17295773,14881010,32176783
8,200000,17251722,12831092,30082814
8,200000,17234249,14362739,31596988
8,200000,17378441,14206881,31585322
8,200000,18725525,13778930,32504455
8,200000,19295251,13813013,33108264
8,200000,17677357,13743158,31420515
8,200000,17369769,14354676,31724445
8,200000,16981283,13883409,30864692
8,200000,18720183,15783940,34504123
8,300000,26549710,20605048,47154758
8,300000,26721397,19912273,46633670
8,300000,26654658,19973456,46628114
8,300000,27474942,19325277,46800219
8,300000,26413917,20084711,46498628
8,300000,27683252,19669466,47352718
8,300000,26720952,22330778,49051730
8,300000,26528993,20942413,47471406
8,300000,26430064,19530588,45960652
8,300000,26545582,18144745,44690327
8,300000,26588624,20371257,46959881
8,300000,27956406,19873764,47830170
8,300000,26997244,17489449,44486693
8,300000,28582891,19463580,48046471
8,300000,26940527,19879934,46820461
8,300000,26434647,20121646,46556293
8,300000,27115074,18151837,45266911
8,300000,29016964,20263524,49280488
8,300000,26154596,19202350,45356946
8,300000,28189560,20691691,48881251
8,300000,26682956,19818477,46501433
8,300000,26835911,19863177,46699088
8,300000,26400719,20185091,46585810
8,300000,26525948,20799639,47325587
8,300000,26633322,19375929,46009251
8,300000,28217618,19678660,47896278
8,300000,26680212,19268252,45948464
8,300000,28113044,20602240,48715284
8,300000,28204966,20367838,48572804
8,300000,26991108,19584839,46575947
8,300000,27003028,20036993,47040021
8,300000,26943309,20404076,47347385
8,300000,26716663,19843967,46560630
8,300000,27996894,19674538,47671432
8,300000,27117009,19755921,46872930
8,300000,26399287,17519376,43918663
8,300000,26449121,19863691,46312812
8,300000,26963988,20039717,47003705
8,300000,26714787,19651773,46366560
8,300000,26400742,19798637,46199379
8,300000,26770225,20303288,47073513
8,300000,26732669,20323814,47056483
8,300000,28277993,20197888,48475881
8,300000,26615361,19690187,46305548
8,300000,27096548,17962399,45058947
8,300000,26701546,19560079,46261625
8,300000,28914955,20331015,49245970
8,300000,26475414,20170054,46645468
8,300000,26538234,19426526,45964760
8,300000,26553381,19851448,46404829
8,300000,28578400,19599746,48178146
8,300000,26701318,19980010,46681328
8,300000,27026216,19759433,46785649
8,300000,26483308,19460915,45944223
8,300000,26237399,20235176,46472575
8,300000,27844364,20391633,48235997
8,300000,26462427,19895641,46358068
8,300000,27606626,20091094,47697720
8,300000,27017670,19534751,46552421
8,300000,26671589,19772423,46444012
8,300000,26320241,19792119,46112360
8,300000,26693555,19170026,45863581
8,300000,27412324,20342847,47755171
8,300000,28581759,19924085,48505844
8,300000,28353781,19095572,47449353
8,300000,26972130,19099541,46071671
8,300000,26810245,20409482,47219727
8,300000,26811494,19356080,46167574
8,300000,27146943,19977491,47124434
8,300000,26570245,19733302,46303547
8,300000,27309569,20545245,47854814
8,300000,28149192,19883585,48032777
8,300000,26624217,19736934,46361151
8,300000,28066378,20067210,48133588
8,300000,26938202,19019175,45957377
8,300000,28055075,20826583,48881658
8,300000,26660081,19501544,46161625
8,300000,26903604,19538884,46442488
8,300000,26324451,19836695,46161146
8,300000,28772005,19375980,48147985
8,300000,26414900,19800694,46215594
8,300000,26564595,19852292,46416887
8,300000,28075706,19804600,47880306
8,300000,26297875,20051492,46349367
8,300000,28156173,20639699,48795872
8,300000,26340974,22453865,48794839
8,300000,26978294,19182503,46160797
8,300000,26360167,20038652,46398819
8,300000,16043649,18777852,34821501
8,300000,28468395,19476373,47944768
8,300000,27132814,19694471,46827285
8,300000,26618366,19871965,46490331
8,300000,26590965,18312537,44903502
8,300000,26238746,19991841,46230587
8,300000,26509397,19574046,46083443
8,300000,26608160,19117853,45726013
8,300000,26372182,19678440,46050622
8,300000,26686248,19787668,46473916
8,300000,26524016,19948520,46472536
8,300000,26929175,19748323,46677498
8,300000,29165747,21086517,50252264
8,300000,28139886,20472618,48612504
8,300000,27270416,20255992,47526408
8,300000,26522214,19933428,46455642
8,300000,28645155,19110773,47755928
8,300000,26974468,20111876,47086344
8,300000,26682248,19025627,45707875
8,300000,27624250,20501620,48125870
8,300000,26520484,19818607,46339091
8,300000,26906467,19034565,45941032
8,300000,26940920,19502199,46443119
8,300000,27015469,19271126,46286595
8,300000,26539605,19816952,46356557
8,300000,26643121,18467221,45110342
8,300000,26932602,19629662,46562264
8,400000,37455956,25970790,63426746
8,400000,37428908,27344027,64772935
8,400000,37587228,27015755,64602983
8,400000,38168673,25161388,63330061
8,400000,37426919,25844810,63271729
8,400000,37859921,26416938,64276859
8,400000,36305860,26246086,62551946
8,400000,36495244,26378531,62873775
8,400000,36806800,25864555,62671355
8,400000,37992068,26170953,64163021
8,400000,37624955,26194542,63819497
8,400000,36604950,25625833,62230783
8,400000,38058815,26791642,64850457
8,400000,36112386,26199192,62311578
8,400000,37510657,26296694,63807351
8,400000,40156072,25630108,65786180
8,400000,36629201,26444463,63073664
8,400000,36196412,25515711,61712123
8,400000,36778509,26117282,62895791
8,400000,38857852,25908787,64766639
8,400000,37176799,26277264,63454063
8,400000,37409266,25706103,63115369
8,400000,36484622,26679996,63164618
8,400000,38179896,26072041,64251937
8,400000,36372475,25725902,62098377
8,400000,37717292,26299227,64016519
8,400000,37208095,26467376,63675471
8,400000,36867746,26921347,63789093
8,400000,37728771,25783789,63512560
8,400000,37116830,26474740,63591570
8,400000,38495344,25933905,64429249
8,400000,36504184,25364883,61869067
8,400000,36564792,26451872,63016664
8,400000,36484872,25390002,61874874
8,400000,35819523,26386556,62206079
8,400000,37621804,26489449,64111253
8,400000,38168334,27287793,65456127
8,400000,36299006,25766626,62065632
8,400000,36071535,25296562,61368097
8,400000,37257350,26383872,63641222
8,400000,36153041,25930440,62083481
8,400000,37468142,25297984,62766126
8,400000,37342848,23162748,60505596
8,400000,36399163,26304722,62703885
8,400000,36326485,25929174,62255659
8,400000,35829149,26502764,62331913
8,400000,37035028,26601302,63636330
8,400000,36727400,25571930,62299330
8,400000,36290757,26079750,62370507
8,400000,36441567,25396101,61837668
8,400000,36500396,26097652,62598048
8,400000,38482603,25555680,64038283
8,400000,38178708,26636711,64815419
8,400000,37410254,25803766,63214020
8,400000,36435130,26575742,63010872
8,400000,38201117,25606609,63807726
8,400000,36744540,25572072,62316612
8,400000,36584451,25887287,62471738
8,400000,37887482,27009780,64897262
8,400000,38069028,25301394,63370422
8,400000,37297296,25501569,62798865
8,400000,37296603,26292669,63589272
8,400000,36687693,26387894,63075587
8,400000,36763378,26583511,63346889
8,400000,36216494,26098316,62314810
8,400000,37021281,27160621,64181902
8,400000,36623507,26213726,62837233
8,400000,36699882,25277592,61977474
8,400000,36371280,24933616,61304896
8,400000,36599575,26476944,63076519
8,400000,36822696,26105231,62927927
8,400000,38446892,25034284,63481176
8,400000,36870780,26607721,63478501
8,400000,36258625,26103225,62361850
8,400000,36290960,26263455,62554415
8,400000,36977336,24940554,61917890
8,400000,38380019,25997119,64377138
8,400000,37344988,27714858,65059846
8,400000,38404112,25136025,63540137
8,400000,35971840,25007898,60979738
8,400000,37263294,25901437,63164731
8,400000,36312547,26040228,62352775
8,400000,38657724,25732736,64390460
8,400000,36885894,26471999,63357893
8,400000,38288567,25222893,63511460
8,400000,36458101,25331341,61789442
8,400000,36316405,25780898,62097303
8,400000,37997976,25790886,63788862
8,400000,38167063,26729337,64896400
8,400000,35883136,26487382,62370518
8,400000,37738184,26277547,64015731
8,400000,39116045,26621321,65737366
8,400000,37730227,26118092,63848319
8,400000,37628334,26071154,63699488
8,400000,37477091,24349458,61826549
8,400000,36680065,25903211,62583276
8,400000,37791685,25569913,63361598
8,400000,37582420,25083820,62666240
8,400000,37045465,26079055,63124520
8,400000,36169830,26072266,62242096
8,400000,36887965,25981913,62869878
8,400000,36284305,26435721,62720026
8,400000,36867133,26104176,62971309
8,400000,36740660,25734688,62475348
8,400000,36547870,26275937,62823807
8,400000,36344300,26346411,62690711
8,400000,36465873,26530512,62996385
8,400000,38132349,26239556,64371905
8,400000,36900628,26159913,63060541
8,400000,38778600,26092459,64871059
8,400000,36352310,26118828,62471138
8,400000,36886162,25642483,62528645
8,400000,37035287,26185025,63220312
8,400000,36197340,25748382,61945722
8,400000,36496065,26341035,62837100
8,500000,27078183,31127870,58206053
8,500000,46631884,32987585,79619469
8,500000,47775794,32493308,80269102
8,500000,46725435,33016103,79741538
8,500000,46421232,32274766,78695998
8,500000,47244100,32726053,79970153
8,500000,45770365,31945816,77716181
8,500000,45537911,31485551,77023462
8,500000,26609479,31304177,57913656
8,500000,46745611,31222526,77968137
8,500000,28777043,31737915,60514958
8,500000,48452919,32423599,80876518
8,500000,47064404,31687526,78751930
8,500000,52032655,34482036,86514691
8,500000,46865276,31544778,78410054
8,500000,47073337,33532678,80606015
8,500000,46354759,32248196,78602955
8,500000,46039762,32201781,78241543
8,500000,46162538,31740082,77902620
8,500000,45946342,31295828,77242170
8,500000,46545472,32149294,78694766
8,500000,46945235,33055759,80000994
8,500000,47382759,32323724,79706483
8,500000,26576396,32287533,58863929
8,500000,46525260,31651004,78176264
8,500000,46461465,29561291,76022756
8,500000,45968151,31307130,77275281
8,500000,46953780,32194434,79148214
8,500000,46006856,32417180,78424036
8,500000,46697859,31118609,77816468
8,500000,46795153,31563799,78358952
8,500000,47656012,29520804,77176816
8,500000,46067553,31992491,78060044
8,500000,46724191,31628188,78352379
8,500000,46829662,31737952,78567614
8,500000,46781356,32025711,78807067
8,500000,47675528,31813729,79489257
8,500000,46300298,31621116,77921414
8,500000,26328564,31667072,57995636
8,500000,46971563,31598821,78570384
8,500000,47274041,32461582,79735623
8,500000,47203182,31388418,78591600
8,500000,45643125,31670781,77313906
8,500000,47991251,31951867,79943118
8,500000,46836020,31271513,78107533
8,500000,26565078,31685737,58250815
8,500000,48023240,31632880,79656120
8,500000,46014456,31926235,77940691
8,500000,47389703,31775644,79165347
8,500000,46575366,32171461,78746827
8,500000,46559658,31644158,78203816
8,500000,46981015,32004860,78985875
8,500000,46709860,32291372,79001232
8,500000,45947541,32135853,78083394
8,500000,46533812,31688149,78221961
8,500000,47937492,31189108,79126600
8,500000,47764219,32469309,80233528
8,500000,45560582,31570674,77131256
8,500000,47131935,32722226,79854161
8,500000,46124953,31498750,77623703
8,500000,46122362,32541484,78663846
8,500000,45743707,32218323,77962030
8,500000,46973789,31578321,78552110
8,500000,46761219,31925285,78686504
8,500000,46124293,31681083,77805376
8,500000,46920621,31677849,78598470
8,500000,46789792,31620806,78410598
8,500000,46834818,31395942,78230760
8,500000,45967938,35412792,81380730
8,500000,47432416,31472998,78905414
8,500000,46123441,30961012,77084453
8,500000,46506572,32282958,78789530
8,500000,45953851,31739383,77693234
8,500000,47135009,31735692,78870701
8,500000,46535695,31260855,77796550
8,500000,46831435,30207142,77038577
8,500000,46044889,31822118,77867007
8,500000,46622614,32301265,78923879
8,500000,47252534,31305314,78557848
8,500000,47418546,32490701,79909247
8,500000,48268543,32362866,80631409
8,500000,45928667,30510234,76438901
8,500000,48396499,32257279,80653778
8,500000,47353670,32277352,79631022
8,500000,46697452,31524545,78221997
8,500000,46867363,32504818,79372181
8,500000,47778895,31278788,79057683
8,500000,46920540,32519861,79440401
8,500000,46882343,32531188,79413531
8,500000,47090977,31740250,78831227
8,500000,46236854,32737634,78974488
8,500000,47389825,31766737,79156562
8,500000,27407440,31807649,59215089
8,500000,45882928,31186138,77069066
8,500000,46144145,32484008,78628153
8,500000,46266808,30831696,77098504
8,500000,46717955,31779105,78497060
8,500000,46705071,32047475,78752546
8,500000,46246953,32331744,78578697
8,500000,46552867,31675241,78228108
8,500000,48534247,35528406,84062653
8,500000,46451273,32553362,79004635
8,500000,46015010,31693930,77708940
8,500000,46731992,31766707,78498699
8,500000,45618207,31644376,77262583
8,500000,46625344,31643685,78269029
8,500000,46770381,31784653,78555034
8,500000,46962915,31974236,78937151
8,500000,46430170,31557816,77987986
8,500000,46151286,32195978,78347264
8,500000,47978955,32807223,80786178
8,500000,47939496,31207445,79146941
8,500000,46067545,32125453,78192998
8,500000,45803277,29062562,74865839
8,500000,45904180,31930287,77834467
8,600000,34355988,42040805,76396793
8,600000,56430222,37996013,94426235
8,600000,33026243,37862492,70888735
8,600000,57283818,38367780,95651598
8,600000,33311682,38097664,71409346
8,600000,57194528,38956376,96150904
8,600000,57011550,37737019,94748569
8,600000,56248744,38235724,94484468
8,600000,32149220,37818146,69967366
8,600000,56633827,37811823,94445650
8,600000,56482616,36746832,93229448
8,600000,32115479,38661920,70777399
8,600000,58805260,35765969,94571229
8,600000,56892213,38007944,94900157
8,600000,57760186,37246870,95007056
8,600000,59341609,38130683,97472292
8,600000,33434473,37643082,71077555
8,600000,56188328,38259261,94447589
8,600000,57010983,37828929,94839912
8,600000,55891666,37544649,93436315
8,600000,58625126,37508399,96133525
8,600000,56915721,37745606,94661327
8,600000,55734333,38096206,93830539
8,600000,56602621,38452343,95054964
8,600000,56951942,38311108,95263050
8,600000,56893476,38166544,95060020
8,600000,56980614,37318554,94299168
8,600000,57133303,36699713,93833016
8,600000,57048274,37947685,94995959
8,600000,57588151,37279138,94867289
8,600000,34120973,37865632,71986605
8,600000,33365627,38064298,71429925
8,600000,33313202,38371898,71685100
8,600000,57829699,38244201,96073900
8,600000,32957472,38131722,71089194
8,600000,57143379,38039741,95183120
8,600000,56915854,38556760,95472614
8,600000,56765252,37781996,94547248
8,600000,32605337,38351679,70957016
8,600000,56789356,38611201,95400557
8,600000,32510232,37720110,70230342
8,600000,56345352,37979827,94325179
8,600000,57127439,34999630,92127069
8,600000,33029167,42241972,75271139
8,600000,57107785,37760606,94868391
8,600000,33795629,35530189,69325818
8,600000,57041164,38533299,95574463
8,600000,56743462,38258255,95001717
8,600000,56560931,37944660,94505591
8,600000,32928398,38061038,70989436
8,600000,32503212,38228060,70731272
8,600000,56989241,38420519,95409760
8,600000,33819969,38171659,71991628
8,600000,31865478,37558494,69423972
8,600000,56639391,38063726,94703117
8,600000,58256474,38050582,96307056
8,600000,57170107,38042371,95212478
8,600000,33131830,42588475,75720305
8,600000,33353133,37848371,71201504
8,600000,32690690,40661013,73351703
8,600000,57568876,37990934,95559810
8,600000,57067935,36834314,93902249
8,600000,56318453,37166291,93484744
8,600000,57570843,37074410,94645253
8,600000,33038297,38303143,71341440
8,600000,59454558,38421530,97876088
8,600000,57440381,39220135,96660516
8,600000,32605205,40655160,73260365
8,600000,33571116,36510358,70081474
8,600000,56240266,37121475,93361741
8,600000,57358178,37533776,94891954
8,600000,57046514,42144731,99191245
8,600000,58477519,38479305,96956824
8,600000,32441986,37514058,69956044
8,600000,58145041,38188083,96333124
8,600000,56470782,38353040,94823822
8,600000,33896978,42609210,76506188
8,600000,57597765,37696064,95293829
8,600000,56984774,38340054,95324828
8,600000,56981176,38006158,94987334
8,600000,55553446,38224307,93777753
8,600000,32209401,37586391,69795792
8,600000,34252254,38598576,72850830
8,600000,32587375,38474454,71061829
8,600000,34278497,37731094,72009591
8,600000,32676646,37756376,70433022
8,600000,56332492,38389911,94722403
8,600000,56104829,38416737,94521566
8,600000,57824420,41440584,99265004
8,600000,57569748,38204016,95773764
8,600000,57543223,37856574,95399797
8,600000,33266477,35129842,68396319
8,600000,31853238,37942371,69795609
8,600000,57957403,38008723,95966126
8,600000,56687977,38190172,94878149
8,600000,56222719,37692960,93915679
8,600000,56309902,37866367,94176269
8,600000,56512484,37321755,93834239
8,600000,56234251,38130798,94365049
8,600000,57427394,37874498,95301892
8,600000,56915864,37914850,94830714
8,600000,31875467,38005451,69880918
8,600000,57067653,38022827,95090480
8,600000,56297809,37970413,94268222
8,600000,56177482,37666115,93843597
8,600000,32939401,37225855,70165256
8,600000,34512271,38765808,73278079
8,600000,58011263,37925838,95937101
8,600000,56943648,38509454,95453102
8,600000,33618748,38618870,72237618
8,600000,55433712,37677980,93111692
8,600000,56671266,38122914,94794180
8,600000,57684912,38585961,96270873
8,600000,33350944,37701437,71052381
8,600000,33424004,38125216,71549220
8,700000,67135773,44927674,112063447
8,700000,66586027,43361553,109947580
8,700000,66592141,42539858,109131999
8,700000,66735672,43587713,110323385
8,700000,67136497,43652545,110789042
8,700000,67105951,44112770,111218721
8,700000,67261974,43537422,110799396
8,700000,66809483,44196770,111006253
8,700000,69541682,43868311,113409993
8,700000,37869813,43790363,81660176
8,700000,67429114,43688211,111117325
8,700000,67653213,44275123,111928336
8,700000,68627770,43134846,111762616
8,700000,66652300,43713595,110365895
8,700000,38209590,43027847,81237437
8,700000,38766775,44209262,82976037
8,700000,66570572,43580846,110151418
8,700000,66759060,43820665,110579725
8,700000,66126003,44199939,110325942
8,700000,38670423,48408745,87079168
8,700000,38872555,49174673,88047228
8,700000,38211652,43960389,82172041
8,700000,66977029,43198003,110175032
8,700000,66722203,43769953,110492156
8,700000,38586801,44102726,82689527
8,700000,37722136,43251871,80974007
8,700000,68382369,43152577,111534946
8,700000,66768478,44257263,111025741
8,700000,37254760,43351661,80606421
8,700000,67604700,43831624,111436324
8,700000,66926027,43603111,110529138
8,700000,39278888,49925694,89204582
8,700000,66881106,43350959,110232065
8,700000,66647726,43538875,110186601
8,700000,67092733,43723607,110816340
8,700000,67018567,43016158,110034725
8,700000,68244094,43992607,112236701
8,700000,67962563,43782912,111745475
8,700000,38992889,49272495,88265384
8,700000,39259734,43747219,83006953
8,700000,66761598,43686794,110448392
8,700000,67423476,44032052,111455528
8,700000,38115880,40988134,79104014
8,700000,68602476,43881290,112483766
8,700000,70331847,44184519,114516366
8,700000,39495395,48588280,88083675
8,700000,40091409,48781494,88872903
8,700000,68392258,40720804,109113062
8,700000,38306901,43910701,82217602
8,700000,67319524,44263081,111582605
8,700000,70159911,44503295,114663206
8,700000,38666553,43770019,82436572
8,700000,38098808,44180262,82279070
8,700000,66550576,43483241,110033817
8,700000,66925325,43353051,110278376
8,700000,40041974,43648745,83690719
8,700000,67628702,44634701,112263403
8,700000,66186832,43658041,109844873
8,700000,38776619,47789589,86566208
8,700000,66926788,43136570,110063358
8,700000,39095547,43678827,82774374
8,700000,67364013,44513373,111877386
8,700000,66484382,43650456,110134838
8,700000,66925595,43406571,110332166
8,700000,38921612,43787847,82709459
8,700000,67745684,40706287,108451971
8,700000,66219937,43882902,110102839
8,700000,38958177,40436022,79394199
8,700000,38938510,47630104,86568614
8,700000,66880402,43684913,110565315
8,700000,67341501,43593766,110935267
8,700000,67089650,43558506,110648156
8,700000,67495859,43527169,111023028
8,700000,68416953,41758009,110174962
8,700000,66454416,43560428,110014844
8,700000,39741066,43843701,83584767
8,700000,65922781,43699179,109621960
8,700000,39010032,47327558,86337590
8,700000,66152165,44520813,110672978
8,700000,68001275,43995955,111997230
8,700000,66327675,45215632,111543307
8,700000,37848804,43003775,80852579
8,700000,66654273,43670148,110324421
8,700000,66346803,44192401,110539204
8,700000,66516301,44019890,110536191
8,700000,68757943,48380471,117138414
8,700000,67226250,43953531,111179781
8,700000,38626983,43066488,81693471
8,700000,66137736,44198245,110335981
8,700000,67760865,43981721,111742586
8,700000,67288777,40232958,107521735
8,700000,67014785,43283757,110298542
8,700000,69666078,48425324,118091402
8,700000,68504448,43537361,112041809
8,700000,66989784,43754541,110744325
8,700000,39194195,43154420,82348615
8,700000,38808918,48171212,86980130
8,700000,40318666,43529304,83847970
8,700000,66400916,43429693,109830609
8,700000,38324998,44299077,82624075
8,700000,66393255,43863986,110257241
8,700000,66401283,44209677,110610960
8,700000,38743152,49240563,87983715
8,700000,66638715,43389294,110028009
8,700000,66871758,43191533,110063291
8,700000,66797185,43794229,110591414
8,700000,39168832,49038941,88207773
8,700000,69866868,40904588,110771456
8,700000,38117983,44122137,82240120
8,700000,39029066,44042021,83071087
8,700000,67182499,43300015,110482514
8,700000,38560748,41920044,80480792
8,700000,66923514,44204066,111127580
8,700000,67922909,43184076,111106985
8,700000,37821024,43936696,81757720
8,800000,44805345,49205140,94010485
8,800000,42720537,49013870,91734407
8,800000,44208264,49717439,93925703
8,800000,43420612,50231353,93651965
8,800000,44483760,49465194,93948954
8,800000,44989005,54698658,99687663
8,800000,46350825,50222301,96573126
8,800000,45728931,51040611,96769542
8,800000,45639997,45963737,91603734
8,800000,43163638,49391411,92555049
8,800000,44060127,49263805,93323932
8,800000,76912772,50373837,127286609
8,800000,43604870,45367354,88972224
8,800000,77304398,49690439,126994837
8,800000,44994083,49310615,94304698
8,800000,76838142,50120141,126958283
8,800000,44770517,55517585,100288102
8,800000,44887441,50623761,95511202
8,800000,44486195,46618966,91105161
8,800000,42939513,45936571,88876084
8,800000,78021988,49556801,127578789
8,800000,45877662,55481508,101359170
8,800000,78781961,49522030,128303991
8,800000,46908870,55177222,102086092
8,800000,45299225,49628860,94928085
8,800000,45472386,49668970,95141356
8,800000,44500125,49613615,94113740
8,800000,44507953,50075472,94583425
8,800000,45491016,55084455,100575471
8,800000,77153652,49879961,127033613
8,800000,43353499,50317966,93671465
8,800000,45114653,49225255,94339908
8,800000,44441076,49064182,93505258
8,800000,44599815,49525417,94125232
8,800000,44536349,49322742,93859091
8,800000,77140018,49329161,126469179
8,800000,44898327,55415468,100313795
8,800000,44520864,54964015,99484879
8,800000,44088103,50010054,94098157
8,800000,42629973,49497383,92127356
8,800000,77178697,49490447,126669144
8,800000,77704830,50728829,128433659
8,800000,76743788,50138104,126881892
8,800000,76712066,49072328,125784394
8,800000,44572284,55505725,100078009
8,800000,44866209,49987285,94853494
8,800000,45249933,55009835,100259768
8,800000,44511622,49392753,93904375
8,800000,45806102,49984781,95790883
8,800000,45497682,49864715,95362397
8,800000,78123151,49812602,127935753
8,800000,45116162,54329626,99445788
8,800000,44613863,50224069,94837932
8,800000,44405708,46911685,91317393
8,800000,76439831,48737840,125177671
8,800000,75881193,48937295,124818488
8,800000,45106958,55430405,100537363
8,800000,77201610,49448443,126650053
8,800000,46028563,55715904,101744467
8,800000,77192067,50073574,127265641
8,800000,77213954,50091557,127305511
8,800000,44987933,54599895,99587828
8,800000,44484983,54247349,98732332
8,800000,77388987,46065319,123454306
8,800000,44877395,49888246,94765641
8,800000,76421074,54387887,130808961
8,800000,44310351,49298485,93608836
8,800000,45425031,46520799,91945830
8,800000,76113412,48928486,125041898
8,800000,43252714,49390905,92643619
8,800000,43802397,49957856,93760253
8,800000,44568067,49524113,94092180
8,800000,46220016,56064444,102284460
8,800000,46022306,50024777,96047083
8,800000,44803283,54822595,99625878
8,800000,44307569,50071645,94379214
8,800000,78085763,48737603,126823366
8,800000,79408456,54675389,134083845
8,800000,45153397,50494987,95648384
8,800000,44182781,49382152,93564933
8,800000,44879476,54701299,99580775
8,800000,44905944,54743007,99648951
8,800000,44932620,54989988,99922608
8,800000,43503371,49436600,92939971
8,800000,77118579,49916410,127034989
8,800000,44097434,49674846,93772280
8,800000,44538922,55120514,99659436
8,800000,45762195,53012568,98774763
8,800000,44060018,49870329,93930347
8,800000,77611741,49936453,127548194
8,800000,75890543,49061942,124952485
8,800000,45489585,49743020,95232605
8,800000,43388447,49506094,92894541
8,800000,77720540,50372788,128093328
8,800000,44947596,50463753,95411349
8,800000,44845066,46303015,91148081
8,800000,42867222,49370882,92238104
8,800000,45576738,50415931,95992669
8,800000,44313767,47369634,91683401
8,800000,42665447,50137777,92803224
8,800000,43941843,49785075,93726918
8,800000,79372564,55486883,134859447
8,800000,78472819,49714599,128187418
8,800000,43910317,50882642,94792959
8,800000,43691763,49577369,93269132
8,800000,45185428,49915777,95101205
8,800000,45797295,55889427,101686722
8,800000,77944276,50718528,128662804
8,800000,76541645,49745572,126287217
8,800000,45116636,55406785,100523421
8,800000,45161212,49972380,95133592
8,800000,77134284,49191462,126325746
8,800000,44531605,54640034,99171639
8,800000,44124920,49670763,93795683
8,800000,45887234,56175249,102062483
8,900000,51470633,61678769,113149402
8,900000,49933508,55196011,105129519
8,900000,89499470,55705561,145205031
8,900000,51399088,55894783,107293871
8,900000,52489236,61825748,114314984
8,900000,49435030,55670378,105105408
8,900000,51178451,62085946,113264397
8,900000,49514758,51641001,101155759
8,900000,50157397,56234812,106392209
8,900000,87538442,54222394,141760836
8,900000,50141995,55298578,105440573
8,900000,50468413,56459468,106927881
8,900000,49003303,52346867,101350170
8,900000,51078978,61651918,112730896
8,900000,49704379,54298985,104003364
8,900000,51877411,62508172,114385583
8,900000,49511674,55664071,105175745
8,900000,48932198,55854731,104786929
8,900000,49629765,56199638,105829403
8,900000,50470367,55280459,105750826
8,900000,49335848,55723831,105059679
8,900000,87695384,55869990,143565374
8,900000,49697610,49814729,99512339
8,900000,49784120,50309604,100093724
8,900000,50635695,61748133,112383828
8,900000,87319485,56131652,143451137
8,900000,87433883,55445996,142879879
8,900000,89031985,55039856,144071841
8,900000,87223316,55523851,142747167
8,900000,51352913,55430774,106783687
8,900000,48982082,55577977,104560059
8,900000,87242540,56002225,143244765
8,900000,50473656,61051137,111524793
8,900000,50807947,55399360,106207307
8,900000,87284583,55623598,142908181
8,900000,87251762,55618419,142870181
8,900000,52096857,62897929,114994786
8,900000,49293946,55195193,104489139
8,900000,88943670,55426997,144370667
8,900000,50903441,60566557,111469998
8,900000,49613682,55426209,105039891
8,900000,49659999,55189578,104849577
8,900000,49702546,51162424,100864970
8,900000,48635886,54920492,103556378
8,900000,87719940,56594299,144314239
8,900000,87107841,54780368,141888209
8,900000,49460789,55301967,104762756
8,900000,49890084,55259887,105149971
8,900000,49142999,54931603,104074602
8,900000,50321967,56206464,106528431
8,900000,48775876,50443536,99219412
8,900000,48761003,55760741,104521744
8,900000,49644586,51153039,100797625
8,900000,48346919,56489061,104835980
8,900000,49260729,50943728,100204457
8,900000,48678344,51120309,99798653
8,900000,50686044,55775361,106461405
8,900000,51016986,62413333,113430319
8,900000,49419143,56232810,105651953
8,900000,51075309,61660391,112735700
8,900000,86983850,55249817,142233667
8,900000,49103344,50800349,99903693
8,900000,50414899,55479528,105894427
8,900000,88682489,55212603,143895092
8,900000,50969968,62434079,113404047
8,900000,87118235,55590862,142709097
8,900000,87126140,56197273,143323413
8,900000,51065655,56659646,107725301
8,900000,49361502,55712754,105074256
8,900000,51114056,61990589,113104645
8,900000,49949935,57026265,106976200
8,900000,49630266,55884535,105514801
8,900000,48507809,55484570,103992379
8,900000,87298198,54785426,142083624
8,900000,50564856,51777620,102342476
8,900000,51891664,55879104,107770768
8,900000,51039307,55415755,106455062
8,900000,50031657,54960920,104992577
8,900000,50028568,55477027,105505595
8,900000,50386527,56143628,106530155
8,900000,89268929,55191153,144460082
8,900000,50722355,62693953,113416308
8,900000,51903144,63054355,114957499
8,900000,50604169,61994684,112598853
8,900000,48858680,51848171,100706851
8,900000,49772374,57070668,106843042
8,900000,49558243,56153134,105711377
8,900000,49228381,55043146,104271527
8,900000,51878559,63311639,115190198
8,900000,49471595,55146819,104618414
8,900000,49469476,55987784,105457260
8,900000,51047744,62148759,113196503
8,900000,50997534,62622296,113619830
8,900000,52335305,56267666,108602971
8,900000,87463260,55562627,143025887
8,900000,51631326,63653301,115284627
8,900000,51400460,56498312,107898772
8,900000,87739544,55929407,143668951
8,900000,86984872,56580910,143565782
8,900000,49709992,50474579,100184571
8,900000,48577232,54883370,103460602
8,900000,52367588,61935455,114303043
8,900000,48905895,56592430,105498325
8,900000,87578530,55429721,143008251
8,900000,51830335,62986409,114816744
8,900000,50531203,62175742,112706945
8,900000,48869744,55444643,104314387
8,900000,51079942,62784696,113864638
8,900000,51679329,57006883,108686212
8,900000,50478980,62888815,113367795
8,900000,50599006,56376505,106975511
8,900000,50627882,57019395,107647277
8,900000,50025338,50948393,100973731
8,900000,48549341,55099672,103649013
8,900000,51297249,55418902,106716151
8,1000000,54557612,56141317,110698929
8,1000000,53994400,62113880,116108280
8,1000000,54118982,61931892,116050874
8,1000000,57152563,62377839,119530402
8,1000000,98491331,61350100,159841431
8,1000000,57044027,69490454,126534481
8,1000000,54732136,68664009,123396145
8,1000000,56308121,57002609,113310730
8,1000000,54743032,61817556,116560588
8,1000000,56958334,56402428,113360762
8,1000000,56326198,56614102,112940300
8,1000000,97857681,62913067,160770748
8,1000000,97450856,61310955,158761811
8,1000000,56884622,62730166,119614788
8,1000000,56440496,61874829,118315325
8,1000000,56303490,61816558,118120048
8,1000000,55374027,57417211,112791238
8,1000000,54619989,62668731,117288720
8,1000000,98161878,63064957,161226835
8,1000000,97767610,60471871,158239481
8,1000000,98019037,61503215,159522252
8,1000000,57922177,61739608,119661785
8,1000000,56548842,68768833,125317675
8,1000000,56885667,68357824,125243491
8,1000000,57258555,57063956,114322511
8,1000000,98730020,62247901,160977921
8,1000000,56475769,67618532,124094301
8,1000000,57963519,68829980,126793499
8,1000000,98109290,61523988,159633278
8,1000000,55765080,61354994,117120074
8,1000000,58353613,69416474,127770087
8,1000000,58641060,67590708,126231768
8,1000000,55347972,61656640,117004612
8,1000000,55976251,61569484,117545735
8,1000000,98136007,62578546,160714553
8,1000000,57636131,62639162,120275293
8,1000000,58208983,67563280,125772263
8,1000000,55507958,56617097,112125055
8,1000000,57146133,68781178,125927311
8,1000000,54559234,56188713,110747947
8,1000000,57455342,66996233,124451575
8,1000000,57931677,69074663,127006340
8,1000000,98184770,61569599,159754369
8,1000000,100326919,61769289,162096208
8,1000000,54630089,56612853,111242942
8,1000000,55479921,57223675,112703596
8,1000000,58004165,67751479,125755644
8,1000000,57358883,69253359,126612242
8,1000000,56840136,62632065,119472201
8,1000000,57388543,68636273,126024816
8,1000000,56139131,61295126,117434257
8,1000000,58999186,60909129,119908315
8,1000000,97665240,61562380,159227620
8,1000000,57060470,61196597,118257067
8,1000000,58265115,68553655,126818770
8,1000000,55616491,62834091,118450582
8,1000000,58131437,69084250,127215687
8,1000000,54130560,60515021,114645581
8,1000000,97819980,61754411,159574391
8,1000000,57231197,61360066,118591263
8,1000000,58677146,68136222,126813368
8,1000000,59092909,63098132,122191041
8,1000000,56655842,68038228,124694070
8,1000000,57096998,61237764,118334762
8,1000000,57354212,69374289,126728501
8,1000000,97919471,60491646,158411117
8,1000000,55383945,57117081,112501026
8,1000000,54113699,55973136,110086835
8,1000000,55743195,56794849,112538044
8,1000000,54503117,61032091,115535208
8,1000000,55007058,57057878,112064936
8,1000000,54964205,56438364,111402569
8,1000000,57194285,68939483,126133768
8,1000000,53724619,56301352,110025971
8,1000000,57291573,60231336,117522909
8,1000000,98588361,61158672,159747033
8,1000000,55006092,56612053,111618145
8,1000000,56960616,68162229,125122845
8,1000000,55486638,62441267,117927905
8,1000000,56663896,68901342,125565238
8,1000000,54024278,62796691,116820969
8,1000000,54248375,57499260,111747635
8,1000000,57333123,68999479,126332602
8,1000000,57533502,69433954,126967456
8,1000000,55085484,56472934,111558418
8,1000000,54207416,63306080,117513496
8,1000000,98567027,61657843,160224870
8,1000000,55712990,56321938,112034928
8,1000000,55017545,56247734,111265279
8,1000000,55505795,61530111,117035906
8,1000000,97868286,61251879,159120165
8,1000000,55066802,56470204,111537006
8,1000000,54734322,56801002,111535324
8,1000000,54656827,56959974,111616801
8,1000000,54523950,56273599,110797549
8,1000000,57605789,56476135,114081924
8,1000000,96586540,61675651,158262191
8,1000000,57336692,56484580,113821272
8,1000000,56455809,68621672,125077481
8,1000000,97546919,61682209,159229128
8,1000000,57034263,68484868,125519131
8,1000000,54885634,56740979,111626613
8,1000000,57810805,61366393,119177198
8,1000000,54336427,62497296,116833723
8,1000000,54753250,61686130,116439380
8,1000000,54881675,62112660,116994335
8,1000000,97818072,61855701,159673773
8,1000000,56723570,60341485,117065055
8,1000000,57430406,69229190,126659596
8,1000000,56544228,56643354,113187582
8,1000000,54720134,56177708,110897842
8,1000000,55243818,62205615,117449433
8,1000000,54717732,57007164,111724896
8,1000000,57129307,62321611,119450918
8,1000000,56979657,62476704,119456361
8,1000000,56396636,61954108,118350744
8,1000000,54057298,56044434,110101732
8,1000000,58355704,68962296,127318000
8,1000000,98448972,61909262,160358234
8,1000000,54735504,56818940,111554444
8,1000000,55188660,60151515,115340175
8,1000000,55546695,61168002,116714697
8,1000000,54694417,56760273,111454690
8,1000000,56169933,69196933,125366866
8,1000000,98037540,61534751,159572291
8,1000000,96773080,60894763,157667843
8,1000000,54397157,56661561,111058718
8,1000000,57044838,60974188,118019026
8,1000000,54246450,60629913,114876363
8,1000000,55573919,62185420,117759339
8,1000000,56541953,57284609,113826562
8,1000000,56594245,57770241,114364486
8,1000000,57143169,69282379,126425548
8,1000000,57455943,61954290,119410233
8,1000000,56601788,56803795,113405583
8,1000000,58657189,69228061,127885250
8,1000000,56311497,68641845,124953342
8,1000000,54956333,56837864,111794197
8,1000000,55230801,62297231,117528032
8,1000000,97657642,61618619,159276261
8,1000000,55044760,56176939,111221699
8,1000000,56365624,61926397,118292021
8,1000000,57657675,59837900,117495575
8,1000000,57257740,61849706,119107446
8,1000000,54356089,62466555,116822644
8,1000000,57293333,61437542,118730875
8,1000000,56731226,61216036,117947262
8,1000000,57309667,61744354,119054021
8,1000000,54625129,56984528,111609657
8,1000000,57175762,56412009,113587771
8,1000000,55451576,56523386,111974962
8,1000000,54082237,62270404,116352641
8,1000000,54811575,62484203,117295778
8,1000000,54378811,68795334,123174145
8,1000000,57479281,69091487,126570768
8,1000000,98277151,61672238,159949389
8,1000000,100073772,61234704,161308476
8,1000000,55081715,62307701,117389416
8,1000000,58208078,67501965,125710043
8,1000000,97049410,62943375,159992785
8,1000000,97481144,61928391,159409535
8,1000000,58493740,62923821,121417561
8,1000000,55262635,57141302,112403937
8,1000000,55432974,62473620,117906594
8,1000000,57749714,68065543,125815257
8,1000000,55493310,55961765,111455075
8,1000000,57159668,69072888,126232556
8,1000000,56222364,56989228,113211592
8,1000000,57338077,69749080,127087157
8,1000000,54920575,56756476,111677051
8,1000000,54955238,56576406,111531644
8,1000000,54685718,63086799,117772517
8,1000000,56414707,61253422,117668129
8,1000000,54628807,62481380,117110187
8,1000000,55500375,68656187,124156562
8,1000000,56536104,61870132,118406236
8,1000000,97546762,60904650,158451412
8,1000000,56607291,68882880,125490171
8,1000000,54998952,56062634,111061586
8,1000000,54903906,61509437,116413343
8,1000000,97649037,61931493,159580530
8,1000000,56399251,56665561,113064812
8,1000000,55860799,56512181,112372980
8,1000000,97429183,60482756,157911939
8,1000000,57203085,69228442,126431527
8,1000000,54510513,56334807,110845320
8,1000000,54123339,64884449,119007788
8,1000000,56991417,69695737,126687154
8,1000000,56369019,69764038,126133057
8,1000000,54504324,61984194,116488518
8,1000000,54643561,61165383,115808944
8,1000000,98335155,61514199,159849354
8,1000000,57844193,70035098,127879291
8,1000000,56666144,57063211,113729355
8,1000000,56840387,57045429,113885816
8,1000000,55665901,62365169,118031070
8,1000000,55126789,56793914,111920703
8,1000000,53861815,56442302,110304117
8,1000000,53683730,56157230,109840960
8,1000000,55835999,60917850,116753849
8,1000000,57028025,68946522,125974547
8,1000000,54779977,61672024,116452001
8,1000000,55542244,56238281,111780525
8,1000000,54598181,62001902,116600083
8,1000000,54219531,59305864,113525395
8,1000000,55231803,61856033,117087836
8,1000000,54669754,56854376,111524130
8,1000000,96949091,62000543,158949634
8,1000000,97414715,61369598,158784313
8,1000000,54905431,61594024,116499455
8,1000000,55230241,57162779,112393020
8,1000000,55518182,56371001,111889183
8,1000000,56990069,69120950,126111019
8,1000000,56910628,59891163,116801791
8,1000000,56930115,65891861,122821976
8,1000000,57044131,62095647,119139778
8,1000000,55827311,56838082,112665393
8,1000000,56826621,69162143,125988764
8,1000000,56039169,62002147,118041316
8,1000000,57325700,61251120,118576820
8,1000000,57707640,69226930,126934570
8,1000000,54967811,56822038,111789849
8,1000000,57347408,68507675,125855083
8,1000000,54621380,56386037,111007417
8,1000000,55373545,62248457,117622002
8,1000000,57306906,69494111,126801017
8,1000000,55675229,61948644,117623873
8,1000000,56382321,61299867,117682188
8,1000000,57681472,60900485,118581957
8,1000000,55733416,56378903,112112319
8,2000000,113835424,112645449,226480873
8,2000000,115047328,121620671,236667999
8,2000000,114094798,110463118,224557916
8,2000000,112828216,113087842,225916058
8,2000000,114404168,112362870,226767038
8,2000000,119975702,135708053,255683755
8,2000000,115259376,121209304,236468680
8,2000000,114768474,120492346,235260820
8,2000000,115346819,121966301,237313120
8,2000000,114395154,112878533,227273687
8,2000000,113426796,112525444,225952240
8,2000000,115592241,120909374,236501615
8,2000000,115576087,121984672,237560759
8,2000000,115156549,120690214,235846763
8,2000000,115234705,111829344,227064049
8,2000000,114439747,124447384,238887131
8,2000000,120001914,121999809,242001723
8,2000000,115184161,112017087,227201248
8,2000000,115486490,113316632,228803122
8,2000000,114421265,112406525,226827790
8,2000000,115306964,121395883,236702847
8,2000000,118658477,136272380,254930857
8,2000000,115249272,112057237,227306509
8,2000000,115270624,121847197,237117821
8,2000000,115424762,113370260,228795022
8,2000000,115685889,112697445,228383334
8,2000000,116235541,134228356,250463897
8,2000000,120108358,136916201,257024559
8,2000000,115645286,121410627,237055913
8,2000000,114367240,121726832,236094072
8,2000000,115491346,112689348,228180694
8,2000000,118310060,120785594,239095654
8,2000000,114185215,111528345,225713560
8,2000000,114739187,111094040,225833227
8,2000000,114687359,113003474,227690833
8,2000000,115611669,121446371,237058040
8,2000000,116407785,112610957,229018742
8,2000000,115172291,112653582,227825873
8,2000000,113432759,120803687,234236446
8,2000000,114861450,111604302,226465752
8,2000000,114861780,112980034,227841814
8,2000000,115300227,121777069,237077296
8,2000000,113500324,120690639,234190963
8,2000000,113651434,111764699,225416133
8,2000000,115479100,111736058,227215158
8,2000000,114868826,112080354,226949180
8,2000000,120146453,135970415,256116868
8,2000000,117982266,135228494,253210760
8,2000000,114963717,112415371,227379088
8,2000000,116802751,135683680,252486431
8,2000000,114866037,110748531,225614568
8,2000000,114101853,121046446,235148299
8,2000000,113231651,111687963,224919614
8,2000000,117171669,136028505,253200174
8,2000000,113866050,120445880,234311930
8,2000000,117932565,121269639,239202204
8,2000000,118220473,135495776,253716249
8,2000000,120129120,136336780,256465900
8,2000000,117149383,111501822,228651205
8,2000000,114841485,121297257,236138742
8,2000000,113717046,112088397,225805443
8,2000000,116865607,127153620,244019227
8,2000000,115515643,121836189,237351832
8,2000000,118934306,135917111,254851417
8,2000000,114630030,112122203,226752233
8,2000000,116107180,121364157,237471337
8,2000000,117726266,121910031,239636297
8,2000000,113598062,111981098,225579160
8,2000000,119145952,136814060,255960012
8,2000000,115357010,122776864,238133874
8,2000000,114068508,114156477,228224985
8,2000000,115216611,111807512,227024123
8,2000000,114739667,121124281,235863948
8,2000000,117226212,122434410,239660622
8,2000000,115060660,112181859,227242519
8,2000000,114440960,134864133,249305093
8,2000000,115419470,112781495,228200965
8,2000000,117647966,121193305,238841271
8,2000000,114385736,112408403,226794139
8,2000000,114007612,113989614,227997226
8,2000000,114338132,113220333,227558465
8,2000000,115797141,122373854,238170995
8,2000000,114771748,111040434,225812182
8,2000000,116294681,121987766,238282447
8,2000000,114969843,112554767,227524610
8,2000000,116870517,136630940,253501457
8,2000000,116393596,111718104,228111700
8,2000000,117642313,135552241,253194554
8,2000000,114431364,111752311,226183675
8,2000000,117270948,136687087,253958035
8,2000000,114999070,135587854,250586924
8,2000000,114500805,112652369,227153174
8,2000000,115735854,121534189,237270043
8,2000000,114663061,136523263,251186324
8,2000000,114906696,121918724,236825420
8,2000000,112681242,112820170,225501412
8,2000000,115109727,120371378,235481105
8,2000000,114867353,111887822,226755175
8,2000000,115706540,121464858,237171398
8,2000000,114005686,111265044,225270730
8,2000000,115462695,121308893,236771588
8,2000000,122993144,136107537,259100681
8,2000000,114211867,120474031,234685898
8,2000000,114921221,112262867,227184088
8,2000000,116259735,120135044,236394779
8,2000000,116911889,135643519,252555408
8,2000000,114487039,112476738,226963777
8,2000000,119129655,121022887,240152542
8,2000000,119960180,136333298,256293478
8,2000000,113897049,121525969,235423018
8,2000000,113703068,112645944,226349012
8,2000000,118302595,121982042,240284637
8,2000000,119771887,136400633,256172520
8,2000000,115713803,111764169,227477972
8,2000000,115616809,111538110,227154919
8,3000000,176108767,168438115,344546882
8,3000000,177427350,167068974,344496324
8,3000000,188733811,205199094,393932905
8,3000000,185245862,203175159,388421021
8,3000000,176120808,182145490,358266298
8,3000000,176850550,181493479,358344029
8,3000000,175517651,168959387,344477038
8,3000000,175725633,168802803,344528436
8,3000000,180557021,182197487,362754508
8,3000000,178445970,166527900,344973870
8,3000000,176819544,204217993,381037537
8,3000000,180979417,184272453,365251870
8,3000000,175106498,167687218,342793716
8,3000000,176463851,169214174,345678025
8,3000000,181161086,183128615,364289701
8,3000000,183114811,181312104,364426915
8,3000000,175864857,166692292,342557149
8,3000000,176477914,166745310,343223224
8,3000000,175918476,166729264,342647740
8,3000000,176601848,182019510,358621358
8,3000000,174481631,202394857,376876488
8,3000000,175652159,167141737,342793896
8,3000000,174409862,168279309,342689171
8,3000000,175672808,184215892,359888700
8,3000000,175933374,168007670,343941044
8,3000000,175377010,169233006,344610016
8,3000000,176894330,182825053,359719383
8,3000000,179343564,180973274,360316838
8,3000000,175922394,181192638,357115032
8,3000000,177928938,181710242,359639180
8,3000000,177044330,182313683,359358013
8,3000000,176192366,180189406,356381772
8,3000000,175684080,182837527,358521607
8,3000000,178189855,180495577,358685432
8,3000000,177996601,180973504,358970105
8,3000000,176764445,182094021,358858466
8,3000000,176377334,181972313,358349647
8,3000000,175507344,167838564,343345908
8,3000000,176360005,181100644,357460649
8,3000000,183416305,182319814,365736119
8,3000000,176091205,180328338,356419543
8,3000000,175524850,182749722,358274572
8,3000000,176836543,181896085,358732628
8,3000000,177255797,169869064,347124861
8,3000000,176118572,167271792,343390364
8,3000000,176518320,181084477,357602797
8,3000000,175693438,167756121,343449559
8,3000000,175792599,180828484,356621083
8,3000000,177594051,181252244,358846295
8,3000000,175991325,203355514,379346839
8,3000000,176270101,167115478,343385579
8,3000000,177974166,183601980,361576146
8,3000000,176443299,182871222,359314521
8,3000000,180767599,183235091,364002690
8,3000000,176529656,166389878,342919534
8,3000000,179036654,181896437,360933091
8,3000000,181520617,203511220,385031837
8,3000000,176213379,167432283,343645662
8,3000000,178559469,182205129,360764598
8,3000000,176844982,181064802,357909784
8,3000000,177079806,167695716,344775522
8,3000000,175214968,181202396,356417364
8,3000000,179384246,181315859,360700105
8,3000000,176766215,184108810,360875025
8,3000000,178488006,183352280,361840286
8,3000000,177568275,168252047,345820322
8,3000000,180546732,181837888,362384620
8,3000000,177869583,182064833,359934416
8,3000000,177784191,167330528,345114719
8,3000000,176766069,165883368,342649437
8,3000000,178682910,165297916,343980826
8,3000000,176582875,168003914,344586789
8,3000000,178363378,181258647,359622025
8,3000000,176502206,168963588,345465794
8,3000000,175747519,168483199,344230718
8,3000000,175576855,182865968,358442823
8,3000000,181878250,182524923,364403173
8,3000000,182130510,181909173,364039683
8,3000000,177566515,168241268,345807783
8,3000000,180525372,182336527,362861899
8,3000000,177172543,166582596,343755139
8,3000000,177420029,183199856,360619885
8,3000000,175770707,166826247,342596954
8,3000000,177967204,182861694,360828898
8,3000000,175707113,165500735,341207848
8,3000000,177505879,168026964,345532843
8,3000000,174541928,168792031,343333959
8,3000000,178353214,203351163,381704377
8,3000000,177591527,181357134,358948661
8,3000000,182359922,180921433,363281355
8,3000000,177346379,202619530,379965909
8,3000000,176803513,183395537,360199050
8,3000000,176058140,180949080,357007220
8,3000000,178136587,181363257,359499844
8,3000000,177226503,167446261,344672764
8,3000000,177223216,202150896,379374112
8,3000000,174845771,169716753,344562524
8,3000000,182021892,181224006,363245898
8,3000000,174496491,168138720,342635211
8,3000000,177356901,203898346,381255247
8,3000000,175479192,169630814,345110006
8,3000000,176516554,181529472,358046026
8,3000000,177969078,181698661,359667739
8,3000000,179181390,167149121,346330511
8,3000000,177202564,181996155,359198719
8,3000000,178014238,166771341,344785579
8,3000000,179173055,182304266,361477321
8,3000000,177717031,168164813,345881844
8,3000000,183283347,204036306,387319653
8,3000000,177357347,167010140,344367487
8,3000000,176029521,180885693,356915214
8,3000000,176018713,179786541,355805254
8,3000000,178243956,181337098,359581054
8,3000000,180039538,166145405,346184943
8,3000000,180237507,181607081,361844588
8,4000000,238672571,224008631,462681202
8,4000000,247135310,242668613,489803923
8,4000000,241349969,242933153,484283122
8,4000000,238919720,221339373,460259093
8,4000000,240171621,222125143,462296764
8,4000000,239854578,225796002,465650580
8,4000000,239023032,240590357,479613389
8,4000000,239132795,243137038,482269833
8,4000000,241662529,243696746,485359275
8,4000000,238979005,223962160,462941165
8,4000000,240015450,239282553,479298003
8,4000000,239104822,242518117,481622939
8,4000000,242908930,241643834,484552764
8,4000000,239513702,224765984,464279686
8,4000000,238132768,224553872,462686640
8,4000000,238865373,223659747,462525120
8,4000000,240914933,240177333,481092266
8,4000000,239533944,239458131,478992075
8,4000000,238487481,225637180,464124661
8,4000000,240452345,222388399,462840744
8,4000000,242511284,241456505,483967789
8,4000000,242738629,241388769,484127398
8,4000000,240223820,242801920,483025740
8,4000000,242923536,241818058,484741594
8,4000000,241913652,240956887,482870539
8,4000000,246756564,241730931,488487495
8,4000000,244538325,239970499,484508824
8,4000000,239988995,241034193,481023188
8,4000000,241811117,241106650,482917767
8,4000000,239898492,242971564,482870056
8,4000000,239418215,223377052,462795267
8,4000000,244538783,270477728,515016511
8,4000000,241244661,224551237,465795898
8,4000000,239514704,223394315,462909019
8,4000000,243713645,241636282,485349927
8,4000000,242130697,242423549,484554246
8,4000000,241252902,225287147,466540049
8,4000000,237252802,222088217,459341019
8,4000000,239777411,222291047,462068458
8,4000000,238940954,225792471,464733425
8,4000000,239534065,222534374,462068439
8,4000000,240028278,225225238,465253516
8,4000000,236614829,223977244,460592073
8,4000000,238256754,226291055,464547809
8,4000000,238999881,223986457,462986338
8,4000000,243732055,241453043,485185098
8,4000000,243134450,243645857,486780307
8,4000000,241528493,241871378,483399871
8,4000000,237968354,224598518,462566872
8,4000000,240955349,243232669,484188018
8,4000000,244545730,243080948,487626678
8,4000000,239646367,223440844,463087211
8,4000000,240196434,243848740,484045174
8,4000000,240407196,224678896,465086092
8,4000000,238647189,240301985,478949174
8,4000000,238232782,239695818,477928600
8,4000000,239598787,243959522,483558309
8,4000000,240914708,243328492,484243200
8,4000000,238756911,224092014,462848925
8,4000000,239464601,241325318,480789919
8,4000000,248018561,242094728,490113289
8,4000000,240880020,241613729,482493749
8,4000000,240528513,242666443,483194956
8,4000000,239014704,222276485,461291189
8,4000000,245823877,242399243,488223120
8,4000000,237396829,222968859,460365688
8,4000000,239449637,224444917,463894554
8,4000000,247110402,243142238,490252640
8,4000000,238551229,225057176,463608405
8,4000000,239003772,243111099,482114871
8,4000000,242692292,242242353,484934645
8,4000000,240020765,221868378,461889143
8,4000000,244252663,243947063,488199726
8,4000000,239577722,224980583,464558305
8,4000000,243551890,242934369,486486259
8,4000000,239330047,225154285,464484332
8,4000000,240143975,270577971,510721946
8,4000000,241547327,222174515,463721842
8,4000000,241404967,241162248,482567215
8,4000000,239401775,223472582,462874357
8,4000000,246218859,242236712,488455571
8,4000000,238814887,242405728,481220615
8,4000000,251666747,222855975,474522722
8,4000000,239219847,223289503,462509350
8,4000000,240253189,242743691,482996880
8,4000000,240094216,242861589,482955805
8,4000000,239963829,242804717,482768546
8,4000000,240940901,221843559,462784460
8,4000000,239037962,225929147,464967109
8,4000000,237236331,224910734,462147065
8,4000000,240104955,242337133,482442088
8,4000000,241847245,222914704,464761949
8,4000000,244596031,273638862,518234893
8,4000000,240848717,243558558,484407275
8,4000000,239412900,222623051,462035951
8,4000000,238502452,243417415,481919867
8,4000000,238390748,223155295,461546043
8,4000000,239983191,243252730,483235921
8,4000000,239800978,225399735,465200713
8,4000000,239914222,243213495,483127717
8,4000000,238278539,225282298,463560837
8,4000000,238530111,239405599,477935710
8,4000000,238883312,254792201,493675513
8,4000000,239007173,238590574,477597747
8,4000000,241569576,271395098,512964674
8,4000000,238388508,222984675,461373183
8,4000000,243342372,242247463,485589835
8,4000000,241629645,242409167,484038812
8,4000000,240087804,243033081,483120885
8,4000000,239603021,225824769,465427790
8,4000000,238611496,242939682,481551178
8,4000000,238637106,225190942,463828048
8,4000000,243840085,239783735,483623820
8,4000000,239147573,221359291,460506864
8,4000000,241174159,241843563,483017722
8,5000000,304717685,301039983,605757668
8,5000000,303881707,299568727,603450434
8,5000000,303239331,280308482,583547813
8,5000000,306993588,303415247,610408835
8,5000000,303127424,303140292,606267716
8,5000000,303186756,302706840,605893596
8,5000000,306276112,338775000,645051112
8,5000000,305088969,303506681,608595650
8,5000000,305505029,303228476,608733505
8,5000000,303683091,299537849,603220940
8,5000000,303100634,281549141,584649775
8,5000000,304272393,303202170,607474563
8,5000000,306361071,302656663,609017734
8,5000000,305676533,301774292,607450825
8,5000000,304383753,304106908,608490661
8,5000000,303948284,278679521,582627805
8,5000000,303219403,302505912,605725315
8,5000000,303438947,280268099,583707046
8,5000000,301792190,279200025,580992215
8,5000000,304286294,303644533,607930827
8,5000000,301850632,280923838,582774470
8,5000000,302432648,280352566,582785214
8,5000000,311164172,303192089,614356261
8,5000000,302355878,304452792,606808670
8,5000000,302789919,278886811,581676730
8,5000000,305491622,302629923,608121545
8,5000000,302234097,279726525,581960622
8,5000000,301662957,277987079,579650036
8,5000000,303810472,303253304,607063776
8,5000000,306569085,302156290,608725375
8,5000000,304739067,338303435,643042502
8,5000000,305233858,302478932,607712790
8,5000000,306204697,341155151,647359848
8,5000000,309183319,304289085,613472404
8,5000000,307458096,303104075,610562171
8,5000000,303293654,330302785,633596439
8,5000000,302414039,280459213,582873252
8,5000000,310451905,302993182,613445087
8,5000000,302987582,303781144,606768726
8,5000000,302872249,302756021,605628270
8,5000000,304361122,300186128,604547250
8,5000000,301805057,337391833,639196890
8,5000000,309828147,302292892,612121039
8,5000000,302442740,281344136,583786876
8,5000000,303106219,303338551,606444770
8,5000000,301859828,281486592,583346420
8,5000000,307312844,301830552,609143396
8,5000000,302831348,302772268,605603616
8,5000000,302305261,280911650,583216911
8,5000000,300831416,279784848,580616264
8,5000000,301738599,282344140,584082739
8,5000000,309238281,301743005,610981286
8,5000000,309441309,303119049,612560358
8,5000000,301243043,279726456,580969499
8,5000000,303591626,278875390,582467016
8,5000000,302634312,302423848,605058160
8,5000000,303530324,303294068,606824392
8,5000000,303298383,302826029,606124412
8,5000000,307208381,303481846,610690227
8,5000000,311393059,304207729,615600788
8,5000000,304674934,301714869,606389803
8,5000000,307541023,301246351,608787374
8,5000000,301022648,280494861,581517509
8,5000000,303214467,300188429,603402896
8,5000000,302901327,303558648,606459975
8,5000000,305468478,303073166,608541644
8,5000000,305037665,300041992,605079657
8,5000000,308275873,304788460,613064333
8,5000000,306903452,302335016,609238468
8,5000000,301852944,281379252,583232196
8,5000000,303561565,300871164,604432729
8,5000000,302640807,300447565,603088372
8,5000000,301083493,301339009,602422502
8,5000000,307573541,302049798,609623339
8,5000000,302070030,280134837,582204867
8,5000000,301314831,280932726,582247557
8,5000000,305632811,337990762,643623573
8,5000000,306705185,302737440,609442625
8,5000000,305955710,342646838,648602548
8,5000000,301801700,277710955,579512655
8,5000000,301571910,337874678,639446588
8,5000000,301834169,283715549,585549718
8,5000000,307182078,303430733,610612811
8,5000000,304937421,330735399,635672820
8,5000000,304116467,303737905,607854372
8,5000000,308412064,302794878,611206942
8,5000000,303657962,302411768,606069730
8,5000000,305090006,279940899,585030905
8,5000000,301800489,280907227,582707716
8,5000000,305568500,338894727,644463227
8,5000000,304225281,304097272,608322553
8,5000000,300608251,278785328,579393579
8,5000000,305389023,301064965,606453988
8,5000000,301886223,281751168,583637391
8,5000000,303237575,282720098,585957673
8,5000000,301762682,276408214,578170896
8,5000000,301509288,281964840,583474128
8,5000000,310346337,339917893,650264230
8,5000000,302806242,301529502,604335744
8,5000000,308772181,279143593,587915774
8,5000000,305909068,339092232,645001300
8,5000000,304374894,303028070,607402964
8,5000000,304171136,302265382,606436518
8,5000000,307377372,332366113,639743485
8,5000000,305429589,304196742,609626331
8,5000000,303547581,279091075,582638656
8,5000000,301680147,281480415,583160562
8,5000000,302336167,301305864,603642031
8,5000000,302028810,304701723,606730533
8,5000000,307873347,303197714,611071061
8,5000000,309231180,304107734,613338914
8,5000000,302655478,331480263,634135741
8,5000000,308659562,303343693,612003255
8,5000000,307076935,303268017,610344952
8,5000000,302638948,304172257,606811205
8,6000000,371160216,396099941,767260157
8,6000000,370082643,407624939,777707582
8,6000000,368367647,367433915,735801562
8,6000000,374905363,363990828,738896191
8,6000000,375599258,365521870,741121128
8,6000000,375691877,364174649,739866526
8,6000000,369455276,364535840,733991116
8,6000000,366714611,332360301,699074912
8,6000000,369783223,359452081,729235304
8,6000000,365912215,338000531,703912746
8,6000000,365924760,383032155,748956915
8,6000000,373939152,362181576,736120728
8,6000000,373422895,363911247,737334142
8,6000000,372638372,364114835,736753207
8,6000000,370737745,363176438,733914183
8,6000000,370029117,366804941,736834058
8,6000000,365284364,338437132,703721496
8,6000000,371419283,365242768,736662051
8,6000000,369266110,335820905,705087015
8,6000000,368432139,360875399,729307538
8,6000000,368485095,364181053,732666148
8,6000000,373291696,364518301,737809997
8,6000000,367666740,407506902,775173642
8,6000000,365553777,336584987,702138764
8,6000000,364818731,334770979,699589710
8,6000000,371669594,364157151,735826745
8,6000000,371794979,366692824,738487803
8,6000000,367602479,334641087,702243566
8,6000000,374229327,364652492,738881819
8,6000000,367066914,333131236,700198150
8,6000000,366532731,333121815,699654546
8,6000000,374824981,364888451,739713432
8,6000000,370546522,367190521,737737043
8,6000000,369841661,363904117,733745778
8,6000000,370035233,366262683,736297916
8,6000000,369540015,380650349,750190364
8,6000000,369805031,362251606,732056637
8,6000000,364570236,341901883,706472119
8,6000000,369655019,364127868,733782887
8,6000000,368562091,338146708,706708799
8,6000000,371859907,365684077,737543984
8,6000000,366618499,331355153,697973652
8,6000000,370629063,364779735,735408798
8,6000000,372440321,361809595,734249916
8,6000000,369814527,361921140,731735667
8,6000000,369387753,361218543,730606296
8,6000000,378903349,361540722,740444071
8,6000000,372813832,364662685,737476517
8,6000000,369513776,363480334,732994110
8,6000000,372422376,363610183,736032559
8,6000000,372772062,363547639,736319701
8,6000000,368511670,333823424,702335094
8,6000000,370767655,363773387,734541042
8,6000000,366732859,337172748,703905607
8,6000000,369042102,360557194,729599296
8,6000000,373297014,362057063,735354077
8,6000000,370790232,364496816,735287048
8,6000000,370792243,360956478,731748721
8,6000000,368930033,363887952,732817985
8,6000000,368627294,336746640,705373934
8,6000000,368364750,338204918,706569668
8,6000000,368556242,338552128,707108370
8,6000000,369261029,363586253,732847282
8,6000000,372400889,363602869,736003758
8,6000000,377514335,405690712,783205047
8,6000000,368690067,333877428,702567495
8,6000000,370752820,359996476,730749296
8,6000000,378270825,364649536,742920361
8,6000000,375231906,363105860,738337766
8,6000000,369565572,364162791,733728363
8,6000000,374619006,363982356,738601362
8,6000000,367195873,335104037,702299910
8,6000000,374854019,361971199,736825218
8,6000000,377676510,363103799,740780309
8,6000000,373124508,363081925,736206433
8,6000000,374508208,364599674,739107882
8,6000000,370206509,366947288,737153797
8,6000000,367242054,333905321,701147375
8,6000000,366659029,336773233,703432262
8,6000000,369622463,336692747,706315210
8,6000000,371401917,362039565,733441482
8,6000000,374282033,364132408,738414441
8,6000000,371272757,365474950,736747707
8,6000000,375650822,363627905,739278727
8,6000000,368821600,338215044,707036644
8,6000000,366543495,339318043,705861538
8,6000000,374455692,364488644,738944336
8,6000000,374842337,363554392,738396729
8,6000000,368493179,334168338,702661517
8,6000000,376312938,364049134,740362072
8,6000000,368643683,360878447,729522130
8,6000000,371049773,364698574,735748347
8,6000000,367998073,334166017,702164090
8,6000000,375704162,364622247,740326409
8,6000000,375803904,364780760,740584664
8,6000000,375652696,364839474,740492170
8,6000000,366776482,333700698,700477180
8,6000000,368207314,334063042,702270356
8,6000000,374293105,364138377,738431482
8,6000000,378986259,363941283,742927542
8,6000000,368441903,360475753,728917656
8,6000000,368215734,365082426,733298160
8,6000000,368755400,366809584,735564984
8,6000000,370126473,365219874,735346347
8,6000000,366532181,333003493,699535674
8,6000000,381944312,365022682,746966994
8,6000000,369805637,361292675,731098312
8,6000000,369724342,333578776,703303118
8,6000000,370567451,361699565,732267016
8,6000000,369133913,332278723,701412636
8,6000000,368270604,333476896,701747500
8,6000000,374240972,364049526,738290498
8,6000000,375264541,363136937,738401478
8,6000000,369173564,334263456,703437020
8,6000000,376909077,330833420,707742497
8,7000000,434849949,424068578,858918527
8,7000000,436436513,426111513,862548026
8,7000000,440868777,477955084,918823861
8,7000000,437102961,422470342,859573303
8,7000000,437856052,425514413,863370465
8,7000000,437933744,422245270,860179014
8,7000000,436096771,390289814,826386585
8,7000000,435177757,421530346,856708103
8,7000000,434948392,425658220,860606612
8,7000000,432496354,395699954,828196308
8,7000000,436046441,423744003,859790444
8,7000000,431160377,390464018,821624395
8,7000000,431433169,391979141,823412310
8,7000000,434502911,394350526,828853437
8,7000000,434447740,423531049,857978789
8,7000000,439863691,426241028,866104719
8,7000000,433529076,390675216,824204292
8,7000000,431495448,395163291,826658739
8,7000000,429751759,393424842,823176601
8,7000000,431062666,394049435,825112101
8,7000000,437042314,421328000,858370314
8,7000000,435889940,474873740,910763680
8,7000000,439314599,427927010,867241609
8,7000000,434787042,426912913,861699955
8,7000000,434709794,425028950,859738744
8,7000000,442078762,424916449,866995211
8,7000000,432279239,396477408,828756647
8,7000000,431854763,389075930,820930693
8,7000000,438325817,426982051,865307868
8,7000000,438726538,423573983,862300521
8,7000000,437892136,426643247,864535383
8,7000000,435278737,423449846,858728583
8,7000000,441646655,425781764,867428419
8,7000000,439609485,424668681,864278166
8,7000000,436194851,424496532,860691383
8,7000000,435259059,391712504,826971563
8,7000000,435496160,390345423,825841583
8,7000000,437266539,391886051,829152590
8,7000000,436505998,423188701,859694699
8,7000000,434788711,393888008,828676719
8,7000000,439286270,426339541,865625811
8,7000000,436718161,390695733,827413894
8,7000000,433569956,422939936,856509892
8,7000000,441462370,474559521,916021891
8,7000000,441399295,422342657,863741952
8,7000000,435178406,425355667,860534073
8,7000000,439577884,428039179,867617063
8,7000000,436348411,423589274,859937685
8,7000000,441161762,425310425,866472187
8,7000000,436509533,423755867,860265400
8,7000000,437010850,423197606,860208456
8,7000000,433990920,422907261,856898181
8,7000000,434010998,424201954,858212952
8,7000000,431633318,443557862,875191180
8,7000000,445721041,426721550,872442591
8,7000000,433562094,394776395,828338489
8,7000000,444789463,387581479,832370942
8,7000000,438377325,424143728,862521053
8,7000000,434759172,423922620,858681792
8,7000000,433195581,393921889,827117470
8,7000000,432539677,391151048,823690725
8,7000000,440477217,424686019,865163236
8,7000000,438121014,424993745,863114759
8,7000000,434110902,423770750,857881652
8,7000000,431307284,394786582,826093866
8,7000000,443327764,471148379,914476143
8,7000000,432797474,392918213,825715687
8,7000000,438985054,426063238,865048292
8,7000000,430594318,394317559,824911877
8,7000000,433328053,393305945,826633998
8,7000000,435063644,422946568,858010212
8,7000000,432993636,390356869,823350505
8,7000000,433151613,393547369,826698982
8,7000000,446803224,424252670,871055894
8,7000000,436229126,424212294,860441420
8,7000000,441132079,425679618,866811697
8,7000000,441691334,421791580,863482914
8,7000000,431233406,394029105,825262511
8,7000000,443085657,426061565,869147222
8,7000000,432376757,390919235,823295992
8,7000000,440187713,424951352,865139065
8,7000000,434062473,394763329,828825802
8,7000000,432489449,394494099,826983548
8,7000000,434984876,391183998,826168874
8,7000000,432332515,391007013,823339528
8,7000000,435171743,393141784,828313527
8,7000000,434741999,387781024,822523023
8,7000000,435921219,425852294,861773513
8,7000000,433423856,422199386,855623242
8,7000000,440154071,425874030,866028101
8,7000000,433466248,425403451,858869699
8,7000000,440074419,422274866,862349285
8,7000000,435650573,430984864,866635437
8,7000000,441054097,423366230,864420327
8,7000000,434760810,423381773,858142583
8,7000000,436918328,424707574,861625902
8,7000000,433596045,423438898,857034943
8,7000000,443967007,425815304,869782311
8,7000000,436775856,423816484,860592340
8,7000000,444082146,424394350,868476496
8,7000000,439436139,424700131,864136270
8,7000000,440605125,426485245,867090370
8,7000000,430641624,388934423,819576047
8,7000000,434385270,422513413,856898683
8,7000000,431537841,388334335,819872176
8,7000000,434657101,425757548,860414649
8,7000000,441400046,425596152,866996198
8,7000000,431786187,424244359,856030546
8,7000000,431870318,394696601,826566919
8,7000000,436241427,422779941,859021368
8,7000000,430552272,392811670,823363942
8,7000000,434206584,391819130,826025714
8,7000000,433583142,393340267,826923409
8,7000000,436241840,425842370,862084210
8,7000000,434371748,425201342,859573090
8,8000000,497751913,448732526,946484439
8,8000000,497708882,451262023,948970905
8,8000000,500929882,450476509,951406391
8,8000000,506353840,485552503,991906343
8,8000000,499167744,450221588,949389332
8,8000000,503162193,486888123,990050316
8,8000000,503270858,484769175,988040033
8,8000000,499984253,530582540,1030566793
8,8000000,503483099,483047944,986531043
8,8000000,505294603,486356620,991651223
8,8000000,501840391,453530945,955371336
8,8000000,504045151,486755409,990800560
8,8000000,500868588,485059623,985928211
8,8000000,503056692,486822773,989879465
8,8000000,501296864,483404925,984701789
8,8000000,508104796,485814829,993919625
8,8000000,499176841,451853554,951030395
8,8000000,503928818,487662369,991591187
8,8000000,507746766,487104252,994851018
8,8000000,507245057,529346394,1036591451
8,8000000,504035849,486706245,990742094
8,8000000,497374564,449748949,947123513
8,8000000,507161549,532085077,1039246626
8,8000000,508014579,542163557,1050178136
8,8000000,501340299,483567687,984907986
8,8000000,500894816,450228840,951123656
8,8000000,497423274,451264658,948687932
8,8000000,501957922,484937379,986895301
8,8000000,497818593,450575739,948394332
8,8000000,508285894,486320727,994606621
8,8000000,498756015,483055183,981811198
8,8000000,499651455,452586123,952237578
8,8000000,502988402,485858748,988847150
8,8000000,506015021,487205192,993220213
8,8000000,500356398,530143780,1030500178
8,8000000,507213907,488627185,995841092
8,8000000,501607814,484472728,986080542
8,8000000,496280110,450420414,946700524
8,8000000,502933213,485806393,988739606
8,8000000,501772269,483581697,985353966
8,8000000,500128766,447961203,948089969
8,8000000,502338964,484257165,986596129
8,8000000,502726254,486811277,989537531
8,8000000,501204737,533867182,1035071919
8,8000000,528120946,449663057,977784003
8,8000000,502525543,488001006,990526549
8,8000000,499053986,447830538,946884524
8,8000000,500637996,446244724,946882720
8,8000000,498505854,447571999,946077853
8,8000000,498593320,445822316,944415636
8,8000000,503278291,487843805,991122096
8,8000000,508337861,485617368,993955229
8,8000000,500294896,453236739,953531635
8,8000000,500882694,449443185,950325879
8,8000000,503604356,486816821,990421177
8,8000000,501827339,450252737,952080076
8,8000000,503404012,486718071,990122083
8,8000000,502909440,483509798,986419238
8,8000000,500382815,532448008,1032830823
8,8000000,501035999,483304977,984340976
8,8000000,503682299,485116025,988798324
8,8000000,500134617,535723622,1035858239
8,8000000,501199715,449420596,950620311
8,8000000,503360197,482696060,986056257
8,8000000,512386900,484275945,996662845
8,8000000,500802031,450286204,951088235
8,8000000,501967206,448280650,950247856
8,8000000,504354725,450524989,954879714
8,8000000,500021763,442586027,942607790
8,8000000,499964693,451773158,951737851
8,8000000,498468159,452306513,950774672
8,8000000,502118644,481887167,984005811
8,8000000,510429587,486894107,997323694
8,8000000,502158587,453769473,955928060
8,8000000,499015916,451468372,950484288
8,8000000,499730190,451438619,951168809
8,8000000,504010008,530802473,1034812481
8,8000000,498923692,446622943,945546635
8,8000000,508866120,544930554,1053796674
8,8000000,498114463,450742600,948857063
8,8000000,502557109,451378789,953935898
8,8000000,499078738,449757159,948835897
8,8000000,502797942,529741502,1032539444
8,8000000,502906885,485968186,988875071
8,8000000,498876204,446918379,945794583
8,8000000,499483827,492539000,992022827
8,8000000,499226221,446568729,945794950
8,8000000,509270206,487423219,996693425
8,8000000,498234331,449890795,948125126
8,8000000,502283647,482790446,985074093
8,8000000,503516226,485516360,989032586
8,8000000,498275972,453772295,952048267
8,8000000,504428974,485916145,990345119
8,8000000,506612508,485838328,992450836
8,8000000,500775571,488305271,989080842
8,8000000,502479205,450914731,953393936
8,8000000,498008853,449078157,947087010
8,8000000,503170815,529679443,1032850258
8,8000000,501909175,488196881,990106056
8,8000000,504142263,486906354,991048617
8,8000000,498292988,447266540,945559528
8,8000000,500076078,486456062,986532140
8,8000000,502650272,486061684,988711956
8,8000000,498419475,447507798,945927273
8,8000000,514541230,447453168,961994398
8,8000000,498852321,446972082,945824403
8,8000000,507605462,532035321,1039640783
8,8000000,503448094,488376698,991824792
8,8000000,495969875,452375622,948345497
8,8000000,497356337,450746156,948102493
8,8000000,506562347,487686117,994248464
8,8000000,500302305,451405589,951707894
8,8000000,499456972,529475827,1028932799
8,8000000,503051299,490729850,993781149
8,8000000,496714355,452868412,949582767
8,9000000,567834462,595188971,1163023433
8,9000000,571237892,547316168,1118554060
8,9000000,563999383,510950729,1074950112
8,9000000,566787244,506256565,1073043809
8,9000000,569823252,546764558,1116587810
8,9000000,570982215,504836777,1075818992
8,9000000,565532816,609066503,1174599319
8,9000000,567612318,544441824,1112054142
8,9000000,575493680,549074029,1124567709
8,9000000,578905468,545011374,1123916842
8,9000000,570699314,548667702,1119367016
8,9000000,571702692,544414193,1116116885
8,9000000,570001424,545621813,1115623237
8,9000000,565479298,509265678,1074744976
8,9000000,564639249,508088978,1072728227
8,9000000,570440308,549153586,1119593894
8,9000000,565653804,509091884,1074745688
8,9000000,568722665,543583268,1112305933
8,9000000,566495833,507742719,1074238552
8,9000000,565247080,508304046,1073551126
8,9000000,569396315,549239739,1118636054
8,9000000,573197224,544644512,1117841736
8,9000000,572198552,548270550,1120469102
8,9000000,570036818,543649694,1113686512
8,9000000,570310906,548117222,1118428128
8,9000000,564310721,504114354,1068425075
8,9000000,574451759,547182227,1121633986
8,9000000,577687448,547842899,1125530347
8,9000000,573620880,546115364,1119736244
8,9000000,570642388,547462033,1118104421
8,9000000,565225860,509089434,1074315294
8,9000000,570672329,548802594,1119474923
8,9000000,570131178,548216112,1118347290
8,9000000,565071112,544544245,1109615357
8,9000000,567598399,545623094,1113221493
8,9000000,571221784,549496628,1120718412
8,9000000,570171922,546462657,1116634579
8,9000000,564129825,508997441,1073127266
8,9000000,575096286,547072902,1122169188
8,9000000,570354433,545191581,1115546014
8,9000000,567388002,546037752,1113425754
8,9000000,576640761,547930797,1124571558
8,9000000,567809555,548250422,1116059977
8,9000000,567611461,509154798,1076766259
8,9000000,565119164,508687270,1073806434
8,9000000,572002759,548459035,1120461794
8,9000000,572815173,549288069,1122103242
8,9000000,576384833,546942909,1123327742
8,9000000,565383863,507849153,1073233016
8,9000000,568659216,548323799,1116983015
8,9000000,565087742,506689821,1071777563
8,9000000,574345356,548241399,1122586755
8,9000000,564316469,508552390,1072868859
8,9000000,570981803,545724376,1116706179
8,9000000,565520729,549236010,1114756739
8,9000000,575601345,548952626,1124553971
8,9000000,565509205,508824169,1074333374
8,9000000,568880804,544885717,1113766521
8,9000000,570578734,546490690,1117069424
8,9000000,567296666,548316263,1115612929
8,9000000,570299036,548426904,1118725940
8,9000000,565399625,508756766,1074156391
8,9000000,565624898,507688634,1073313532
8,9000000,566879213,508524400,1075403613
8,9000000,570881068,547842108,1118723176
8,9000000,563046375,507310700,1070357075
8,9000000,570231053,545641978,1115873031
8,9000000,568780984,547788982,1116569966
8,9000000,563019677,509660072,1072679749
8,9000000,566162947,502951901,1069114848
8,9000000,565965655,544784059,1110749714
8,9000000,569085259,544467562,1113552821
8,9000000,565016649,509472242,1074488891
8,9000000,566646382,505163082,1071809464
8,9000000,564654893,508891339,1073546232
8,9000000,570638152,549899680,1120537832
8,9000000,570931229,545370152,1116301381
8,9000000,573103719,546752253,1119855972
8,9000000,570238295,553399224,1123637519
8,9000000,567572882,509531895,1077104777
8,9000000,571591091,546555028,1118146119
8,9000000,570065099,545463222,1115528321
8,9000000,568973595,545223299,1114196894
8,9000000,567769352,608463130,1176232482
8,9000000,568521682,545056854,1113578536
8,9000000,571019064,546356019,1117375083
8,9000000,562837406,508077245,1070914651
8,9000000,569227055,545974759,1115201814
8,9000000,562811964,504254634,1067066598
8,9000000,575534363,549357004,1124891367
8,9000000,575737963,548269737,1124007700
8,9000000,571900516,547425238,1119325754
8,9000000,581819517,502717766,1084537283
8,9000000,561943315,509414585,1071357900
8,9000000,562517626,508558325,1071075951
8,9000000,569986976,554659926,1124646902
8,9000000,568106734,552723311,1120830045
8,9000000,574997503,548497089,1123494592
8,9000000,576895218,544401372,1121296590
8,9000000,562988668,509775929,1072764597
8,9000000,563276835,508044848,1071321683
8,9000000,566064936,547006411,1113071347
8,9000000,569773013,504835661,1074608674
8,9000000,569867041,546063274,1115930315
8,9000000,568554836,509909387,1078464223
8,9000000,565717588,509152264,1074869852
8,9000000,564264114,509791159,1074055273
8,9000000,566177129,508412210,1074589339
8,9000000,572562739,547098385,1119661124
8,9000000,575102090,548177906,1123279996
8,9000000,571151633,544694871,1115846504
8,9000000,562808716,509841932,1072650648
8,9000000,579371983,551774918,1131146901
8,9000000,571620154,509455794,1081075948
8,9000000,571488095,544749633,1116237728
8,10000000,632217954,567306176,1199524130
8,10000000,633606794,619977496,1253584290
8,10000000,641213991,611090411,1252304402
8,10000000,638679511,604981819,1243661330
8,10000000,638276612,609644075,1247920687
8,10000000,643265055,609070063,1252335118
8,10000000,630980920,560606434,1191587354
8,10000000,645191048,610313500,1255504548
8,10000000,631671930,564991649,1196663579
8,10000000,643400446,609893734,1253294180
8,10000000,638258914,609130644,1247389558
8,10000000,638261576,612262441,1250524017
8,10000000,643798934,610734508,1254533442
8,10000000,643831773,608315740,1252147513
8,10000000,636975575,608678249,1245653824
8,10000000,636055835,606542094,1242597929
8,10000000,645629225,608163487,1253792712
8,10000000,638229275,609641552,1247870827
8,10000000,634574040,565947760,1200521800
8,10000000,632212126,566146281,1198358407
8,10000000,637748339,607798731,1245547070
8,10000000,640586526,677955193,1318541719
8,10000000,644899642,619214091,1264113733
8,10000000,637530038,609779648,1247309686
8,10000000,636603875,605942837,1242546712
8,10000000,646118807,610619171,1256737978
8,10000000,637004478,617904060,1254908538
8,10000000,644429134,609432244,1253861378
8,10000000,646046088,610602918,1256649006
8,10000000,633360194,565672294,1199032488
8,10000000,632530899,610156804,1242687703
8,10000000,635682133,678279809,1313961942
8,10000000,638475497,606389740,1244865237
8,10000000,632162444,566501478,1198663922
8,10000000,641846134,607942620,1249788754
8,10000000,633214869,566708995,1199923864
8,10000000,639743930,613261705,1253005635
8,10000000,633205309,566067020,1199272329
8,10000000,640165153,608893098,1249058251
8,10000000,644768175,611058143,1255826318
8,10000000,638517944,606757712,1245275656
8,10000000,632471592,567486136,1199957728
8,10000000,636291423,609905188,1246196611
8,10000000,636922651,607061351,1243984002
8,10000000,638710219,607321629,1246031848
8,10000000,643786361,607369162,1251155523
8,10000000,630137597,570622789,1200760386
8,10000000,638765498,606619022,1245384520
8,10000000,635794751,568683468,1204478219
8,10000000,629751129,565695381,1195446510
8,10000000,646326614,679981828,1326308442
8,10000000,632217668,606407816,1238625484
8,10000000,637866873,608384336,1246251209
8,10000000,651792665,561615845,1213408510
8,10000000,639083703,610703506,1249787209
8,10000000,632403637,561355677,1193759314
8,10000000,640863621,680946832,1321810453
8,10000000,632743827,614091272,1246835099
8,10000000,643366748,609183549,1252550297
8,10000000,640866576,610462962,1251329538
8,10000000,633483508,564462254,1197945762
8,10000000,634788371,612169820,1246958191
8,10000000,637980110,616517319,1254497429
8,10000000,633006317,561600341,1194606658
8,10000000,629798278,565317305,1195115583
8,10000000,639841202,612862263,1252703465
8,10000000,638134886,609790287,1247925173
8,10000000,634053874,678865370,1312919244
8,10000000,636261221,606663335,1242924556
8,10000000,637920859,557502702,1195423561
8,10000000,633901113,612312384,1246213497
8,10000000,632373857,616278651,1248652508
8,10000000,641714660,558851464,1200566124
8,10000000,640669497,610742925,1251412422
8,10000000,632709304,564771409,1197480713
8,10000000,643599307,610631179,1254230486
8,10000000,644993860,608409694,1253403554
8,10000000,638363588,612165597,1250529185
8,10000000,632668511,603699275,1236367786
8,10000000,639508070,610982010,1250490080
8,10000000,637301834,612751013,1250052847
8,10000000,644365181,609180661,1253545842
8,10000000,639569895,619574241,1259144136
8,10000000,633700736,565149902,1198850638
8,10000000,633701167,678101949,1311803116
8,10000000,636552612,607263259,1243815871
8,10000000,633485187,677066879,1310552066
8,10000000,636434300,610437957,1246872257
8,10000000,632493592,606979372,1239472964
8,10000000,632943373,605510497,1238453870
8,10000000,645244260,610024812,1255269072
8,10000000,632738084,566808043,1199546127
8,10000000,636556172,606912935,1243469107
8,10000000,638342518,609746932,1248089450
8,10000000,643746273,610699176,1254445449
8,10000000,647215840,608742305,1255958145
8,10000000,633643882,567270419,1200914301
8,10000000,644110145,609060914,1253171059
8,10000000,638498374,607519693,1246018067
8,10000000,640837420,613833939,1254671359
8,10000000,637477470,610418898,1247896368
8,10000000,641477891,607935894,1249413785
8,10000000,636457792,605647534,1242105326
8,10000000,637405928,617184255,1254590183
8,10000000,641992710,608689463,1250682173
8,10000000,637341575,610162802,1247504377
8,10000000,633035421,559316107,1192351528
8,10000000,654224451,557733121,1211957572
8,10000000,643307150,610240067,1253547217
8,10000000,632532815,566305619,1198838434
8,10000000,637442119,608270737,1245712856
8,10000000,638301833,610115540,1248417373
8,10000000,637787028,606711335,1244498363
8,10000000,638362294,609870338,1248232632
8,10000000,636378127,679407928,1315786055
8,10000000,634828975,609817338,1244646313
8,10000000,629534996,564756883,1194291879
8,10000000,630753338,565818561,1196571899
8,10000000,643230910,610215391,1253446301
8,10000000,636136876,614024720,1250161596
8,10000000,642675343,608560754,1251236097
8,10000000,639044148,607296031,1246340179
8,10000000,645068795,609462764,1254531559
8,10000000,644600688,678870771,1323471459
8,10000000,637288420,609509050,1246797470
8,10000000,639460754,607524194,1246984948
8,10000000,633582863,560080022,1193662885
8,10000000,644838591,610335171,1255173762
8,10000000,653736421,562622017,1216358438
8,10000000,632224107,566346687,1198570794
8,10000000,646429178,610227977,1256657155
8,10000000,646075814,610852735,1256928549
8,10000000,636276742,605666610,1241943352
8,10000000,636074720,604496534,1240571254
8,10000000,646029190,609309460,1255338650
8,10000000,633573238,565356520,1198929758
8,10000000,629738409,566032306,1195770715
8,10000000,634182342,608029781,1242212123
8,10000000,644107552,610277611,1254385163
8,10000000,644980358,609569614,1254549972
8,10000000,633276309,566322436,1199598745
8,10000000,631793859,605852215,1237646074
8,10000000,633048395,565823035,1198871430
8,10000000,638949056,610321161,1249270217
8,10000000,632709876,605482230,1238192106
8,10000000,634883610,607821390,1242705000
8,10000000,632070361,568366677,1200437038
8,10000000,632901619,566856099,1199757718
8,10000000,636801626,606203470,1243005096
8,10000000,638335241,608278423,1246613664
8,10000000,630272152,566139147,1196411299
8,10000000,632572270,566128438,1198700708
8,10000000,633542131,566633542,1200175673
8,10000000,635784696,606920593,1242705289
8,10000000,644702146,609807186,1254509332
8,10000000,633702959,628091273,1261794232
8,10000000,643832490,607626470,1251458960
8,10000000,634976154,606353832,1241329986
8,10000000,632997098,566330315,1199327413
8,10000000,637814921,560631279,1198446200
8,10000000,630866165,557994532,1188860697
8,10000000,639927490,610329122,1250256612
8,10000000,639857867,608780094,1248637961
8,10000000,638220130,609758675,1247978805
8,10000000,637404114,618142713,1255546827
8,10000000,640974661,611140323,1252114984
8,10000000,632358446,566333804,1198692250
8,10000000,644637093,609617580,1254254673
8,10000000,636693066,607003993,1243697059
8,10000000,635351261,606470457,1241821718
8,10000000,631328541,565194405,1196522946
8,10000000,643766578,610408331,1254174909
8,10000000,636962153,605931706,1242893859
8,10000000,635241258,605827095,1241068353
8,10000000,630865691,563598409,1194464100
8,10000000,637327680,607628060,1244955740
8,10000000,632076710,565751062,1197827772
8,10000000,636551538,605425474,1241977012
8,10000000,637368050,610160449,1247528499
8,10000000,639853365,615006230,1254859595
8,10000000,643473105,608608889,1252081994
8,10000000,645137591,611480459,1256618050
8,10000000,637278242,610481079,1247759321
8,10000000,644230238,606217398,1250447636
8,10000000,639411480,608047655,1247459135
8,10000000,634076306,563870353,1197946659
8,10000000,642690875,609738638,1252429513
8,10000000,632911374,565421042,1198332416
8,10000000,632189859,602401268,1234591127
8,10000000,640816620,609657001,1250473621
8,10000000,639295602,607140883,1246436485
8,10000000,637068552,616887719,1253956271
8,10000000,644605936,610494393,1255100329
8,10000000,638939375,606714957,1245654332
8,10000000,639008161,606622111,1245630272
8,10000000,636376674,606245122,1242621796
8,10000000,632982271,562590867,1195573138
8,10000000,632830361,605791590,1238621951
8,10000000,638494423,609811179,1248305602
8,10000000,639783850,609002759,1248786609
8,10000000,642291140,609971670,1252262810
8,10000000,635780519,616433854,1252214373
8,10000000,630964429,567099802,1198064231
8,10000000,639947522,610847805,1250795327
8,10000000,639069058,605024688,1244093746
8,10000000,640738028,609318697,1250056725
8,10000000,633835843,564532873,1198368716
8,10000000,644881675,609026271,1253907946
8,10000000,634367751,565608746,1199976497
8,10000000,638899406,606517799,1245417205
8,10000000,639062043,609754389,1248816432
8,10000000,635669890,610036406,1245706296
8,10000000,637219517,606318284,1243537801
8,10000000,638870842,607703807,1246574649
8,10000000,640280866,556977325,1197258191
8,10000000,632660885,565462960,1198123845
8,10000000,644238373,610519911,1254758284
8,10000000,638159353,604844246,1243003599
8,10000000,632223436,565868002,1198091438
8,10000000,638132767,606687329,1244820096
8,10000000,634764191,561067118,1195831309
8,10000000,629761406,562987901,1192749307
8,10000000,640347954,610435149,1250783103
8,10000000,637742255,561749383,1199491638
8,10000000,633969874,566602049,1200571923
8,10000000,632547369,565351716,1197899085
8,10000000,646060626,607154222,1253214848
8,10000000,636441243,611657992,1248099235
8,10000000,631117423,558068182,1189185605
8,10000000,636913750,612527320,1249441070
8,20000000,1337516218,1335481760,2672997978
8,20000000,1335933415,1232167361,2568100776
8,20000000,1357171445,1359381880,2716553325
8,20000000,1333115629,1220842517,2553958146
8,20000000,1333360329,1229901303,2563261632
8,20000000,1351480709,1225589413,2577070122
8,20000000,1321692233,1139177829,2460870062
8,20000000,1318921198,1132196966,2451118164
8,20000000,1318179170,1233950905,2552130075
8,20000000,1324521461,1138177219,2462698680
8,20000000,1319108154,1141761032,2460869186
8,20000000,1334851751,1217971071,2552822822
8,20000000,1316722860,1137526927,2454249787
8,20000000,1324084223,1129513438,2453597661
8,20000000,1339113645,1227792610,2566906255
8,20000000,1333219106,1218117395,2551336501
8,20000000,1348053184,1227824615,2575877799
8,20000000,1336470818,1227330417,2563801235
8,20000000,1329702815,1222563898,2552266713
8,20000000,1333424156,1218306872,2551731028
8,20000000,1342931328,1228948650,2571879978
8,20000000,1343342398,1224441894,2567784292
8,20000000,1324719210,1136747256,2461466466
8,20000000,1337964001,1208572282,2546536283
8,20000000,1336211740,1219098206,2555309946
8,20000000,1338211531,1225611320,2563822851
8,20000000,1334798273,1218327306,2553125579
8,20000000,1336626536,1225118608,2561745144
8,20000000,1323420180,1142289176,2465709356
8,20000000,1336238660,1215679897,2551918557
8,20000000,1331517684,1218793920,2550311604
8,20000000,1346461555,1226841142,2573302697
8,20000000,1336088072,1230497912,2566585984
8,20000000,1346591960,1224663348,2571255308
8,20000000,1339555776,1219071335,2558627111
8,20000000,1338570865,1224401990,2562972855
8,20000000,1318824129,1134275911,2453100040
8,20000000,1320222594,1215874295,2536096889
8,20000000,1340713967,1225720124,2566434091
8,20000000,1348244003,1225288042,2573532045
8,20000000,1337258964,1216814178,2554073142
8,20000000,1344137662,1215174002,2559311664
8,20000000,1338613182,1226735063,2565348245
8,20000000,1317659334,1139680031,2457339365
8,20000000,1336630923,1226872632,2563503555
8,20000000,1329645732,1360558016,2690203748
8,20000000,1336001059,1220890174,2556891233
8,20000000,1333158632,1219325736,2552484368
8,20000000,1337215272,1220154647,2557369919
8,20000000,1321219730,1139305137,2460524867
8,20000000,1338755999,1227148048,2565904047
8,20000000,1321889854,1137974414,2459864268
8,20000000,1339174414,1220621645,2559796059
8,20000000,1349736734,1224821619,2574558353
8,20000000,1341411927,1226416212,2567828139
8,20000000,1335043202,1215976029,2551019231
8,20000000,1322270811,1131843542,2454114353
8,20000000,1327748620,1217050086,2544798706
8,20000000,1337559246,1221130501,2558689747
8,20000000,1346160251,1227823002,2573983253
8,20000000,1336906429,1227934270,2564840699
8,20000000,1337503904,1224979100,2562483004
8,20000000,1323651615,1131396288,2455047903
8,20000000,1324303977,1228161268,2552465245
8,20000000,1336111578,1218638151,2554749729
8,20000000,1318903467,1143733739,2462637206
8,20000000,1333707351,1222096265,2555803616
8,20000000,1354490089,1226976372,2581466461
8,20000000,1338297849,1229148256,2567446105
8,20000000,1337420661,1227825573,2565246234
8,20000000,1346762243,1219758239,2566520482
8,20000000,1337331840,1219950898,2557282738
8,20000000,1338017629,1212210208,2550227837
8,20000000,1315851448,1144274820,2460126268
8,20000000,1323963858,1221067914,2545031772
8,20000000,1334908459,1214198647,2549107106
8,20000000,1337328832,1227882965,2565211797
8,20000000,1325489325,1139838703,2465328028
8,20000000,1344500680,1226720867,2571221547
8,20000000,1322127667,1141000819,2463128486
8,20000000,1319322963,1140020353,2459343316
8,20000000,1340220268,1225207274,2565427542
8,20000000,1325603886,1139364686,2464968572
8,20000000,1332234278,1219077042,2551311320
8,20000000,1329729883,1219066682,2548796565
8,20000000,1327165945,1220863773,2548029718
8,20000000,1342149991,1334115642,2676265633
8,20000000,1335688219,1219865740,2555553959
8,20000000,1335824144,1221295163,2557119307
8,20000000,1322394253,1217990644,2540384897
8,20000000,1337893342,1218696053,2556589395
8,20000000,1319256167,1141393212,2460649379
8,20000000,1333162799,1218875371,2552038170
8,20000000,1322616508,1217225759,2539842267
8,20000000,1336935932,1224677471,2561613403
8,20000000,1351580576,1223982460,2575563036
8,20000000,1340767750,1227052046,2567819796
8,20000000,1337897588,1217563977,2555461565
8,20000000,1348033705,1222597016,2570630721
8,20000000,1336269630,1220875175,2557144805
8,20000000,1352076748,1226676277,2578753025
8,20000000,1322866547,1118212215,2441078762
8,20000000,1334453976,1217343370,2551797346
8,20000000,1318963474,1139197942,2458161416
8,20000000,1335228371,1217488999,2552717370
8,20000000,1334046510,1217095842,2551142352
8,20000000,1318500648,1201636077,2520136725
8,20000000,1326258542,1219915244,2546173786
8,20000000,1345850032,1227215042,2573065074
8,20000000,1317146585,1141120733,2458267318
8,20000000,1335586232,1227630406,2563216638
8,20000000,1327204536,1219560684,2546765220
8,20000000,1318365313,1133896775,2452262088
8,20000000,1345765015,1226172209,2571937224
8,20000000,1347140341,1228054083,2575194424
8,30000000,2042086251,1840594440,3882680691
8,30000000,2039941288,1839933311,3879874599
8,30000000,2165998868,1843934415,4009933283
8,30000000,2060522896,1834722804,3895245700
8,30000000,2061380000,1848092660,3909472660
8,30000000,2029354709,1714835911,3744190620
8,30000000,2055118549,1834132153,3889250702
8,30000000,2056461431,1841191504,3897652935
8,30000000,2060300652,1843960986,3904261638
8,30000000,2039720822,1838773657,3878494479
8,30000000,2158102069,1841552519,3999654588
8,30000000,2065830943,1830260592,3896091535
8,30000000,2085469197,2009926306,4095395503
8,30000000,2064134920,1834530078,3898664998
8,30000000,2055874215,1834428578,3890302793
8,30000000,2034395803,1709071344,3743467147
8,30000000,2026492401,1700102476,3726594877
8,30000000,2063129753,1839667817,3902797570
8,30000000,2041064120,1836070895,3877135015
8,30000000,2028256109,1680043058,3708299167
8,30000000,2065129098,1845504044,3910633142
8,30000000,2064346344,1844902893,3909249237
8,30000000,2064258976,1825599931,3889858907
8,30000000,2061499359,1847733957,3909233316
8,30000000,2063453388,1834147284,3897600672
8,30000000,2064652595,1845578875,3910231470
8,30000000,2165732737,1849799801,4015532538
8,30000000,2031593793,1692540829,3724134622
8,30000000,2063848619,1843771104,3907619723
8,30000000,2032469253,1712252060,3744721313
8,30000000,2041258671,1836889278,3878147949
8,30000000,2036647625,1837937580,3874585205
8,30000000,2043306401,1709798083,3753104484
8,30000000,2072740486,1842047080,3914787566
8,30000000,2061648735,1842085766,3903734501
8,30000000,2065995008,1833860731,3899855739
8,30000000,2062279803,1834896312,3897176115
8,30000000,2064626022,1834833064,3899459086
8,30000000,2166974911,1705092732,3872067643
8,30000000,2058683061,1829614700,3888297761
8,30000000,2059362348,1832187019,3891549367
8,30000000,2061890442,1830495101,3892385543
8,30000000,2058280235,1832973319,3891253554
8,30000000,2031704415,1802899534,3834603949
8,30000000,2028353276,1709473694,3737826970
8,30000000,2162024730,1838089680,4000114410
8,30000000,2061919379,1831023609,3892942988
8,30000000,2041516020,1835874692,3877390712
8,30000000,2059058861,1838901383,3897960244
8,30000000,2064197318,1842582920,3906780238
8,30000000,2041481359,1837825074,3879306433
8,30000000,2045085367,1835564009,3880649376
8,30000000,2026219554,1714823429,3741042983
8,30000000,2027919138,1702834094,3730753232
8,30000000,2065084350,1838752201,3903836551
8,30000000,2035428673,1693281412,3728710085
8,30000000,2063568872,1846428634,3909997506
8,30000000,2062245362,1835494410,3897739772
8,30000000,2152427288,1850569732,4002997020
8,30000000,2036166834,1841998911,3878165745
8,30000000,2140724607,1850259689,3990984296
8,30000000,2063952874,1844300983,3908253857
8,30000000,2034349496,1715841933,3750191429
8,30000000,2028298346,1714146207,3742444553
8,30000000,2035957618,1712260371,3748217989
8,30000000,2064148543,1837145774,3901294317
8,30000000,2059959150,1843993507,3903952657
8,30000000,2051829218,2011785392,4063614610
8,30000000,2170328942,1845886461,4016215403
8,30000000,2061486651,1841865726,3903352377
8,30000000,2067712666,1848964264,3916676930
8,30000000,2044434705,1847113055,3891547760
8,30000000,2157451068,1850558485,4008009553
8,30000000,2044498351,1999264548,4043762899
8,30000000,2077216415,1837747679,3914964094
8,30000000,2063968228,1835544926,3899513154
8,30000000,2041513617,1829955087,3871468704
8,30000000,2063011497,1839776307,3902787804
8,30000000,2043211808,1847442883,3890654691
8,30000000,2067978831,1844646905,3912625736
8,30000000,2063416360,1846997608,3910413968
8,30000000,2169789925,1841558017,4011347942
8,30000000,2035468314,1707085551,3742553865
8,30000000,2064141514,1827667441,3891808955
8,30000000,2057514200,1838803631,3896317831
8,30000000,2166394734,1847660575,4014055309
8,30000000,2030770483,1714459766,3745230249
8,30000000,2165351921,1842070880,4007422801
8,30000000,2067185356,1840605286,3907790642
8,30000000,2033532105,1711935598,3745467703
8,30000000,2031176134,2009524438,4040700572
8,30000000,2063188753,1839490934,3902679687
8,30000000,2042701180,1832996075,3875697255
8,30000000,2060733791,1833923165,3894656956
8,30000000,2044073760,1832769363,3876843123
8,30000000,2061945437,1843050126,3904995563
8,30000000,2030418206,1709002416,3739420622
8,30000000,2166307393,1845340354,4011647747
8,30000000,2043240569,1837855867,3881096436
8,30000000,2063928235,1845502547,3909430782
8,30000000,2057865861,1840909915,3898775776
8,30000000,2056800374,1838518282,3895318656
8,30000000,2066964749,1833634528,3900599277
8,30000000,2115136085,1686988709,3802124794
8,30000000,2043371044,1832415466,3875786510
8,30000000,2062999763,1840073493,3903073256
8,30000000,2064150567,1844478678,3908629245
8,30000000,2035673087,1700766517,3736439604
8,30000000,2062591786,1847531314,3910123100
8,30000000,2058314769,1837265044,3895579813
8,30000000,2063760750,1833090737,3896851487
8,30000000,2169856519,1843149601,4013006120
8,30000000,2063582115,1839219168,3902801283
8,30000000,2060187731,1844472477,3904660208
8,30000000,2059581877,1831652283,3891234160
8,40000000,2917721306,2467415821,5385137127
8,40000000,2761594221,2263717800,5025312021
8,40000000,2803753880,2666059983,5469813863
8,40000000,2802596644,2667470579,5470067223
8,40000000,2804747324,2661937227,5466684551
8,40000000,2796565426,2661805415,5458370841
8,40000000,2746122944,2277326569,5023449513
8,40000000,2797147767,2461458486,5258606253
8,40000000,2758567750,2293035196,5051602946
8,40000000,2765932989,2285073846,5051006835
8,40000000,2801245563,2668830227,5470075790
8,40000000,2914388997,2460101003,5374490000
8,40000000,2759049857,2252691918,5011741775
8,40000000,2773162431,2670016370,5443178801
8,40000000,2832305455,2452536953,5284842408
8,40000000,2791964179,2667876476,5459840655
8,40000000,2806763936,2457677525,5264441461
8,40000000,2802158236,2454025478,5256183714
8,40000000,2923580405,2459538708,5383119113
8,40000000,2766919637,2289024873,5055944510
8,40000000,2775384491,2666604294,5441988785
8,40000000,2809681546,2664562525,5474244071
8,40000000,2802973844,2455399846,5258373690
8,40000000,2771814965,2286804917,5058619882
8,40000000,2800561585,2458506778,5259068363
8,40000000,2776659496,2668090052,5444749548
8,40000000,2762917354,2295531822,5058449176
8,40000000,2915046200,2459211231,5374257431
8,40000000,2760881576,2267780126,5028661702
8,40000000,2762992578,2264201911,5027194489
8,40000000,2796707677,2466033070,5262740747
8,40000000,2798957797,2668623540,5467581337
8,40000000,2761716321,2284353140,5046069461
8,40000000,2797070484,2461123537,5258194021
8,40000000,2777838447,2272079764,5049918211
8,40000000,2756291289,2264822755,5021114044
8,40000000,2761370245,2283829670,5045199915
8,40000000,2802151233,2665011079,5467162312
8,40000000,2762668325,2272285447,5034953772
8,40000000,2797051734,2661064485,5458116219
8,40000000,2765718774,2286058211,5051776985
8,40000000,2768306483,2293652987,5061959470
8,40000000,2806604333,2659298134,5465902467
8,40000000,2920169553,2460141447,5380311000
8,40000000,2755079268,2289161485,5044240753
8,40000000,2752010511,2265287875,5017298386
8,40000000,2754552389,2294234175,5048786564
8,40000000,2855157235,2462603814,5317761049
8,40000000,2808544751,2669348298,5477893049
8,40000000,2765498378,2674175914,5439674292
8,40000000,2759798127,2285290222,5045088349
8,40000000,2765042818,2277381955,5042424773
8,40000000,2801822171,2662287440,5464109611
8,40000000,2798895402,2447225853,5246121255
8,40000000,2855591786,2457818931,5313410717
8,40000000,2776885605,2671624254,5448509859
8,40000000,2802127423,2674856783,5476984206
8,40000000,2795337102,2665838920,5461176022
8,40000000,2797583785,2462884814,5260468599
8,40000000,2755152951,2284018635,5039171586
8,40000000,2800574537,2462821473,5263396010
8,40000000,2802850793,2671906201,5474756994
8,40000000,2852530462,2481873280,5334403742
8,40000000,2765046740,2281150099,5046196839
8,40000000,2775065541,2458976511,5234042052
8,40000000,2797341790,2667153899,5464495689
8,40000000,2756751249,2292391443,5049142692
8,40000000,2764589578,2279655387,5044244965
8,40000000,2796843988,2464541708,5261385696
8,40000000,2866867892,2262327169,5129195061
8,40000000,2796583661,2662967180,5459550841
8,40000000,2793391289,2666432124,5459823413
8,40000000,2751912729,2280892237,5032804966
8,40000000,2748925820,2288892221,5037818041
8,40000000,2800300380,2666633318,5466933698
8,40000000,2803666812,2664537606,5468204418
8,40000000,2747285813,2284327456,5031613269
8,40000000,2810064349,2668507361,5478571710
8,40000000,2808106968,2667169902,5475276870
8,40000000,2797624129,2665675872,5463300001
8,40000000,2910005015,2460286577,5370291592
8,40000000,2767949553,2284619456,5052569009
8,40000000,2764890636,2268857209,5033747845
8,40000000,2772831921,2450167336,5222999257
8,40000000,2764460800,2279384945,5043845745
8,40000000,2771785270,2453041663,5224826933
8,40000000,2801523920,2664571120,5466095040
8,40000000,2766023200,2262079633,5028102833
8,40000000,2762345078,2282635528,5044980606
8,40000000,2768893950,2266866438,5035760388
8,40000000,2908269090,2463771034,5372040124
8,40000000,2914218581,2472589246,5386807827
8,40000000,2764260325,2283343332,5047603657
8,40000000,2932083770,2457674953,5389758723
8,40000000,2761317084,2282756823,5044073907
8,40000000,2916560896,2268609722,5185170618
8,40000000,2806067378,2667108093,5473175471
8,40000000,2910004207,2469247865,5379252072
8,40000000,2795452280,2668795785,5464248065
8,40000000,2771118983,2284482315,5055601298
8,40000000,2798543747,2671711773,5470255520
8,40000000,2801600460,2452262413,5253862873
8,40000000,2801884875,2449771917,5251656792
8,40000000,2759503607,2290343679,5049847286
8,40000000,2796536486,2669065063,5465601549
8,40000000,2794880027,2672575673,5467455700
8,40000000,2802005951,2665510130,5467516081
8,40000000,2809863116,2458198674,5268061790
8,40000000,2774368205,2659111249,5433479454
8,40000000,2763743813,2279447048,5043190861
8,40000000,2764812114,2259454350,5024266464
8,40000000,2764913856,2285624141,5050537997
8,40000000,2794773041,2672287040,5467060081
8,40000000,2797191269,2671244947,5468436216
8,40000000,2793860754,2446335203,5240195957
8,50000000,3515577195,3327993873,6843571068
8,50000000,3646652686,3077739750,6724392436
8,50000000,3505772673,3339115566,6844888239
8,50000000,3520293849,3343532741,6863826590
8,50000000,3511637355,3337347146,6848984501
8,50000000,3507131550,2866158624,6373290174
8,50000000,3515996162,2851698057,6367694219
8,50000000,3487025034,2854822876,6341847910
8,50000000,3513637017,3334152455,6847789472
8,50000000,3485801752,2853711715,6339513467
8,50000000,3505710785,2835256198,6340966983
8,50000000,3623994337,3082133509,6706127846
8,50000000,3502820363,3080161807,6582982170
8,50000000,3502105409,2827861428,6329966837
8,50000000,3501474418,3085926789,6587401207
8,50000000,3536607822,3080630303,6617238125
8,50000000,3620653461,3081631338,6702284799
8,50000000,3500507440,2828361246,6328868686
8,50000000,3694445608,3079325189,6773770797
8,50000000,3499943169,2832027916,6331971085
8,50000000,3494312552,3168246639,6662559191
8,50000000,3510363506,3074415298,6584778804
8,50000000,3623054420,3096443589,6719498009
8,50000000,3559401129,3062858298,6622259427
8,50000000,3560214095,3078807303,6639021398
8,50000000,3526450820,3083571046,6610021866
8,50000000,3516124117,3335419836,6851543953
8,50000000,3490096116,2859772958,6349869074
8,50000000,3574349139,3057285202,6631634341
8,50000000,3625793114,3093935004,6719728118
8,50000000,3511982527,3340530326,6852512853
8,50000000,3488612376,3334767961,6823380337
8,50000000,3485524616,2824648232,6310172848
8,50000000,3501902739,2828028042,6329930781
8,50000000,3518471352,3336189936,6854661288
8,50000000,3654282475,3076451185,6730733660
8,50000000,3503785420,2833427647,6337213067
8,50000000,3501682256,3154567534,6656249790
8,50000000,3515842611,3057564829,6573407440
8,50000000,3510125761,3075199226,6585324987
8,50000000,3518740778,3327002307,6845743085
8,50000000,3626389710,3083124965,6709514675
8,50000000,3503279567,2857708606,6360988173
8,50000000,3531000892,3079527967,6610528859
8,50000000,3509868064,3342477151,6852345215
8,50000000,3499421642,2846182402,6345604044
8,50000000,3513992094,3083929398,6597921492
8,50000000,3490821727,2866103841,6356925568
8,50000000,3489568242,2860008589,6349576831
8,50000000,3527899192,3076991437,6604890629
8,50000000,3489691922,2856311551,6346003473
8,50000000,3511164681,3334597643,6845762324
8,50000000,3501447228,2833151645,6334598873
8,50000000,3500622586,3055054187,6555676773
8,50000000,3493626387,3000303566,6493929953
8,50000000,3637744533,3081874037,6719618570
8,50000000,3514034480,3334164121,6848198601
8,50000000,3517020576,3038231420,6555251996
8,50000000,3654636073,2853184484,6507820557
8,50000000,3508246710,3336706525,6844953235
8,50000000,3499857920,2854306447,6354164367
8,50000000,3506764660,3334186891,6840951551
8,50000000,3510684661,3062370816,6573055477
8,50000000,3631046336,3087278959,6718325295
8,50000000,3515873767,3336040071,6851913838
8,50000000,3632347323,3080989282,6713336605
8,50000000,3514757205,3062073514,6576830719
8,50000000,3650431149,2826507825,6476938974
8,50000000,3495735931,3025164040,6520899971
8,50000000,3693763399,3039274639,6733038038
8,50000000,3638996108,2853132817,6492128925
8,50000000,3500153667,2826567186,6326720853
8,50000000,3516982689,3339943201,6856925890
8,50000000,3636017607,3084194054,6720211661
8,50000000,3500828465,2838177487,6339005952
8,50000000,3488815133,2855816331,6344631464
8,50000000,3483435830,2865398719,6348834549
8,50000000,3519136847,3344175886,6863312733
8,50000000,3521688163,3341352336,6863040499
8,50000000,3523221229,3331249424,6854470653
8,50000000,3510538023,3332104815,6842642838
8,50000000,3502320026,2851439302,6353759328
8,50000000,3490025391,2856974245,6346999636
8,50000000,3499385169,2839703252,6339088421
8,50000000,3511185811,3338099852,6849285663
8,50000000,3553610982,3055006847,6608617829
8,50000000,3692649586,2850996486,6543646072
8,50000000,3482300641,2818707965,6301008606
8,50000000,3490055656,2855090523,6345146179
8,50000000,3648817458,3075572043,6724389501
8,50000000,3681759149,3080990378,6762749527
8,50000000,3499340736,2857227860,6356568596
8,50000000,3494890562,2852772357,6347662919
8,50000000,3509120151,2849910726,6359030877
8,50000000,3490083325,2850517631,6340600956
8,50000000,3500766848,3075550782,6576317630
8,50000000,3517019994,3331363983,6848383977
8,50000000,3496905689,2831515325,6328421014
8,50000000,3503834420,2850482079,6354316499
8,50000000,3500621265,2838853601,6339474866
8,50000000,3517811027,3335205149,6853016176
8,50000000,3513600659,3327891614,6841492273
8,50000000,3620838630,3038887670,6659726300
8,50000000,3523990698,3340555208,6864545906
8,50000000,3639686647,3076572052,6716258699
8,50000000,3664113128,3078403627,6742516755
8,50000000,3512860473,3336130474,6848990947
8,50000000,3659711654,2834120081,6493831735
8,50000000,3507104439,2857704607,6364809046
8,50000000,3489286962,2851322137,6340609099
8,50000000,3504314346,3330705794,6835020140
8,50000000,3514243361,3328256052,6842499413
8,50000000,3500230695,2850859263,6351089958
8,50000000,3555574942,3057149963,6612724905
8,50000000,3515364747,3338318842,6853683589
8,60000000,4247456580,3424165695,7671622275
8,60000000,4248764106,3406929891,7655693997
8,60000000,4243316325,3405846524,7649162849
8,60000000,4416884314,3691892932,8108777246
8,60000000,4233346665,3408029236,7641375901
8,60000000,4242042810,3426215691,7668258501
8,60000000,4226959319,3423997660,7650956979
8,60000000,4249526151,3405242350,7654768501
8,60000000,4250477452,3425956217,7676433669
8,60000000,4259801204,3798910820,8058712024
8,60000000,4246397395,3413013397,7659410792
8,60000000,4242335884,3423161043,7665496927
8,60000000,4361252511,3703038362,8064290873
8,60000000,4361963296,3692827726,8054791022
8,60000000,4248122587,3410261436,7658384023
8,60000000,4249404234,3405621053,7655025287
8,60000000,4242538948,3410457145,7652996093
8,60000000,4253574018,3405338418,7658912436
8,60000000,4370455975,3710264729,8080720704
8,60000000,4240308833,3395792030,7636100863
8,60000000,4245958343,3394982989,7640941332
8,60000000,4246300000,3425635208,7671935208
8,60000000,4261319902,3431353337,7692673239
8,60000000,4373245621,3697804531,8071050152
8,60000000,4245577711,3383273078,7628850789
8,60000000,4246435406,3423894908,7670330314
8,60000000,4237232023,4015589982,8252822005
8,60000000,4369998701,3412775933,7782774634
8,60000000,4230731337,3422585614,7653316951
8,60000000,4372850660,3421637111,7794487771
8,60000000,4238101011,3424319406,7662420417
8,60000000,4240215615,3428971905,7669187520
8,60000000,4241498681,3423040494,7664539175
8,60000000,4274546428,3669739325,7944285753
8,60000000,4247561582,3404071668,7651633250
8,60000000,4376633603,3704920796,8081554399
8,60000000,4253350432,3422849655,7676200087
8,60000000,4235415703,3396778826,7632194529
8,60000000,4254902739,3409707014,7664609753
8,60000000,4251875262,3395722643,7647597905
8,60000000,4248091058,3632234681,7880325739
8,60000000,4242031932,3444466841,7686498773
8,60000000,4233494769,3419788203,7653282972
8,60000000,4234221146,3439364243,7673585389
8,60000000,4252628153,3438624420,7691252573
8,60000000,4231903995,3422126970,7654030965
8,60000000,4242302319,3424310308,7666612627
8,60000000,4404318865,3703403983,8107722848
8,60000000,4241972660,3395827408,7637800068
8,60000000,4323774472,3612827727,7936602199
8,60000000,4230603568,3430686942,7661290510
8,60000000,4234780514,3406523578,7641304092
8,60000000,4249115391,3434526916,7683642307
8,60000000,4250850924,4002223996,8253074920
8,60000000,4230182094,3419890644,7650072738
8,60000000,4242441645,3427866095,7670307740
8,60000000,4248210422,3426371994,7674582416
8,60000000,4244558124,3435671724,7680229848
8,60000000,4229794861,3420296949,7650091810
8,60000000,4246487761,3422067884,7668555645
8,60000000,4242002024,3698598728,7940600752
8,60000000,4247627276,3426932516,7674559792
8,60000000,4417180070,3696206917,8113386987
8,60000000,4237615690,3421101285,7658716975
8,60000000,4254103886,4002916115,8257020001
8,60000000,4242008754,3779800917,8021809671
8,60000000,4366413063,3697078791,8063491854
8,60000000,4248647881,3409852459,7658500340
8,60000000,4353732198,3689128754,8042860952
8,60000000,4516423349,3692748422,8209171771
8,60000000,4228785055,3422720832,7651505887
8,60000000,4228351897,3435933260,7664285157
8,60000000,4237830626,3435552134,7673382760
8,60000000,4229019809,3423505010,7652524819
8,60000000,4256450866,3399757658,7656208524
8,60000000,4403533620,3691784824,8095318444
8,60000000,4251418849,3428571083,7679989932
8,60000000,4255783690,3645914493,7901698183
8,60000000,4232817677,3449178946,7681996623
8,60000000,4257652138,3399693738,7657345876
8,60000000,4366764531,3704559303,8071323834
8,60000000,4244793103,4005302577,8250095680
8,60000000,4229523969,3424852666,7654376635
8,60000000,4367204710,3693821854,8061026564
8,60000000,4252111410,3404101047,7656212457
8,60000000,4240277440,3421306364,7661583804
8,60000000,4254693213,3431937409,7686630622
8,60000000,4255679777,3995388561,8251068338
8,60000000,4248410291,3416789733,7665200024
8,60000000,4248254004,3404290857,7652544861
8,60000000,4243076491,3413439023,7656515514
8,60000000,4248771253,3429818773,7678590026
8,60000000,4369303996,3708574640,8077878636
8,60000000,4373288977,3705329260,8078618237
8,60000000,4228530966,3369600827,7598131793
8,60000000,4240580241,3426789788,7667370029
8,60000000,4367171045,3701627619,8068798664
8,60000000,4249980087,3784005952,8033986039
8,60000000,4250636787,3403790003,7654426790
8,60000000,4254336570,3430164768,7684501338
8,60000000,4255011798,3427551029,7682562827
8,60000000,4254484749,3423606685,7678091434
8,60000000,4250037034,3427453287,7677490321
8,60000000,4249062108,3701689961,7950752069
8,60000000,4251324012,3394000820,7645324832
8,60000000,4236667624,3427752148,7664419772
8,60000000,4240105139,3800450365,8040555504
8,60000000,4247133559,3426034433,7673167992
8,60000000,4255729305,3428959965,7684689270
8,60000000,4250508304,3425295135,7675803439
8,60000000,4461459119,3709320718,8170779837
8,60000000,4244876889,3433545740,7678422629
8,60000000,4234090735,3425441442,7659532177
8,60000000,4304146102,3666026312,7970172414
8,60000000,4244934594,3427045670,7671980264
8,70000000,5052232946,4778114440,9830347386
8,70000000,5006728645,3995307568,9002036213
8,70000000,5306323699,4309736793,9616060492
8,70000000,5078888056,4309650906,9388538962
8,70000000,5088495759,4292762242,9381258001
8,70000000,4982924225,3971417405,8954341630
8,70000000,5144111599,4261389040,9405500639
8,70000000,5075968384,4301471007,9377439391
8,70000000,5199192569,3958149694,9157342263
8,70000000,5075602629,4309123611,9384726240
8,70000000,5139473899,4299826903,9439300802
8,70000000,5077626653,4290841098,9368467751
8,70000000,4980469776,3970920009,8951389785
8,70000000,5087213530,4300478713,9387692243
8,70000000,5310766520,4307288677,9618055197
8,70000000,5271306833,4316422132,9587728965
8,70000000,4996367716,3964686446,8961054162
8,70000000,5234563157,3958064307,9192627464
8,70000000,5276322180,4312851281,9589173461
8,70000000,5265672771,4313274452,9578947223
8,70000000,5002334157,4778197620,9780531777
8,70000000,5081931890,4294597602,9376529492
8,70000000,4998586921,4003584898,9002171819
8,70000000,5083756005,4298769943,9382525948
8,70000000,5316991365,4312796774,9629788139
8,70000000,5010899364,3995638345,9006537709
8,70000000,5326826057,4326974562,9653800619
8,70000000,5280464876,3981693975,9262158851
8,70000000,5081061145,4287238491,9368299636
8,70000000,5082248614,4324660856,9406909470
8,70000000,5087378386,4307262038,9394640424
8,70000000,5315407079,4318261182,9633668261
8,70000000,5073325895,4309333730,9382659625
8,70000000,5076354282,4290615392,9366969674
8,70000000,5075710623,4299817045,9375527668
8,70000000,5334329889,4318599922,9652929811
8,70000000,5005746489,3998239041,9003985530
8,70000000,5070639846,4297601792,9368241638
8,70000000,5076071627,4285687990,9361759617
8,70000000,4993793753,3964240869,8958034622
8,70000000,5077281437,4310007401,9387288838
8,70000000,5073428510,4285204840,9358633350
8,70000000,5083873542,4312611412,9396484954
8,70000000,5098896619,4284978712,9383875331
8,70000000,5038704197,4294916134,9333620331
8,70000000,5072839946,4299619755,9372459701
8,70000000,5284504285,4313666243,9598170528
8,70000000,5078586927,4317906101,9396493028
8,70000000,5322881474,4306402588,9629284062
8,70000000,5127457628,4307096846,9434554474
8,70000000,5077412210,4316195963,9393608173
8,70000000,5068855555,4290910430,9359765985
8,70000000,5080933598,4310600222,9391533820
8,70000000,5314580209,4314414237,9628994446
8,70000000,5077710665,4309583846,9387294511
8,70000000,5067176844,4274231323,9341408167
8,70000000,5269622442,4306233639,9575856081
8,70000000,4981138112,3995022633,8976160745
8,70000000,5276055586,4309772428,9585828014
8,70000000,5088978110,4302371739,9391349849
8,70000000,5271434628,4318783816,9590218444
8,70000000,5085831325,4300115512,9385946837
8,70000000,5072463900,4304853105,9377317005
8,70000000,5084097732,4297935115,9382032847
8,70000000,4974089522,3941686134,8915775656
8,70000000,5040207964,4293484245,9333692209
8,70000000,5073772628,4258234635,9332007263
8,70000000,4983420008,3998265986,8981685994
8,70000000,5348625911,4321346658,9669972569
8,70000000,4988435764,4009934220,8998369984
8,70000000,5087367473,4316726142,9404093615
8,70000000,5287942742,4312476483,9600419225
8,70000000,4997824352,3976423674,8974248026
8,70000000,5071973630,4300941395,9372915025
8,70000000,5076743689,4309027715,9385771404
8,70000000,4996015641,3981135961,8977151602
8,70000000,5102258261,4306444198,9408702459
8,70000000,5154462091,4312878774,9467340865
8,70000000,5082902981,4297017251,9379920232
8,70000000,5081780491,4309945072,9391725563
8,70000000,5077547621,4298227206,9375774827
8,70000000,5060835621,4771763165,9832598786
8,70000000,5073417747,4289666020,9363083767
8,70000000,5219014738,3953664663,9172679401
8,70000000,5029646358,4304704932,9334351290
8,70000000,5088745846,4280928602,9369674448
8,70000000,5082209782,4311387709,9393597491
8,70000000,5072947019,4290079047,9363026066
8,70000000,4986832875,3990297143,8977130018
8,70000000,5071999500,4288692441,9360691941
8,70000000,5081785480,4217352275,9299137755
8,70000000,5081234743,4291509366,9372744109
8,70000000,5022459345,4317875810,9340335155
8,70000000,5037737305,4286894966,9324632271
8,70000000,5045825317,4778696103,9824521420
8,70000000,5082550195,4315613384,9398163579
8,70000000,5083833670,4298174926,9382008596
8,70000000,5333467254,4317191990,9650659244
8,70000000,5260965075,4322702728,9583667803
8,70000000,5012648628,3979427183,8992075811
8,70000000,5089484191,4304220234,9393704425
8,70000000,5261007563,4311191507,9572199070
8,70000000,5315791582,4311584141,9627375723
8,70000000,5073855488,4310828887,9384684375
8,70000000,5005909670,4003431775,9009341445
8,70000000,5322132758,4308266604,9630399362
8,70000000,5311593038,4316179436,9627772474
8,70000000,5090495627,4307143762,9397639389
8,70000000,5132206665,4313941249,9446147914
8,70000000,5328940641,4326085034,9655025675
8,70000000,5306331316,4304372252,9610703568
8,70000000,5289881697,4309072561,9598954258
8,70000000,4981640923,3936277572,8917918495
8,70000000,4985275497,3932922497,8918197994
8,70000000,5080206054,4313821370,9394027424
8,80000000,5852781848,4892326132,10745107980
8,80000000,6057102349,4922116560,10979218909
8,80000000,6135921104,4921831151,11057752255
8,80000000,6025048780,4526483947,10551532727
8,80000000,5766642762,4575455785,10342098547
8,80000000,5767850398,4547538355,10315388753
8,80000000,5851874260,4928022933,10779897193
8,80000000,5847453355,4896384705,10743838060
8,80000000,5869211979,4882316020,10751527999
8,80000000,5862389627,4920957355,10783346982
8,80000000,5845718402,4928872804,10774591206
8,80000000,5767407979,4556363570,10323771549
8,80000000,5848774521,4909813035,10758587556
8,80000000,5855172182,4881274030,10736446212
8,80000000,6126570232,4919458410,11046028642
8,80000000,5857937448,4930531305,10788468753
8,80000000,5742334973,4923084875,10665419848
8,80000000,6071923207,4919562129,10991485336
8,80000000,5841122740,4901914879,10743037619
8,80000000,5867091525,4880355626,10747447151
8,80000000,5740334846,4558462290,10298797136
8,80000000,5856011772,4934162817,10790174589
8,80000000,5859563393,4895697670,10755261063
8,80000000,6078488084,4929392543,11007880627
8,80000000,5850105055,4932298144,10782403199
8,80000000,5845862156,4890907642,10736769798
8,80000000,5810766753,4896757455,10707524208
8,80000000,5856265248,4897204873,10753470121
8,80000000,5856991974,4891007136,10747999110
8,80000000,5856615006,4912580673,10769195679
8,80000000,5854913422,4883856839,10738770261
8,80000000,5871123306,4932097706,10803221012
8,80000000,6138302253,4930243514,11068545767
8,80000000,5847504578,4927353901,10774858479
8,80000000,6128826328,4924447778,11053274106
8,80000000,5867489167,4925319049,10792808216
8,80000000,5858836968,4884105692,10742942660
8,80000000,5759411179,4917389965,10676801144
8,80000000,5854340620,4924466633,10778807253
8,80000000,5849955431,4936940345,10786895776
8,80000000,5856953708,4907718550,10764672258
8,80000000,6089815888,4938207347,11028023235
8,80000000,6057769793,4931860671,10989630464
8,80000000,6020911856,4513847776,10534759632
8,80000000,5835663487,4902252450,10737915937
8,80000000,5779672577,5318389392,11098061969
8,80000000,5850864194,4913184392,10764048586
8,80000000,6072813512,4914604609,10987418121
8,80000000,5848710292,4901515932,10750226224
8,80000000,6086910767,4922864578,11009775345
8,80000000,5858186285,4925444709,10783630994
8,80000000,5860940059,4888468117,10749408176
8,80000000,6086837303,4881107417,10967944720
8,80000000,5848539951,4905218229,10753758180
8,80000000,5881661045,4886209093,10767870138
8,80000000,5740942358,4558891189,10299833547
8,80000000,5748851308,4562352558,10311203866
8,80000000,5848123848,4924036519,10772160367
8,80000000,6004016525,4521405806,10525422331
8,80000000,5874107731,4883387852,10757495583
8,80000000,5849122279,4876896448,10726018727
8,80000000,6078179700,4926096100,11004275800
8,80000000,5859715851,4932504779,10792220630
8,80000000,5860280951,4927017106,10787298057
8,80000000,6074992730,4924395805,10999388535
8,80000000,5847952804,4924422555,10772375359
8,80000000,6079337581,4929526177,11008863758
8,80000000,5850712681,4945216847,10795929528
8,80000000,5854315042,4930402431,10784717473
8,80000000,5766359065,4559184739,10325543804
8,80000000,6130342008,4930887117,11061229125
8,80000000,5855182156,4932957241,10788139397
8,80000000,5866929002,4931777931,10798706933
8,80000000,5754926378,4553744634,10308671012
8,80000000,6012217857,4501846164,10514064021
8,80000000,5742125768,4563102839,10305228607
8,80000000,5886943229,5472003430,11358946659
8,80000000,5863183642,4931973757,10795157399
8,80000000,5759106521,5455392219,11214498740
8,80000000,5738328795,4594116558,10332445353
8,80000000,5855802770,4919152652,10774955422
8,80000000,5859206205,4891135432,10750341637
8,80000000,5845275735,4862041108,10707316843
8,80000000,5856969174,4934110463,10791079637
8,80000000,5851548647,4935606449,10787155096
8,80000000,5740721298,4576842811,10317564109
8,80000000,5853385632,4930832095,10784217727
8,80000000,5866060015,4893477580,10759537595
8,80000000,6010365441,4539344018,10549709459
8,80000000,6125454210,4939631732,11065085942
8,80000000,5855138284,4923915445,10779053729
8,80000000,6123817692,4935240282,11059057974
8,80000000,5857014235,4884928337,10741942572
8,80000000,5736848085,4525860725,10262708810
8,80000000,5861236946,4924272340,10785509286
8,80000000,5844610212,4893551356,10738161568
8,80000000,5852646550,4936022414,10788668964
8,80000000,5854921926,4931159636,10786081562
8,80000000,5869532789,4887020904,10756553693
8,80000000,6079294159,4923604087,11002898246
8,80000000,5861575724,4930086136,10791661860
8,80000000,5858497923,4922611109,10781109032
8,80000000,6086692632,4925110430,11011803062
8,80000000,5853893533,4916514727,10770408260
8,80000000,5761563060,4570645749,10332208809
8,80000000,6077162963,4918635256,10995798219
8,80000000,5758849825,4561693213,10320543038
8,80000000,5868207259,4908201482,10776408741
8,80000000,5848565005,4886526450,10735091455
8,80000000,6068368388,4937500160,11005868548
8,80000000,5849465431,4932223092,10781688523
8,80000000,5859461085,4925128565,10784589650
8,80000000,6093625700,4924180825,11017806525
8,80000000,5860877719,4924893297,10785771016
8,80000000,5863018114,4921080117,10784098231
8,90000000,6576588812,5101607692,11678196504
8,90000000,6499583411,5169678361,11669261772
8,90000000,6882296259,5545459006,12427755265
8,90000000,6522068785,5131932753,11654001538
8,90000000,6899523690,5544341644,12443865334
8,90000000,6536717463,5511708870,12048426333
8,90000000,6635570814,5509877553,12145448367
8,90000000,6524862518,5133391862,11658254380
8,90000000,6631990521,5519773577,12151764098
8,90000000,6950052062,5544404870,12494456932
8,90000000,6635100704,5541784079,12176884783
8,90000000,6628644684,5542183352,12170828036
8,90000000,6632747764,5537601449,12170349213
8,90000000,6643680659,5558075658,12201756317
8,90000000,6529207244,5087706926,11616914170
8,90000000,6869355519,5542796637,12412152156
8,90000000,6866760793,5537038064,12403798857
8,90000000,6518298858,5164178476,11682477334
8,90000000,6628206918,5530475776,12158682694
8,90000000,6634885624,5544778648,12179664272
8,90000000,6636495743,5513754425,12150250168
8,90000000,6505357038,5106554349,11611911387
8,90000000,6520492751,5512235257,12032728008
8,90000000,6635400640,5534126711,12169527351
8,90000000,6581583745,5508430769,12090014514
8,90000000,6872850007,5534419688,12407269695
8,90000000,6525529354,5097525782,11623055136
8,90000000,6896686724,5123705650,12020392374
8,90000000,6630460192,5550237345,12180697537
8,90000000,6542182454,5136759918,11678942372
8,90000000,6637994350,5499244968,12137239318
8,90000000,6663899851,5547790413,12211690264
8,90000000,6500076703,5104654899,11604731602
8,90000000,6924455680,5539255809,12463711489
8,90000000,6639897342,5539677749,12179575091
8,90000000,6633059034,5531544261,12164603295
8,90000000,6632726246,5539897675,12172623921
8,90000000,6938984704,5544719466,12483704170
8,90000000,6548640753,5127385338,11676026091
8,90000000,6939340652,5527903689,12467244341
8,90000000,6637079947,5533380208,12170460155
8,90000000,6570322995,5515381573,12085704568
8,90000000,6514547614,5166370106,11680917720
8,90000000,6628037071,5490523181,12118560252
8,90000000,6644699768,5547046132,12191745900
8,90000000,6633196184,5495386890,12128583074
8,90000000,6638967194,5501146513,12140113707
8,90000000,6505676638,5146511583,11652188221
8,90000000,6893741087,5541205089,12434946176
8,90000000,6945388776,5126873944,12072262720
8,90000000,6649359645,5572182841,12221542486
8,90000000,6522546751,5097162911,11619709662
8,90000000,6628430569,5543142950,12171573519
8,90000000,6952632258,5547846925,12500479183
8,90000000,6872313495,5534100644,12406414139
8,90000000,6484545066,5156438881,11640983947
8,90000000,6541304552,5155236933,11696541485
8,90000000,6521457922,5128142081,11649600003
8,90000000,6644152464,5493620505,12137772969
8,90000000,6530826466,5106004056,11636830522
8,90000000,6883821065,5533626019,12417447084
8,90000000,6957752592,5548917142,12506669734
8,90000000,6641551368,5538411140,12179962508
8,90000000,6933209387,5542285901,12475495288
8,90000000,6507899967,5181489412,11689389379
8,90000000,6640889664,5500467078,12141356742
8,90000000,6937844610,5543652789,12481497399
8,90000000,6639315214,5541184853,12180500067
8,90000000,6491887331,5430189820,11922077151
8,90000000,6530486560,5094545057,11625031617
8,90000000,6647367224,5533656975,12181024199
8,90000000,6640125023,5551666968,12191791991
8,90000000,6960673375,5542656517,12503329892
8,90000000,6955352664,5537896602,12493249266
8,90000000,6647875815,5438637351,12086513166
8,90000000,6494607568,5075697143,11570304711
8,90000000,6896590206,5543065640,12439655846
8,90000000,6638881290,5095918418,11734799708
8,90000000,6530346195,5104016982,11634363177
8,90000000,6650371465,5505412799,12155784264
8,90000000,6867740654,5545513500,12413254154
8,90000000,6498006297,5176279588,11674285885
8,90000000,6946486995,5532075708,12478562703
8,90000000,6632781001,5550541687,12183322688
8,90000000,6879503448,5540028819,12419532267
8,90000000,6513564991,5536922274,12050487265
8,90000000,6542298038,5116762707,11659060745
8,90000000,6901990179,5571378477,12473368656
8,90000000,6637545899,5542367300,12179913199
8,90000000,6643547030,5531147781,12174694811
8,90000000,6642839101,5543162816,12186001917
8,90000000,6547444743,6135864371,12683309114
8,90000000,6943070888,5536280774,12479351662
8,90000000,6956180079,5531414246,12487594325
8,90000000,6651767381,5509191098,12160958479
8,90000000,6637574670,5493029031,12130603701
8,90000000,6668405527,5536322769,12204728296
8,90000000,6898177989,5539286156,12437464145
8,90000000,6637444266,5529903333,12167347599
8,90000000,6942357521,5546338162,12488695683
8,90000000,6525789387,5101986551,11627775938
8,90000000,6880491116,5113387314,11993878430
8,90000000,6952967317,5541922634,12494889951
8,90000000,6499917175,5166087909,11666005084
8,90000000,6656369636,5545772079,12202141715
8,90000000,6880375739,5551534440,12431910179
8,90000000,6645028490,5494803916,12139832406
8,90000000,6535289990,5543731695,12079021685
8,90000000,6626583676,5512571747,12139155423
8,90000000,6628692420,5530492900,12159185320
8,90000000,6507073936,5139889650,11646963586
8,90000000,6644804382,5536683304,12181487686
8,90000000,6484757490,5169854190,11654611680
8,90000000,6907219193,5539402659,12446621852
8,90000000,6975281719,5529437208,12504718927
8,100000000,7419365444,6151741747,13571107191
8,100000000,7441575908,6124687155,13566263063
8,100000000,7296724711,5739112152,13035836863
8,100000000,7430640691,6148059987,13578700678
8,100000000,7421401204,6161304198,13582705402
8,100000000,7408793171,6134004947,13542798118
8,100000000,7414880351,6118500137,13533380488
8,100000000,7427602915,6139816115,13567419030
8,100000000,7417896051,6146324542,13564220593
8,100000000,7267070638,5708368352,12975438990
8,100000000,7364631577,6122316075,13486947652
8,100000000,7259902233,5704341309,12964243542
8,100000000,7425263153,6159397993,13584661146
8,100000000,7415694035,6104702945,13520396980
8,100000000,7424510478,6161056980,13585567458
8,100000000,7778045066,6156192982,13934238048
8,100000000,7772511624,6158690173,13931201797
8,100000000,7297380142,5663426920,12960807062
8,100000000,7266166980,5739016497,13005183477
8,100000000,7673374016,6147275194,13820649210
8,100000000,7431514738,6136721254,13568235992
8,100000000,7708760508,6149166202,13857926710
8,100000000,7688939404,6142115520,13831054924
8,100000000,7292083486,5696335574,12988419060
8,100000000,7409733312,6158221023,13567954335
8,100000000,7281719229,5686463952,12968183181
8,100000000,7429592990,6153896576,13583489566
8,100000000,7297338592,5687784950,12985123542
8,100000000,7417529362,6121524210,13539053572
8,100000000,7430345089,6045331052,13475676141
8,100000000,7682862420,6152386967,13835249387
8,100000000,7298125281,5645150122,12943275403
8,100000000,7694254205,6146612521,13840866726
8,100000000,7455543249,6147973593,13603516842
8,100000000,7263660095,5710567185,12974227280
8,100000000,7352541541,6123594072,13476135613
8,100000000,7281239729,6074358887,13355598616
8,100000000,7422940928,6152018929,13574959857
8,100000000,7777850015,6156272562,13934122577
8,100000000,7435799819,6132822321,13568622140
8,100000000,7767458829,5690292187,13457751016
8,100000000,7416483951,6118910848,13535394799
8,100000000,7288023382,5701151335,12989174717
8,100000000,7408066217,6147237504,13555303721
8,100000000,7410414291,6151386982,13561801273
8,100000000,7411206568,6119085045,13530291613
8,100000000,7429761486,6154118588,13583880074
8,100000000,7419108721,6146758728,13565867449
8,100000000,7262177291,5698583881,12960761172
8,100000000,7435857340,6156622144,13592479484
8,100000000,7292020671,6303046359,13595067030
8,100000000,7424961148,6110122245,13535083393
8,100000000,7699061529,6151071388,13850132917
8,100000000,7768541229,6157088602,13925629831
8,100000000,7269041585,5721671170,12990712755
8,100000000,7685352658,6161326044,13846678702
8,100000000,7419792884,6111287865,13531080749
8,100000000,7419259548,6143400278,13562659826
8,100000000,7416870383,6151006519,13567876902
8,100000000,7412087839,6106267569,13518355408
8,100000000,7292448267,5658178658,12950626925
8,100000000,7427978462,6140565034,13568543496
8,100000000,7766370173,5694601207,13460971380
8,100000000,7435369868,6145478891,13580848759
8,100000000,7712473320,6168323980,13880797300
8,100000000,7289535426,5707175006,12996710432
8,100000000,7324475462,6823524321,14147999783
8,100000000,7283828306,5653230745,12937059051
8,100000000,7426605832,6097275484,13523881316
8,100000000,7431476402,6151486439,13582962841
8,100000000,7709886309,6155691200,13865577509
8,100000000,7776365233,6162603777,13938969010
8,100000000,7630684994,5694460588,13325145582
8,100000000,7684216632,6146631532,13830848164
8,100000000,7408912412,6843479914,14252392326
8,100000000,7432739747,6154261195,13587000942
8,100000000,7423305000,6169512850,13592817850
8,100000000,7415672110,6105713065,13521385175
8,100000000,7360079185,6116175894,13476255079
8,100000000,7681886387,6128319778,13810206165
8,100000000,7420212807,6153864039,13574076846
8,100000000,7421629505,6143365455,13564994960
8,100000000,7414515050,6151326674,13565841724
8,100000000,7683625907,5683444744,13367070651
8,100000000,7322446995,5715603884,13038050879
8,100000000,7428177847,6140012120,13568189967
8,100000000,7423102842,6148252777,13571355619
8,100000000,7679109620,6154207404,13833317024
8,100000000,7301149059,6101943011,13403092070
8,100000000,7682757377,6146533992,13829291369
8,100000000,7422030727,6117003840,13539034567
8,100000000,7771676042,6155208457,13926884499
8,100000000,7769533712,6182056121,13951589833
8,100000000,7407674525,6131333215,13539007740
8,100000000,7426436203,6112526370,13538962573
8,100000000,7428000584,6144504421,13572505005
8,100000000,7600323944,5649948721,13250272665
8,100000000,7295657387,6147941873,13443599260
8,100000000,7457393574,6819794897,14277188471
8,100000000,7411608989,6117141843,13528750832
8,100000000,7432736595,6156318573,13589055168
8,100000000,7402175020,6105914781,13508089801
8,100000000,7782486701,6154718590,13937205291
8,100000000,7740510110,6163318407,13903828517
8,100000000,7691826900,6166562862,13858389762
8,100000000,7704329171,6148002721,13852331892
8,100000000,7761791916,6152351668,13914143584
8,100000000,7289059248,5679656256,12968715504
8,100000000,7289530766,5700529383,12990060149
8,100000000,7775213680,6150425610,13925639290
8,100000000,7644591865,5717613432,13362205297
8,100000000,7293307593,5703081114,12996388707
8,100000000,7416462424,6156216144,13572678568
8,100000000,7434243202,6149482089,13583725291
8,100000000,7758207446,6149423232,13907630678
16,1000,335773,151858,487631
16,1000,259145,242681,501826
16,1000,338143,176013,514156
16,1000,249404,110623,360027
16,1000,316355,108669,425024
16,1000,559011,230159,789170
16,1000,416186,113068,529254
16,1000,380569,143379,523948
16,1000,258334,229157,487491
16,1000,459650,192304,651954
16,1000,317531,172320,489851
16,1000,432556,111681,544237
16,1000,551969,245388,797357
16,1000,328838,122390,451228
16,1000,351770,213963,565733
16,1000,310500,174391,484891
16,1000,370905,105231,476136
16,1000,220670,131584,352254
16,1000,496568,197527,694095
16,1000,248142,214494,462636
16,1000,367677,197921,565598
16,1000,294314,186234,480548
16,1000,417260,113486,530746
16,1000,441644,167456,609100
16,1000,322344,198812,521156
16,1000,404677,321704,726381
16,1000,329516,195400,524916
16,1000,331700,304073,635773
16,1000,335578,107709,443287
16,1000,263665,223380,487045
16,1000,418114,213042,631156
16,1000,230724,106581,337305
16,1000,290644,203525,494169
16,1000,191586,232085,423671
16,1000,357414,209340,566754
16,1000,296490,109717,406207
16,1000,312827,136863,449690
16,1000,449896,230275,680171
16,1000,357638,177125,534763
16,1000,286637,197266,483903
16,1000,268354,108004,376358
16,1000,346373,288430,634803
16,1000,517716,173188,690904
16,1000,361178,255513,616691
16,1000,331984,155317,487301
16,1000,398775,259559,658334
16,1000,317581,111169,428750
16,1000,309582,107711,417293
16,1000,360461,256765,617226
16,1000,326659,214193,540852
16,1000,282122,133880,416002
16,1000,406353,226174,632527
16,1000,289559,195950,485509
16,1000,309724,192506,502230
16,1000,323206,236505,559711
16,1000,319705,181034,500739
16,1000,402955,170752,573707
16,1000,325712,224045,549757
16,1000,402798,130184,532982
16,1000,319575,109100,428675
16,1000,258796,187611,446407
16,1000,394111,212950,607061
16,1000,315513,219609,535122
16,1000,235360,141537,376897
16,1000,261478,172150,433628
16,1000,387870,168580,556450
16,1000,238618,165989,404607
16,1000,322458,134378,456836
16,1000,319872,261492,581364
16,1000,313230,114027,427257
16,1000,384089,175752,559841
16,1000,299884,194892,494776
16,1000,426559,109584,536143
16,1000,305045,278104,583149
16,1000,305820,205681,511501
16,1000,355206,143128,498334
16,1000,347638,218658,566296
16,1000,372969,296339,669308
16,1000,339889,107018,446907
16,1000,360290,171684,531974
16,1000,551289,173338,724627
16,1000,286329,186951,473280
16,1000,317542,376689,694231
16,1000,296539,220964,517503
16,1000,345279,132722,478001
16,1000,319162,193106,512268
16,1000,250704,112822,363526
16,1000,341961,142332,484293
16,1000,386888,121291,508179
16,1000,233387,137266,370653
16,1000,407607,199534,607141
16,1000,385017,204941,589958
16,1000,424149,207668,631817
16,1000,413072,209202,622274
16,1000,315968,112988,428956
16,1000,343761,258795,602556
16,1000,383142,214885,598027
16,1000,406957,106994,513951
16,1000,310678,2264458,2575136
16,1000,387019,156763,543782
16,1000,286557,154711,441268
16,1000,300079,105996,406075
16,1000,265780,106466,372246
16,1000,289302,312129,601431
16,1000,378868,204146,583014
16,1000,277702,249441,527143
16,1000,392456,111764,504220
16,1000,318880,197976,516856
16,1000,450372,172800,623172
16,1000,275678,224027,499705
16,1000,349304,174540,523844
16,1000,447726,163707,611433
16,1000,353904,220917,574821
16,1000,376015,171304,547319
16,1000,334177,108773,442950
16,2000,445422,746790,1192212
16,2000,538348,457240,995588
16,2000,470190,2007064,2477254
16,2000,2514409,236797,2751206
16,2000,424345,1957218,2381563
16,2000,2694445,218741,2913186
16,2000,557246,2082029,2639275
16,2000,441622,729323,1170945
16,2000,465136,1775219,2240355
16,2000,532018,1834342,2366360
16,2000,404245,2653631,3057876
16,2000,643514,635155,1278669
16,2000,2953403,294340,3247743
16,2000,427496,993771,1421267
16,2000,2563873,285510,2849383
16,2000,422323,1996242,2418565
16,2000,484349,1965286,2449635
16,2000,433816,2713130,3146946
16,2000,526442,2257348,2783790
16,2000,403910,1852802,2256712
16,2000,568518,1020281,1588799
16,2000,467567,1261676,1729243
16,2000,411402,2334306,2745708
16,2000,401933,2418088,2820021
16,2000,440854,2501795,2942649
16,2000,686303,1874074,2560377
16,2000,491143,2123406,2614549
16,2000,403162,219298,622460
16,2000,466677,268225,734902
16,2000,2559976,183618,2743594
16,2000,406088,2644615,3050703
16,2000,471503,2181969,2653472
16,2000,458962,2680568,3139530
16,2000,511700,1952789,2464489
16,2000,2678383,284055,2962438
16,2000,2603701,288316,2892017
16,2000,520677,554658,1075335
16,2000,581891,2145878,2727769
16,2000,480551,1964015,2444566
16,2000,415727,281436,697163
16,2000,520645,2238079,2758724
16,2000,464529,2242536,2707065
16,2000,588156,2029895,2618051
16,2000,472573,2133554,2606127
16,2000,434353,2116617,2550970
16,2000,452979,2151533,2604512
16,2000,590880,237546,828426
16,2000,395530,229103,624633
16,2000,445067,1798150,2243217
16,2000,409827,1871832,2281659
16,2000,2519536,238383,2757919
16,2000,681977,726236,1408213
16,2000,2742715,234358,2977073
16,2000,618148,2412533,3030681
16,2000,489470,1823889,2313359
16,2000,430235,2610573,3040808
16,2000,345110,233315,578425
16,2000,2701725,318468,3020193
16,2000,449400,262825,712225
16,2000,396293,2395945,2792238
16,2000,2369510,266371,2635881
16,2000,2629230,238578,2867808
16,2000,560694,2081694,2642388
16,2000,563060,230483,793543
16,2000,438783,1030182,1468965
16,2000,425798,693736,1119534
16,2000,2372802,257431,2630233
16,2000,416698,305659,722357
16,2000,417203,219215,636418
16,2000,474230,214107,688337
16,2000,476048,1910013,2386061
16,2000,589419,235134,824553
16,2000,483229,515650,998879
16,2000,538122,1149497,1687619
16,2000,496045,2646011,3142056
16,2000,440318,1677152,2117470
16,2000,2464842,232875,2697717
16,2000,400688,2165513,2566201
16,2000,467100,615487,1082587
16,2000,530753,2214023,2744776
16,2000,420463,822126,1242589
16,2000,503812,2158409,2662221
16,2000,2335725,200873,2536598
16,2000,2467494,217854,2685348
16,2000,457474,2065181,2522655
16,2000,2599779,237439,2837218
16,2000,531217,1010815,1542032
16,2000,526584,2095291,2621875
16,2000,525753,2190614,2716367
16,2000,526784,241410,768194
16,2000,633801,229265,863066
16,2000,497976,2036071,2534047
16,2000,499216,2413782,2912998
16,2000,2372336,239683,2612019
16,2000,498910,2072862,2571772
16,2000,421170,212954,634124
16,2000,2447720,256866,2704586
16,2000,565434,736146,1301580
16,2000,643731,1093229,1736960
16,2000,538316,1974171,2512487
16,2000,482380,1999548,2481928
16,2000,602138,1785102,2387240
16,2000,460609,2161447,2622056
16,2000,404700,635679,1040379
16,2000,411385,2488596,2899981
16,2000,379053,1314095,1693148
16,2000,525225,846730,1371955
16,2000,592689,596178,1188867
16,2000,514474,1094267,1608741
16,2000,2469627,186978,2656605
16,2000,2900714,254998,3155712
16,2000,2361313,227168,2588481
16,2000,575434,2136201,2711635
16,2000,600672,2758418,3359090
16,2000,542140,1141705,1683845
16,3000,3206123,308245,3514368
16,3000,1165765,374226,1539991
16,3000,2590880,436516,3027396
16,3000,1036368,357323,1393691
16,3000,1015640,361539,1377179
16,3000,2740108,286921,3027029
16,3000,542419,2676031,3218450
16,3000,1309949,287891,1597840
16,3000,536661,2438786,2975447
16,3000,2661076,307811,2968887
16,3000,2113525,2471409,4584934
16,3000,2000102,1495466,3495568
16,3000,2402009,319331,2721340
16,3000,3067670,331890,3399560
16,3000,552178,748493,1300671
16,3000,2743564,308643,3052207
16,3000,2783669,346696,3130365
16,3000,1115693,392342,1508035
16,3000,633775,718162,1351937
16,3000,580105,1730785,2310890
16,3000,2931172,249325,3180497
16,3000,3016467,408880,3425347
16,3000,2915926,473886,3389812
16,3000,3023715,314621,3338336
16,3000,934192,547272,1481464
16,3000,2726584,376427,3103011
16,3000,1806794,289644,2096438
16,3000,1067423,335948,1403371
16,3000,2997689,2689458,5687147
16,3000,540425,2617859,3158284
16,3000,1368508,285272,1653780
16,3000,2581729,295168,2876897
16,3000,2849219,311313,3160532
16,3000,2906073,2478411,5384484
16,3000,1516177,291488,1807665
16,3000,569021,2591175,3160196
16,3000,2695301,335901,3031202
16,3000,537507,1592747,2130254
16,3000,2489490,259051,2748541
16,3000,3026636,283897,3310533
16,3000,513228,1043731,1556959
16,3000,1480650,333888,1814538
16,3000,568044,2453243,3021287
16,3000,1854999,330132,2185131
16,3000,2891027,340633,3231660
16,3000,2896799,299864,3196663
16,3000,2443460,330321,2773781
16,3000,1425976,277233,1703209
16,3000,2352206,291716,2643922
16,3000,1358316,383345,1741661
16,3000,2839029,453145,3292174
16,3000,2679484,482932,3162416
16,3000,2611935,301570,2913505
16,3000,2812084,314237,3126321
16,3000,3277915,1550665,4828580
16,3000,2650549,318336,2968885
16,3000,2845236,311497,3156733
16,3000,2012992,311749,2324741
16,3000,2761481,2626457,5387938
16,3000,2129791,528041,2657832
16,3000,609596,2324620,2934216
16,3000,605863,2465557,3071420
16,3000,3159096,245301,3404397
16,3000,510291,2035475,2545766
16,3000,1108185,283123,1391308
16,3000,2791875,278986,3070861
16,3000,528676,1781439,2310115
16,3000,2326902,353131,2680033
16,3000,1421142,282011,1703153
16,3000,2935180,393574,3328754
16,3000,1809345,381929,2191274
16,3000,3071855,325591,3397446
16,3000,2754488,335172,3089660
16,3000,536842,2579748,3116590
16,3000,2781504,396797,3178301
16,3000,3153195,242092,3395287
16,3000,2960198,288449,3248647
16,3000,1726376,288478,2014854
16,3000,2675164,319533,2994697
16,3000,1613627,329075,1942702
16,3000,1387466,2781215,4168681
16,3000,1569650,309291,1878941
16,3000,547200,2548777,3095977
16,3000,534219,2391597,2925816
16,3000,2527300,1914010,4441310
16,3000,544004,785854,1329858
16,3000,510241,2370245,2880486
16,3000,558003,688221,1246224
16,3000,3202416,665299,3867715
16,3000,1871307,391755,2263062
16,3000,1237940,353705,1591645
16,3000,3015547,405371,3420918
16,3000,1795111,1584157,3379268
16,3000,2121620,2406860,4528480
16,3000,1099800,321583,1421383
16,3000,547167,658488,1205655
16,3000,1846258,284398,2130656
16,3000,2885873,346779,3232652
16,3000,2786414,274530,3060944
16,3000,2297782,2074009,4371791
16,3000,2843676,353652,3197328
16,3000,1111658,300815,1412473
16,3000,2383857,307680,2691537
16,3000,1581473,227091,1808564
16,3000,2177960,386687,2564647
16,3000,3230852,410565,3641417
16,3000,1733420,382062,2115482
16,3000,558615,2426424,2985039
16,3000,2884929,332698,3217627
16,3000,997056,393153,1390209
16,3000,1946859,312395,2259254
16,3000,2679341,309229,2988570
16,3000,1531604,292121,1823725
16,3000,2852489,388149,3240638
16,3000,1905083,294773,2199856
16,4000,1115526,513784,1629310
16,4000,1874183,458687,2332870
16,4000,2614627,473569,3088196
16,4000,968947,437817,1406764
16,4000,3113955,562750,3676705
16,4000,1975584,450974,2426558
16,4000,2672320,372085,3044405
16,4000,2892738,527259,3419997
16,4000,923164,330622,1253786
16,4000,1725398,596961,2322359
16,4000,2864816,344290,3209106
16,4000,1796714,2659498,4456212
16,4000,592330,1434784,2027114
16,4000,1945489,636070,2581559
16,4000,1529092,356681,1885773
16,4000,3145833,2594018,5739851
16,4000,3402041,586685,3988726
16,4000,2514967,490518,3005485
16,4000,570292,1493961,2064253
16,4000,2747594,419723,3167317
16,4000,2660577,388134,3048711
16,4000,2979707,365538,3345245
16,4000,1961159,427509,2388668
16,4000,575183,1338768,1913951
16,4000,553467,2554013,3107480
16,4000,2677898,471927,3149825
16,4000,2731111,573169,3304280
16,4000,3049860,643584,3693444
16,4000,582930,1444391,2027321
16,4000,2855041,352243,3207284
16,4000,1307929,392878,1700807
16,4000,2672395,523607,3196002
16,4000,1098957,346516,1445473
16,4000,1176509,516570,1693079
16,4000,1730673,448859,2179532
16,4000,1195428,1576166,2771594
16,4000,1071849,492203,1564052
16,4000,673492,396518,1070010
16,4000,2700180,2678524,5378704
16,4000,2501321,417904,2919225
16,4000,2574748,383345,2958093
16,4000,580307,1445935,2026242
16,4000,1474901,439202,1914103
16,4000,3030721,379956,3410677
16,4000,2857764,363487,3221251
16,4000,1692868,412318,2105186
16,4000,1877837,444937,2322774
16,4000,1397531,486560,1884091
16,4000,1016384,380288,1396672
16,4000,3064155,2341860,5406015
16,4000,557031,626391,1183422
16,4000,2337764,503291,2841055
16,4000,580616,2397008,2977624
16,4000,591763,343961,935724
16,4000,2997508,394002,3391510
16,4000,2951542,433152,3384694
16,4000,559945,1705560,2265505
16,4000,2044750,2518125,4562875
16,4000,2924869,2558222,5483091
16,4000,2154804,557949,2712753
16,4000,1855992,380515,2236507
16,4000,2658593,455483,3114076
16,4000,2695857,606748,3302605
16,4000,2551581,387193,2938774
16,4000,2993586,695959,3689545
16,4000,702127,2494359,3196486
16,4000,2025224,325428,2350652
16,4000,577248,1437884,2015132
16,4000,1703469,364353,2067822
16,4000,2877706,409743,3287449
16,4000,3096102,376483,3472585
16,4000,2730550,484012,3214562
16,4000,1708215,394102,2102317
16,4000,2586626,398108,2984734
16,4000,2456334,384931,2841265
16,4000,1566942,719733,2286675
16,4000,1418818,474498,1893316
16,4000,2633747,2570928,5204675
16,4000,2867938,539748,3407686
16,4000,576199,1380767,1956966
16,4000,2774302,2552984,5327286
16,4000,2333536,489810,2823346
16,4000,2644697,790527,3435224
16,4000,833198,1520348,2353546
16,4000,2779743,2556800,5336543
16,4000,2952407,2528810,5481217
16,4000,2852032,2580584,5432616
16,4000,2734355,2678410,5412765
16,4000,3019797,2369116,5388913
16,4000,2123086,539349,2662435
16,4000,3163442,349503,3512945
16,4000,630594,1993242,2623836
16,4000,3128426,2240480,5368906
16,4000,2794537,2573043,5367580
16,4000,1912475,372525,2285000
16,4000,2613280,510086,3123366
16,4000,2633982,387426,3021408
16,4000,609202,402525,1011727
16,4000,2665443,2525204,5190647
16,4000,557453,2526962,3084415
16,4000,2607638,436742,3044380
16,4000,1004455,429732,1434187
16,4000,1540573,537450,2078023
16,4000,2783325,1662725,4446050
16,4000,520110,2606921,3127031
16,4000,2436086,409432,2845518
16,4000,2885552,411280,3296832
16,4000,1732261,347612,2079873
16,4000,1872777,405418,2278195
16,4000,563869,2465726,3029595
16,4000,1058189,344700,1402889
16,4000,1713209,547416,2260625
16,4000,560558,2618230,3178788
16,4000,2768282,2770818,5539100
16,4000,1499993,464500,1964493
16,5000,2752785,2665320,5418105
16,5000,2496089,2313396,4809485
16,5000,2942424,521407,3463831
16,5000,2208898,410184,2619082
16,5000,2534073,2728665,5262738
16,5000,1369673,1018059,2387732
16,5000,3010852,2318625,5329477
16,5000,1380104,411904,1792008
16,5000,961859,450726,1412585
16,5000,1250989,1669266,2920255
16,5000,3161745,2270874,5432619
16,5000,2579037,473472,3052509
16,5000,2822498,440925,3263423
16,5000,2563490,2579968,5143458
16,5000,3090057,1501602,4591659
16,5000,4158939,444512,4603451
16,5000,2651222,562809,3214031
16,5000,6029064,615689,6644753
16,5000,2335170,2445205,4780375
16,5000,2654850,670843,3325693
16,5000,1987037,465492,2452529
16,5000,1841519,565805,2407324
16,5000,2602723,395317,2998040
16,5000,3454020,420464,3874484
16,5000,2227621,1762350,3989971
16,5000,3680850,562400,4243250
16,5000,1262753,1080466,2343219
16,5000,1172510,550171,1722681
16,5000,2056126,444544,2500670
16,5000,1113453,2529596,3643049
16,5000,2468114,450276,2918390
16,5000,2310224,509756,2819980
16,5000,1756937,579079,2336016
16,5000,3211967,3401573,6613540
16,5000,2020132,602124,2622256
16,5000,1376902,2100852,3477754
16,5000,2882507,492968,3375475
16,5000,1033946,2797031,3830977
16,5000,2139175,2348078,4487253
16,5000,1238732,2050224,3288956
16,5000,3477378,2328775,5806153
16,5000,2164824,2772866,4937690
16,5000,1574319,479022,2053341
16,5000,1861479,467567,2329046
16,5000,2080377,2580041,4660418
16,5000,3189394,2593218,5782612
16,5000,1790278,2453369,4243647
16,5000,2065554,549053,2614607
16,5000,1235238,403849,1639087
16,5000,2038275,2602875,4641150
16,5000,2875018,490843,3365861
16,5000,1572494,1467640,3040134
16,5000,3031447,488539,3519986
16,5000,2720120,2753684,5473804
16,5000,3210266,586767,3797033
16,5000,1250292,1744266,2994558
16,5000,2771443,805722,3577165
16,5000,2080960,415515,2496475
16,5000,1975117,2524556,4499673
16,5000,1055725,2418185,3473910
16,5000,1553404,457109,2010513
16,5000,3603948,475619,4079567
16,5000,3758665,579916,4338581
16,5000,2972279,429663,3401942
16,5000,1349388,449057,1798445
16,5000,1547208,1887106,3434314
16,5000,3311885,489502,3801387
16,5000,2554448,662372,3216820
16,5000,2993022,685721,3678743
16,5000,1926072,2431829,4357901
16,5000,2799774,589349,3389123
16,5000,2109417,625377,2734794
16,5000,1683872,2601238,4285110
16,5000,1360421,449829,1810250
16,5000,1230418,390126,1620544
16,5000,1206812,2970913,4177725
16,5000,1522796,520294,2043090
16,5000,2993212,2367969,5361181
16,5000,2204840,604047,2808887
16,5000,3519187,2079513,5598700
16,5000,1352217,2440579,3792796
16,5000,2108800,470884,2579684
16,5000,2891193,553562,3444755
16,5000,2854711,505744,3360455
16,5000,2767001,498659,3265660
16,5000,1312500,517735,1830235
16,5000,1113267,2132881,3246148
16,5000,1703865,2895736,4599601
16,5000,1076593,382150,1458743
16,5000,2468611,568362,3036973
16,5000,1231234,2716059,3947293
16,5000,2284113,438635,2722748
16,5000,2075175,2032535,4107710
16,5000,2618309,476902,3095211
16,5000,2459376,2438750,4898126
16,5000,856014,2555972,3411986
16,5000,2478828,637659,3116487
16,5000,1715893,507251,2223144
16,5000,1027122,472188,1499310
16,5000,3227777,512282,3740059
16,5000,2905879,2627465,5533344
16,5000,1062850,2258301,3321151
16,5000,4116402,447736,4564138
16,5000,1139064,2142465,3281529
16,5000,1403849,616685,2020534
16,5000,1324426,470964,1795390
16,5000,3010006,521921,3531927
16,5000,3307216,516516,3823732
16,5000,2961632,508902,3470534
16,5000,2752309,797459,3549768
16,5000,3058828,434343,3493171
16,5000,1867718,536063,2403781
16,5000,2373383,1663149,4036532
16,5000,901661,2485349,3387010
16,5000,1489266,498033,1987299
16,6000,2393223,838426,3231649
16,6000,792690,672413,1465103
16,6000,2232121,585007,2817128
16,6000,2843242,2462126,5305368
16,6000,2315384,577535,2892919
16,6000,2054850,725427,2780277
16,6000,2728245,775857,3504102
16,6000,1178271,699700,1877971
16,6000,1089622,493806,1583428
16,6000,2726024,2549658,5275682
16,6000,2421060,2428839,4849899
16,6000,1062612,510042,1572654
16,6000,3170662,540075,3710737
16,6000,2031205,2302290,4333495
16,6000,1931012,754186,2685198
16,6000,1655601,722500,2378101
16,6000,3112781,2400583,5513364
16,6000,1663465,548593,2212058
16,6000,2586180,721956,3308136
16,6000,2676702,611521,3288223
16,6000,2558164,595232,3153396
16,6000,2916639,671402,3588041
16,6000,3169769,560555,3730324
16,6000,1012244,559983,1572227
16,6000,2780846,762364,3543210
16,6000,2422562,489534,2912096
16,6000,2641118,470410,3111528
16,6000,2127902,592206,2720108
16,6000,1141204,565332,1706536
16,6000,2034087,2177893,4211980
16,6000,930507,878539,1809046
16,6000,2779215,777231,3556446
16,6000,921844,597244,1519088
16,6000,935715,656980,1592695
16,6000,922726,721107,1643833
16,6000,3152495,663035,3815530
16,6000,1975954,480707,2456661
16,6000,975687,509206,1484893
16,6000,909117,631031,1540148
16,6000,3255483,558713,3814196
16,6000,2251277,486800,2738077
16,6000,1453759,537241,1991000
16,6000,1766964,557276,2324240
16,6000,1324357,595430,1919787
16,6000,2521773,681144,3202917
16,6000,932034,1709162,2641196
16,6000,1306115,2181502,3487617
16,6000,2774981,495908,3270889
16,6000,936817,2681913,3618730
16,6000,1269608,694797,1964405
16,6000,980574,619918,1600492
16,6000,1017406,573863,1591269
16,6000,1838273,768860,2607133
16,6000,1117056,522288,1639344
16,6000,3256939,492416,3749355
16,6000,1695280,753445,2448725
16,6000,1663628,649079,2312707
16,6000,2589053,728370,3317423
16,6000,3220763,475931,3696694
16,6000,2866579,653224,3519803
16,6000,2725743,2789957,5515700
16,6000,2540031,641683,3181714
16,6000,2763776,623362,3387138
16,6000,1541712,819499,2361211
16,6000,2237592,530502,2768094
16,6000,802641,556858,1359499
16,6000,1912402,586585,2498987
16,6000,1531877,525741,2057618
16,6000,2577393,697431,3274824
16,6000,2170740,637223,2807963
16,6000,2569545,481024,3050569
16,6000,3333074,591708,3924782
16,6000,2657417,676601,3334018
16,6000,1636689,805706,2442395
16,6000,2566631,1040071,3606702
16,6000,849826,552173,1401999
16,6000,2224045,773539,2997584
16,6000,3385768,722439,4108207
16,6000,2141053,561927,2702980
16,6000,1009939,652307,1662246
16,6000,2041562,672790,2714352
16,6000,2787453,674767,3462220
16,6000,3382266,533027,3915293
16,6000,2971710,536663,3508373
16,6000,2028147,753587,2781734
16,6000,1276768,545773,1822541
16,6000,2824055,506003,3330058
16,6000,2398731,652101,3050832
16,6000,3129145,630257,3759402
16,6000,2697603,554375,3251978
16,6000,2403415,652206,3055621
16,6000,3007436,710327,3717763
16,6000,1929477,669873,2599350
16,6000,1952452,761615,2714067
16,6000,1705025,816793,2521818
16,6000,1416818,570110,1986928
16,6000,2781750,593453,3375203
16,6000,2433069,464655,2897724
16,6000,2169735,553710,2723445
16,6000,2671854,515453,3187307
16,6000,975984,478288,1454272
16,6000,1143304,817713,1961017
16,6000,2880523,561355,3441878
16,6000,1433183,2826986,4260169
16,6000,2713216,588731,3301947
16,6000,2888561,584013,3472574
16,6000,1383381,2147025,3530406
16,6000,2661512,578420,3239932
16,6000,2944097,708243,3652340
16,6000,1650359,622532,2272891
16,6000,2003970,723880,2727850
16,6000,2934800,743501,3678301
16,6000,2329085,600449,2929534
16,6000,1089080,658638,1747718
16,6000,3656024,637986,4294010
16,7000,1349806,783660,2133466
16,7000,1565133,770891,2336024
16,7000,1646519,614993,2261512
16,7000,812942,622519,1435461
16,7000,1113117,614759,1727876
16,7000,1018123,2748208,3766331
16,7000,1562597,720362,2282959
16,7000,1063194,653398,1716592
16,7000,1483166,876899,2360065
16,7000,2609823,783440,3393263
16,7000,1620298,612449,2232747
16,7000,882308,635986,1518294
16,7000,1027501,535096,1562597
16,7000,2655508,833355,3488863
16,7000,1851635,951909,2803544
16,7000,1100765,684748,1785513
16,7000,2581187,570309,3151496
16,7000,1587474,2742614,4330088
16,7000,2188397,746181,2934578
16,7000,1796938,821866,2618804
16,7000,2849294,650167,3499461
16,7000,2274065,627716,2901781
16,7000,1260377,568431,1828808
16,7000,2469442,677941,3147383
16,7000,1666703,854517,2521220
16,7000,3012664,615951,3628615
16,7000,2636452,780613,3417065
16,7000,1056771,2754167,3810938
16,7000,3260971,566631,3827602
16,7000,1527356,2198276,3725632
16,7000,1167192,622217,1789409
16,7000,872115,2858188,3730303
16,7000,1762584,739659,2502243
16,7000,1267861,554267,1822128
16,7000,2258717,969789,3228506
16,7000,2738263,637097,3375360
16,7000,2847339,624296,3471635
16,7000,954219,698803,1653022
16,7000,1001369,2735212,3736581
16,7000,1852837,701544,2554381
16,7000,1860333,631396,2491729
16,7000,1669233,727305,2396538
16,7000,2234167,673829,2907996
16,7000,1072137,709697,1781834
16,7000,2400269,715588,3115857
16,7000,1065708,603040,1668748
16,7000,988489,608990,1597479
16,7000,2609318,741570,3350888
16,7000,1773180,669947,2443127
16,7000,3104542,2285610,5390152
16,7000,2574448,813071,3387519
16,7000,1363696,627993,1991689
16,7000,1275865,674228,1950093
16,7000,1507658,669340,2176998
16,7000,1478234,1027890,2506124
16,7000,896513,649287,1545800
16,7000,2873679,684554,3558233
16,7000,899609,2791498,3691107
16,7000,952798,708883,1661681
16,7000,2863461,652729,3516190
16,7000,1515345,1293700,2809045
16,7000,955203,2825016,3780219
16,7000,1046896,686916,1733812
16,7000,1721141,866349,2587490
16,7000,1088471,635309,1723780
16,7000,1192168,657720,1849888
16,7000,1234276,2597128,3831404
16,7000,2610116,754345,3364461
16,7000,3270021,652336,3922357
16,7000,903621,736029,1639650
16,7000,2656766,744376,3401142
16,7000,1550628,980833,2531461
16,7000,2440856,775700,3216556
16,7000,2029964,1428670,3458634
16,7000,2525305,788805,3314110
16,7000,1453189,726855,2180044
16,7000,1016032,2883206,3899238
16,7000,2035168,748885,2784053
16,7000,2635438,724709,3360147
16,7000,1000438,897250,1897688
16,7000,2911718,887887,3799605
16,7000,2541206,696764,3237970
16,7000,3245715,647372,3893087
16,7000,981168,594617,1575785
16,7000,1400459,2295712,3696171
16,7000,2584293,739881,3324174
16,7000,1088035,2389799,3477834
16,7000,2251821,710474,2962295
16,7000,2667309,770627,3437936
16,7000,2589145,712351,3301496
16,7000,2482527,635818,3118345
16,7000,2796265,648870,3445135
16,7000,1090699,632174,1722873
16,7000,1503155,678372,2181527
16,7000,3058071,634942,3693013
16,7000,1151933,746644,1898577
16,7000,2714758,2101915,4816673
16,7000,2500715,873119,3373834
16,7000,2902302,790127,3692429
16,7000,983016,599602,1582618
16,7000,2974943,573599,3548542
16,7000,1093096,899748,1992844
16,7000,1207505,565896,1773401
16,7000,1070171,649739,1719910
16,7000,1757494,699212,2456706
16,7000,1120303,2022428,3142731
16,7000,1189224,793487,1982711
16,7000,928280,3464147,4392427
16,7000,2332551,582117,2914668
16,7000,1194448,596460,1790908
16,7000,1010205,2751944,3762149
16,7000,1745257,616507,2361764
16,7000,1630911,598103,2229014
16,7000,1816259,737517,2553776
16,7000,1050638,2678067,3728705
16,8000,2722052,779191,3501243
16,8000,1558840,949610,2508450
16,8000,1030756,1007619,2038375
16,8000,966168,623094,1589262
16,8000,1497469,725834,2223303
16,8000,2656540,1040524,3697064
16,8000,1016112,724050,1740162
16,8000,1129544,667666,1797210
16,8000,2896152,984304,3880456
16,8000,2750411,775078,3525489
16,8000,1049381,2576093,3625474
16,8000,1414213,678741,2092954
16,8000,2020831,824182,2845013
16,8000,1042458,955263,1997721
16,8000,954870,734342,1689212
16,8000,3059020,727753,3786773
16,8000,1938265,726799,2665064
16,8000,2796989,819871,3616860
16,8000,1102979,927820,2030799
16,8000,1681746,760891,2442637
16,8000,2616511,714018,3330529
16,8000,1096919,1099812,2196731
16,8000,3011419,812185,3823604
16,8000,2622357,755129,3377486
16,8000,1010695,711628,1722323
16,8000,2555779,766012,3321791
16,8000,1083019,655384,1738403
16,8000,1123075,718117,1841192
16,8000,1159143,953339,2112482
16,8000,1629601,763921,2393522
16,8000,1411388,820554,2231942
16,8000,2796842,765481,3562323
16,8000,1672936,805693,2478629
16,8000,956834,839692,1796526
16,8000,804485,948669,1753154
16,8000,2508529,901257,3409786
16,8000,1088543,635313,1723856
16,8000,1620606,715326,2335932
16,8000,997505,722322,1719827
16,8000,966493,3042304,4008797
16,8000,2926265,834313,3760578
16,8000,1300143,742602,2042745
16,8000,1674263,815944,2490207
16,8000,1394430,860364,2254794
16,8000,1522583,757888,2280471
16,8000,1027081,2771088,3798169
16,8000,1070371,600240,1670611
16,8000,2610800,750818,3361618
16,8000,1119204,726983,1846187
16,8000,2455900,718908,3174808
16,8000,2911138,731210,3642348
16,8000,1090437,791114,1881551
16,8000,2721227,772179,3493406
16,8000,2323404,817532,3140936
16,8000,2115721,875125,2990846
16,8000,2928934,631483,3560417
16,8000,936042,2814378,3750420
16,8000,1466922,757523,2224445
16,8000,753977,891099,1645076
16,8000,2655664,765492,3421156
16,8000,2704663,715339,3420002
16,8000,1684533,767855,2452388
16,8000,1626225,757006,2383231
16,8000,1389797,702100,2091897
16,8000,1414443,714637,2129080
16,8000,1796051,918526,2714577
16,8000,1074553,634820,1709373
16,8000,2884629,711296,3595925
16,8000,1677004,775420,2452424
16,8000,2578727,751180,3329907
16,8000,2915068,792027,3707095
16,8000,988983,1229864,2218847
16,8000,989929,884018,1873947
16,8000,1124116,818975,1943091
16,8000,2205962,1053933,3259895
16,8000,2828343,745533,3573876
16,8000,3037123,757554,3794677
16,8000,2731002,837173,3568175
16,8000,1696461,753811,2450272
16,8000,2078793,669518,2748311
16,8000,2523555,801630,3325185
16,8000,2920676,818861,3739537
16,8000,3116496,764128,3880624
16,8000,1203758,951032,2154790
16,8000,2371659,900305,3271964
16,8000,1090877,703402,1794279
16,8000,1756908,781645,2538553
16,8000,1027482,757977,1785459
16,8000,1198290,939730,2138020
16,8000,2153232,817133,2970365
16,8000,1055143,1236639,2291782
16,8000,928084,631214,1559298
16,8000,1090102,894029,1984131
16,8000,1955069,597794,2552863
16,8000,1055824,770811,1826635
16,8000,1022569,714211,1736780
16,8000,1034459,854906,1889365
16,8000,1016774,791500,1808274
16,8000,2265077,804922,3069999
16,8000,974536,924583,1899119
16,8000,2479149,760107,3239256
16,8000,1026654,744903,1771557
16,8000,2924152,768038,3692190
16,8000,2246427,931619,3178046
16,8000,1123015,1068909,2191924
16,8000,3017711,742287,3759998
16,8000,1704620,899825,2604445
16,8000,963518,606842,1570360
16,8000,2794395,851046,3645441
16,8000,2816074,654908,3470982
16,8000,2996869,682342,3679211
16,8000,2086099,846869,2932968
16,8000,900737,868517,1769254
16,8000,1256934,735205,1992139
16,8000,1044710,794314,1839024
16,9000,3402999,774109,4177108
16,9000,2335838,908237,3244075
16,9000,1249115,751645,2000760
16,9000,2093145,835288,2928433
16,9000,2171012,725562,2896574
16,9000,2901745,878735,3780480
16,9000,2262355,935773,3198128
16,9000,1328189,948960,2277149
16,9000,2069004,948349,3017353
16,9000,853528,784248,1637776
16,9000,1094169,917338,2011507
16,9000,3105651,837255,3942906
16,9000,1328995,935759,2264754
16,9000,1327491,1060806,2388297
16,9000,963412,816239,1779651
16,9000,961136,804457,1765593
16,9000,2321239,911329,3232568
16,9000,2213267,837393,3050660
16,9000,1267792,778819,2046611
16,9000,3286729,985752,4272481
16,9000,2893587,823980,3717567
16,9000,1486772,815581,2302353
16,9000,1780634,951757,2732391
16,9000,2144311,682899,2827210
16,9000,2370433,947656,3318089
16,9000,2330575,739609,3070184
16,9000,1780709,873974,2654683
16,9000,1863516,852703,2716219
16,9000,1049332,808367,1857699
16,9000,1220368,785774,2006142
16,9000,1904183,961837,2866020
16,9000,1194639,845630,2040269
16,9000,1432375,997959,2430334
16,9000,1184239,972105,2156344
16,9000,2521246,1018353,3539599
16,9000,2735703,885562,3621265
16,9000,2785011,954869,3739880
16,9000,1774326,917076,2691402
16,9000,1834653,981636,2816289
16,9000,1750002,841932,2591934
16,9000,1033522,762256,1795778
16,9000,2366567,1037732,3404299
16,9000,1182786,859748,2042534
16,9000,1737082,949729,2686811
16,9000,1051185,863634,1914819
16,9000,2095287,947467,3042754
16,9000,1804928,864982,2669910
16,9000,3079317,1040086,4119403
16,9000,2425503,891387,3316890
16,9000,1027270,790348,1817618
16,9000,2316950,881384,3198334
16,9000,957426,788766,1746192
16,9000,1765225,947549,2712774
16,9000,1213310,836475,2049785
16,9000,1006009,1019601,2025610
16,9000,2725819,820776,3546595
16,9000,1844495,861002,2705497
16,9000,1135508,793835,1929343
16,9000,1154637,983207,2137844
16,9000,938817,888342,1827159
16,9000,1063303,917549,1980852
16,9000,1130411,688785,1819196
16,9000,1754512,750880,2505392
16,9000,2622670,998653,3621323
16,9000,978109,866973,1845082
16,9000,983430,831297,1814727
16,9000,2111057,896343,3007400
16,9000,1159692,931687,2091379
16,9000,1696305,730882,2427187
16,9000,2277090,828070,3105160
16,9000,1324379,952875,2277254
16,9000,1159496,954850,2114346
16,9000,954893,717135,1672028
16,9000,1145861,932506,2078367
16,9000,2775948,855785,3631733
16,9000,2981878,882299,3864177
16,9000,3052713,1031464,4084177
16,9000,1076390,1005073,2081463
16,9000,1090864,838650,1929514
16,9000,939843,964759,1904602
16,9000,1140236,904596,2044832
16,9000,1436071,810458,2246529
16,9000,1022790,835375,1858165
16,9000,1094570,780421,1874991
16,9000,1447040,930051,2377091
16,9000,1708146,917293,2625439
16,9000,1147200,711176,1858376
16,9000,2115255,902046,3017301
16,9000,1654831,840275,2495106
16,9000,1007224,1024404,2031628
16,9000,1731288,1202988,2934276
16,9000,1552647,858642,2411289
16,9000,1106597,743915,1850512
16,9000,983671,717429,1701100
16,9000,3109936,813813,3923749
16,9000,1526480,905410,2431890
16,9000,2019332,1053820,3073152
16,9000,1203862,879516,2083378
16,9000,1073120,649798,1722918
16,9000,1131140,855609,1986749
16,9000,2216516,804262,3020778
16,9000,3119756,923924,4043680
16,9000,2601705,980289,3581994
16,9000,1676141,773935,2450076
16,9000,1419761,884030,2303791
16,9000,1208317,845407,2053724
16,9000,1228372,687043,1915415
16,9000,1314412,891143,2205555
16,9000,1804212,869871,2674083
16,9000,1159470,821970,1981440
16,9000,1433694,695953,2129647
16,9000,1422908,979242,2402150
16,9000,1524453,765246,2289699
16,9000,1265819,896418,2162237
16,9000,1145199,748582,1893781
16,10000,1974168,824604,2798772
16,10000,1240323,894104,2134427
16,10000,1613184,1011575,2624759
16,10000,1129408,1169670,2299078
16,10000,1596048,1030906,2626954
16,10000,1350534,1172618,2523152
16,10000,1089272,923797,2013069
16,10000,1402518,813634,2216152
16,10000,1967887,713387,2681274
16,10000,1086743,1039151,2125894
16,10000,2000775,795707,2796482
16,10000,1139824,931516,2071340
16,10000,1222954,1049120,2272074
16,10000,1818184,811937,2630121
16,10000,1154708,972837,2127545
16,10000,2402441,1149195,3551636
16,10000,1708178,987238,2695416
16,10000,1330387,805342,2135729
16,10000,1258301,866698,2124999
16,10000,1081312,981487,2062799
16,10000,2049558,2353659,4403217
16,10000,1235886,951630,2187516
16,10000,1136867,1180772,2317639
16,10000,1171926,836921,2008847
16,10000,1468116,862193,2330309
16,10000,1404292,1104954,2509246
16,10000,1568577,844860,2413437
16,10000,1081491,984372,2065863
16,10000,1383201,839857,2223058
16,10000,1128551,878082,2006633
16,10000,1105883,1245397,2351280
16,10000,2548263,929763,3478026
16,10000,1240760,935051,2175811
16,10000,2069897,790270,2860167
16,10000,1132273,1008705,2140978
16,10000,3275636,1104374,4380010
16,10000,1371257,1170236,2541493
16,10000,2932922,1071588,4004510
16,10000,1058931,1017720,2076651
16,10000,1535447,1098233,2633680
16,10000,1634595,740553,2375148
16,10000,1115600,971538,2087138
16,10000,1754693,815392,2570085
16,10000,1353605,930958,2284563
16,10000,1372773,907439,2280212
16,10000,2080688,760478,2841166
16,10000,2083933,844260,2928193
16,10000,2045131,848819,2893950
16,10000,1444174,915305,2359479
16,10000,1936319,982493,2918812
16,10000,1716647,797298,2513945
16,10000,1350734,1143955,2494689
16,10000,1676962,971411,2648373
16,10000,1774764,843705,2618469
16,10000,1233559,898367,2131926
16,10000,1187370,1039518,2226888
16,10000,1301378,1037497,2338875
16,10000,1236215,1016446,2252661
16,10000,1538318,876843,2415161
16,10000,1050424,1005428,2055852
16,10000,1393181,897962,2291143
16,10000,1753039,959979,2713018
16,10000,1136746,1073642,2210388
16,10000,1105757,1505192,2610949
16,10000,1907430,834852,2742282
16,10000,1730471,775934,2506405
16,10000,1593867,791787,2385654
16,10000,1441647,944936,2386583
16,10000,1483058,792737,2275795
16,10000,1268017,835462,2103479
16,10000,1126313,825169,1951482
16,10000,1350723,1310338,2661061
16,10000,1816756,836995,2653751
16,10000,1130829,890353,2021182
16,10000,1090236,1158682,2248918
16,10000,1043604,925298,1968902
16,10000,1095961,782478,1878439
16,10000,2004997,906508,2911505
16,10000,3073216,960779,4033995
16,10000,1197210,1033953,2231163
16,10000,1040368,909056,1949424
16,10000,1296448,824108,2120556
16,10000,1747355,888194,2635549
16,10000,1554578,774039,2328617
16,10000,1824249,970397,2794646
16,10000,1444700,967006,2411706
16,10000,1490927,939584,2430511
16,10000,1924286,812046,2736332
16,10000,1949961,973735,2923696
16,10000,1124187,1004232,2128419
16,10000,1327621,852405,2180026
16,10000,2093593,759124,2852717
16,10000,1431996,1011061,2443057
16,10000,1683073,835851,2518924
16,10000,1310393,824550,2134943
16,10000,1768622,859342,2627964
16,10000,1873794,766969,2640763
16,10000,1159460,912290,2071750
16,10000,3004551,1155390,4159941
16,10000,1733175,839704,2572879
16,10000,1219288,1134886,2354174
16,10000,2079135,970572,3049707
16,10000,1898016,884745,2782761
16,10000,1285745,836618,2122363
16,10000,2288769,1042635,3331404
16,10000,2729973,1043652,3773625
16,10000,1706465,821540,2528005
16,10000,1328191,999658,2327849
16,10000,1084208,865541,1949749
16,10000,1659909,833765,2493674
16,10000,1103029,864866,1967895
16,10000,1833325,792190,2625515
16,10000,1763279,913517,2676796
16,10000,1117991,878752,1996743
16,10000,1095089,826147,1921236
16,10000,1118148,981743,2099891
16,10000,2559505,908560,3468065
16,10000,1896623,975056,2871679
16,10000,2016742,1038569,3055311
16,10000,1339812,1176441,2516253
16,10000,1104482,1212984,2317466
16,10000,1095435,926205,2021640
16,10000,1885764,731556,2617320
16,10000,1209364,847433,2056797
16,10000,3247728,996966,4244694
16,10000,1640102,884697,2524799
16,10000,1088125,911700,1999825
16,10000,1277003,796648,2073651
16,10000,2063935,861905,2925840
16,10000,1620777,1168430,2789207
16,10000,1370650,1021607,2392257
16,10000,1361844,907838,2269682
16,10000,1026375,1181874,2208249
16,10000,1475797,876237,2352034
16,10000,1218595,981180,2199775
16,10000,1848326,1077972,2926298
16,10000,1534157,989208,2523365
16,10000,1330950,780085,2111035
16,10000,1303836,879447,2183283
16,10000,1356102,851130,2207232
16,10000,1782948,995087,2778035
16,10000,1122258,1332724,2454982
16,10000,1185910,932626,2118536
16,10000,1922501,913958,2836459
16,10000,1922286,1031979,2954265
16,10000,1854882,965979,2820861
16,10000,2012652,921826,2934478
16,10000,1508921,1243598,2752519
16,10000,3272389,940439,4212828
16,10000,1088721,783031,1871752
16,10000,1359035,813293,2172328
16,10000,1700517,1065097,2765614
16,10000,1243613,861510,2105123
16,10000,1352137,799440,2151577
16,10000,1428164,1239685,2667849
16,10000,1421060,880257,2301317
16,10000,3053405,952806,4006211
16,10000,2081446,1231781,3313227
16,10000,1975584,1008880,2984464
16,10000,1400270,730647,2130917
16,10000,1834218,821745,2655963
16,10000,1873698,827263,2700961
16,10000,1690645,962131,2652776
16,10000,2057584,988877,3046461
16,10000,1317348,939027,2256375
16,10000,1165030,728484,1893514
16,10000,1457722,771057,2228779
16,10000,1356248,1005504,2361752
16,10000,1497877,851936,2349813
16,10000,1041678,827530,1869208
16,10000,1340624,881857,2222481
16,10000,1186976,846173,2033149
16,10000,1205502,999411,2204913
16,10000,1105854,994699,2100553
16,10000,1460773,1242894,2703667
16,10000,2245763,1063964,3309727
16,10000,2010027,747724,2757751
16,10000,1131999,1068767,2200766
16,10000,1363135,763865,2127000
16,10000,1518751,779547,2298298
16,10000,1237694,839571,2077265
16,10000,1116485,911249,2027734
16,10000,1126953,949361,2076314
16,10000,1292390,980070,2272460
16,10000,1423948,1163152,2587100
16,10000,1818905,999346,2818251
16,10000,2158892,762212,2921104
16,10000,3541914,931043,4472957
16,10000,979987,844361,1824348
16,10000,1320246,831014,2151260
16,10000,1821879,818061,2639940
16,10000,3039545,953392,3992937
16,10000,1462665,846577,2309242
16,10000,2084200,791793,2875993
16,10000,1578620,785676,2364296
16,10000,1774722,761452,2536174
16,10000,1077334,957230,2034564
16,10000,1446956,1015063,2462019
16,10000,1176154,926511,2102665
16,10000,1035752,941766,1977518
16,10000,1964309,1032346,2996655
16,10000,1395948,778848,2174796
16,10000,1397010,1163005,2560015
16,10000,2451963,957093,3409056
16,10000,1724996,988021,2713017
16,10000,1760300,835985,2596285
16,10000,1190744,925071,2115815
16,10000,1366517,1081771,2448288
16,10000,1131259,925938,2057197
16,10000,1154211,931514,2085725
16,10000,2872342,977090,3849432
16,10000,1215446,976339,2191785
16,10000,1524719,1160743,2685462
16,10000,1120116,922750,2042866
16,10000,1245106,753663,1998769
16,10000,1146381,884557,2030938
16,10000,2683025,858154,3541179
16,10000,1234902,998677,2233579
16,10000,2038123,959470,2997593
16,10000,2002048,829189,2831237
16,10000,1394655,822120,2216775
16,10000,1135435,975474,2110909
16,10000,1198358,1043749,2242107
16,10000,1109273,945059,2054332
16,10000,2909561,771314,3680875
16,10000,1735032,897193,2632225
16,10000,1743889,1018821,2762710
16,10000,1254083,839007,2093090
16,10000,2348654,971566,3320220
16,10000,1890073,769133,2659206
16,20000,1722155,3513605,5235760
16,20000,1657814,4571846,6229660
16,20000,3087555,3873166,6960721
16,20000,1864375,3852479,5716854
16,20000,1773314,2964651,4737965
16,20000,1741761,3617542,5359303
16,20000,1897332,3167964,5065296
16,20000,1625790,3561182,5186972
16,20000,2034844,3678638,5713482
16,20000,1536332,3474745,5011077
16,20000,1856389,3718240,5574629
16,20000,1614482,4408415,6022897
16,20000,1874329,2927544,4801873
16,20000,1717777,3776998,5494775
16,20000,1654445,2845928,4500373
16,20000,1592603,3323904,4916507
16,20000,1618069,3570803,5188872
16,20000,1774829,3681401,5456230
16,20000,1894765,3399284,5294049
16,20000,1728061,2739732,4467793
16,20000,1884489,3846931,5731420
16,20000,1648364,4264505,5912869
16,20000,1561025,3335237,4896262
16,20000,1819323,4207811,6027134
16,20000,1890657,3418659,5309316
16,20000,1705887,3251967,4957854
16,20000,2067093,3864794,5931887
16,20000,2155138,3724903,5880041
16,20000,1630235,3183054,4813289
16,20000,2173434,3887883,6061317
16,20000,1519208,3126447,4645655
16,20000,1565017,3593209,5158226
16,20000,1613723,3542016,5155739
16,20000,1581515,3380255,4961770
16,20000,1631134,2639899,4271033
16,20000,1898150,4502217,6400367
16,20000,1639832,3441137,5080969
16,20000,1736606,3672000,5408606
16,20000,1544033,3227571,4771604
16,20000,1704197,3229000,4933197
16,20000,1487038,2604973,4092011
16,20000,1618000,3350893,4968893
16,20000,1643699,3515920,5159619
16,20000,2065224,3681937,5747161
16,20000,1685497,3437819,5123316
16,20000,1768218,3746880,5515098
16,20000,1918125,3765679,5683804
16,20000,1762470,3663198,5425668
16,20000,1986319,2958050,4944369
16,20000,1781261,2870855,4652116
16,20000,1642232,3399925,5042157
16,20000,1602028,3163942,4765970
16,20000,1594589,3056061,4650650
16,20000,1822252,3414513,5236765
16,20000,1606018,3449561,5055579
16,20000,1879047,3095771,4974818
16,20000,2075409,3677583,5752992
16,20000,1623476,3620359,5243835
16,20000,1779243,3827123,5606366
16,20000,1567038,3665468,5232506
16,20000,1714184,3281320,4995504
16,20000,1980795,2818207,4799002
16,20000,1580670,3895137,5475807
16,20000,2209012,3485480,5694492
16,20000,1689896,3349821,5039717
16,20000,1783007,3821499,5604506
16,20000,1737575,3108207,4845782
16,20000,1597216,3472653,5069869
16,20000,1968946,2912012,4880958
16,20000,1740375,3508596,5248971
16,20000,1764297,3587985,5352282
16,20000,1443062,3259061,4702123
16,20000,1638542,3492232,5130774
16,20000,1665944,3749746,5415690
16,20000,1485977,1813999,3299976
16,20000,1614403,3560099,5174502
16,20000,1599412,3381854,4981266
16,20000,1769852,2961262,4731114
16,20000,1704878,3745644,5450522
16,20000,1590291,3424613,5014904
16,20000,1880413,2909702,4790115
16,20000,2039705,1810671,3850376
16,20000,1885575,2922469,4808044
16,20000,1575794,3792567,5368361
16,20000,1783793,3283070,5066863
16,20000,1499842,3583642,5083484
16,20000,1686120,2425243,4111363
16,20000,1987428,3977186,5964614
16,20000,1643930,3659700,5303630
16,20000,1831386,3213756,5045142
16,20000,1898646,3391196,5289842
16,20000,1883400,3019682,4903082
16,20000,2131504,3857612,5989116
16,20000,1728840,3610901,5339741
16,20000,1486688,3724272,5210960
16,20000,1570378,3161254,4731632
16,20000,1753322,3828589,5581911
16,20000,1590001,3663897,5253898
16,20000,1866127,3320044,5186171
16,20000,1411146,3185902,4597048
16,20000,1887382,2921313,4808695
16,20000,1723576,3813917,5537493
16,20000,1619190,3344099,4963289
16,20000,1647938,3854284,5502222
16,20000,1607335,3787469,5394804
16,20000,1870565,3687886,5558451
16,20000,1763698,2955974,4719672
16,20000,2116091,3719394,5835485
16,20000,1683077,3527684,5210761
16,20000,1666829,3595260,5262089
16,20000,1668076,3688652,5356728
16,20000,1679781,3792030,5471811
16,20000,1562372,4301335,5863707
16,20000,1718017,3510729,5228746
16,20000,1535100,3839981,5375081
16,30000,5466784,3691390,9158174
16,30000,4294557,3599945,7894502
16,30000,4288786,2410302,6699088
16,30000,3331043,2277373,5608416
16,30000,4140706,2171813,6312519
16,30000,4622005,2602123,7224128
16,30000,4511953,2443921,6955874
16,30000,4905747,4620614,9526361
16,30000,3341182,2127883,5469065
16,30000,4004980,2429625,6434605
16,30000,4016704,4092655,8109359
16,30000,4200627,2136094,6336721
16,30000,4548167,2361531,6909698
16,30000,4772110,2388462,7160572
16,30000,3774047,2455163,6229210
16,30000,4420227,4580493,9000720
16,30000,4118713,2318399,6437112
16,30000,4523379,2192404,6715783
16,30000,4353586,2165438,6519024
16,30000,4580832,2612526,7193358
16,30000,3655458,3549841,7205299
16,30000,3313844,3656989,6970833
16,30000,3952140,4199558,8151698
16,30000,4060949,2102577,6163526
16,30000,4259676,2312647,6572323
16,30000,5294980,2945680,8240660
16,30000,4449642,4693255,9142897
16,30000,5485967,2231581,7717548
16,30000,4546426,3620460,8166886
16,30000,4315895,2206233,6522128
16,30000,5056413,2217746,7274159
16,30000,2507454,2152827,4660281
16,30000,2841108,4380993,7222101
16,30000,5353259,4637301,9990560
16,30000,4311239,2217744,6528983
16,30000,4340380,2151991,6492371
16,30000,3088493,2509556,5598049
16,30000,2933133,2125056,5058189
16,30000,5281461,4120581,9402042
16,30000,3957740,3711703,7669443
16,30000,4317022,4403822,8720844
16,30000,3273616,3599117,6872733
16,30000,5404732,2538854,7943586
16,30000,2999936,3114346,6114282
16,30000,3469136,2090012,5559148
16,30000,4012666,4450334,8463000
16,30000,4961969,2186322,7148291
16,30000,2634836,2307393,4942229
16,30000,4151936,2524199,6676135
16,30000,4929926,2078416,7008342
16,30000,4175381,3983673,8159054
16,30000,4265724,2601699,6867423
16,30000,4389996,3553214,7943210
16,30000,4228872,3789238,8018110
16,30000,4017796,3842503,7860299
16,30000,4448381,3744943,8193324
16,30000,3308314,2653308,5961622
16,30000,2465201,4664372,7129573
16,30000,3839103,2421705,6260808
16,30000,4893647,3552472,8446119
16,30000,3841975,4216484,8058459
16,30000,3679419,3519275,7198694
16,30000,4337410,2374418,6711828
16,30000,4202828,2217109,6419937
16,30000,4921840,3704052,8625892
16,30000,2914516,2130336,5044852
16,30000,4442565,4271973,8714538
16,30000,4334247,2029887,6364134
16,30000,3273198,4807312,8080510
16,30000,4830688,4181049,9011737
16,30000,4135001,2126473,6261474
16,30000,4982488,4148607,9131095
16,30000,3909158,2240709,6149867
16,30000,4376447,3465979,7842426
16,30000,4258879,4087650,8346529
16,30000,3378363,4591749,7970112
16,30000,4606591,4500689,9107280
16,30000,2624683,4542980,7167663
16,30000,5140400,4044435,9184835
16,30000,4183957,2808725,6992682
16,30000,2751164,3586030,6337194
16,30000,2758751,4466759,7225510
16,30000,4792136,3169924,7962060
16,30000,4242783,2574670,6817453
16,30000,4249735,4035392,8285127
16,30000,4222043,2324509,6546552
16,30000,2717401,3436846,6154247
16,30000,4891678,4679369,9571047
16,30000,3311368,2625332,5936700
16,30000,4220079,3700454,7920533
16,30000,4079042,2331792,6410834
16,30000,3688466,2381443,6069909
16,30000,4858101,2269515,7127616
16,30000,4097349,2625190,6722539
16,30000,2986467,2194138,5180605
16,30000,4034469,1888424,5922893
16,30000,2666924,4257032,6923956
16,30000,4201006,3588713,7789719
16,30000,2639074,3702959,6342033
16,30000,4493139,2395373,6888512
16,30000,4591682,3509394,8101076
16,30000,4304297,2190687,6494984
16,30000,4507228,2235228,6742456
16,30000,4712728,3658161,8370889
16,30000,4301031,4253854,8554885
16,30000,4656420,4183372,8839792
16,30000,5355377,3858047,9213424
16,30000,4550465,3630196,8180661
16,30000,3264010,2086351,5350361
16,30000,5198684,2120800,7319484
16,30000,5080523,3998419,9078942
16,30000,2832055,3650996,6483051
16,30000,3309155,2268641,5577796
16,30000,3223680,2158684,5382364
16,30000,4892341,2118777,7011118
16,40000,5298062,4548577,9846639
16,40000,5227313,4648168,9875481
16,40000,4979468,4578405,9557873
16,40000,4136296,2892555,7028851
16,40000,5234766,5002096,10236862
16,40000,4634623,4439059,9073682
16,40000,4951099,4451015,9402114
16,40000,3673537,2834604,6508141
16,40000,4878139,4998115,9876254
16,40000,4810055,3691155,8501210
16,40000,4248671,5300065,9548736
16,40000,4965904,5003420,9969324
16,40000,5092633,4528022,9620655
16,40000,4841052,3860070,8701122
16,40000,4371019,4605454,8976473
16,40000,4521333,2982193,7503526
16,40000,6141624,4752102,10893726
16,40000,6547845,4779778,11327623
16,40000,3901460,4859332,8760792
16,40000,5565844,4938243,10504087
16,40000,4417929,5143799,9561728
16,40000,2748982,4343283,7092265
16,40000,5455571,2799831,8255402
16,40000,5314061,5005925,10319986
16,40000,5186169,2930459,8116628
16,40000,4798452,4567251,9365703
16,40000,4879749,4586082,9465831
16,40000,4982753,4662916,9645669
16,40000,5419821,2814073,8233894
16,40000,6052902,4218536,10271438
16,40000,4981573,5684022,10665595
16,40000,5625225,5164538,10789763
16,40000,4388158,3662267,8050425
16,40000,5674181,2859002,8533183
16,40000,6078211,4433772,10511983
16,40000,3376976,4870033,8247009
16,40000,6857027,5109726,11966753
16,40000,5500623,5294444,10795067
16,40000,4785331,4660775,9446106
16,40000,5229535,3081528,8311063
16,40000,4508107,4969888,9477995
16,40000,4755323,2901974,7657297
16,40000,4578337,4513627,9091964
16,40000,4285053,4902913,9187966
16,40000,4215854,5416136,9631990
16,40000,5161684,2885344,8047028
16,40000,4882856,4878193,9761049
16,40000,3697529,5033400,8730929
16,40000,5946011,4426058,10372069
16,40000,5512113,5388393,10900506
16,40000,6514865,2809160,9324025
16,40000,6126643,4772716,10899359
16,40000,4345291,4825325,9170616
16,40000,5915593,4646399,10561992
16,40000,4686799,4980838,9667637
16,40000,4716629,4443761,9160390
16,40000,5451171,2887589,8338760
16,40000,5391144,4441512,9832656
16,40000,3773139,4585849,8358988
16,40000,5232766,4544024,9776790
16,40000,4006160,4333804,8339964
16,40000,5238225,2723534,7961759
16,40000,4933095,4973937,9907032
16,40000,5801567,5461932,11263499
16,40000,5377630,4431587,9809217
16,40000,4180677,4986780,9167457
16,40000,5116091,4404763,9520854
16,40000,4296107,5287655,9583762
16,40000,4853135,4908710,9761845
16,40000,5405094,4488970,9894064
16,40000,5137596,4483894,9621490
16,40000,4501246,5301800,9803046
16,40000,6753948,5016703,11770651
16,40000,3627347,4351224,7978571
16,40000,5742769,2852615,8595384
16,40000,4655226,2811781,7467007
16,40000,4254646,2916844,7171490
16,40000,4241251,4680417,8921668
16,40000,4494567,4244183,8738750
16,40000,5457499,2900976,8358475
16,40000,3454116,2737918,6192034
16,40000,5268527,4682776,9951303
16,40000,5451287,5362405,10813692
16,40000,4068461,4604739,8673200
16,40000,2166579,4654563,6821142
16,40000,5410916,3021678,8432594
16,40000,3456491,3155128,6611619
16,40000,3603986,4640991,8244977
16,40000,4512673,2808513,7321186
16,40000,4583551,3369663,7953214
16,40000,5557905,4311463,9869368
16,40000,4999312,5082608,10081920
16,40000,4125911,2761824,6887735
16,40000,5482991,5426371,10909362
16,40000,5599821,2450811,8050632
16,40000,5211932,5083523,10295455
16,40000,4965681,5196024,10161705
16,40000,4807999,4930685,9738684
16,40000,4876037,2958616,7834653
16,40000,2804247,4625637,7429884
16,40000,3440958,4084183,7525141
16,40000,4597263,4521195,9118458
16,40000,2558764,5187187,7745951
16,40000,5221544,3339914,8561458
16,40000,5267558,4595797,9863355
16,40000,5297829,3217325,8515154
16,40000,4887158,2780621,7667779
16,40000,3599549,4449327,8048876
16,40000,4534472,4115477,8649949
16,40000,5129212,4610458,9739670
16,40000,5161405,4658914,9820319
16,40000,5966019,3284382,9250401
16,40000,5980034,5792827,11772861
16,40000,4988149,4634160,9622309
16,40000,5022889,2941120,7964009
16,50000,5154794,4966887,10121681
16,50000,6382886,5972226,12355112
16,50000,5912036,5529233,11441269
16,50000,5789160,3580031,9369191
16,50000,4904202,6141763,11045965
16,50000,5829267,3640456,9469723
16,50000,4834752,6025554,10860306
16,50000,5988251,5433036,11421287
16,50000,6094711,6245041,12339752
16,50000,5187621,5515781,10703402
16,50000,6013700,5483447,11497147
16,50000,5190224,4549583,9739807
16,50000,5412757,5992591,11405348
16,50000,6612248,4730343,11342591
16,50000,4506855,5785695,10292550
16,50000,4668086,5358222,10026308
16,50000,5584325,6253942,11838267
16,50000,4206874,6163954,10370828
16,50000,5832259,5513484,11345743
16,50000,5679104,4871249,10550353
16,50000,5162720,6086892,11249612
16,50000,7747017,5787367,13534384
16,50000,5069567,6688096,11757663
16,50000,5002365,5545986,10548351
16,50000,4964567,4545315,9509882
16,50000,4558913,5541218,10100131
16,50000,4133602,5467977,9601579
16,50000,4483787,6747919,11231706
16,50000,5576966,3384920,8961886
16,50000,5457257,5427348,10884605
16,50000,5217923,5172816,10390739
16,50000,4692666,6139208,10831874
16,50000,7016595,5116651,12133246
16,50000,6124431,6260229,12384660
16,50000,4011424,6561246,10572670
16,50000,3870686,3466632,7337318
16,50000,6489898,3272470,9762368
16,50000,5824215,6214881,12039096
16,50000,5013226,5495572,10508798
16,50000,4108846,5750045,9858891
16,50000,5066539,5320343,10386882
16,50000,3799596,5702822,9502418
16,50000,5539883,6538610,12078493
16,50000,5811053,4737724,10548777
16,50000,4851258,4717455,9568713
16,50000,4399383,5774922,10174305
16,50000,8332599,5225629,13558228
16,50000,6480043,5075402,11555445
16,50000,5523243,5084418,10607661
16,50000,4340031,5864816,10204847
16,50000,5194228,5533220,10727448
16,50000,5282153,5544449,10826602
16,50000,4773353,5736762,10510115
16,50000,4643747,4967753,9611500
16,50000,3645310,5257027,8902337
16,50000,5846028,5589434,11435462
16,50000,5120860,5503290,10624150
16,50000,5468117,5653905,11122022
16,50000,5888993,5375409,11264402
16,50000,5212825,5767040,10979865
16,50000,4734762,5821653,10556415
16,50000,5114602,5756567,10871169
16,50000,5229398,5856087,11085485
16,50000,5908148,5687182,11595330
16,50000,4865044,5792416,10657460
16,50000,4067676,5716785,9784461
16,50000,3906438,5885617,9792055
16,50000,6718417,5292351,12010768
16,50000,4903866,5635484,10539350
16,50000,4553395,4999043,9552438
16,50000,6676427,3691239,10367666
16,50000,6578504,5784484,12362988
16,50000,5509148,5770161,11279309
16,50000,5654375,4874792,10529167
16,50000,5533931,5464784,10998715
16,50000,5489302,5289038,10778340
16,50000,5726148,5238883,10965031
16,50000,6282530,4779001,11061531
16,50000,5873135,5593819,11466954
16,50000,4730115,5725968,10456083
16,50000,4874285,6233236,11107521
16,50000,5278005,5275659,10553664
16,50000,5643536,5655521,11299057
16,50000,6070753,5302578,11373331
16,50000,4484240,4976463,9460703
16,50000,5037266,5790788,10828054
16,50000,5325928,4884421,10210349
16,50000,4731150,5415867,10147017
16,50000,4530843,5443164,9974007
16,50000,5009707,6005094,11014801
16,50000,4856095,4770097,9626192
16,50000,5299186,5321262,10620448
16,50000,4208602,5352285,9560887
16,50000,3883690,5944964,9828654
16,50000,6417612,3602061,10019673
16,50000,4344801,5199806,9544607
16,50000,6100055,5859628,11959683
16,50000,5950667,5134567,11085234
16,50000,5195235,5777829,10973064
16,50000,5078111,5374889,10453000
16,50000,5340903,6321199,11662102
16,50000,4995632,5685850,10681482
16,50000,6215493,6174960,12390453
16,50000,4560796,5742683,10303479
16,50000,4796670,5781507,10578177
16,50000,4934003,5646105,10580108
16,50000,6000328,3885194,9885522
16,50000,4944051,5492094,10436145
16,50000,4120015,4013886,8133901
16,50000,5435342,5044491,10479833
16,50000,5246918,4255502,9502420
16,50000,6169088,5342513,11511601
16,50000,3650849,5910762,9561611
16,50000,5967004,5354485,11321489
16,50000,6145728,3689920,9835648
16,60000,4398522,6225827,10624349
16,60000,5350008,6969737,12319745
16,60000,5142040,4303251,9445291
16,60000,5994700,5801020,11795720
16,60000,6211441,6506513,12717954
16,60000,5042147,5471243,10513390
16,60000,4036606,6649814,10686420
16,60000,6191458,6149001,12340459
16,60000,6185287,6495021,12680308
16,60000,5818003,5770765,11588768
16,60000,7804291,6413886,14218177
16,60000,4805766,6470170,11275936
16,60000,6804634,5843826,12648460
16,60000,4323945,6044137,10368082
16,60000,6235798,6111822,12347620
16,60000,6243597,6440004,12683601
16,60000,5201446,6183023,11384469
16,60000,6484551,5692992,12177543
16,60000,5313930,6374834,11688764
16,60000,5950297,5906050,11856347
16,60000,5496017,5817195,11313212
16,60000,6795352,6177411,12972763
16,60000,5983952,4984097,10968049
16,60000,7432779,5643055,13075834
16,60000,5383856,5959515,11343371
16,60000,4966757,6356678,11323435
16,60000,5489275,5792319,11281594
16,60000,6781427,6076513,12857940
16,60000,6334491,6302467,12636958
16,60000,5749689,5437674,11187363
16,60000,5304982,5873835,11178817
16,60000,5145083,6331528,11476611
16,60000,6328985,6473865,12802850
16,60000,5981743,6302206,12283949
16,60000,5921432,5845164,11766596
16,60000,4738230,6401754,11139984
16,60000,6156717,6005552,12162269
16,60000,5007757,6218176,11225933
16,60000,6340982,7230530,13571512
16,60000,5354857,6172272,11527129
16,60000,5562218,6246866,11809084
16,60000,6188274,6185856,12374130
16,60000,5368910,6021659,11390569
16,60000,5261949,5967152,11229101
16,60000,6576070,6619435,13195505
16,60000,7029053,5317996,12347049
16,60000,5839791,6743045,12582836
16,60000,7372354,6397253,13769607
16,60000,5374746,6065477,11440223
16,60000,6152332,6111836,12264168
16,60000,7276953,6428260,13705213
16,60000,5389674,6579014,11968688
16,60000,6057786,6186224,12244010
16,60000,4430572,6229002,10659574
16,60000,6060563,5894250,11954813
16,60000,7338025,6440097,13778122
16,60000,6087250,6163933,12251183
16,60000,5854677,6337327,12192004
16,60000,4379366,6090667,10470033
16,60000,5302887,6028136,11331023
16,60000,7087029,6270993,13358022
16,60000,5102525,6120311,11222836
16,60000,6129949,6052052,12182001
16,60000,6823224,6498161,13321385
16,60000,7192048,5540766,12732814
16,60000,6162278,6174460,12336738
16,60000,8489958,6386024,14875982
16,60000,6170791,6255895,12426686
16,60000,5801323,6501933,12303256
16,60000,4946660,6465609,11412269
16,60000,6332890,6714704,13047594
16,60000,5109449,5867613,10977062
16,60000,4230111,6046938,10277049
16,60000,4342500,5963155,10305655
16,60000,6474483,6142703,12617186
16,60000,5360079,6013240,11373319
16,60000,5276414,6014286,11290700
16,60000,4503373,5913298,10416671
16,60000,6332979,5023527,11356506
16,60000,2932639,6409363,9342002
16,60000,5048794,6361964,11410758
16,60000,7356899,5722343,13079242
16,60000,6155564,6055943,12211507
16,60000,6239076,5456575,11695651
16,60000,4641558,6115226,10756784
16,60000,6612280,6058011,12670291
16,60000,6546479,6248196,12794675
16,60000,5443674,5934726,11378400
16,60000,4949176,6148611,11097787
16,60000,5990584,6377872,12368456
16,60000,3799512,6722556,10522068
16,60000,6311480,4924983,11236463
16,60000,5921236,6278272,12199508
16,60000,5454318,6031257,11485575
16,60000,6001961,6443139,12445100
16,60000,5695288,6254507,11949795
16,60000,4732808,5440581,10173389
16,60000,6947612,6421311,13368923
16,60000,5744368,5768053,11512421
16,60000,6294298,6307855,12602153
16,60000,6691733,6286222,12977955
16,60000,5346074,7062131,12408205
16,60000,4563413,5818146,10381559
16,60000,6699275,6256714,12955989
16,60000,6252886,6548197,12801083
16,60000,5155888,6048391,11204279
16,60000,7781488,6268426,14049914
16,60000,4768050,5664271,10432321
16,60000,6003404,6321085,12324489
16,60000,5483734,6009734,11493468
16,60000,6319267,5412623,11731890
16,60000,6068191,5894388,11962579
16,60000,7156711,5758276,12914987
16,60000,5427121,5974681,11401802
16,60000,6498674,5914487,12413161
16,70000,6706541,6672738,13379279
16,70000,7866299,7019039,14885338
16,70000,5650496,7582347,13232843
16,70000,5049836,6967493,12017329
16,70000,6817639,6125324,12942963
16,70000,6777122,7292189,14069311
16,70000,6189116,8237010,14426126
16,70000,7321542,6763703,14085245
16,70000,7630210,7065220,14695430
16,70000,6770763,7771235,14541998
16,70000,7209246,7483747,14692993
16,70000,4536310,7163914,11700224
16,70000,4930984,6514917,11445901
16,70000,6808292,7558919,14367211
16,70000,6648075,6852844,13500919
16,70000,7325131,6898137,14223268
16,70000,6833844,5215036,12048880
16,70000,6233736,7317946,13551682
16,70000,7458112,7583476,15041588
16,70000,7001708,6998968,14000676
16,70000,4543768,6468791,11012559
16,70000,6583146,6437838,13020984
16,70000,7371214,6050474,13421688
16,70000,6952670,6883129,13835799
16,70000,5654536,6193311,11847847
16,70000,6092876,6596938,12689814
16,70000,5772179,6362408,12134587
16,70000,6879741,7208280,14088021
16,70000,7289671,7635257,14924928
16,70000,6809303,7727530,14536833
16,70000,7172273,7773030,14945303
16,70000,6401779,7807939,14209718
16,70000,6544673,5876327,12421000
16,70000,6740775,6306388,13047163
16,70000,7284425,7263501,14547926
16,70000,5567192,6493221,12060413
16,70000,6834731,6373001,13207732
16,70000,7002645,7714154,14716799
16,70000,7155562,7413299,14568861
16,70000,5695922,6493504,12189426
16,70000,4409332,6776074,11185406
16,70000,6318011,7884939,14202950
16,70000,6003990,7305812,13309802
16,70000,5189080,7114937,12304017
16,70000,7263187,6943036,14206223
16,70000,5794300,7100376,12894676
16,70000,7277790,6596558,13874348
16,70000,7517986,7380540,14898526
16,70000,6842478,7227729,14070207
16,70000,7276258,6937799,14214057
16,70000,8058075,7663031,15721106
16,70000,6789040,7809139,14598179
16,70000,7557849,7628624,15186473
16,70000,6441579,6315874,12757453
16,70000,7427711,7828196,15255907
16,70000,5179523,6836878,12016401
16,70000,7392682,7616025,15008707
16,70000,7979284,6996701,14975985
16,70000,6362411,6647517,13009928
16,70000,6952414,6796209,13748623
16,70000,5138275,7949881,13088156
16,70000,5773200,7350701,13123901
16,70000,7630193,7683241,15313434
16,70000,7357085,7094569,14451654
16,70000,7510419,7403779,14914198
16,70000,6337277,7856454,14193731
16,70000,4751235,6718426,11469661
16,70000,6904666,6294526,13199192
16,70000,7609687,7582843,15192530
16,70000,6663686,7646938,14310624
16,70000,7715806,6871740,14587546
16,70000,5303463,7667782,12971245
16,70000,8322872,7390982,15713854
16,70000,6841742,7283864,14125606
16,70000,5855611,7336787,13192398
16,70000,4581886,8018768,12600654
16,70000,7572053,6926472,14498525
16,70000,7545465,6977053,14522518
16,70000,6753685,7412623,14166308
16,70000,7207263,7436349,14643612
16,70000,6978557,7231052,14209609
16,70000,6188296,7290739,13479035
16,70000,6639811,7721725,14361536
16,70000,5428587,7120277,12548864
16,70000,6395041,6655714,13050755
16,70000,5964439,7176603,13141042
16,70000,5834280,7548870,13383150
16,70000,6402501,6597906,13000407
16,70000,5860581,7353240,13213821
16,70000,6219123,6769314,12988437
16,70000,7066392,6409878,13476270
16,70000,6867507,6996837,13864344
16,70000,7112697,7071338,14184035
16,70000,7029611,7266257,14295868
16,70000,6313191,6983009,13296200
16,70000,6517049,6363503,12880552
16,70000,6602039,6970022,13572061
16,70000,6247340,7409779,13657119
16,70000,5351547,7427168,12778715
16,70000,6857060,8312624,15169684
16,70000,5788582,6122488,11911070
16,70000,5831911,7601051,13432962
16,70000,6713156,7790216,14503372
16,70000,7625031,7231214,14856245
16,70000,7491142,7228780,14719922
16,70000,8140130,7445796,15585926
16,70000,7121506,6616825,13738331
16,70000,6945993,7023976,13969969
16,70000,6985358,6543797,13529155
16,70000,7253641,6720368,13974009
16,70000,6687084,7333401,14020485
16,70000,7896032,7479142,15375174
16,70000,5656468,6855708,12512176
16,70000,7139095,7315068,14454163
16,70000,8705353,6961196,15666549
16,80000,7386456,7869405,15255861
16,80000,8084340,7146965,15231305
16,80000,7546354,7552502,15098856
16,80000,5282234,7147906,12430140
16,80000,7519298,7242812,14762110
16,80000,7479932,7345776,14825708
16,80000,5606167,8014603,13620770
16,80000,7882137,7829922,15712059
16,80000,7324041,6924600,14248641
16,80000,4332999,7696514,12029513
16,80000,6979078,8078905,15057983
16,80000,7377196,7772384,15149580
16,80000,6845039,7755408,14600447
16,80000,5990990,7327340,13318330
16,80000,6242261,7877406,14119667
16,80000,6699952,7607193,14307145
16,80000,5052757,7882426,12935183
16,80000,6466625,7295417,13762042
16,80000,7927880,7885273,15813153
16,80000,7105812,7562580,14668392
16,80000,6109775,7354584,13464359
16,80000,7576449,7218059,14794508
16,80000,4484460,7300534,11784994
16,80000,7061429,7885401,14946830
16,80000,6450943,7650789,14101732
16,80000,8190275,7719349,15909624
16,80000,7729433,7373283,15102716
16,80000,6104710,8050770,14155480
16,80000,6088851,7922775,14011626
16,80000,5689535,7934510,13624045
16,80000,7061487,7802688,14864175
16,80000,5936444,8003078,13939522
16,80000,5046756,7740765,12787521
16,80000,5715139,7287322,13002461
16,80000,5704459,6912623,12617082
16,80000,4876805,8016423,12893228
16,80000,5828981,6946265,12775246
16,80000,7828019,7065983,14894002
16,80000,8095051,8208325,16303376
16,80000,5716315,6562903,12279218
16,80000,8010151,7687701,15697852
16,80000,5205418,7058482,12263900
16,80000,8169637,6959860,15129497
16,80000,8607754,7767335,16375089
16,80000,7372672,7713113,15085785
16,80000,8401505,8160250,16561755
16,80000,6229367,7391896,13621263
16,80000,5714831,7116357,12831188
16,80000,7199030,7855799,15054829
16,80000,7264496,8007713,15272209
16,80000,6060446,7145597,13206043
16,80000,4544804,7561617,12106421
16,80000,6172456,7892005,14064461
16,80000,7471158,7952896,15424054
16,80000,6121629,6521588,12643217
16,80000,8015738,7024114,15039852
16,80000,6770073,8251513,15021586
16,80000,8623515,7568481,16191996
16,80000,5429282,7706398,13135680
16,80000,8241660,7255666,15497326
16,80000,6295221,7537555,13832776
16,80000,8311131,7948929,16260060
16,80000,4629542,7905334,12534876
16,80000,7471312,7260077,14731389
16,80000,6872536,6959450,13831986
16,80000,4760432,7976376,12736808
16,80000,5578267,7889535,13467802
16,80000,7329710,7558155,14887865
16,80000,5656395,7832001,13488396
16,80000,6663324,7727353,14390677
16,80000,6140979,8188150,14329129
16,80000,6986875,7518259,14505134
16,80000,5814331,8022646,13836977
16,80000,6895818,7309528,14205346
16,80000,6587538,8056755,14644293
16,80000,6232602,7624220,13856822
16,80000,5632252,7159722,12791974
16,80000,7932815,7615576,15548391
16,80000,7212374,7522855,14735229
16,80000,5465855,6197186,11663041
16,80000,7382718,7633453,15016171
16,80000,6791299,6982428,13773727
16,80000,6658436,8218626,14877062
16,80000,4832527,7903548,12736075
16,80000,6767894,6411484,13179378
16,80000,7335260,7596012,14931272
16,80000,5382936,6591251,11974187
16,80000,8268724,7538642,15807366
16,80000,4153239,6749146,10902385
16,80000,7019442,7378424,14397866
16,80000,7049756,7207900,14257656
16,80000,6320238,7360004,13680242
16,80000,3946592,8110098,12056690
16,80000,7413751,7560947,14974698
16,80000,5667341,7492432,13159773
16,80000,7848789,8576375,16425164
16,80000,6521956,7206802,13728758
16,80000,6817777,7795620,14613397
16,80000,5911264,8534962,14446226
16,80000,7313893,7398896,14712789
16,80000,8178518,7915378,16093896
16,80000,6874219,7516676,14390895
16,80000,5601901,7172588,12774489
16,80000,5918390,8473456,14391846
16,80000,8313849,7878841,16192690
16,80000,5653053,7367356,13020409
16,80000,7907637,6743357,14650994
16,80000,4511401,8640443,13151844
16,80000,7901313,7634594,15535907
16,80000,6807965,7515442,14323407
16,80000,7934569,7090474,15025043
16,80000,8278844,7072494,15351338
16,80000,6789762,8334271,15124033
16,80000,7598978,7058045,14657023
16,80000,6801678,7928532,14730210
16,90000,5859356,8324918,14184274
16,90000,8783801,7692979,16476780
16,90000,8478234,8400160,16878394
16,90000,6394283,8413217,14807500
16,90000,7913184,8308534,16221718
16,90000,6384795,8897223,15282018
16,90000,7046212,8378036,15424248
16,90000,9533888,8616270,18150158
16,90000,8175002,6945821,15120823
16,90000,6417000,10452799,16869799
16,90000,8009454,8652565,16662019
16,90000,7468839,8064221,15533060
16,90000,8951321,7956146,16907467
16,90000,6563245,8196452,14759697
16,90000,7493356,8649723,16143079
16,90000,8294984,8324234,16619218
16,90000,6890655,8722607,15613262
16,90000,8919893,8817829,17737722
16,90000,8589716,8497849,17087565
16,90000,8136555,7839582,15976137
16,90000,5855937,9424391,15280328
16,90000,4468632,8849575,13318207
16,90000,6874568,8250904,15125472
16,90000,6802938,7658583,14461521
16,90000,6400241,8917752,15317993
16,90000,7876630,8151053,16027683
16,90000,8893061,9068439,17961500
16,90000,8690298,8322511,17012809
16,90000,8774611,8069455,16844066
16,90000,8129418,8258874,16388292
16,90000,8239059,8351877,16590936
16,90000,9110011,6549503,15659514
16,90000,5328924,7051826,12380750
16,90000,9031758,8526214,17557972
16,90000,5834162,8077146,13911308
16,90000,9019029,8298439,17317468
16,90000,8485566,8768988,17254554
16,90000,8004480,8674279,16678759
16,90000,6772974,7992783,14765757
16,90000,9713639,9099353,18812992
16,90000,8817190,8167030,16984220
16,90000,6677074,8851379,15528453
16,90000,8336765,8260175,16596940
16,90000,4758845,8972745,13731590
16,90000,7048790,8610547,15659337
16,90000,7190353,9470055,16660408
16,90000,6192714,8695009,14887723
16,90000,8428962,7820594,16249556
16,90000,6517259,8473610,14990869
16,90000,8515129,8737202,17252331
16,90000,8252961,9147165,17400126
16,90000,6591882,7961437,14553319
16,90000,9314497,8545271,17859768
16,90000,9670219,7918461,17588680
16,90000,8084034,8900547,16984581
16,90000,7849712,8165659,16015371
16,90000,6947519,8090116,15037635
16,90000,7977819,8120651,16098470
16,90000,8506307,9280912,17787219
16,90000,8397076,8576384,16973460
16,90000,7519238,8086604,15605842
16,90000,8144536,8935559,17080095
16,90000,6315946,8533021,14848967
16,90000,8211900,8048677,16260577
16,90000,8158336,8604389,16762725
16,90000,9141433,8035565,17176998
16,90000,8282097,9152193,17434290
16,90000,5663109,8020583,13683692
16,90000,8423421,8620642,17044063
16,90000,9099996,8723197,17823193
16,90000,8534413,8507627,17042040
16,90000,8767485,8261689,17029174
16,90000,9545177,8701982,18247159
16,90000,5199796,8613849,13813645
16,90000,7502860,8519151,16022011
16,90000,8475270,8620309,17095579
16,90000,8657729,7740892,16398621
16,90000,8955280,8896337,17851617
16,90000,9535591,8004875,17540466
16,90000,9506540,8876015,18382555
16,90000,9146378,8065040,17211418
16,90000,8657948,7094084,15752032
16,90000,8132093,7727645,15859738
16,90000,8391007,8594793,16985800
16,90000,9232486,10308169,19540655
16,90000,8488782,7929151,16417933
16,90000,6240955,7900679,14141634
16,90000,8991537,9532928,18524465
16,90000,8066508,9059906,17126414
16,90000,8982680,8103227,17085907
16,90000,6614238,8678216,15292454
16,90000,6997656,7861445,14859101
16,90000,5669140,7032405,12701545
16,90000,8538939,8655063,17194002
16,90000,9743004,9060950,18803954
16,90000,8534489,7006305,15540794
16,90000,6935623,8624039,15559662
16,90000,7062264,7678866,14741130
16,90000,7144269,8515215,15659484
16,90000,8183070,8782348,16965418
16,90000,7553803,8039249,15593052
16,90000,8147383,7817461,15964844
16,90000,8840519,8038684,16879203
16,90000,8126975,9537424,17664399
16,90000,7519661,8666951,16186612
16,90000,6833956,8821103,15655059
16,90000,9401038,8713777,18114815
16,90000,8504004,8274159,16778163
16,90000,7923133,8894365,16817498
16,90000,8513049,8786083,17299132
16,90000,4372751,8537453,12910204
16,90000,6610047,9185991,15796038
16,90000,9470315,8691615,18161930
16,90000,7197116,8045053,15242169
16,90000,8954685,8114451,17069136
16,100000,8819543,8976177,17795720
16,100000,7324840,9057433,16382273
16,100000,8766089,8876283,17642372
16,100000,9947299,9013588,18960887
16,100000,9329828,9202688,18532516
16,100000,8026551,8587137,16613688
16,100000,8772043,9793697,18565740
16,100000,8132230,8943333,17075563
16,100000,8215484,9294080,17509564
16,100000,9034706,8706048,17740754
16,100000,8229333,8815994,17045327
16,100000,9264318,9234584,18498902
16,100000,9506509,8659124,18165633
16,100000,7135758,9003129,16138887
16,100000,9322763,8689991,18012754
16,100000,9635930,9258167,18894097
16,100000,7437384,8611878,16049262
16,100000,7730640,9597799,17328439
16,100000,9686823,9587677,19274500
16,100000,5352550,9404733,14757283
16,100000,6374262,8398179,14772441
16,100000,9700251,9131335,18831586
16,100000,9547591,8974863,18522454
16,100000,7349305,8554205,15903510
16,100000,9110217,7449243,16559460
16,100000,9435594,9222953,18658547
16,100000,9630637,9555943,19186580
16,100000,7075482,7205362,14280844
16,100000,10496559,7707606,18204165
16,100000,7472563,10011382,17483945
16,100000,11155970,8913970,20069940
16,100000,8750172,8824015,17574187
16,100000,6926432,8999206,15925638
16,100000,6079927,9744842,15824769
16,100000,8828649,8646634,17475283
16,100000,8614591,8661407,17275998
16,100000,8591342,8772277,17363619
16,100000,7989922,9469542,17459464
16,100000,9435359,8238861,17674220
16,100000,5395995,9307013,14703008
16,100000,5638917,9048831,14687748
16,100000,7260328,9565378,16825706
16,100000,8864899,9058188,17923087
16,100000,7530304,8864436,16394740
16,100000,7605229,8817451,16422680
16,100000,10517781,9119062,19636843
16,100000,9577403,8310909,17888312
16,100000,9663345,8410397,18073742
16,100000,6974695,9017944,15992639
16,100000,7991941,9561684,17553625
16,100000,8471289,8841537,17312826
16,100000,5430311,10281692,15712003
16,100000,7908200,8983621,16891821
16,100000,8472404,8872324,17344728
16,100000,8887053,8734410,17621463
16,100000,4628559,9110845,13739404
16,100000,8347835,6914253,15262088
16,100000,10048204,9336288,19384492
16,100000,9567086,8897952,18465038
16,100000,8643632,8982029,17625661
16,100000,7337556,9237702,16575258
16,100000,9846206,8875745,18721951
16,100000,9439592,8946544,18386136
16,100000,10270596,9603572,19874168
16,100000,8911890,8323243,17235133
16,100000,9277391,9095155,18372546
16,100000,7821991,9040786,16862777
16,100000,7434665,9729125,17163790
16,100000,6357647,10052096,16409743
16,100000,7806312,9998571,17804883
16,100000,8173842,8788889,16962731
16,100000,7031247,8972419,16003666
16,100000,9453599,9230949,18684548
16,100000,9227413,9450094,18677507
16,100000,8579390,9037942,17617332
16,100000,10077671,9543533,19621204
16,100000,10161689,8324486,18486175
16,100000,10101158,9311634,19412792
16,100000,7521760,8631074,16152834
16,100000,7278500,10608448,17886948
16,100000,6296674,9238419,15535093
16,100000,7698678,9169553,16868231
16,100000,5228211,9232849,14461060
16,100000,5007682,8380292,13387974
16,100000,9500921,9077832,18578753
16,100000,9242106,8935882,18177988
16,100000,6514076,8937930,15452006
16,100000,8840225,9690847,18531072
16,100000,10719057,8471126,19190183
16,100000,8187816,8794301,16982117
16,100000,6356676,9254974,15611650
16,100000,8400395,9548432,17948827
16,100000,10207804,9306945,19514749
16,100000,7977010,9515344,17492354
16,100000,8902291,9172141,18074432
16,100000,9057669,8486417,17544086
16,100000,7702866,8893627,16596493
16,100000,9092043,9558168,18650211
16,100000,9808200,8837272,18645472
16,100000,8680026,8516005,17196031
16,100000,9554313,7789319,17343632
16,100000,10418276,8557604,18975880
16,100000,8911382,8918754,17830136
16,100000,9360468,8875626,18236094
16,100000,9824316,9000114,18824430
16,100000,7869367,8532266,16401633
16,100000,9268119,10299745,19567864
16,100000,7689801,10089731,17779532
16,100000,9885860,8925976,18811836
16,100000,9103027,9057855,18160882
16,100000,9415924,8768977,18184901
16,100000,9005892,8247685,17253577
16,100000,5490127,8011652,13501779
16,100000,7479181,9336755,16815936
16,100000,9031443,8741734,17773177
16,100000,7778469,8568956,16347425
16,100000,10261723,8529448,18791171
16,100000,7912634,8836490,16749124
16,100000,9347733,9086090,18433823
16,100000,8719579,7854728,16574307
16,100000,8915162,9038361,17953523
16,100000,7559675,9948392,17508067
16,100000,7831530,8530801,16362331
16,100000,9463921,9066158,18530079
16,100000,5757237,8997253,14754490
16,100000,8703732,9582672,18286404
16,100000,9074279,8374797,17449076
16,100000,8270795,9369289,17640084
16,100000,8987708,9164621,18152329
16,100000,9765103,9333873,19098976
16,100000,5632522,9448623,15081145
16,100000,7450501,9258252,16708753
16,100000,6255525,8401614,14657139
16,100000,9360716,9354351,18715067
16,100000,7525593,9002651,16528244
16,100000,6820275,8296722,15116997
16,100000,9025418,9655681,18681099
16,100000,9906064,8886206,18792270
16,100000,9125503,9122375,18247878
16,100000,7519853,8640284,16160137
16,100000,6725610,9280852,16006462
16,100000,10965238,9356038,20321276
16,100000,6850212,8835449,15685661
16,100000,8610885,9261213,17872098
16,100000,8788737,9362107,18150844
16,100000,10548445,9017481,19565926
16,100000,6200753,8500407,14701160
16,100000,9426957,8953574,18380531
16,100000,8819073,9042792,17861865
16,100000,9525293,9246907,18772200
16,100000,7950361,8636795,16587156
16,100000,7581414,9220538,16801952
16,100000,7883848,8429480,16313328
16,100000,6162956,8717216,14880172
16,100000,6293940,8758299,15052239
16,100000,8750584,8693792,17444376
16,100000,8974444,7996716,16971160
16,100000,7462031,8737454,16199485
16,100000,8397832,8961677,17359509
16,100000,7972442,9856891,17829333
16,100000,9047315,9413998,18461313
16,100000,9538107,8861706,18399813
16,100000,8407326,8726015,17133341
16,100000,5974673,9392599,15367272
16,100000,9694969,8870312,18565281
16,100000,9714463,9416358,19130821
16,100000,9925856,8681852,18607708
16,100000,9785442,8698349,18483791
16,100000,8942058,9199990,18142048
16,100000,9367294,10145271,19512565
16,100000,7378640,7577851,14956491
16,100000,8847112,9382882,18229994
16,100000,8968784,9315713,18284497
16,100000,5908058,9064710,14972768
16,100000,6467479,9527340,15994819
16,100000,9301691,8257647,17559338
16,100000,10090690,8693612,18784302
16,100000,10015587,9664244,19679831
16,100000,9881209,7825240,17706449
16,100000,9594300,8735074,18329374
16,100000,10577573,7948265,18525838
16,100000,7480689,8393879,15874568
16,100000,10033396,9250950,19284346
16,100000,7938908,9074208,17013116
16,100000,7806653,8162389,15969042
16,100000,5944633,8857180,14801813
16,100000,10114427,9146152,19260579
16,100000,8852722,9393175,18245897
16,100000,10357891,8370020,18727911
16,100000,7003534,9549314,16552848
16,100000,6565522,8097931,14663453
16,100000,8808974,8882424,17691398
16,100000,8977462,8254725,17232187
16,100000,10200299,8624354,18824653
16,100000,9434932,9510751,18945683
16,100000,9975346,8378245,18353591
16,100000,7635037,9282479,16917516
16,100000,9662327,9006249,18668576
16,100000,7173963,8752937,15926900
16,100000,9249463,9191761,18441224
16,100000,9124154,8273763,17397917
16,100000,10145652,9050156,19195808
16,100000,9766597,9653984,19420581
16,100000,7618082,8504443,16122525
16,100000,10644719,8771978,19416697
16,100000,9084906,7250223,16335129
16,100000,5789456,8748972,14538428
16,100000,9449698,8649869,18099567
16,100000,9885466,8742242,18627708
16,100000,7807000,8334318,16141318
16,100000,8194830,8701256,16896086
16,100000,9270737,10324234,19594971
16,100000,9125274,9015348,18140622
16,100000,8917468,8812349,17729817
16,100000,9898781,9466965,19365746
16,100000,9935926,8558916,18494842
16,100000,7981225,7862184,15843409
16,100000,8664357,9085730,17750087
16,100000,10435027,9169772,19604799
16,100000,8641022,10627980,19269002
16,100000,9669015,9287792,18956807
16,100000,9563643,9200006,18763649
16,100000,9085285,9495331,18580616
16,100000,9530636,8988151,18518787
16,100000,6922614,9594262,16516876
16,100000,6166273,9278191,15444464
16,100000,9781419,8008088,17789507
16,100000,8944830,8320775,17265605
16,100000,8674523,9268127,17942650
16,100000,7506278,8342726,15849004
16,200000,11122734,15792601,26915335
16,200000,15745294,19059252,34804546
16,200000,12161768,16105721,28267489
16,200000,11876972,15989262,27866234
16,200000,15545872,16394483,31940355
16,200000,17182953,16020956,33203909
16,200000,10591011,17493071,28084082
16,200000,12326058,16619233,28945291
16,200000,15843318,17069731,32913049
16,200000,15056641,16722641,31779282
16,200000,13303135,14433444,27736579
16,200000,12395722,15645496,28041218
16,200000,16813142,15666891,32480033
16,200000,11560111,15619424,27179535
16,200000,10945266,15959241,26904507
16,200000,15166362,17395632,32561994
16,200000,16845687,15941970,32787657
16,200000,15688646,15325205,31013851
16,200000,16200086,15480173,31680259
16,200000,13367882,16142138,29510020
16,200000,16704259,15874520,32578779
16,200000,17168717,15558810,32727527
16,200000,16626484,16416691,33043175
16,200000,16754632,16651178,33405810
16,200000,15550069,17064810,32614879
16,200000,16693038,15766626,32459664
16,200000,16620220,16281252,32901472
16,200000,17121585,16266946,33388531
16,200000,13542753,16109319,29652072
16,200000,11313110,15875517,27188627
16,200000,15134522,14308646,29443168
16,200000,14990383,15560728,30551111
16,200000,15933286,15998985,31932271
16,200000,16887934,16379979,33267913
16,200000,11471501,15656640,27128141
16,200000,15215696,15629448,30845144
16,200000,16041738,16013587,32055325
16,200000,15938132,16938106,32876238
16,200000,12196849,15723089,27919938
16,200000,13834049,17169174,31003223
16,200000,17517394,15664248,33181642
16,200000,14564454,15998275,30562729
16,200000,16133142,15902853,32035995
16,200000,15297156,16657933,31955089
16,200000,17063966,16377914,33441880
16,200000,16494340,15927667,32422007
16,200000,15661105,17585868,33246973
16,200000,9101145,15210504,24311649
16,200000,16973703,17734371,34708074
16,200000,16675263,17303864,33979127
16,200000,14892585,17352244,32244829
16,200000,16364837,16489544,32854381
16,200000,16842390,16254786,33097176
16,200000,17335581,16286025,33621606
16,200000,17463236,16413142,33876378
16,200000,15232328,16122006,31354334
16,200000,14481816,15608013,30089829
16,200000,12352006,15199529,27551535
16,200000,17257692,16720285,33977977
16,200000,15719362,15454356,31173718
16,200000,13179242,16439044,29618286
16,200000,12183943,17295793,29479736
16,200000,10870392,17474937,28345329
16,200000,13141829,15799222,28941051
16,200000,16027570,16142130,32169700
16,200000,10713459,15350081,26063540
16,200000,15527208,16333405,31860613
16,200000,15461772,16498435,31960207
16,200000,15832992,15830354,31663346
16,200000,16918152,16082980,33001132
16,200000,15167834,16306152,31473986
16,200000,16613709,16363268,32976977
16,200000,16666167,16169184,32835351
16,200000,15357166,16355082,31712248
16,200000,16511037,15856794,32367831
16,200000,16154804,16073441,32228245
16,200000,14436647,14089244,28525891
16,200000,14994555,16010717,31005272
16,200000,16007766,14991672,30999438
16,200000,11899608,16484994,28384602
16,200000,15307821,15504573,30812394
16,200000,15401997,15768537,31170534
16,200000,16734016,16131938,32865954
16,200000,16515891,15344267,31860158
16,200000,16352381,15604862,31957243
16,200000,11096294,15359771,26456065
16,200000,15231095,16025352,31256447
16,200000,10539017,15965505,26504522
16,200000,15400702,15950127,31350829
16,200000,15568236,16858947,32427183
16,200000,17897350,14997920,32895270
16,200000,17911180,17061893,34973073
16,200000,17178800,16025189,33203989
16,200000,13084787,15583023,28667810
16,200000,10846371,15597404,26443775
16,200000,15080911,14680857,29761768
16,200000,12671610,16866187,29537797
16,200000,16676901,14266142,30943043
16,200000,16827117,17377890,34205007
16,200000,17414058,16585835,33999893
16,200000,14526407,16342567,30868974
16,200000,13945885,17111947,31057832
16,200000,17006492,15474004,32480496
16,200000,15312304,15678557,30990861
16,200000,15045692,16673354,31719046
16,200000,16672520,15984540,32657060
16,200000,16020768,16067477,32088245
16,200000,16997511,16894602,33892113
16,200000,18119969,16110146,34230115
16,200000,12324556,16202104,28526660
16,200000,11924428,15335334,27259762
16,200000,16424492,15484849,31909341
16,200000,15204997,16784624,31989621
16,200000,16787650,15986544,32774194
16,200000,11143217,15763596,26906813
16,300000,18811734,21968332,40780066
16,300000,20725253,26095306,46820559
16,300000,22646569,23432376,46078945
16,300000,19619504,22088004,41707508
16,300000,25867007,22459107,48326114
16,300000,21571761,22473487,44045248
16,300000,16279986,24753414,41033400
16,300000,15369982,22658881,38028863
16,300000,15975917,19974234,35950151
16,300000,22672997,23840220,46513217
16,300000,16170539,22761369,38931908
16,300000,15809219,24353052,40162271
16,300000,15666148,21891658,37557806
16,300000,20169295,23488324,43657619
16,300000,19564700,22621358,42186058
16,300000,18547200,24243761,42790961
16,300000,15833908,23671786,39505694
16,300000,15805544,22659368,38464912
16,300000,18653226,24419279,43072505
16,300000,15676412,24102989,39779401
16,300000,15499576,22831219,38330795
16,300000,18278145,23630428,41908573
16,300000,17682858,22543020,40225878
16,300000,15810254,22383770,38194024
16,300000,17057009,22251275,39308284
16,300000,22645663,22843363,45489026
16,300000,15792204,22420119,38212323
16,300000,16393624,22322671,38716295
16,300000,18267253,20937121,39204374
16,300000,24154253,24056483,48210736
16,300000,19758503,22805980,42564483
16,300000,14412779,20306533,34719312
16,300000,17340067,22654829,39994896
16,300000,22094470,23238324,45332794
16,300000,14979233,22574850,37554083
16,300000,24846558,22882931,47729489
16,300000,16432739,23582941,40015680
16,300000,25273387,20536747,45810134
16,300000,17364140,22786023,40150163
16,300000,17223202,23658559,40881761
16,300000,22166436,22459429,44625865
16,300000,15780899,24068687,39849586
16,300000,14277031,23300289,37577320
16,300000,14995399,24526193,39521592
16,300000,20166921,23428520,43595441
16,300000,16796248,22429623,39225871
16,300000,22136664,25554788,47691452
16,300000,23727962,22033538,45761500
16,300000,21610171,22761285,44371456
16,300000,18518501,23985979,42504480
16,300000,16621035,22715204,39336239
16,300000,22837392,24859010,47696402
16,300000,16483054,23606175,40089229
16,300000,22777375,22667227,45444602
16,300000,14354859,25975694,40330553
16,300000,16771244,22437216,39208460
16,300000,14847472,22410502,37257974
16,300000,24860844,21714024,46574868
16,300000,22455875,23785934,46241809
16,300000,15192131,23129935,38322066
16,300000,22611447,22410910,45022357
16,300000,15476069,25611884,41087953
16,300000,19198067,22539604,41737671
16,300000,16009712,22818538,38828250
16,300000,16994860,22040386,39035246
16,300000,27424368,22437077,49861445
16,300000,13832154,25723443,39555597
16,300000,17025354,21846535,38871889
16,300000,23356350,22702718,46059068
16,300000,16708125,22260420,38968545
16,300000,24341242,24018561,48359803
16,300000,15597942,22690230,38288172
16,300000,21089887,23141020,44230907
16,300000,17720960,23324111,41045071
16,300000,17359458,22580822,39940280
16,300000,21995763,22570183,44565946
16,300000,16116206,22627519,38743725
16,300000,16754150,22563777,39317927
16,300000,16213530,23016276,39229806
16,300000,15971581,23541939,39513520
16,300000,21201984,24587598,45789582
16,300000,16109806,22262051,38371857
16,300000,16117765,23247920,39365685
16,300000,15785798,23178155,38963953
16,300000,17684632,22191331,39875963
16,300000,16887720,22554878,39442598
16,300000,24174109,21941222,46115331
16,300000,16537682,24061761,40599443
16,300000,16211028,22301190,38512218
16,300000,14592009,22305754,36897763
16,300000,16496584,24084696,40581280
16,300000,17134861,20851289,37986150
16,300000,22482106,23927792,46409898
16,300000,15120170,23105077,38225247
16,300000,14910894,23277104,38187998
16,300000,15751356,23085309,38836665
16,300000,21465616,22293252,43758868
16,300000,16878771,22555380,39434151
16,300000,16389017,21960196,38349213
16,300000,18074576,22891506,40966082
16,300000,16207901,22750985,38958886
16,300000,16714194,22040363,38754557
16,300000,15189486,23108648,38298134
16,300000,22741431,23178736,45920167
16,300000,26015786,22752468,48768254
16,300000,15389012,23619172,39008184
16,300000,21230806,22911954,44142760
16,300000,15120978,22464694,37585672
16,300000,14389713,25605553,39995266
16,300000,22702899,21713122,44416021
16,300000,19886060,21657469,41543529
16,300000,20514324,22014815,42529139
16,300000,19083520,22494483,41578003
16,300000,14700748,21966611,36667359
16,300000,17719227,23566686,41285913
16,400000,21869784,30905174,52774958
16,400000,21701464,30802884,52504348
16,400000,19534484,32783359,52317843
16,400000,20521702,33692627,54214329
16,400000,19940209,30289083,50229292
16,400000,22290109,29096142,51386251
16,400000,20296389,28519334,48815723
16,400000,21638498,32255190,53893688
16,400000,21453849,32451464,53905313
16,400000,22227870,29631841,51859711
16,400000,20277823,34480853,54758676
16,400000,20846612,29006916,49853528
16,400000,21407198,30297119,51704317
16,400000,25525067,30033304,55558371
16,400000,19674917,31373523,51048440
16,400000,21798127,27973776,49771903
16,400000,17833374,30772283,48605657
16,400000,20470322,28854066,49324388
16,400000,20667931,27885155,48553086
16,400000,20283208,33183536,53466744
16,400000,25619630,31088214,56707844
16,400000,20825238,33866967,54692205
16,400000,20200098,29788858,49988956
16,400000,23303505,29775635,53079140
16,400000,20127708,28462432,48590140
16,400000,22745486,33647083,56392569
16,400000,19978685,29191195,49169880
16,400000,25857060,30518701,56375761
16,400000,20510196,27631016,48141212
16,400000,19765732,29874730,49640462
16,400000,21180792,28861476,50042268
16,400000,21825021,33056269,54881290
16,400000,20164789,31262852,51427641
16,400000,19955553,30889458,50845011
16,400000,20311702,28532399,48844101
16,400000,19972732,30555656,50528388
16,400000,19517633,33453594,52971227
16,400000,19177173,33673509,52850682
16,400000,23345644,33218774,56564418
16,400000,20069208,33629454,53698662
16,400000,22070158,32304391,54374549
16,400000,22926898,32986212,55913110
16,400000,22405477,33356040,55761517
16,400000,21676014,33739473,55415487
16,400000,20661221,31555341,52216562
16,400000,20198017,28093726,48291743
16,400000,21424928,29847689,51272617
16,400000,18123758,28443010,46566768
16,400000,22421992,33020167,55442159
16,400000,21144165,31657901,52802066
16,400000,18747970,28472121,47220091
16,400000,20740529,33697188,54437717
16,400000,25459932,29021990,54481922
16,400000,19609275,34257362,53866637
16,400000,19743926,29387871,49131797
16,400000,20054874,27975654,48030528
16,400000,21398496,33573443,54971939
16,400000,19366881,27849110,47215991
16,400000,25951604,29562982,55514586
16,400000,19457156,29335605,48792761
16,400000,19764760,29372495,49137255
16,400000,20835191,28624306,49459497
16,400000,20229097,28871224,49100321
16,400000,20476409,30297235,50773644
16,400000,20980505,29015936,49996441
16,400000,22749090,29845224,52594314
16,400000,21224288,28388309,49612597
16,400000,22413174,31128208,53541382
16,400000,18974637,31094336,50068973
16,400000,19444292,29145766,48590058
16,400000,20766181,28129711,48895892
16,400000,20292203,30617575,50909778
16,400000,23379823,31386069,54765892
16,400000,19928026,31050703,50978729
16,400000,18828149,28460287,47288436
16,400000,21528394,29081830,50610224
16,400000,25735614,29550735,55286349
16,400000,20906261,30285577,51191838
16,400000,20703520,32335350,53038870
16,400000,20412558,27587040,47999598
16,400000,21419522,31236692,52656214
16,400000,19707318,35598057,55305375
16,400000,20752817,28404366,49157183
16,400000,21108431,29347782,50456213
16,400000,20151234,29685332,49836566
16,400000,21478618,29183663,50662281
16,400000,20617912,34149208,54767120
16,400000,20025659,29429055,49454714
16,400000,20235157,32689444,52924601
16,400000,22099109,32860044,54959153
16,400000,21845954,29059975,50905929
16,400000,20043374,30404008,50447382
16,400000,21527224,28185605,49712829
16,400000,19595052,33929683,53524735
16,400000,21374393,30685772,52060165
16,400000,20851091,29076280,49927371
16,400000,26778458,29692541,56470999
16,400000,23486159,33170257,56656416
16,400000,20102260,33144072,53246332
16,400000,21043637,33672007,54715644
16,400000,20651257,29804136,50455393
16,400000,19829731,32871524,52701255
16,400000,19361215,33220170,52581385
16,400000,21192407,31026182,52218589
16,400000,21967054,25424974,47392028
16,400000,20054890,32938945,52993835
16,400000,20677099,28878824,49555923
16,400000,21229327,33595856,54825183
16,400000,20695802,28380600,49076402
16,400000,20063762,33680380,53744142
16,400000,21155071,33223024,54378095
16,400000,19064794,34349886,53414680
16,400000,21677310,27993314,49670624
16,400000,19526389,28432230,47958619
16,400000,20276874,33766688,54043562
16,500000,27860932,36140448,64001380
16,500000,24361386,41944985,66306371
16,500000,24111948,41920978,66032926
16,500000,24693447,37761844,62455291
16,500000,26043480,37097341,63140821
16,500000,25708700,41254479,66963179
16,500000,26713024,40811310,67524334
16,500000,25454715,38123510,63578225
16,500000,24047331,36940762,60988093
16,500000,25425927,42068959,67494886
16,500000,25921794,38471248,64393042
16,500000,24203022,40991662,65194684
16,500000,25602245,35474867,61077112
16,500000,24733072,36702895,61435967
16,500000,24242373,41391307,65633680
16,500000,24906129,33428809,58334938
16,500000,23598169,40276422,63874591
16,500000,24861510,36931168,61792678
16,500000,24723076,36108862,60831938
16,500000,24308575,41813873,66122448
16,500000,26201052,40318652,66519704
16,500000,27288724,39973025,67261749
16,500000,24304835,37371319,61676154
16,500000,25917368,41694954,67612322
16,500000,24675799,36848108,61523907
16,500000,23787522,41556388,65343910
16,500000,25381950,35333645,60715595
16,500000,24711298,38485962,63197260
16,500000,25897415,40470545,66367960
16,500000,25029727,36841945,61871672
16,500000,27276280,40782076,68058356
16,500000,26772068,38360871,65132939
16,500000,24772534,37283128,62055662
16,500000,23995274,37862399,61857673
16,500000,27768203,38864243,66632446
16,500000,24802462,36492709,61295171
16,500000,24235383,41196766,65432149
16,500000,25359794,37531352,62891146
16,500000,24893690,32846404,57740094
16,500000,26430491,34892442,61322933
16,500000,24556444,37029348,61585792
16,500000,25359637,40312893,65672530
16,500000,24798406,41957131,66755537
16,500000,24392129,38701870,63093999
16,500000,25754086,35984273,61738359
16,500000,25452892,38597574,64050466
16,500000,23103402,37684261,60787663
16,500000,24766417,35531677,60298094
16,500000,21942013,33424834,55366847
16,500000,23322804,42127387,65450191
16,500000,24496182,36167400,60663582
16,500000,25978871,36059406,62038277
16,500000,24301341,39103568,63404909
16,500000,24976638,37360838,62337476
16,500000,25711336,37993984,63705320
16,500000,24587736,36047332,60635068
16,500000,27001800,36823090,63824890
16,500000,25434298,41022680,66456978
16,500000,23849984,36702779,60552763
16,500000,25942797,37392631,63335428
16,500000,25540789,37017567,62558356
16,500000,25227549,42233608,67461157
16,500000,24645579,42618796,67264375
16,500000,26632269,37342427,63974696
16,500000,25842433,37812597,63655030
16,500000,25361614,41823576,67185190
16,500000,24737517,35245506,59983023
16,500000,24070236,41564080,65634316
16,500000,24948832,37700202,62649034
16,500000,24349282,41632827,65982109
16,500000,24331015,41462678,65793693
16,500000,23461623,35831975,59293598
16,500000,24464305,41594817,66059122
16,500000,26276029,40253439,66529468
16,500000,25234030,41971674,67205704
16,500000,27094076,36080617,63174693
16,500000,24911053,37505344,62416397
16,500000,26565243,33389691,59954934
16,500000,24634318,41683431,66317749
16,500000,25800676,36828734,62629410
16,500000,25697585,36812211,62509796
16,500000,25214028,40852365,66066393
16,500000,25743963,41661703,67405666
16,500000,24442842,42628556,67071398
16,500000,28185906,34709617,62895523
16,500000,24211888,38483379,62695267
16,500000,25236624,37054760,62291384
16,500000,25318428,40939722,66258150
16,500000,26504354,40995307,67499661
16,500000,26008551,40798781,66807332
16,500000,23801024,35094078,58895102
16,500000,26883586,37520078,64403664
16,500000,24258416,41800207,66058623
16,500000,24286832,35079176,59366008
16,500000,24623878,41536286,66160164
16,500000,27487510,40537680,68025190
16,500000,24616956,37110625,61727581
16,500000,24892068,41766978,66659046
16,500000,23366534,38074186,61440720
16,500000,24967682,35484506,60452188
16,500000,25288071,38388975,63677046
16,500000,26909818,36795455,63705273
16,500000,22714373,37084547,59798920
16,500000,24138612,35230665,59369277
16,500000,25432400,40860505,66292905
16,500000,24076412,35633643,59710055
16,500000,27096223,41166016,68262239
16,500000,24654974,42030720,66685694
16,500000,24108150,35736631,59844781
16,500000,26208389,32176807,58385196
16,500000,26864789,35250658,62115447
16,500000,33479721,34018009,67497730
16,500000,25896977,41396705,67293682
16,500000,25670961,37960884,63631845
16,500000,25286892,38544119,63831011
16,600000,31293742,42052847,73346589
16,600000,29261536,44947541,74209077
16,600000,30888419,45380540,76268959
16,600000,28569301,45066760,73636061
16,600000,29230174,49093416,78323590
16,600000,29625202,48357245,77982447
16,600000,28051745,36439984,64491729
16,600000,27034861,43014162,70049023
16,600000,27760874,45308421,73069295
16,600000,30203858,42093624,72297482
16,600000,29540091,48873635,78413726
16,600000,31372256,48429614,79801870
16,600000,29274071,50867099,80141170
16,600000,29741760,49728448,79470208
16,600000,29965327,49042865,79008192
16,600000,26659113,41879412,68538525
16,600000,29192816,48983303,78176119
16,600000,32774342,45790006,78564348
16,600000,32289259,48238789,80528048
16,600000,32216694,48767727,80984421
16,600000,28167409,45179521,73346930
16,600000,32906819,43445991,76352810
16,600000,29279445,49041661,78321106
16,600000,29959028,49735074,79694102
16,600000,30205310,49631783,79837093
16,600000,31064688,44676422,75741110
16,600000,27468216,45335022,72803238
16,600000,32321324,47859793,80181117
16,600000,29979116,45600029,75579145
16,600000,29863331,49343534,79206865
16,600000,29598312,49448296,79046608
16,600000,30031297,44794782,74826079
16,600000,29316874,42928439,72245313
16,600000,26817803,37644319,64462122
16,600000,30428811,49777166,80205977
16,600000,29230885,44976784,74207669
16,600000,30365402,49431892,79797294
16,600000,29446640,50010645,79457285
16,600000,29500276,43833501,73333777
16,600000,28461312,42119330,70580642
16,600000,27399260,42415077,69814337
16,600000,29561649,48916805,78478454
16,600000,29720326,49181812,78902138
16,600000,29363290,50034555,79397845
16,600000,29143331,49168525,78311856
16,600000,32066251,43747533,75813784
16,600000,32168343,45201389,77369732
16,600000,29246385,45276845,74523230
16,600000,30337537,49469701,79807238
16,600000,30282831,49809984,80092815
16,600000,27208547,45073980,72282527
16,600000,27042154,45013324,72055478
16,600000,28855712,42571544,71427256
16,600000,28993143,44887210,73880353
16,600000,30697332,49900108,80597440
16,600000,29242162,41659897,70902059
16,600000,31238229,48326151,79564380
16,600000,30978539,45213265,76191804
16,600000,28765484,42864899,71630383
16,600000,27428988,38233828,65662816
16,600000,26909234,45368568,72277802
16,600000,31492704,47432127,78924831
16,600000,31868163,48112605,79980768
16,600000,27442691,45364663,72807354
16,600000,28860096,49414106,78274202
16,600000,29359613,48693666,78053279
16,600000,32339000,48542254,80881254
16,600000,31116684,48557968,79674652
16,600000,29724462,47612355,77336817
16,600000,29820287,49683069,79503356
16,600000,26442265,45738055,72180320
16,600000,29484358,48978943,78463301
16,600000,31783395,48690928,80474323
16,600000,29693423,49862672,79556095
16,600000,29248344,50066223,79314567
16,600000,29618864,47735268,77354132
16,600000,31397558,48601443,79999001
16,600000,28469367,45685946,74155313
16,600000,29144751,43450337,72595088
16,600000,31015432,47658416,78673848
16,600000,30796463,39371829,70168292
16,600000,30178664,49728021,79906685
16,600000,29587793,42140712,71728505
16,600000,29976441,49399517,79375958
16,600000,29521512,45174265,74695777
16,600000,33570982,49410675,82981657
16,600000,28903616,48527103,77430719
16,600000,29426702,43693388,73120090
16,600000,30673320,48881087,79554407
16,600000,29189396,48965172,78154568
16,600000,26894767,45444911,72339678
16,600000,32236839,48822873,81059712
16,600000,26518811,45226535,71745346
16,600000,29677630,48263787,77941417
16,600000,31045314,50084396,81129710
16,600000,29205000,45463427,74668427
16,600000,29114768,43990483,73105251
16,600000,29961044,42241652,72202696
16,600000,29916897,50166333,80083230
16,600000,29122932,47668024,76790956
16,600000,27739592,44928688,72668280
16,600000,29191386,49626845,78818231
16,600000,29629440,44469320,74098760
16,600000,29608641,50258535,79867176
16,600000,30141803,49677664,79819467
16,600000,27125374,45328383,72453757
16,600000,31077359,48445012,79522371
16,600000,27466688,43072448,70539136
16,600000,29279375,50465490,79744865
16,600000,27253601,44686520,71940121
16,600000,29379566,49397965,78777531
16,600000,26759845,43356499,70116344
16,600000,29021720,45130963,74152683
16,600000,26613652,44062394,70676046
16,600000,29330489,47988196,77318685
16,700000,34834886,57218801,92053687
16,700000,37044592,45118722,82163314
16,700000,34866547,55819607,90686154
16,700000,34376671,48001735,82378406
16,700000,35151473,57931135,93082608
16,700000,35079625,48349850,83429475
16,700000,35351500,57302756,92654256
16,700000,35462735,50856556,86319291
16,700000,35958367,57082448,93040815
16,700000,33600459,51862487,85462946
16,700000,33657503,51361605,85019108
16,700000,33908888,49188879,83097767
16,700000,35480914,57815439,93296353
16,700000,34119099,52377617,86496716
16,700000,35002395,55772711,90775106
16,700000,34672813,57835110,92507923
16,700000,36766453,49577364,86343817
16,700000,34884769,52105328,86990097
16,700000,35001994,56054046,91056040
16,700000,34356876,56857170,91214046
16,700000,32504860,49487218,81992078
16,700000,34751107,57577391,92328498
16,700000,34866659,57221169,92087828
16,700000,34997340,57593121,92590461
16,700000,33918003,52407498,86325501
16,700000,33029188,52401836,85431024
16,700000,32932504,45001321,77933825
16,700000,32936154,43171075,76107229
16,700000,35778370,51815694,87594064
16,700000,31515400,51580238,83095638
16,700000,34697197,56477055,91174252
16,700000,36455889,55698480,92154369
16,700000,36900973,57062917,93963890
16,700000,32963574,52791166,85754740
16,700000,35507011,56969452,92476463
16,700000,32257181,47666677,79923858
16,700000,33071949,52306866,85378815
16,700000,36907717,56318884,93226601
16,700000,33969348,51851639,85820987
16,700000,34755681,57300903,92056584
16,700000,35990137,49065615,85055752
16,700000,34357463,49034784,83392247
16,700000,32857252,51447194,84304446
16,700000,34535049,56740980,91276029
16,700000,34769840,56185515,90955355
16,700000,32129803,48851714,80981517
16,700000,35538575,48886941,84425516
16,700000,31670977,45579601,77250578
16,700000,35730234,50023404,85753638
16,700000,34156039,51998718,86154757
16,700000,32501076,56963952,89465028
16,700000,37621523,55684936,93306459
16,700000,31829230,51574784,83404014
16,700000,32069321,52341415,84410736
16,700000,33041941,52566433,85608374
16,700000,35328672,45347885,80676557
16,700000,35407516,56510262,91917778
16,700000,31286017,48613125,79899142
16,700000,32978465,49059164,82037629
16,700000,33323524,52289805,85613329
16,700000,34597051,51888517,86485568
16,700000,35382422,49730031,85112453
16,700000,20614995,52053602,72668597
16,700000,32142481,52460638,84603119
16,700000,32453365,51903429,84356794
16,700000,35317961,56258406,91576367
16,700000,35949685,57725547,93675232
16,700000,36120539,52334855,88455394
16,700000,32185901,52184026,84369927
16,700000,34948005,51948567,86896572
16,700000,35911301,52119027,88030328
16,700000,33941341,49131162,83072503
16,700000,32364846,52165100,84529946
16,700000,34565505,58490751,93056256
16,700000,34917834,48414108,83331942
16,700000,35425218,57059221,92484439
16,700000,31192673,50689103,81881776
16,700000,35704729,55225570,90930299
16,700000,38073426,49083779,87157205
16,700000,32506455,50049648,82556103
16,700000,37663067,55947802,93610869
16,700000,34029312,51435863,85465175
16,700000,33339955,51904828,85244783
16,700000,35840099,52110155,87950254
16,700000,32302539,49316518,81619057
16,700000,32613440,56767321,89380761
16,700000,32520436,48722228,81242664
16,700000,38641800,55949672,94591472
16,700000,34742679,49932863,84675542
16,700000,34406744,51903486,86310230
16,700000,34338451,51624480,85962931
16,700000,35048371,51837546,86885917
16,700000,35305045,56906113,92211158
16,700000,32335438,52112416,84447854
16,700000,32213972,44612297,76826269
16,700000,35056671,49014243,84070914
16,700000,31136437,52394181,83530618
16,700000,31573459,45329994,76903453
16,700000,32271442,50218434,82489876
16,700000,31601628,49590936,81192564
16,700000,35655193,53507638,89162831
16,700000,34656433,57169012,91825445
16,700000,32659100,52619019,85278119
16,700000,34559666,57102504,91662170
16,700000,34359359,56795803,91155162
16,700000,33507611,51082679,84590290
16,700000,32562052,52330779,84892831
16,700000,32087646,52453939,84541585
16,700000,33225240,51709208,84934448
16,700000,35024543,56737168,91761711
16,700000,33479120,44534796,78013916
16,700000,31934596,50464457,82399053
16,700000,35307965,51946967,87254932
16,700000,33013983,51820957,84834940
16,700000,32675884,51784919,84460803
16,800000,39319666,59441379,98761045
16,800000,40387771,65371017,105758788
16,800000,38246773,49720908,87967681
16,800000,39721338,59504048,99225386
16,800000,39753627,56285378,96039005
16,800000,37563164,59022276,96585440
16,800000,37127191,58679775,95806966
16,800000,37152813,59050736,96203549
16,800000,39193331,64202302,103395633
16,800000,39824619,57989649,97814268
16,800000,37489508,57941612,95431120
16,800000,38670415,55528032,94198447
16,800000,37214246,59172802,96387048
16,800000,40144448,64504343,104648791
16,800000,37378824,58443932,95822756
16,800000,36252104,56722075,92974179
16,800000,40272207,65500403,105772610
16,800000,42039082,55633004,97672086
16,800000,42808598,63774355,106582953
16,800000,38183203,59375989,97559192
16,800000,41577646,63884618,105462264
16,800000,37709121,58924979,96634100
16,800000,41324201,64942741,106266942
16,800000,41377853,65965199,107343052
16,800000,39706598,55247458,94954056
16,800000,36098484,59545554,95644038
16,800000,39534940,58612828,98147768
16,800000,38276337,58647246,96923583
16,800000,40011953,64254261,104266214
16,800000,41152784,57266098,98418882
16,800000,39267825,57551617,96819442
16,800000,37104023,55885433,92989456
16,800000,36376107,58613146,94989253
16,800000,40810631,63197653,104008284
16,800000,41283846,62573934,103857780
16,800000,36690245,56601333,93291578
16,800000,40688345,58690186,99378531
16,800000,38948407,55673159,94621566
16,800000,37687086,58484143,96171229
16,800000,36325393,58884870,95210263
16,800000,41777943,63501027,105278970
16,800000,38221396,57554110,95775506
16,800000,37768097,58789900,96557997
16,800000,43093025,56330248,99423273
16,800000,37905813,57511618,95417431
16,800000,38445246,57129948,95575194
16,800000,37184932,58582284,95767216
16,800000,37775746,56231424,94007170
16,800000,37768184,51856113,89624297
16,800000,37305265,58696636,96001901
16,800000,37445602,58296491,95742093
16,800000,38806212,58682475,97488687
16,800000,37332844,57821373,95154217
16,800000,37841990,58421130,96263120
16,800000,39166952,64746737,103913689
16,800000,38039493,57414821,95454314
16,800000,37079485,56010218,93089703
16,800000,37750501,56847763,94598264
16,800000,37925425,55996924,93922349
16,800000,37593260,55992267,93585527
16,800000,39624798,56275468,95900266
16,800000,26624565,58808522,85433087
16,800000,37407680,58136214,95543894
16,800000,40728319,70758692,111487011
16,800000,38262500,58620718,96883218
16,800000,37630486,58185982,95816468
16,800000,37816025,58164961,95980986
16,800000,38066700,58177050,96243750
16,800000,37244460,58537922,95782382
16,800000,38292807,58925111,97217918
16,800000,37809873,59367977,97177850
16,800000,37841864,58982290,96824154
16,800000,37866649,57946870,95813519
16,800000,38777672,58927432,97705104
16,800000,37083543,58457973,95541516
16,800000,39210500,56203899,95414399
16,800000,40340810,64788304,105129114
16,800000,37395843,57765008,95160851
16,800000,38569630,59073229,97642859
16,800000,37403251,58380346,95783597
16,800000,40703927,64901326,105605253
16,800000,40476404,65268606,105745010
16,800000,37804672,58941972,96746644
16,800000,40671906,64856200,105528106
16,800000,39715762,59234965,98950727
16,800000,38041501,59209927,97251428
16,800000,37774791,55459872,93234663
16,800000,42073616,66088987,108162603
16,800000,39148863,58873393,98022256
16,800000,40986922,55270355,96257277
16,800000,40908794,65246817,106155611
16,800000,37417684,58833001,96250685
16,800000,36422383,59060278,95482661
16,800000,38498957,57939981,96438938
16,800000,38030972,58697205,96728177
16,800000,41326205,64832511,106158716
16,800000,38470355,59209888,97680243
16,800000,36140450,58841291,94981741
16,800000,39201701,58941384,98143085
16,800000,36143870,58185516,94329386
16,800000,40403996,58407317,98811313
16,800000,36886353,58853829,95740182
16,800000,38905340,58909042,97814382
16,800000,40909297,66173517,107082814
16,800000,36721260,58650045,95371305
16,800000,39695173,58012726,97707899
16,800000,40423250,59890549,100313799
16,800000,36713968,50772957,87486925
16,800000,37172440,58343786,95516226
16,800000,41228108,59245682,100473790
16,800000,37398863,58679527,96078390
16,800000,41551087,64997615,106548702
16,800000,36748667,58412872,95161539
16,800000,39210828,58520366,97731194
16,800000,40347283,64945369,105292652
16,900000,43079404,65302681,108382085
16,900000,44765591,66189124,110954715
16,900000,42083112,65783141,107866253
16,900000,45395079,66633324,112028403
16,900000,41888108,65898945,107787053
16,900000,41574521,64211298,105785819
16,900000,42319835,66038408,108358243
16,900000,44191960,66314608,110506568
16,900000,41392791,65385215,106778006
16,900000,44114033,64417216,108531249
16,900000,46609338,73364719,119974057
16,900000,43290559,65933570,109224129
16,900000,41426251,65414196,106840447
16,900000,43915789,64813037,108728826
16,900000,42561439,64613015,107174454
16,900000,45421344,66391290,111812634
16,900000,42095767,65701318,107797085
16,900000,45387560,72714536,118102096
16,900000,42113213,66062092,108175305
16,900000,45694557,71837411,117531968
16,900000,46648564,71220157,117868721
16,900000,42058919,66010091,108069010
16,900000,42298013,65092031,107390044
16,900000,45646886,73412771,119059657
16,900000,43170936,65160473,108331409
16,900000,41149519,63294807,104444326
16,900000,41847346,61952649,103799995
16,900000,42027183,66947367,108974550
16,900000,42291167,63266108,105557275
16,900000,42249429,65259910,107509339
16,900000,42934566,60937535,103872101
16,900000,43241455,63070268,106311723
16,900000,42634780,65859147,108493927
16,900000,45732700,66277636,112010336
16,900000,45445880,76522467,121968347
16,900000,43733246,65689876,109423122
16,900000,43381444,64228917,107610361
16,900000,41496295,65272902,106769197
16,900000,42111654,65448591,107560245
16,900000,42758481,66275908,109034389
16,900000,45983994,72964900,118948894
16,900000,42225010,66148253,108373263
16,900000,42195739,65647719,107843458
16,900000,42129591,66325502,108455093
16,900000,42913984,65112085,108026069
16,900000,41289237,64989822,106279059
16,900000,41635275,66972921,108608196
16,900000,43493858,65845074,109338932
16,900000,27717186,65748911,93466097
16,900000,45274571,72762693,118037264
16,900000,43408645,63388414,106797059
16,900000,45565936,66295253,111861189
16,900000,45074457,73006602,118081059
16,900000,41656366,65562633,107218999
16,900000,43565862,63446271,107012133
16,900000,41916591,61986710,103903301
16,900000,45862702,72333553,118196255
16,900000,42789962,57057626,99847588
16,900000,42205907,62596259,104802166
16,900000,42300090,65079381,107379471
16,900000,41868640,62830313,104698953
16,900000,43914915,65843272,109758187
16,900000,43676066,61732230,105408296
16,900000,44179345,64289784,108469129
16,900000,45397410,72856478,118253888
16,900000,46373218,62437481,108810699
16,900000,43429624,64925019,108354643
16,900000,28484585,65632867,94117452
16,900000,42554939,66588435,109143374
16,900000,42735312,64088663,106823975
16,900000,44726848,72999829,117726677
16,900000,41406065,65292070,106698135
16,900000,41185629,64193562,105379191
16,900000,44242376,62340821,106583197
16,900000,46294933,66263150,112558083
16,900000,41040586,65388616,106429202
16,900000,47826132,71989555,119815687
16,900000,42587329,65033948,107621277
16,900000,45836893,73134014,118970907
16,900000,42281372,66005367,108286739
16,900000,45620604,73807040,119427644
16,900000,44201675,61507473,105709148
16,900000,43291178,61939120,105230298
16,900000,42937416,64601588,107539004
16,900000,42019405,65855654,107875059
16,900000,44116706,66160522,110277228
16,900000,44835107,65427679,110262786
16,900000,43303009,65192398,108495407
16,900000,45880376,72096697,117977073
16,900000,47398846,70568130,117966976
16,900000,45989518,72177718,118167236
16,900000,46125662,73904204,120029866
16,900000,45773329,73324217,119097546
16,900000,41761675,65463495,107225170
16,900000,45223864,72276084,117499948
16,900000,42698899,66630061,109328960
16,900000,42891805,66755858,109647663
16,900000,44728701,62806626,107535327
16,900000,45061279,62768796,107830075
16,900000,28222373,66159600,94381973
16,900000,43662795,64575582,108238377
16,900000,43855582,66610177,110465759
16,900000,44599084,65271857,109870941
16,900000,43863587,65744997,109608584
16,900000,41765857,65888295,107654152
16,900000,42851927,66428116,109280043
16,900000,43850633,61390243,105240876
16,900000,42612378,63960252,106572630
16,900000,42902880,66630415,109533295
16,900000,45279279,65955359,111234638
16,900000,45868031,72958687,118826718
16,900000,42031829,65250196,107282025
16,900000,41176229,65958189,107134418
16,900000,42904665,65618839,108523504
16,900000,42583679,63996847,106580526
16,1000000,47619260,72784445,120403705
16,1000000,45445616,73854131,119299747
16,1000000,47208127,72787868,119995995
16,1000000,52996296,78843256,131839552
16,1000000,47309049,70412872,117721921
16,1000000,47902787,74226018,122128805
16,1000000,52190193,72600014,124790207
16,1000000,46261682,72601971,118863653
16,1000000,48950411,69275674,118226085
16,1000000,49500059,72428206,121928265
16,1000000,47273743,63134503,110408246
16,1000000,35054795,72863147,107917942
16,1000000,46574253,69928756,116503009
16,1000000,30632319,63361065,93993384
16,1000000,47067715,72965405,120033120
16,1000000,46050627,70285168,116335795
16,1000000,49214163,68558286,117772449
16,1000000,47673741,71728144,119401885
16,1000000,46224030,69531161,115755191
16,1000000,32678472,72768502,105446974
16,1000000,47838326,70602735,118441061
16,1000000,46650336,74532666,121183002
16,1000000,49168136,68851226,118019362
16,1000000,47221483,71674166,118895649
16,1000000,46856070,73257425,120113495
16,1000000,45892351,67512031,113404382
16,1000000,46430060,71016142,117446202
16,1000000,47296571,63272642,110569213
16,1000000,52397873,81240408,133638281
16,1000000,50433156,77463879,127897035
16,1000000,32478726,72719681,105198407
16,1000000,48635420,72509849,121145269
16,1000000,46589084,72870746,119459830
16,1000000,31742889,73173090,104915979
16,1000000,47030129,72305737,119335866
16,1000000,47443821,63049623,110493444
16,1000000,47628466,73158169,120786635
16,1000000,47228498,73120251,120348749
16,1000000,31360785,72422153,103782938
16,1000000,30591162,73983590,104574752
16,1000000,30480781,73256955,103737736
16,1000000,46598297,74224685,120822982
16,1000000,45918458,69878621,115797079
16,1000000,49469739,79788307,129258046
16,1000000,30695373,72954204,103649577
16,1000000,48114972,79958632,128073604
16,1000000,45676734,61514011,107190745
16,1000000,30395547,72865233,103260780
16,1000000,29847258,61856146,91703404
16,1000000,46893212,72694295,119587507
16,1000000,30328489,69064198,99392687
16,1000000,50942812,80416965,131359777
16,1000000,49209879,71976158,121186037
16,1000000,32870156,69572741,102442897
16,1000000,46985142,73086542,120071684
16,1000000,31171193,68066449,99237642
16,1000000,50439440,80752396,131191836
16,1000000,30891729,61589836,92481565
16,1000000,46970151,72665690,119635841
16,1000000,51717353,80895447,132612800
16,1000000,46462241,70430096,116892337
16,1000000,47019066,73206744,120225810
16,1000000,48156903,69721293,117878196
16,1000000,33333125,68927403,102260528
16,1000000,47247196,72668554,119915750
16,1000000,30105597,72975355,103080952
16,1000000,46849973,73024369,119874342
16,1000000,46776054,72676002,119452056
16,1000000,46718668,62401893,109120561
16,1000000,46512203,70374117,116886320
16,1000000,47961595,72157510,120119105
16,1000000,50895612,79722011,130617623
16,1000000,46982742,72309820,119292562
16,1000000,31352149,72363057,103715206
16,1000000,46018942,72509871,118528813
16,1000000,47987037,72848838,120835875
16,1000000,46836742,66148654,112985396
16,1000000,50210981,76551441,126762422
16,1000000,32357783,73090522,105448305
16,1000000,47858067,70412950,118271017
16,1000000,46872200,73356347,120228547
16,1000000,45550823,72419230,117970053
16,1000000,47720723,70997159,118717882
16,1000000,47235831,69545166,116780997
16,1000000,51366611,81010823,132377434
16,1000000,31457115,68141335,99598450
16,1000000,29905579,69282148,99187727
16,1000000,46787019,71027389,117814408
16,1000000,47812493,61073067,108885560
16,1000000,47119893,62158030,109277923
16,1000000,52141922,78572466,130714388
16,1000000,47078162,70451263,117529425
16,1000000,48006944,72486422,120493366
16,1000000,46645788,69897049,116542837
16,1000000,47682405,73140376,120822781
16,1000000,46342662,69772491,116115153
16,1000000,31653974,72774852,104428826
16,1000000,47120754,72580436,119701190
16,1000000,51082160,81134417,132216577
16,1000000,50568291,72847098,123415389
16,1000000,34598918,72863383,107462301
16,1000000,50500276,64078081,114578357
16,1000000,47221025,69899075,117120100
16,1000000,46220500,72863783,119084283
16,1000000,31358253,69644023,101002276
16,1000000,46808106,70627152,117435258
16,1000000,33092749,72741979,105834728
16,1000000,46536304,72241764,118778068
16,1000000,30156234,73728711,103884945
16,1000000,47524255,69654731,117178986
16,1000000,29933643,61530396,91464039
16,1000000,29705559,72774535,102480094
16,1000000,31394967,73624151,105019118
16,1000000,46937255,72107705,119044960
16,1000000,50880668,81003150,131883818
16,1000000,49530577,70948173,120478750
16,1000000,47187955,70224776,117412731
16,1000000,47042851,73570224,120613075
16,1000000,32747039,68006369,100753408
16,1000000,47890244,72742850,120633094
16,1000000,30796410,72780557,103576967
16,1000000,47059287,72060679,119119966
16,1000000,47111679,69941657,117053336
16,1000000,46761492,72746236,119507728
16,1000000,46128337,70508722,116637059
16,1000000,48218987,72264370,120483357
16,1000000,46309957,69652818,115962775
16,1000000,47414070,69826254,117240324
16,1000000,30946446,72433283,103379729
16,1000000,30858715,69218931,100077646
16,1000000,46734596,71729571,118464167
16,1000000,46318967,72274190,118593157
16,1000000,46789949,68153880,114943829
16,1000000,46859718,63058517,109918235
16,1000000,47423339,69081166,116504505
16,1000000,47004166,72612528,119616694
16,1000000,34234375,69705423,103939798
16,1000000,46439017,73193558,119632575
16,1000000,32491109,68156662,100647771
16,1000000,33185555,72911201,106096756
16,1000000,46751676,72844795,119596471
16,1000000,45782940,72750965,118533905
16,1000000,30942141,72889064,103831205
16,1000000,45951076,61903288,107854364
16,1000000,46431428,73075904,119507332
16,1000000,47195881,68034563,115230444
16,1000000,47580208,70365480,117945688
16,1000000,47206232,73887897,121094129
16,1000000,46946501,69056017,116002518
16,1000000,46856756,72449880,119306636
16,1000000,46666045,73601407,120267452
16,1000000,46505684,67029477,113535161
16,1000000,33167334,73090258,106257592
16,1000000,46408241,69512451,115920692
16,1000000,46214233,70884630,117098863
16,1000000,50655845,71512084,122167929
16,1000000,47123099,72624278,119747377
16,1000000,48176827,72004440,120181267
16,1000000,30223111,73098043,103321154
16,1000000,47665727,72930966,120596693
16,1000000,51109690,68499591,119609281
16,1000000,49493509,62430498,111924007
16,1000000,30962746,72205748,103168494
16,1000000,46293246,72356881,118650127
16,1000000,30897273,72279156,103176429
16,1000000,46442594,69921943,116364537
16,1000000,47401010,73086965,120487975
16,1000000,48820657,69128105,117948762
16,1000000,33319058,73235874,106554932
16,1000000,48813477,70598489,119411966
16,1000000,46577397,74175815,120753212
16,1000000,32210776,73221329,105432105
16,1000000,46551418,68516564,115067982
16,1000000,46446615,71978716,118425331
16,1000000,47280465,70708172,117988637
16,1000000,45592186,72747001,118339187
16,1000000,31114001,72909819,104023820
16,1000000,48926285,72856389,121782674
16,1000000,47115273,71791054,118906327
16,1000000,48366166,72119128,120485294
16,1000000,46452199,62344428,108796627
16,1000000,47189772,68808749,115998521
16,1000000,48613735,72929694,121543429
16,1000000,47604786,71958885,119563671
16,1000000,46187569,69690770,115878339
16,1000000,29571593,73260338,102831931
16,1000000,30055048,72571056,102626104
16,1000000,46481162,68558589,115039751
16,1000000,32842106,72529338,105371444
16,1000000,29909285,69111284,99020569
16,1000000,30943960,73207506,104151466
16,1000000,46445695,73028445,119474140
16,1000000,47214606,72705229,119919835
16,1000000,30159662,73381992,103541654
16,1000000,51368882,80726413,132095295
16,1000000,46956449,72454313,119410762
16,1000000,51811007,70434154,122245161
16,1000000,33299294,72474174,105773468
16,1000000,46453953,73120853,119574806
16,1000000,48015625,73406599,121422224
16,1000000,48763463,73052632,121816095
16,1000000,47394524,72312325,119706849
16,1000000,46270394,73331192,119601586
16,1000000,46553755,72697068,119250823
16,1000000,50404123,78669191,129073314
16,1000000,48700958,73469986,122170944
16,1000000,51414020,78831185,130245205
16,1000000,46447535,73241160,119688695
16,1000000,47635009,70015187,117650196
16,1000000,48588487,73265331,121853818
16,1000000,46342301,72752120,119094421
16,1000000,46539433,72686312,119225745
16,1000000,30782176,72531131,103313307
16,1000000,47048599,73220781,120269380
16,1000000,46905056,72788243,119693299
16,1000000,46662968,62240136,108903104
16,1000000,49481272,79308118,128789390
16,1000000,29772529,70682668,100455197
16,1000000,49190173,72605331,121795504
16,1000000,47092774,68495948,115588722
16,1000000,31545578,73094347,104639925
16,1000000,49011158,69939561,118950719
16,1000000,29522411,72968831,102491242
16,1000000,46527849,72437813,118965662
16,1000000,46686208,69481506,116167714
16,1000000,49634607,69192239,118826846
16,1000000,45710635,72557613,118268248
16,1000000,49614286,69165294,118779580
16,1000000,46971382,72797388,119768770
16,1000000,30164665,73060434,103225099
16,2000000,62569812,135917948,198487760
16,2000000,64372710,142586942,206959652
16,2000000,62771158,143478809,206249967
16,2000000,61553865,142710448,204264313
16,2000000,66708407,142696792,209405199
16,2000000,98433040,143938008,242371048
16,2000000,62886906,142395170,205282076
16,2000000,62346852,142381130,204727982
16,2000000,64978594,123186733,188165327
16,2000000,62768792,144032474,206801266
16,2000000,61462534,143497150,204959684
16,2000000,68201013,142720510,210921523
16,2000000,62503275,142652858,205156133
16,2000000,67196756,142041102,209237858
16,2000000,63683544,143261926,206945470
16,2000000,61483760,144053126,205536886
16,2000000,66346916,142832217,209179133
16,2000000,66090409,138508529,204598938
16,2000000,62174368,121113984,183288352
16,2000000,65848152,142230537,208078689
16,2000000,62815815,143380704,206196519
16,2000000,63101232,142522702,205623934
16,2000000,63548442,142917521,206465963
16,2000000,65841067,143522081,209363148
16,2000000,63218190,143048296,206266486
16,2000000,64929802,140022196,204951998
16,2000000,63489952,140171984,203661936
16,2000000,62780504,139249976,202030480
16,2000000,65730536,123270724,189001260
16,2000000,65820699,143962142,209782841
16,2000000,62101959,138149766,200251725
16,2000000,67353781,138124715,205478496
16,2000000,66228425,142855788,209084213
16,2000000,68025872,143831792,211857664
16,2000000,97007371,139234346,236241717
16,2000000,62194798,143154807,205349605
16,2000000,64428454,139627274,204055728
16,2000000,64118461,144442163,208560624
16,2000000,64210115,143861257,208071372
16,2000000,65856299,142942158,208798457
16,2000000,62925385,144629853,207555238
16,2000000,66792244,139024287,205816531
16,2000000,65244649,142966548,208211197
16,2000000,65213006,136401004,201614010
16,2000000,64438744,144712570,209151314
16,2000000,64647557,143970175,208617732
16,2000000,68094100,141906591,210000691
16,2000000,61636329,144056643,205692972
16,2000000,99401111,143878568,243279679
16,2000000,62976649,142614467,205591116
16,2000000,98345921,138712278,237058199
16,2000000,62913551,142584213,205497764
16,2000000,69491121,143297961,212789082
16,2000000,63237153,136564817,199801970
16,2000000,62996101,143659398,206655499
16,2000000,67727214,142873406,210600620
16,2000000,65885340,122456730,188342070
16,2000000,67780274,141189891,208970165
16,2000000,63661571,132407020,196068591
16,2000000,66555469,142855623,209411092
16,2000000,97128269,121209015,218337284
16,2000000,64143381,138076148,202219529
16,2000000,98154374,135437854,233592228
16,2000000,61961263,143551730,205512993
16,2000000,65664801,142883898,208548699
16,2000000,61790054,142508142,204298196
16,2000000,64607112,135512532,200119644
16,2000000,64359995,143367996,207727991
16,2000000,66005584,121818384,187823968
16,2000000,65334584,143078150,208412734
16,2000000,64552630,142388633,206941263
16,2000000,61649466,136740129,198389595
16,2000000,60922477,135162108,196084585
16,2000000,65970863,134415839,200386702
16,2000000,63826981,143845384,207672365
16,2000000,68337728,142323811,210661539
16,2000000,63870549,138993111,202863660
16,2000000,63077571,142760609,205838180
16,2000000,65183574,133925719,199109293
16,2000000,64984777,143396448,208381225
16,2000000,67434634,138009931,205444565
16,2000000,67858831,139559529,207418360
16,2000000,67871788,139281734,207153522
16,2000000,64517259,144046218,208563477
16,2000000,66512458,144314524,210826982
16,2000000,66355775,142945581,209301356
16,2000000,63613597,140241362,203854959
16,2000000,65093022,134914796,200007818
16,2000000,65528749,142562975,208091724
16,2000000,63877717,143385013,207262730
16,2000000,62462648,143139622,205602270
16,2000000,99750101,135408970,235159071
16,2000000,64696476,142474088,207170564
16,2000000,61499053,144075507,205574560
16,2000000,97876823,143592066,241468889
16,2000000,64532231,139307061,203839292
16,2000000,62947445,143748372,206695817
16,2000000,64591452,143293495,207884947
16,2000000,67916997,139749212,207666209
16,2000000,66711075,121860946,188572021
16,2000000,62460669,143528975,205989644
16,2000000,66447871,142810903,209258774
16,2000000,63218295,143174448,206392743
16,2000000,98119695,135546650,233666345
16,2000000,63185373,142797071,205982444
16,2000000,63450281,144064490,207514771
16,2000000,66815408,142326555,209141963
16,2000000,65961236,142530058,208491294
16,2000000,63846647,142725689,206572336
16,2000000,64315455,142812767,207128222
16,2000000,99379593,142017647,241397240
16,2000000,63884413,144543058,208427471
16,2000000,67737450,143374773,211112223
16,2000000,68771739,142802698,211574437
16,2000000,64112849,140185421,204298270
16,3000000,96279884,212792757,309072641
16,3000000,94334067,207414899,301748966
16,3000000,101252443,232183919,333436362
16,3000000,96621672,198635877,295257549
16,3000000,94252173,213019660,307271833
16,3000000,98010396,212100548,310110944
16,3000000,97901087,214552544,312453631
16,3000000,94616582,211288668,305905250
16,3000000,97407510,212683019,310090529
16,3000000,96147785,213791401,309939186
16,3000000,98443555,212627678,311071233
16,3000000,98964674,212415460,311380134
16,3000000,98737620,214710054,313447674
16,3000000,96568624,207963096,304531720
16,3000000,95599379,216225056,311824435
16,3000000,97805331,212869744,310675075
16,3000000,95005901,213961935,308967836
16,3000000,94232404,213204131,307436535
16,3000000,94358506,212652438,307010944
16,3000000,93668794,214907371,308576165
16,3000000,96191081,212876481,309067562
16,3000000,98966542,214237066,313203608
16,3000000,97933705,206036061,303969766
16,3000000,95607039,214760487,310367526
16,3000000,96571782,207506067,304077849
16,3000000,100221274,214799756,315021030
16,3000000,98166595,180705737,278872332
16,3000000,97876536,214607656,312484192
16,3000000,93574649,214053808,307628457
16,3000000,98301640,213220258,311521898
16,3000000,95239120,237454308,332693428
16,3000000,93412022,214084254,307496276
16,3000000,97664666,208065517,305730183
16,3000000,99044953,201612848,300657801
16,3000000,96716050,211724956,308441006
16,3000000,94538986,214738255,309277241
16,3000000,96821740,210550895,307372635
16,3000000,98072682,214189284,312261966
16,3000000,99985118,214824033,314809151
16,3000000,97481347,213285711,310767058
16,3000000,96628770,213088412,309717182
16,3000000,94127672,216059397,310187069
16,3000000,94355649,208356976,302712625
16,3000000,100443484,215136731,315580215
16,3000000,93561598,234648021,328209619
16,3000000,100252361,212702203,312954564
16,3000000,96928892,215448741,312377633
16,3000000,95499753,214509436,310009189
16,3000000,97217881,213090867,310308748
16,3000000,94300309,213700387,308000696
16,3000000,94081398,214113988,308195386
16,3000000,96265224,204698560,300963784
16,3000000,98523774,209869575,308393349
16,3000000,94632882,212999513,307632395
16,3000000,96613684,214565882,311179566
16,3000000,97526153,206853960,304380113
16,3000000,97110109,215279589,312389698
16,3000000,99767312,213104123,312871435
16,3000000,95218308,213483144,308701452
16,3000000,97394633,212789125,310183758
16,3000000,97232338,212212246,309444584
16,3000000,98450303,213823422,312273725
16,3000000,95359779,212095171,307454950
16,3000000,94242207,202603905,296846112
16,3000000,94481123,207872444,302353567
16,3000000,95993995,213676573,309670568
16,3000000,99212658,213928288,313140946
16,3000000,97774293,212561206,310335499
16,3000000,96705756,216088003,312793759
16,3000000,94255872,212797078,307052950
16,3000000,96144978,214190878,310335856
16,3000000,93991323,214538705,308530028
16,3000000,96030683,213979478,310010161
16,3000000,97437712,214251220,311688932
16,3000000,96776493,211665233,308441726
16,3000000,97536907,214823789,312360696
16,3000000,96444569,201787658,298232227
16,3000000,95979766,207644597,303624363
16,3000000,93691540,214609151,308300691
16,3000000,97558992,214467468,312026460
16,3000000,97488713,213935402,311424115
16,3000000,98036682,213785142,311821824
16,3000000,98476295,207540438,306016733
16,3000000,96756808,215045485,311802293
16,3000000,97336796,214833286,312170082
16,3000000,94540009,214720157,309260166
16,3000000,97309142,214854549,312163691
16,3000000,95268603,214637397,309906000
16,3000000,99771843,213372376,313144219
16,3000000,99293109,214884362,314177471
16,3000000,105504812,181378322,286883134
16,3000000,98046798,212710631,310757429
16,3000000,97284793,213216357,310501150
16,3000000,94765727,214420831,309186558
16,3000000,95980049,207085126,303065175
16,3000000,99003370,182378640,281382010
16,3000000,98812742,214241307,313054049
16,3000000,95805433,213251747,309057180
16,3000000,99074335,215622294,314696629
16,3000000,97443292,214027571,311470863
16,3000000,96955105,214297871,311252976
16,3000000,96703581,231921905,328625486
16,3000000,94056433,213097835,307154268
16,3000000,97920371,213941734,311862105
16,3000000,93983856,213903575,307887431
16,3000000,97243777,214031403,311275180
16,3000000,96029989,206743761,302773750
16,3000000,99372299,213814861,313187160
16,3000000,94144552,214125167,308269719
16,3000000,94212037,212693250,306905287
16,3000000,94831624,213940755,308772379
16,3000000,96562669,213921618,310484287
16,3000000,98871421,214494328,313365749
16,3000000,98328477,215570541,313899018
16,3000000,96491007,207168337,303659344
16,4000000,129552077,269757353,399309430
16,4000000,130591604,285516330,416107934
16,4000000,130640873,284699438,415340311
16,4000000,127425746,274103220,401528966
16,4000000,129979057,276491388,406470445
16,4000000,126505546,285336075,411841621
16,4000000,129771469,285031563,414803032
16,4000000,205485770,276595162,482080932
16,4000000,132983727,285124278,418108005
16,4000000,128341470,284899388,413240858
16,4000000,132099683,285747080,417846763
16,4000000,128507984,285870307,414378291
16,4000000,134564575,241342097,375906672
16,4000000,127398421,276151461,403549882
16,4000000,126396754,283857170,410253924
16,4000000,129065972,284745925,413811897
16,4000000,133007155,284114716,417121871
16,4000000,130349392,271569004,401918396
16,4000000,126649039,283820776,410469815
16,4000000,126329636,285407599,411737235
16,4000000,128454790,284799770,413254560
16,4000000,131369714,275732106,407101820
16,4000000,127346609,287289737,414636346
16,4000000,128305810,284365610,412671420
16,4000000,128607367,284316394,412923761
16,4000000,127006175,275932158,402938333
16,4000000,129863803,285327958,415191761
16,4000000,129258117,243708389,372966506
16,4000000,127029897,272887639,399917536
16,4000000,127235250,278552321,405787571
16,4000000,131603305,283346670,414949975
16,4000000,126203570,285213722,411417292
16,4000000,130154442,284294696,414449138
16,4000000,128487173,284700406,413187579
16,4000000,127870276,284720949,412591225
16,4000000,127917816,275742455,403660271
16,4000000,127852860,284916704,412769564
16,4000000,133172795,282804536,415977331
16,4000000,134204609,284467841,418672450
16,4000000,127861412,285321249,413182661
16,4000000,128338031,276498346,404836377
16,4000000,126363659,284488361,410852020
16,4000000,128122406,275614727,403737133
16,4000000,127935759,276014273,403950032
16,4000000,128623036,283534146,412157182
16,4000000,133788054,284784587,418572641
16,4000000,126601920,284016227,410618147
16,4000000,127940438,284998371,412938809
16,4000000,128447627,284224829,412672456
16,4000000,131145765,276562509,407708274
16,4000000,130032067,283870084,413902151
16,4000000,130555032,285448674,416003706
16,4000000,132390036,278550758,410940794
16,4000000,132057686,283119741,415177427
16,4000000,131619819,269179653,400799472
16,4000000,132937802,275396559,408334361
16,4000000,126924134,284908620,411832754
16,4000000,132487978,286040875,418528853
16,4000000,128529303,273083994,401613297
16,4000000,129548017,284653824,414201841
16,4000000,134505171,285944442,420449613
16,4000000,127992663,284897623,412890286
16,4000000,127775025,285224718,412999743
16,4000000,127163425,284221137,411384562
16,4000000,127387256,285144301,412531557
16,4000000,131060513,284091824,415152337
16,4000000,130925258,283668255,414593513
16,4000000,128165983,285243506,413409489
16,4000000,131331788,271118294,402450082
16,4000000,129050955,277906505,406957460
16,4000000,128005726,284531717,412537443
16,4000000,128111330,275346744,403458074
16,4000000,129608608,276020747,405629355
16,4000000,128280988,284503137,412784125
16,4000000,126870029,284686674,411556703
16,4000000,136507748,241235860,377743608
16,4000000,128350455,284735223,413085678
16,4000000,132404970,283388970,415793940
16,4000000,134851323,278893605,413744928
16,4000000,129847654,285197828,415045482
16,4000000,127455816,284540655,411996471
16,4000000,129875698,284477456,414353154
16,4000000,125137314,277849472,402986786
16,4000000,131734177,284327811,416061988
16,4000000,128910119,283937261,412847380
16,4000000,127977788,275892212,403870000
16,4000000,129080913,269739514,398820427
16,4000000,133263547,284114310,417377857
16,4000000,131355192,286773117,418128309
16,4000000,128494263,279248324,407742587
16,4000000,128118709,276687713,404806422
16,4000000,129332145,276374885,405707030
16,4000000,131775992,285342375,417118367
16,4000000,129693388,241746263,371439651
16,4000000,132766851,283680600,416447451
16,4000000,130022879,285287016,415309895
16,4000000,125630721,285178709,410809430
16,4000000,130329276,285223694,415552970
16,4000000,127014589,269924907,396939496
16,4000000,128218649,284376005,412594654
16,4000000,128781144,285317228,414098372
16,4000000,130241519,284054050,414295569
16,4000000,126954971,277346253,404301224
16,4000000,131618961,286074328,417693289
16,4000000,129156878,284504369,413661247
16,4000000,130526071,286342977,416869048
16,4000000,133984666,269594402,403579068
16,4000000,126241034,284956224,411197258
16,4000000,133239331,284557454,417796785
16,4000000,130827178,283697124,414524302
16,4000000,133089161,285960221,419049382
16,4000000,130157870,283806641,413964511
16,4000000,128224690,279054474,407279164
16,4000000,133285672,284962472,418248144
16,4000000,130420342,284405385,414825727
16,5000000,174850566,338874442,513725008
16,5000000,166981817,355124378,522106195
16,5000000,160513468,347821961,508335429
16,5000000,161288301,338118349,499406650
16,5000000,159765639,346145692,505911331
16,5000000,162605247,353618663,516223910
16,5000000,161961513,355000040,516961553
16,5000000,162934470,344502008,507436478
16,5000000,165449726,355316775,520766501
16,5000000,160926770,346309816,507236586
16,5000000,162996948,354567160,517564108
16,5000000,163981790,357344301,521326091
16,5000000,163472286,354754045,518226331
16,5000000,161162178,355899080,517061258
16,5000000,161630188,345541555,507171743
16,5000000,160943464,354976405,515919869
16,5000000,160531640,347856126,508387766
16,5000000,164872249,356445931,521318180
16,5000000,160133647,355355885,515489532
16,5000000,166280137,346063088,512343225
16,5000000,163784381,344115747,507900128
16,5000000,160463525,356948858,517412383
16,5000000,163481477,356040819,519522296
16,5000000,165278009,354858225,520136234
16,5000000,159882521,355817328,515699849
16,5000000,164698321,353587436,518285757
16,5000000,160097510,355076616,515174126
16,5000000,163517820,356687490,520205310
16,5000000,164046389,353564763,517611152
16,5000000,162211731,348086968,510298699
16,5000000,161582894,356293444,517876338
16,5000000,161258654,345518945,506777599
16,5000000,164032772,346351899,510384671
16,5000000,159598916,345459599,505058515
16,5000000,161183745,345723591,506907336
16,5000000,167880534,353721285,521601819
16,5000000,171843635,346957267,518800902
16,5000000,164217476,346810551,511028027
16,5000000,163838670,344465258,508303928
16,5000000,165317680,355981576,521299256
16,5000000,167744636,354201835,521946471
16,5000000,161305337,346209221,507514558
16,5000000,162168639,355584777,517753416
16,5000000,163082048,337197488,500279536
16,5000000,159850877,356330962,516181839
16,5000000,160487527,338110396,498597923
16,5000000,172335440,383628591,555964031
16,5000000,165334380,354669653,520004033
16,5000000,159888049,355573259,515461308
16,5000000,160729556,355008117,515737673
16,5000000,161122009,355389566,516511575
16,5000000,159627670,345423218,505050888
16,5000000,160437829,354312442,514750271
16,5000000,164792417,353508974,518301391
16,5000000,167567212,346246343,513813555
16,5000000,160741177,355856692,516597869
16,5000000,165188793,354505878,519694671
16,5000000,161578585,346412119,507990704
16,5000000,162047464,345647144,507694608
16,5000000,165093307,354766882,519860189
16,5000000,164081339,356568801,520650140
16,5000000,164973362,355334382,520307744
16,5000000,165212359,355341727,520554086
16,5000000,159733761,355836004,515569765
16,5000000,161766063,355582736,517348799
16,5000000,159883697,345688117,505571814
16,5000000,166190636,356157433,522348069
16,5000000,161195962,354398214,515594176
16,5000000,164899031,344195298,509094329
16,5000000,160296587,356251292,516547879
16,5000000,163177782,355322302,518500084
16,5000000,163700916,355081197,518782113
16,5000000,164688141,354361272,519049413
16,5000000,164397371,355648241,520045612
16,5000000,160871085,354016903,514887988
16,5000000,162706996,346907373,509614369
16,5000000,159880436,355237732,515118168
16,5000000,162080537,344974624,507055161
16,5000000,161641118,354118282,515759400
16,5000000,159698277,356046161,515744438
16,5000000,162597726,355507746,518105472
16,5000000,161835035,352870385,514705420
16,5000000,167071823,341487834,508559657
16,5000000,161526184,336468324,497994508
16,5000000,161477574,354413416,515890990
16,5000000,165548058,354152542,519700600
16,5000000,166356144,355206897,521563041
16,5000000,160267607,354835963,515103570
16,5000000,166172583,356028613,522201196
16,5000000,168043296,344762682,512805978
16,5000000,163420210,356095027,519515237
16,5000000,169918598,355844469,525763067
16,5000000,160242380,355686959,515929339
16,5000000,167960995,355854556,523815551
16,5000000,161146994,354920447,516067441
16,5000000,166176772,352448118,518624890
16,5000000,163540018,346700604,510240622
16,5000000,166825452,353216507,520041959
16,5000000,160610763,346681447,507292210
16,5000000,170795252,385554293,556349545
16,5000000,163375416,346522293,509897709
16,5000000,165108247,354091685,519199932
16,5000000,161468164,355678953,517147117
16,5000000,159525838,355829988,515355826
16,5000000,162458102,355741367,518199469
16,5000000,168481274,357563429,526044703
16,5000000,167374449,301468158,468842607
16,5000000,167057560,355660960,522718520
16,5000000,163808167,355506971,519315138
16,5000000,159497565,355377512,514875077
16,5000000,161532813,385087204,546620017
16,5000000,163379458,355870023,519249481
16,5000000,159179706,345777710,504957416
16,5000000,159731609,356113896,515845505
16,5000000,166177898,356244392,522422290
16,6000000,198624786,365014822,563639608
16,6000000,195730128,427003543,622733671
16,6000000,194047945,426028927,620076872
16,6000000,195205651,427998418,623204069
16,6000000,194002178,362332614,556334792
16,6000000,196462003,413620216,610082219
16,6000000,197958896,426534708,624493604
16,6000000,196224069,426492898,622716967
16,6000000,193383820,415458935,608842755
16,6000000,197121874,426752991,623874865
16,6000000,195406744,416052444,611459188
16,6000000,194515105,427069190,621584295
16,6000000,197608112,412510411,610118523
16,6000000,197649482,425991219,623640701
16,6000000,194059434,428197485,622256919
16,6000000,194315862,415661952,609977814
16,6000000,194299718,426398116,620697834
16,6000000,196255193,427261661,623516854
16,6000000,195545582,425281372,620826954
16,6000000,201350530,415066393,616416923
16,6000000,196913165,425877610,622790775
16,6000000,198366488,414478959,612845447
16,6000000,193954353,415530613,609484966
16,6000000,206698478,407998719,614697197
16,6000000,198203649,427963849,626167498
16,6000000,195815379,415113334,610928713
16,6000000,200188704,428504459,628693163
16,6000000,197765809,425886060,623651869
16,6000000,195389281,426104176,621493457
16,6000000,203417136,426806434,630223570
16,6000000,193233575,423943828,617177403
16,6000000,202051082,375394944,577446026
16,6000000,195800552,425768066,621568618
16,6000000,199308282,470800889,670109171
16,6000000,195566133,426257890,621824023
16,6000000,197947813,425357423,623305236
16,6000000,193913761,414822240,608736001
16,6000000,200639142,427617359,628256501
16,6000000,195824448,413908063,609732511
16,6000000,200269381,425557517,625826898
16,6000000,197284301,428785120,626069421
16,6000000,201113488,424967443,626080931
16,6000000,194771576,425705190,620476766
16,6000000,195040270,415482386,610522656
16,6000000,197976466,428996383,626972849
16,6000000,198658973,425982730,624641703
16,6000000,193778955,426893982,620672937
16,6000000,195244319,426732575,621976894
16,6000000,194495956,425658424,620154380
16,6000000,199361480,426465390,625826870
16,6000000,199094323,425139411,624233734
16,6000000,196936911,425101406,622038317
16,6000000,199427850,426458787,625886637
16,6000000,200035653,425133231,625168884
16,6000000,199046168,416823676,615869844
16,6000000,199715041,425333796,625048837
16,6000000,199358042,426104956,625462998
16,6000000,195562278,425194135,620756413
16,6000000,194513677,415187120,609700797
16,6000000,196532082,427315045,623847127
16,6000000,199667353,426100826,625768179
16,6000000,199517742,424294765,623812507
16,6000000,193830159,416338813,610168972
16,6000000,196439116,414107242,610546358
16,6000000,194441840,425195593,619637433
16,6000000,199074858,405715846,604790704
16,6000000,193939120,426536104,620475224
16,6000000,197100294,415848911,612949205
16,6000000,196926881,472402147,669329028
16,6000000,196648156,425974487,622622643
16,6000000,208642809,405485418,614128227
16,6000000,199384033,427796188,627180221
16,6000000,203708093,428439297,632147390
16,6000000,199613662,414367711,613981373
16,6000000,199336841,428750815,628087656
16,6000000,195463250,425448344,620911594
16,6000000,194819637,426524063,621343700
16,6000000,196824357,426394167,623218524
16,6000000,192829985,427303720,620133705
16,6000000,195040398,426866979,621907377
16,6000000,201622129,417514040,619136169
16,6000000,194520236,426535278,621055514
16,6000000,198304768,424436674,622741442
16,6000000,193775150,361664825,555439975
16,6000000,195092859,425624268,620717127
16,6000000,195642445,426385853,622028298
16,6000000,194674987,415606803,610281790
16,6000000,203429856,430649068,634078924
16,6000000,200431012,428030339,628461351
16,6000000,197772603,426359613,624132216
16,6000000,195227462,415482592,610710054
16,6000000,199461155,426636427,626097582
16,6000000,198456668,427882034,626338702
16,6000000,194295246,426598310,620893556
16,6000000,196516971,426245459,622762430
16,6000000,200941517,427856155,628797672
16,6000000,194555949,414802349,609358298
16,6000000,198756506,426757448,625513954
16,6000000,195377475,427234551,622612026
16,6000000,201787220,415188227,616975447
16,6000000,195646639,426050114,621696753
16,6000000,194696677,426404834,621101511
16,6000000,198560484,425710431,624270915
16,6000000,202247080,403369206,605616286
16,6000000,197989016,424614959,622603975
16,6000000,196264311,414231709,610496020
16,6000000,198723532,425890801,624614333
16,6000000,197766065,425533642,623299707
16,6000000,195080083,361251549,556331632
16,6000000,200122448,424836243,624958691
16,6000000,195063147,426200021,621263168
16,6000000,196303648,426040877,622344525
16,6000000,197445362,427254372,624699734
16,6000000,196091201,425429430,621520631
16,6000000,196161993,404295119,600457112
16,7000000,230061207,496657505,726718712
16,7000000,238472748,495694690,734167438
16,7000000,227299781,497386222,724686003
16,7000000,230117179,483135843,713253022
16,7000000,229260584,496837901,726098485
16,7000000,228134331,499373193,727507524
16,7000000,235231203,538376351,773607554
16,7000000,232072321,495367273,727439594
16,7000000,229133630,498446639,727580269
16,7000000,229610434,496938821,726549255
16,7000000,231752412,483684453,715436865
16,7000000,235845735,483452226,719297961
16,7000000,230389794,495223661,725613455
16,7000000,229076944,484009949,713086893
16,7000000,229715630,471126227,700841857
16,7000000,229598076,472519304,702117380
16,7000000,229503241,484145709,713648950
16,7000000,228099697,484037961,712137658
16,7000000,229346535,497134554,726481089
16,7000000,229407203,482560793,711967996
16,7000000,230131033,496562724,726693757
16,7000000,230209779,483431400,713641179
16,7000000,232154209,471478491,703632700
16,7000000,228480440,493869435,722349875
16,7000000,228257404,496857196,725114600
16,7000000,229179017,497931287,727110304
16,7000000,228851122,483762526,712613648
16,7000000,230742749,483368305,714111054
16,7000000,230252458,495481042,725733500
16,7000000,228871528,495899136,724770664
16,7000000,230333519,496338512,726672031
16,7000000,232678261,497595185,730273446
16,7000000,233628353,498111827,731740180
16,7000000,228405953,497483917,725889870
16,7000000,229024198,496024159,725048357
16,7000000,228111860,496478357,724590217
16,7000000,232842136,481830291,714672427
16,7000000,230530447,484338037,714868484
16,7000000,229816521,482309442,712125963
16,7000000,230722177,496343419,727065596
16,7000000,231463784,495964783,727428567
16,7000000,226603805,496510240,723114045
16,7000000,228923385,497121948,726045333
16,7000000,232337533,498893412,731230945
16,7000000,231761293,496099753,727861046
16,7000000,226429360,481460588,707889948
16,7000000,229362620,498132113,727494733
16,7000000,230677834,497514510,728192344
16,7000000,232336977,494282125,726619102
16,7000000,229480826,495658829,725139655
16,7000000,228357597,497229262,725586859
16,7000000,228848909,482581821,711430730
16,7000000,230609305,483111453,713720758
16,7000000,231197631,494767610,725965241
16,7000000,231810538,495695728,727506266
16,7000000,233766353,496289227,730055580
16,7000000,231078887,495578768,726657655
16,7000000,231830049,495616357,727446406
16,7000000,228506046,496774659,725280705
16,7000000,233533256,497984736,731517992
16,7000000,232395726,498990293,731386019
16,7000000,228254676,499077753,727332429
16,7000000,229705158,470277063,699982221
16,7000000,228859137,496541264,725400401
16,7000000,232037724,495721332,727759056
16,7000000,229992092,483815751,713807843
16,7000000,229620195,482733250,712353445
16,7000000,235153969,496209075,731363044
16,7000000,230299465,486589977,716889442
16,7000000,227495600,495639288,723134888
16,7000000,230227226,497026514,727253740
16,7000000,231734742,482478346,714213088
16,7000000,231751278,498985879,730737157
16,7000000,230851145,483164707,714015852
16,7000000,230628074,482863589,713491663
16,7000000,228912889,495791358,724704247
16,7000000,227940187,498108153,726048340
16,7000000,229848700,496506288,726354988
16,7000000,230136811,497695813,727832624
16,7000000,230306489,497832642,728139131
16,7000000,229348859,483976074,713324933
16,7000000,233987984,549029166,783017150
16,7000000,229649595,495425670,725075265
16,7000000,227777285,483880125,711657410
16,7000000,229718089,495325331,725043420
16,7000000,231953311,495839946,727793257
16,7000000,229716615,483354346,713070961
16,7000000,229863792,499951192,729814984
16,7000000,229615082,497284638,726899720
16,7000000,227139250,486254755,713394005
16,7000000,230112481,482673795,712786276
16,7000000,229802127,498169699,727971826
16,7000000,231768958,472347403,704116361
16,7000000,229125351,497501982,726627333
16,7000000,228823534,495354561,724178095
16,7000000,242463400,497274683,739738083
16,7000000,230008798,495759977,725768775
16,7000000,231550549,496420372,727970921
16,7000000,229412961,494960026,724372987
16,7000000,230432623,483076880,713509503
16,7000000,230064432,497668343,727732775
16,7000000,233308222,494781781,728090003
16,7000000,230656992,496349024,727006016
16,7000000,230877203,495583311,726460514
16,7000000,234174547,497082531,731257078
16,7000000,231905342,484591278,716496620
16,7000000,231641019,484016185,715657204
16,7000000,233155384,495739423,728894807
16,7000000,228020132,495106906,723127038
16,7000000,231346341,496981828,728328169
16,7000000,229693400,495567290,725260690
16,7000000,229608346,498211006,727819352
16,7000000,228342871,486393328,714736199
16,7000000,235801203,499098158,734899361
16,7000000,228012553,499428739,727441292
16,8000000,271669974,567136272,838806246
16,8000000,264758337,568788779,833547116
16,8000000,264466997,566931659,831398656
16,8000000,266195180,565935089,832130269
16,8000000,266328738,566902283,833231021
16,8000000,262038036,568426679,830464715
16,8000000,269166757,569443396,838610153
16,8000000,264710394,552138908,816849302
16,8000000,268611897,564961034,833572931
16,8000000,264422718,568705894,833128612
16,8000000,264735508,565264453,829999961
16,8000000,263508642,569400878,832909520
16,8000000,265161786,553840758,819002544
16,8000000,267915369,568972275,836887644
16,8000000,264671325,552594150,817265475
16,8000000,263994018,570183485,834177503
16,8000000,265427186,551333773,816760959
16,8000000,262750781,568341167,831091948
16,8000000,262694826,535809905,798504731
16,8000000,264902315,567603943,832506258
16,8000000,269113498,483681525,752795023
16,8000000,263448339,566309955,829758294
16,8000000,265764924,551238090,817003014
16,8000000,262465334,568610148,831075482
16,8000000,269420580,553625138,823045718
16,8000000,265644632,565809710,831454342
16,8000000,263201382,567462376,830663758
16,8000000,267980256,568693657,836673913
16,8000000,264736946,550346249,815083195
16,8000000,265970707,551655447,817626154
16,8000000,269461243,565594102,835055345
16,8000000,265001595,569181809,834183404
16,8000000,265875938,565252380,831128318
16,8000000,264733958,565101984,829835942
16,8000000,269761167,555402260,825163427
16,8000000,270634166,566682041,837316207
16,8000000,265316520,566105287,831421807
16,8000000,263775585,542868058,806643643
16,8000000,262888075,566691049,829579124
16,8000000,264569754,554153537,818723291
16,8000000,264303922,567295522,831599444
16,8000000,265190688,566356677,831547365
16,8000000,262285134,566058694,828343828
16,8000000,262841325,565917341,828758666
16,8000000,264871142,566841068,831712210
16,8000000,264069552,565024039,829093591
16,8000000,261912398,566903544,828815942
16,8000000,264292972,566417457,830710429
16,8000000,262746987,565828240,828575227
16,8000000,266113096,567451718,833564814
16,8000000,262402922,567190859,829593781
16,8000000,264310483,568410280,832720763
16,8000000,264894185,567530746,832424931
16,8000000,265663145,552757488,818420633
16,8000000,262737369,565597420,828334789
16,8000000,263087396,565304467,828391863
16,8000000,263117053,551667462,814784515
16,8000000,263691790,565694441,829386231
16,8000000,267220296,564453975,831674271
16,8000000,266263634,566532375,832796009
16,8000000,262943050,566915934,829858984
16,8000000,264585542,554365182,818950724
16,8000000,263388378,566906066,830294444
16,8000000,262465887,566073512,828539399
16,8000000,266696885,569420148,836117033
16,8000000,266896106,552034792,818930898
16,8000000,263647854,568416407,832064261
16,8000000,268603502,552472266,821075768
16,8000000,262549048,567679330,830228378
16,8000000,267303107,566546795,833849902
16,8000000,262645619,564501116,827146735
16,8000000,262446825,565274666,827721491
16,8000000,262922511,553086171,816008682
16,8000000,263569038,552555713,816124751
16,8000000,266906981,566714165,833621146
16,8000000,264167294,542163583,806330877
16,8000000,261391879,567687168,829079047
16,8000000,263245229,568006092,831251321
16,8000000,263115627,569380097,832495724
16,8000000,265933669,566415834,832349503
16,8000000,262974269,568323694,831297963
16,8000000,263661938,555949527,819611465
16,8000000,264153227,549949039,814102266
16,8000000,265501987,538974100,804476087
16,8000000,266715215,568716198,835431413
16,8000000,260558271,566863414,827421685
16,8000000,261342033,566613175,827955208
16,8000000,265332409,565723216,831055625
16,8000000,262977390,567302698,830280088
16,8000000,264935960,567559675,832495635
16,8000000,262607215,551965562,814572777
16,8000000,262590281,552594138,815184419
16,8000000,264348129,564581698,828929827
16,8000000,263835228,567175945,831011173
16,8000000,265210130,550123528,815333658
16,8000000,263693695,565440245,829133940
16,8000000,262055853,566794627,828850480
16,8000000,263857073,567146756,831003829
16,8000000,263342080,566368992,829711072
16,8000000,264530943,567428247,831959190
16,8000000,264140174,566473752,830613926
16,8000000,263935724,569366417,833302141
16,8000000,262116919,567971042,830087961
16,8000000,263229762,567606837,830836599
16,8000000,272125476,566077394,838202870
16,8000000,266685372,568550324,835235696
16,8000000,269469393,564873030,834342423
16,8000000,266633417,568366895,835000312
16,8000000,265347654,566977338,832324992
16,8000000,263975971,538813140,802789111
16,8000000,267159377,566523636,833683013
16,8000000,263996219,566158760,830154979
16,8000000,261677253,553411696,815088949
16,8000000,262511581,567289054,829800635
16,8000000,261333264,568220930,829554194
16,9000000,302523134,636788240,939311374
16,9000000,297069477,541907637,838977114
16,9000000,299545291,638192692,937737983
16,9000000,295925220,639047231,934972451
16,9000000,308470116,606887382,915357498
16,9000000,299594979,637566770,937161749
16,9000000,297969401,636845601,934815002
16,9000000,297807889,641081550,938889439
16,9000000,296755415,637167798,933923213
16,9000000,297492636,637782509,935275145
16,9000000,295366359,621388093,916754452
16,9000000,295319895,638806913,934126808
16,9000000,297273264,619056788,916330052
16,9000000,297442454,638106332,935548786
16,9000000,298062460,637555720,935618180
16,9000000,296720009,635106756,931826765
16,9000000,301887972,624858440,926746412
16,9000000,297806851,637614939,935421790
16,9000000,297136648,635561155,932697803
16,9000000,297626489,637838521,935465010
16,9000000,296935372,636529901,933465273
16,9000000,297041438,607791049,904832487
16,9000000,297336425,620106646,917443071
16,9000000,297813043,639833095,937646138
16,9000000,296982231,605878170,902860401
16,9000000,299877653,604846964,904724617
16,9000000,297705125,638651376,936356501
16,9000000,298371269,636943393,935314662
16,9000000,297032260,636861338,933893598
16,9000000,298070111,635473615,933543726
16,9000000,295837458,637849221,933686679
16,9000000,297341974,639158176,936500150
16,9000000,296410602,636702860,933113462
16,9000000,296549946,634720227,931270173
16,9000000,313174156,559601891,872776047
16,9000000,297709889,636918916,934628805
16,9000000,296952345,636988464,933940809
16,9000000,297186882,635894422,933081304
16,9000000,297302095,637975280,935277375
16,9000000,298451706,637722934,936174640
16,9000000,297710473,635913049,933623522
16,9000000,297628244,622472184,920100428
16,9000000,297219279,640380998,937600277
16,9000000,300544525,637160598,937705123
16,9000000,296512353,637327456,933839809
16,9000000,297399062,637357082,934756144
16,9000000,299962597,639066559,939029156
16,9000000,296388930,622136413,918525343
16,9000000,296648660,637973671,934622331
16,9000000,296625096,636708120,933333216
16,9000000,298560000,638334843,936894843
16,9000000,297030926,617961231,914992157
16,9000000,308334822,541450365,849785187
16,9000000,297065751,604893542,901959293
16,9000000,296262423,638039831,934302254
16,9000000,297955643,640763362,938719005
16,9000000,299207915,638626110,937834025
16,9000000,299218313,638029923,937248236
16,9000000,297636533,623635913,921272446
16,9000000,296638858,638975418,935614276
16,9000000,299553879,619488344,919042223
16,9000000,298315875,638630634,936946509
16,9000000,299653172,635545829,935199001
16,9000000,298173212,619537041,917710253
16,9000000,296644570,634460388,931104958
16,9000000,296720504,637677405,934397909
16,9000000,298517788,620380175,918897963
16,9000000,297584711,621219320,918804031
16,9000000,298106487,635997316,934103803
16,9000000,296300494,636447983,932748477
16,9000000,297743418,606474139,904217557
16,9000000,297909435,636277490,934186925
16,9000000,298193134,636903836,935096970
16,9000000,297198177,604917332,902115509
16,9000000,296341261,621256442,917597703
16,9000000,298942933,636905314,935848247
16,9000000,297741316,637507377,935248693
16,9000000,296058377,637486824,933545201
16,9000000,303111476,638029342,941140818
16,9000000,297347682,624984383,922332065
16,9000000,299375895,636320412,935696307
16,9000000,297036824,625472557,922509381
16,9000000,298151600,637265721,935417321
16,9000000,296369300,635196056,931565356
16,9000000,299137666,635910212,935047878
16,9000000,298311341,640591071,938902412
16,9000000,295902215,635613284,931515499
16,9000000,297258851,637087521,934346372
16,9000000,298009009,621243721,919252730
16,9000000,296854497,635803256,932657753
16,9000000,296768556,636975850,933744406
16,9000000,299369022,624034188,923403210
16,9000000,296625477,637712060,934337537
16,9000000,297084271,620487450,917571721
16,9000000,297579617,619881024,917460641
16,9000000,297301074,635824161,933125235
16,9000000,298163385,636589235,934752620
16,9000000,301142846,641163523,942306369
16,9000000,296089812,639605044,935694856
16,9000000,297151406,618603211,915754617
16,9000000,303788142,607095450,910883592
16,9000000,297265799,606529908,903795707
16,9000000,298325228,607640321,905965549
16,9000000,299417815,621466602,920884417
16,9000000,296313958,639886163,936200121
16,9000000,301722281,640082049,941804330
16,9000000,304159941,635180894,939340835
16,9000000,299636293,637493673,937129966
16,9000000,298504733,621685886,920190619
16,9000000,301842380,635707173,937549553
16,9000000,299474160,605268704,904742864
16,9000000,297274400,621084941,918359341
16,9000000,297300828,638765111,936065939
16,9000000,304107188,635595619,939702807
16,9000000,296999175,636823321,933822496
16,10000000,332562700,688520273,1021082973
16,10000000,332696921,707379727,1040076648
16,10000000,333099776,709871635,1042971411
16,10000000,333344094,707815176,1041159270
16,10000000,331787493,704888742,1036676235
16,10000000,331474844,706082562,1037557406
16,10000000,333943209,709289632,1043232841
16,10000000,329533373,686902276,1016435649
16,10000000,331778048,706625154,1038403202
16,10000000,332716902,707233552,1039950454
16,10000000,332406418,705444636,1037851054
16,10000000,332216952,689734885,1021951837
16,10000000,329953635,709053914,1039007549
16,10000000,333417215,706953822,1040371037
16,10000000,332817699,687569324,1020387023
16,10000000,335187478,706972827,1042160305
16,10000000,332683482,687087936,1019771418
16,10000000,344474727,710177567,1054652294
16,10000000,332218229,687367312,1019585541
16,10000000,335837311,709736925,1045574236
16,10000000,332572001,690303909,1022875910
16,10000000,331920510,707184762,1039105272
16,10000000,335515467,689266866,1024782333
16,10000000,331074395,707003361,1038077756
16,10000000,336315705,707757957,1044073662
16,10000000,341877240,706192886,1048070126
16,10000000,331291629,706870116,1038161745
16,10000000,332065262,708199183,1040264445
16,10000000,339570741,707707023,1047277764
16,10000000,332133601,706831955,1038965556
16,10000000,332719811,705868612,1038588423
16,10000000,334669117,706820631,1041489748
16,10000000,331380422,688232262,1019612684
16,10000000,332900393,707361072,1040261465
16,10000000,335994285,705780192,1041774477
16,10000000,335527954,714753152,1050281106
16,10000000,331152441,688020389,1019172830
16,10000000,333199040,706397736,1039596776
16,10000000,338310775,707156322,1045467097
16,10000000,331819965,708666635,1040486600
16,10000000,334309991,705898483,1040208474
16,10000000,333132576,705965073,1039097649
16,10000000,332565629,706823234,1039388863
16,10000000,332311576,709669562,1041981138
16,10000000,331977262,706697039,1038674301
16,10000000,330476389,706070992,1036547381
16,10000000,330832976,707798700,1038631676
16,10000000,333098960,706157366,1039256326
16,10000000,333027387,709464017,1042491404
16,10000000,335227641,706438312,1041665953
16,10000000,333633878,706423693,1040057571
16,10000000,331661404,691045625,1022707029
16,10000000,330143646,709395614,1039539260
16,10000000,331587528,707496862,1039084390
16,10000000,333217496,706791399,1040008895
16,10000000,334127442,708616006,1042743448
16,10000000,334224872,705392209,1039617081
16,10000000,332624542,686733442,1019357984
16,10000000,334589089,679941143,1014530232
16,10000000,334209511,707231639,1041441150
16,10000000,334223243,708888248,1043111491
16,10000000,332332542,706377881,1038710423
16,10000000,333816203,705161108,1038977311
16,10000000,333997186,688563847,1022561033
16,10000000,332124695,705158193,1037282888
16,10000000,331512763,706293480,1037806243
16,10000000,332707497,705665477,1038372974
16,10000000,333373784,689054321,1022428105
16,10000000,332465460,706479671,1038945131
16,10000000,332209979,704943186,1037153165
16,10000000,333114687,707552970,1040667657
16,10000000,331599162,709789961,1041389123
16,10000000,331535068,706439569,1037974637
16,10000000,332672188,708638171,1041310359
16,10000000,332592150,706453017,1039045167
16,10000000,333328651,706482495,1039811146
16,10000000,333497388,707193102,1040690490
16,10000000,334358403,707782395,1042140798
16,10000000,332128692,705055456,1037184148
16,10000000,333188013,710824110,1044012123
16,10000000,333178910,707729967,1040908877
16,10000000,333261771,690396261,1023658032
16,10000000,331658538,687066430,1018724968
16,10000000,332373869,690652331,1023026200
16,10000000,337758595,712679129,1050437724
16,10000000,333429101,705885194,1039314295
16,10000000,335197257,708215945,1043413202
16,10000000,332926290,706944650,1039870940
16,10000000,331078965,709098316,1040177281
16,10000000,332023951,708303736,1040327687
16,10000000,333172431,688780722,1021953153
16,10000000,333857993,706062438,1039920431
16,10000000,334230788,708062333,1042293121
16,10000000,331549356,709959434,1041508790
16,10000000,331916896,689712468,1021629364
16,10000000,347981755,767003095,1114984850
16,10000000,332940755,707787557,1040728312
16,10000000,356276330,784856759,1141133089
16,10000000,332856736,708128820,1040985556
16,10000000,332271647,706233143,1038504790
16,10000000,337226369,709818802,1047045171
16,10000000,335635921,671523814,1007159735
16,10000000,332956689,709385418,1042342107
16,10000000,334073440,767504764,1101578204
16,10000000,337526326,709149534,1046675860
16,10000000,334537328,692848297,1027385625
16,10000000,338930726,705439599,1044370325
16,10000000,333505481,707356902,1040862383
16,10000000,331541474,704592991,1036134465
16,10000000,332763405,688500017,1021263422
16,10000000,331187015,689427270,1020614285
16,10000000,332689153,689035145,1021724298
16,10000000,330076636,709186829,1039263465
16,10000000,333424833,690461702,1023886535
16,10000000,333699050,707053069,1040752119
16,10000000,330888163,689352297,1020240460
16,10000000,337168256,706248201,1043416457
16,10000000,338846942,709524660,1048371602
16,10000000,331892145,703352139,1035244284
16,10000000,331744682,708448318,1040193000
16,10000000,331452112,708311583,1039763695
16,10000000,333149539,706516052,1039665591
16,10000000,331667087,692551301,1024218388
16,10000000,337700035,709056648,1046756683
16,10000000,332512458,711523778,1044036236
16,10000000,334785513,602766686,937552199
16,10000000,339343754,705188192,1044531946
16,10000000,333354310,705137665,1038491975
16,10000000,331741285,704250845,1035992130
16,10000000,331839594,688504621,1020344215
16,10000000,332743477,707532850,1040276327
16,10000000,331859969,706999193,1038859162
16,10000000,337240991,706615318,1043856309
16,10000000,331135739,690016521,1021152260
16,10000000,332961368,708377971,1041339339
16,10000000,332152206,705797039,1037949245
16,10000000,332960217,708120992,1041081209
16,10000000,333195520,707866671,1041062191
16,10000000,334842604,691242272,1026084876
16,10000000,335070186,687912354,1022982540
16,10000000,339042133,710739227,1049781360
16,10000000,335373522,708593286,1043966808
16,10000000,332178004,706491945,1038669949
16,10000000,338525087,714095287,1052620374
16,10000000,331695149,689174427,1020869576
16,10000000,333418165,712140572,1045558737
16,10000000,331861170,706235617,1038096787
16,10000000,332803541,707473055,1040276596
16,10000000,333821769,692318997,1026140766
16,10000000,331262487,659730544,990993031
16,10000000,332850852,675712693,1008563545
16,10000000,337412719,710010783,1047423502
16,10000000,336767087,713268659,1050035746
16,10000000,334626223,670509731,1005135954
16,10000000,333691638,686865630,1020557268
16,10000000,335703913,711079774,1046783687
16,10000000,335108530,673801228,1008909758
16,10000000,332750181,673677480,1006427661
16,10000000,332561370,707856615,1040417985
16,10000000,336979309,707328082,1044307391
16,10000000,333385557,707199154,1040584711
16,10000000,333181278,708707837,1041889115
16,10000000,333093307,707874076,1040967383
16,10000000,335440338,683895715,1019336053
16,10000000,335203113,690633101,1025836214
16,10000000,332759348,708350272,1041109620
16,10000000,331816396,689385937,1021202333
16,10000000,332457704,707121094,1039578798
16,10000000,334219331,707248048,1041467379
16,10000000,340543588,687631510,1028175098
16,10000000,332303776,707732807,1040036583
16,10000000,334118463,705642179,1039760642
16,10000000,340780854,708016322,1048797176
16,10000000,343001309,706664958,1049666267
16,10000000,331445171,607598681,939043852
16,10000000,331870171,707466348,1039336519
16,10000000,333554560,672791843,1006346403
16,10000000,333770056,706681744,1040451800
16,10000000,333346218,704411032,1037757250
16,10000000,330995662,689426108,1020421770
16,10000000,331316168,705082909,1036399077
16,10000000,332655076,708192000,1040847076
16,10000000,334898466,707176004,1042074470
16,10000000,331751585,707759157,1039510742
16,10000000,334919668,707592493,1042512161
16,10000000,333156592,705868850,1039025442
16,10000000,333156933,689240770,1022397703
16,10000000,332325511,708260234,1040585745
16,10000000,332449496,704528720,1036978216
16,10000000,332360766,688402020,1020762786
16,10000000,330285508,709375735,1039661243
16,10000000,332031647,709780644,1041812291
16,10000000,341037667,690714035,1031751702
16,10000000,334455284,688132454,1022587738
16,10000000,333643357,673140349,1006783706
16,10000000,331100897,703882963,1034983860
16,10000000,332845135,703556976,1036402111
16,10000000,331778146,708081051,1039859197
16,10000000,334845954,706054503,1040900457
16,10000000,331691440,706976435,1038667875
16,10000000,332146321,704753054,1036899375
16,10000000,332629377,709041280,1041670657
16,10000000,333194676,707548754,1040743430
16,10000000,332161194,671436472,1003597666
16,10000000,333224432,706885326,1040109758
16,10000000,331084260,693135974,1024220234
16,10000000,334470781,710099797,1044570578
16,10000000,332751800,711101473,1043853273
16,10000000,332634271,711119668,1043753939
16,10000000,333161366,707626662,1040788028
16,10000000,340579988,711344619,1051924607
16,10000000,334037886,706270161,1040308047
16,10000000,333760157,708025227,1041785384
16,10000000,332318979,607585857,939904836
16,10000000,331556854,688311189,1019868043
16,10000000,333011379,707915696,1040927075
16,10000000,337801101,708769908,1046571009
16,10000000,332186246,707414278,1039600524
16,10000000,336863750,705968473,1042832223
16,10000000,333279857,708114908,1041394765
16,10000000,333371103,707158144,1040529247
16,10000000,334953490,688974145,1023927635
16,10000000,333260844,673355949,1006616793
16,10000000,333090554,708298014,1041388568
16,10000000,331708809,707011114,1038719923
16,10000000,332259878,707462637,1039722515
16,10000000,340210346,689035997,1029246343
16,10000000,333046750,708306945,1041353695
16,10000000,332222537,693199782,1025422319
16,10000000,333785879,707682554,1041468433
16,20000000,692172204,1415677450,2107849654
16,20000000,692008224,1416050398,2108058622
16,20000000,693260116,1410386507,2103646623
16,20000000,692515929,1413487156,2106003085
16,20000000,691484040,1411669064,2103153104
16,20000000,690450385,1418555532,2109005917
16,20000000,690959421,1414366390,2105325811
16,20000000,692000214,1410180324,2102180538
16,20000000,693273428,1412773356,2106046784
16,20000000,692466863,1409886673,2102353536
16,20000000,690971739,1415307268,2106279007
16,20000000,691961513,1412845804,2104807317
16,20000000,692926792,1414316612,2107243404
16,20000000,698018895,1203282973,1901301868
16,20000000,689612179,1416431953,2106044132
16,20000000,692691426,1407330722,2100022148
16,20000000,694623542,1408190516,2102814058
16,20000000,695041519,1412251636,2107293155
16,20000000,689081542,1412937004,2102018546
16,20000000,693426650,1407249025,2100675675
16,20000000,692669494,1411759640,2104429134
16,20000000,690331689,1408593332,2098925021
16,20000000,692181092,1408389369,2100570461
16,20000000,691953178,1407424360,2099377538
16,20000000,689705763,1414930089,2104635852
16,20000000,691461607,1417578197,2109039804
16,20000000,690844906,1410662585,2101507491
16,20000000,690971030,1411256913,2102227943
16,20000000,693489629,1411156193,2104645822
16,20000000,691501012,1411763780,2103264792
16,20000000,692901595,1410180074,2103081669
16,20000000,695609046,1408038839,2103647885
16,20000000,690845113,1407765657,2098610770
16,20000000,692875627,1407086599,2099962226
16,20000000,690262821,1415090906,2105353727
16,20000000,693348251,1413970468,2107318719
16,20000000,691378828,1411050577,2102429405
16,20000000,693152440,1408619563,2101772003
16,20000000,689403864,1404687826,2094091690
16,20000000,693079399,1407252182,2100331581
16,20000000,690883347,1411171444,2102054791
16,20000000,692081095,1408869341,2100950436
16,20000000,693306273,1408640897,2101947170
16,20000000,689170395,1413650975,2102821370
16,20000000,691422561,1409062996,2100485557
16,20000000,690520548,1410773712,2101294260
16,20000000,692266593,1407991746,2100258339
16,20000000,690426000,1371867840,2062293840
16,20000000,691826674,1412214937,2104041611
16,20000000,691373411,1341196981,2032570392
16,20000000,691334706,1412787522,2104122228
16,20000000,688281404,1415152685,2103434089
16,20000000,690831836,1408309933,2099141769
16,20000000,689710717,1412199353,2101910070
16,20000000,695716904,1416018104,2111735008
16,20000000,692991672,1371031004,2064022676
16,20000000,691090038,1419609622,2110699660
16,20000000,691228989,1407416386,2098645375
16,20000000,691215652,1407934462,2099150114
16,20000000,690429501,1411977833,2102407334
16,20000000,692017273,1412768021,2104785294
16,20000000,695269478,1408365364,2103634842
16,20000000,693059274,1376552021,2069611295
16,20000000,690641280,1411688686,2102329966
16,20000000,689872698,1415385680,2105258378
16,20000000,691337806,1407380091,2098717897
16,20000000,693263541,1410141951,2103405492
16,20000000,691562946,1416188531,2107751477
16,20000000,693238752,1409051452,2102290204
16,20000000,691944813,1379823653,2071768466
16,20000000,692282180,1409180782,2101462962
16,20000000,694269746,1414834962,2109104708
16,20000000,693421515,1407646631,2101068146
16,20000000,691907502,1409181364,2101088866
16,20000000,693620531,1410531253,2104151784
16,20000000,691534161,1411075357,2102609518
16,20000000,691520744,1369131744,2060652488
16,20000000,693472731,1408237955,2101710686
16,20000000,691994748,1412329653,2104324401
16,20000000,692348367,1410915459,2103263826
16,20000000,692081317,1376799196,2068880513
16,20000000,692736519,1411831786,2104568305
16,20000000,691662055,1412619269,2104281324
16,20000000,691370283,1409806931,2101177214
16,20000000,691199920,1413363888,2104563808
16,20000000,692357764,1408125811,2100483575
16,20000000,690646939,1411707745,2102354684
16,20000000,693583960,1341339160,2034923120
16,20000000,691637648,1409085831,2100723479
16,20000000,691237087,1406874852,2098111939
16,20000000,690152962,1370164608,2060317570
16,20000000,698045056,1406628613,2104673669
16,20000000,693050954,1413931750,2106982704
16,20000000,690190370,1411790172,2101980542
16,20000000,691095204,1413974981,2105070185
16,20000000,694687180,1380884874,2075572054
16,20000000,691995867,1413815537,2105811404
16,20000000,693994664,1411653144,2105647808
16,20000000,693806542,1412759702,2106566244
16,20000000,691587800,1412631122,2104218922
16,20000000,691044198,1411874313,2102918511
16,20000000,696858776,1420948131,2117806907
16,20000000,690182295,1371752065,2061934360
16,20000000,692830269,1371499344,2064329613
16,20000000,692409064,1407741289,2100150353
16,20000000,692261608,1340611614,2032873222
16,20000000,693798383,1411849743,2105648126
16,20000000,692018849,1405953343,2097972192
16,20000000,691221726,1413383899,2104605625
16,20000000,692927545,1408133110,2101060655
16,20000000,690779690,1412432714,2103212404
16,20000000,692847568,1409660258,2102507826
16,20000000,692832925,1409338231,2102171156
16,20000000,690496073,1411901753,2102397826
16,20000000,692402437,1409859983,2102262420
16,30000000,1061090022,1809193682,2870283704
16,30000000,1059513316,2117420149,3176933465
16,30000000,1063890343,2118962638,3182852981
16,30000000,1078873206,2119373682,3198246888
16,30000000,1066798684,2123997000,3190795684
16,30000000,1062568766,2108979507,3171548273
16,30000000,1060719722,2003752093,3064471815
16,30000000,1070258058,2123130815,3193388873
16,30000000,1061933820,2058141589,3120075409
16,30000000,1060411613,2058062632,3118474245
16,30000000,1060969546,2060093127,3121062673
16,30000000,1062548849,2123768297,3186317146
16,30000000,1063607145,2070401261,3134008406
16,30000000,1061894186,2114235763,3176129949
16,30000000,1059696519,2117025035,3176721554
16,30000000,1061766478,2111334670,3173101148
16,30000000,1063378694,2120652696,3184031390
16,30000000,1061558535,2120125025,3181683560
16,30000000,1063329956,2058646482,3121976438
16,30000000,1064489411,2130756210,3195245621
16,30000000,1063978517,2110989108,3174967625
16,30000000,1060911775,2116390452,3177302227
16,30000000,1061866803,2129300866,3191167669
16,30000000,1060696718,2066059369,3126756087
16,30000000,1061872999,2112518427,3174391426
16,30000000,1063283047,2127348077,3190631124
16,30000000,1059874171,2113194158,3173068329
16,30000000,1062166856,2120165686,3182332542
16,30000000,1057928527,1803024252,2860952779
16,30000000,1062139381,2116867195,3179006576
16,30000000,1062556041,2127507921,3190063962
16,30000000,1061272220,2110616163,3171888383
16,30000000,1059423620,2012050141,3071473761
16,30000000,1066072800,2050430787,3116503587
16,30000000,1061499560,2118464270,3179963830
16,30000000,1069804873,2118004932,3187809805
16,30000000,1063455575,2113207140,3176662715
16,30000000,1061902533,2116103716,3178006249
16,30000000,1062704383,2110643692,3173348075
16,30000000,1059954831,2070953769,3130908600
16,30000000,1058086899,2120869458,3178956357
16,30000000,1061097541,2113097226,3174194767
16,30000000,1063106849,2068854667,3131961516
16,30000000,1061076666,2056935664,3118012330
16,30000000,1063500166,2113408029,3176908195
16,30000000,1063604620,2114532267,3178136887
16,30000000,1061757908,2070875431,3132633339
16,30000000,1062412471,2111213174,3173625645
16,30000000,1061258209,2125774690,3187032899
16,30000000,1064031582,2110882283,3174913865
16,30000000,1061348875,2070689908,3132038783
16,30000000,1062650453,2111131054,3173781507
16,30000000,1061615199,2116650344,3178265543
16,30000000,1060889663,2125502286,3186391949
16,30000000,1063629105,2114695706,3178324811
16,30000000,1060389235,2125014104,3185403339
16,30000000,1065826858,2114878806,3180705664
16,30000000,1061645919,2111599766,3173245685
16,30000000,1064844903,2058648835,3123493738
16,30000000,1067142888,2057654860,3124797748
16,30000000,1060618580,2117352466,3177971046
16,30000000,1063203315,2117454592,3180657907
16,30000000,1059839568,2123567107,3183406675
16,30000000,1064809666,2058532946,3123342612
16,30000000,1059400924,2057724559,3117125483
16,30000000,1060765867,2121716628,3182482495
16,30000000,1062409683,2114927877,3177337560
16,30000000,1060517469,2057679378,3118196847
16,30000000,1062994702,2065479902,3128474604
16,30000000,1063196941,2126817385,3190014326
16,30000000,1060570778,2115808558,3176379336
16,30000000,1061549301,2115300763,3176850064
16,30000000,1062860916,2110826248,3173687164
16,30000000,1062395633,2112711931,3175107564
16,30000000,1061898504,2126285279,3188183783
16,30000000,1061160682,2110169410,3171330092
16,30000000,1065439955,2113158352,3178598307
16,30000000,1060724520,2111673744,3172398264
16,30000000,1060668455,2117981829,3178650284
16,30000000,1062315432,2115057222,3177372654
16,30000000,1059913103,2117702838,3177615941
16,30000000,1067454183,2119163532,3186617715
16,30000000,1063174933,2118199877,3181374810
16,30000000,1061318071,2114427000,3175745071
16,30000000,1063097087,2109849057,3172946144
16,30000000,1056967735,2073211988,3130179723
16,30000000,1061580066,2110422367,3172002433
16,30000000,1059052260,2057573323,3116625583
16,30000000,1063746529,2109964083,3173710612
16,30000000,1061817364,2111779520,3173596884
16,30000000,1060701260,2110025489,3170726749
16,30000000,1065467361,2114115868,3179583229
16,30000000,1062306986,2109919438,3172226424
16,30000000,1062940645,2056496485,3119437130
16,30000000,1063515006,2067535215,3131050221
16,30000000,1066604591,2122836337,3189440928
16,30000000,1064536412,2126489485,3191025897
16,30000000,1061530719,2110412769,3171943488
16,30000000,1063483950,2110930266,3174414216
16,30000000,1061854391,2116576087,3178430478
16,30000000,1064773745,2116684030,3181457775
16,30000000,1063338013,2109113327,3172451340
16,30000000,1058407010,2118184180,3176591190
16,30000000,1060727521,2116714776,3177442297
16,30000000,1061660180,2116263666,3177923846
16,30000000,1062864282,2113009676,3175873958
16,30000000,1058976488,2121626895,3180603383
16,30000000,1060418601,2129491028,3189909629
16,30000000,1060127159,2115439664,3175566823
16,30000000,1063438131,2013396167,3076834298
16,30000000,1061872406,2066054137,3127926543
16,30000000,1063993538,2117062583,3181056121
16,30000000,1065555435,2120306261,3185861696
16,30000000,1062644708,2109904918,3172549626
16,30000000,1065112596,2116918714,3182031310
16,40000000,1440475009,2809279173,4249754182
16,40000000,1439657397,2817440727,4257098124
16,40000000,1441911416,2748250173,4190161589
16,40000000,1439751370,2821570694,4261322064
16,40000000,1444506669,2755426331,4199933000
16,40000000,1442619030,2743751710,4186370740
16,40000000,1442008035,2816369988,4258378023
16,40000000,1444931817,2815233032,4260164849
16,40000000,1441016601,2825554680,4266571281
16,40000000,1433668048,2826533508,4260201556
16,40000000,1440701424,2815912470,4256613894
16,40000000,1438408758,2675862031,4114270789
16,40000000,1441330382,2814120506,4255450888
16,40000000,1441716592,2824155607,4265872199
16,40000000,1438140003,2816293607,4254433610
16,40000000,1442397413,2829997935,4272395348
16,40000000,1444634022,2747537738,4192171760
16,40000000,1441067448,2822533319,4263600767
16,40000000,1443085394,2823350402,4266435796
16,40000000,1440062989,3050660659,4490723648
16,40000000,1439462515,3055971172,4495433687
16,40000000,1439713505,2818107005,4257820510
16,40000000,1441062751,2812081621,4253144372
16,40000000,1447854218,2823137202,4270991420
16,40000000,1441154005,2833726293,4274880298
16,40000000,1441958011,2748742432,4190700443
16,40000000,1440115069,2819223158,4259338227
16,40000000,1444968646,2830146713,4275115359
16,40000000,1439234662,2833051707,4272286369
16,40000000,1440223749,2824497129,4264720878
16,40000000,1436506368,2759721875,4196228243
16,40000000,1439922560,2822465225,4262387785
16,40000000,1440122790,2816292174,4256414964
16,40000000,1440476513,2829748896,4270225409
16,40000000,1440606663,2814758438,4255365101
16,40000000,1444000279,2825223514,4269223793
16,40000000,1438574067,2821541859,4260115926
16,40000000,1441423664,2815025533,4256449197
16,40000000,1438376589,2819252878,4257629467
16,40000000,1439328206,2820193093,4259521299
16,40000000,1442594649,2824550982,4267145631
16,40000000,1437296685,2830283343,4267580028
16,40000000,1441505241,2745662705,4187167946
16,40000000,1438627175,2815420325,4254047500
16,40000000,1443736449,2824145512,4267881961
16,40000000,1449538104,2829646191,4279184295
16,40000000,1438635620,2832133786,4270769406
16,40000000,1439215377,2819693147,4258908524
16,40000000,1439133661,2818379907,4257513568
16,40000000,1440666690,2819895533,4260562223
16,40000000,1439794703,2834102201,4273896904
16,40000000,1439014413,2742951166,4181965579
16,40000000,1440123260,2749649299,4189772559
16,40000000,1439316528,2824306107,4263622635
16,40000000,1440899122,2812929447,4253828569
16,40000000,1442198952,2833611462,4275810414
16,40000000,1442335390,2821438487,4263773877
16,40000000,1440232940,2828607835,4268840775
16,40000000,1438826364,2829853093,4268679457
16,40000000,1440088550,2821354358,4261442908
16,40000000,1442121822,2828559833,4270681655
16,40000000,1443473907,2825899913,4269373820
16,40000000,1438774412,2818766715,4257541127
16,40000000,1439844522,2817704281,4257548803
16,40000000,1438735099,2833299629,4272034728
16,40000000,1440357304,2815891400,4256248704
16,40000000,1443499835,2816117970,4259617805
16,40000000,1439956826,2756673768,4196630594
16,40000000,1441015932,2822957583,4263973515
16,40000000,1441102454,2822127837,4263230291
16,40000000,1440589247,2830601288,4271190535
16,40000000,1442304062,2819205477,4261509539
16,40000000,1441445998,2834586200,4276032198
16,40000000,1441861845,2813616919,4255478764
16,40000000,1440510006,2820747762,4261257768
16,40000000,1438383979,2831832220,4270216199
16,40000000,1440208858,3111072518,4551281376
16,40000000,1441330113,2835373461,4276703574
16,40000000,1439925922,2828651407,4268577329
16,40000000,1443716008,2825269661,4268985669
16,40000000,1441395397,2817903046,4259298443
16,40000000,1439764587,2815273826,4255038413
16,40000000,1438528973,2818735794,4257264767
16,40000000,1439505094,2812796136,4252301230
16,40000000,1442611100,2679736211,4122347311
16,40000000,1438131295,2831235803,4269367098
16,40000000,1439638851,2676792463,4116431314
16,40000000,1441965094,2819577486,4261542580
16,40000000,1440126224,2814684535,4254810759
16,40000000,1443391226,2829160297,4272551523
16,40000000,1440657164,2818115567,4258772731
16,40000000,1440484953,2828955832,4269440785
16,40000000,1440756432,2812754921,4253511353
16,40000000,1439394408,2831960460,4271354868
16,40000000,1439807368,2832882087,4272689455
16,40000000,1438573190,2754416297,4192989487
16,40000000,1440628080,2830704691,4271332771
16,40000000,1440156090,2830856021,4271012111
16,40000000,1432447098,2748460210,4180907308
16,40000000,1444822700,2744053615,4188876315
16,40000000,1437606815,2746335112,4183941927
16,40000000,1439334694,2820260965,4259595659
16,40000000,1441393337,2823973008,4265366345
16,40000000,1440647638,2813073055,4253720693
16,40000000,1437934263,2823007660,4260941923
16,40000000,1442818876,2403495731,3846314607
16,40000000,1438885464,2820597151,4259482615
16,40000000,1437427075,2820233939,4257661014
16,40000000,1445742912,2817644626,4263387538
16,40000000,1438608644,3045757129,4484365773
16,40000000,1435434042,2826636618,4262070660
16,40000000,1435997144,2825608032,4261605176
16,40000000,1440945572,2741917656,4182863228
16,40000000,1443194590,2739059664,4182254254
16,40000000,1442201719,2827452967,4269654686
16,50000000,1824100859,3522962267,5347063126
16,50000000,1817812647,3518938063,5336750710
16,50000000,1822036411,3522709801,5344746212
16,50000000,1821305937,3440705866,5262011803
16,50000000,1818576783,3814428528,5633005311
16,50000000,1819904818,3422671726,5242576544
16,50000000,1823144117,3512064671,5335208788
16,50000000,1826002055,3523504940,5349506995
16,50000000,1822744769,3340686132,5163430901
16,50000000,1819682889,3538665803,5358348692
16,50000000,1820998171,3532260263,5353258434
16,50000000,1822044397,3433917586,5255961983
16,50000000,1821378609,3541317817,5362696426
16,50000000,1825160165,3530446815,5355606980
16,50000000,1818114932,3534583232,5352698164
16,50000000,1819725693,3440450615,5260176308
16,50000000,1815644569,3538077746,5353722315
16,50000000,1820851129,3542209602,5363060731
16,50000000,1821472561,3812747440,5634220001
16,50000000,1822019349,3520015393,5342034742
16,50000000,1823157858,3512188605,5335346463
16,50000000,1820901468,3338042348,5158943816
16,50000000,1823368932,3436323511,5259692443
16,50000000,1817361437,3540778018,5358139455
16,50000000,1824526303,3423637294,5248163597
16,50000000,1825725661,3547627438,5373353099
16,50000000,1821272609,3539133767,5360406376
16,50000000,1821103708,3527222635,5348326343
16,50000000,1823714879,3540352291,5364067170
16,50000000,1818504727,3523134095,5341638822
16,50000000,1819206579,3520099071,5339305650
16,50000000,1817103426,3533516074,5350619500
16,50000000,1821428478,3438183959,5259612437
16,50000000,1818698792,3538671612,5357370404
16,50000000,1821889184,3362165013,5184054197
16,50000000,1823930883,3887760101,5711690984
16,50000000,1827331241,3528456980,5355788221
16,50000000,1822475235,3535588953,5358064188
16,50000000,1818890802,3525613266,5344504068
16,50000000,1819250174,3526556512,5345806686
16,50000000,1818759974,3515958060,5334718034
16,50000000,1825450722,3530116329,5355567051
16,50000000,1819278444,3538544271,5357822715
16,50000000,1822041469,3429978632,5252020101
16,50000000,1821890660,3440314657,5262205317
16,50000000,1818889072,3525556859,5344445931
16,50000000,1817675456,3515639186,5333314642
16,50000000,1825291467,3520569957,5345861424
16,50000000,1818571894,3351718301,5170290195
16,50000000,1821372849,3539562102,5360934951
16,50000000,1822335675,3530794505,5353130180
16,50000000,1820808342,3530046196,5350854538
16,50000000,1818472855,3505928321,5324401176
16,50000000,1822754984,3454579666,5277334650
16,50000000,1842176884,3005416488,4847593372
16,50000000,1820658839,3525060206,5345719045
16,50000000,1820181893,3812256150,5632438043
16,50000000,1825140755,3533436964,5358577719
16,50000000,1818646108,3538819887,5357465995
16,50000000,1821322624,3539485735,5360808359
16,50000000,1820055408,3541479316,5361534724
16,50000000,1821972985,3516855317,5338828302
16,50000000,1821562369,3538107751,5359670120
16,50000000,1822064441,3519571256,5341635697
16,50000000,1819487203,3513104918,5332592121
16,50000000,1821178785,3530380056,5351558841
16,50000000,1820077565,3539320870,5359398435
16,50000000,1823858320,3431868948,5255727268
16,50000000,1819270120,3361063635,5180333755
16,50000000,1822910969,3443151019,5266061988
16,50000000,1821718476,3511450311,5333168787
16,50000000,1820320245,3523632688,5343952933
16,50000000,1827044205,3512620186,5339664391
16,50000000,1820460910,3513059947,5333520857
16,50000000,1823376198,3515195476,5338571674
16,50000000,1818657747,3536957854,5355615601
16,50000000,1823498947,3519010014,5342508961
16,50000000,1819448082,3514916870,5334364952
16,50000000,1818874130,3538936051,5357810181
16,50000000,1820512707,3530677365,5351190072
16,50000000,1819193877,3540820943,5360014820
16,50000000,1819733373,3536265812,5355999185
16,50000000,1821130848,3527980928,5349111776
16,50000000,1819113826,3524349114,5343462940
16,50000000,1819891471,3530507262,5350398733
16,50000000,1821145506,3524729480,5345874986
16,50000000,1819941775,3522571686,5342513461
16,50000000,1816300822,3540860980,5357161802
16,50000000,1820079045,3523500305,5343579350
16,50000000,1819333830,3525775748,5345109578
16,50000000,1823728457,3809862910,5633591367
16,50000000,1822201958,3513309836,5335511794
16,50000000,1822972326,3523959426,5346931752
16,50000000,1818392922,3427864362,5246257284
16,50000000,1818868003,3538865238,5357733241
16,50000000,1821159998,3538694011,5359854009
16,50000000,1819924708,3519259717,5339184425
16,50000000,1819264881,3542374029,5361638910
16,50000000,1821817075,3541413762,5363230837
16,50000000,1819984449,3514305472,5334289921
16,50000000,1822339997,3538031010,5360371007
16,50000000,1822462683,3543275829,5365738512
16,50000000,1826096708,3534133401,5360230109
16,50000000,1826624143,3424501340,5251125483
16,50000000,1822060285,3522463385,5344523670
16,50000000,1821609619,3528681623,5350291242
16,50000000,1820114182,3516069853,5336184035
16,50000000,1822067045,3523107373,5345174418
16,50000000,1819934333,3539920573,5359854906
16,50000000,1830471999,3514705828,5345177827
16,50000000,1825689814,3535102906,5360792720
16,50000000,1822278892,3514911466,5337190358
16,50000000,1822762663,3514584092,5337346755
16,50000000,1821847540,3527888284,5349735824
16,50000000,1825129395,3543389745,5368519140
16,60000000,2212847542,4223128258,6435975800
16,60000000,2197060120,4216937814,6413997934
16,60000000,2207826638,4225344354,6433170992
16,60000000,2208943853,4237120553,6446064406
16,60000000,2206172501,4226344168,6432516669
16,60000000,2206293024,4228002964,6434295988
16,60000000,2211224093,4575597935,6786822028
16,60000000,2210960550,4255659909,6466620459
16,60000000,2205197229,4226057489,6431254718
16,60000000,2208498021,4235593901,6444091922
16,60000000,2205753070,4215619828,6421372898
16,60000000,2208580002,4246405038,6454985040
16,60000000,2207263581,4241017963,6448281544
16,60000000,2208552172,4238763251,6447315423
16,60000000,2211962056,4222920244,6434882300
16,60000000,2207515659,4244507922,6452023581
16,60000000,2211651341,4221067696,6432719037
16,60000000,2212584028,4234086146,6446670174
16,60000000,2208765532,4147002708,6355768240
16,60000000,2211382099,4245557370,6456939469
16,60000000,2202987746,4238732897,6441720643
16,60000000,2207785830,4219151513,6426937343
16,60000000,2213574948,4568169262,6781744210
16,60000000,2209285832,4234983134,6444268966
16,60000000,2211253909,4224694061,6435947970
16,60000000,2210992340,4246978718,6457971058
16,60000000,2209729774,4221855383,6431585157
16,60000000,2212418304,4236914378,6449332682
16,60000000,2207457386,4250173718,6457631104
16,60000000,2214318075,4226182652,6440500727
16,60000000,2204004625,4236993429,6440998054
16,60000000,2209855683,4216480486,6426336169
16,60000000,2216586248,4251256545,6467842793
16,60000000,2210814539,4223280802,6434095341
16,60000000,2214646715,4222437727,6437084442
16,60000000,2204909958,4217878396,6422788354
16,60000000,2206288911,4026917502,6233206413
16,60000000,2215923147,4225894185,6441817332
16,60000000,2204310634,4129150844,6333461478
16,60000000,2209089510,4217925192,6427014702
16,60000000,2207924892,4217184869,6425109761
16,60000000,2211396362,4234207681,6445604043
16,60000000,2207616001,4237792687,6445408688
16,60000000,2208505853,4247796264,6456302117
16,60000000,2210174081,4227175497,6437349578
16,60000000,2206353811,4139960161,6346313972
16,60000000,2219728938,4238867978,6458596916
16,60000000,2206585347,4249270964,6455856311
16,60000000,2211364101,4233566033,6444930134
16,60000000,2208253335,4138546569,6346799904
16,60000000,2208558618,4248946128,6457504746
16,60000000,2208571784,4245664379,6454236163
16,60000000,2209082756,4237126695,6446209451
16,60000000,2304792229,4257962087,6562754316
16,60000000,2209982618,4227660008,6437642626
16,60000000,2205676427,4259792717,6465469144
16,60000000,2211172312,4236996746,6448169058
16,60000000,2209921341,4228717268,6438638609
16,60000000,2212929594,4242630378,6455559972
16,60000000,2212888170,4232305549,6445193719
16,60000000,2209879181,4247701263,6457580444
16,60000000,2213380845,4228318522,6441699367
16,60000000,2209131718,4225356228,6434487946
16,60000000,2208934839,4224782421,6433717260
16,60000000,2210412799,4237568632,6447981431
16,60000000,2212122350,4227686915,6439809265
16,60000000,2210286531,4238719810,6449006341
16,60000000,2201562404,4234354949,6435917353
16,60000000,2219736505,4257534116,6477270621
16,60000000,2209868632,4216573013,6426441645
16,60000000,2206799416,4249618779,6456418195
16,60000000,2210567489,4232617374,6443184863
16,60000000,2204561483,4234796369,6439357852
16,60000000,2207208378,4249989927,6457198305
16,60000000,2211165278,4226288043,6437453321
16,60000000,2207706903,4255163796,6462870699
16,60000000,2215478005,4570974105,6786452110
16,60000000,2205718402,4261742428,6467460830
16,60000000,2205539652,4247272410,6452812062
16,60000000,2207967864,4225365416,6433333280
16,60000000,2206720295,4238768414,6445488709
16,60000000,2208782716,4234955549,6443738265
16,60000000,2208107026,4247841742,6455948768
16,60000000,2206320204,4243303546,6449623750
16,60000000,2212511566,4243247394,6455758960
16,60000000,2207268758,4245724014,6452992772
16,60000000,2207468056,4251605705,6459073761
16,60000000,2209818078,4226899177,6436717255
16,60000000,2206732660,4139714223,6346446883
16,60000000,2211104164,4246813697,6457917861
16,60000000,2204285893,4140234942,6344520835
16,60000000,2210404958,4233093709,6443498667
16,60000000,2212052422,4117161682,6329214104
16,60000000,2206282935,4128555122,6334838057
16,60000000,2210126022,4237800738,6447926760
16,60000000,2204397879,4245184458,6449582337
16,60000000,2206939026,4247519442,6454458468
16,60000000,2207428319,4216979590,6424407909
16,60000000,2206884106,4228489269,6435373375
16,60000000,2209417229,4250132403,6459549632
16,60000000,2208823767,4223022669,6431846436
16,60000000,2210641792,4567153156,6777794948
16,60000000,2208659768,4248553772,6457213540
16,60000000,2210362440,4227214762,6437577202
16,60000000,2207767171,4229527061,6437294232
16,60000000,2213375407,4231153597,6444529004
16,60000000,2212792622,4241233453,6454026075
16,60000000,2207812411,4119946566,6327758977
16,60000000,2204902325,4246415597,6451317922
16,60000000,2207798185,4218047219,6425845404
16,60000000,2207000087,4229800582,6436800669
16,60000000,2208627706,4241302107,6449929813
16,60000000,2211773019,4222196396,6433969415
16,60000000,2208313125,4246286882,6454600007
16,60000000,2224503715,4231574882,6456078597
16,70000000,2599877994,4916423704,7516301698
16,70000000,2603234526,4717970622,7321205148
16,70000000,2597242384,4928645875,7525888259
16,70000000,2597011813,4922841467,7519853280
16,70000000,2598773144,4833868280,7432641424
16,70000000,2594801669,4933042280,7527843949
16,70000000,2597651770,4921875329,7519527099
16,70000000,2595685348,4810925054,7406610402
16,70000000,2601487624,4958508117,7559995741
16,70000000,2595984676,4971558809,7567543485
16,70000000,2601703592,4933562376,7535265968
16,70000000,2600217479,4805803527,7406021006
16,70000000,2600303056,4931436207,7531739263
16,70000000,2598130375,4937476120,7535606495
16,70000000,2595707939,4945593060,7541300999
16,70000000,2598672128,4954564228,7553236356
16,70000000,2602358511,4921537577,7523896088
16,70000000,2595364602,4811459731,7406824333
16,70000000,2601393222,4954468331,7555861553
16,70000000,2594246183,4937628935,7531875118
16,70000000,2597014957,4919292241,7516307198
16,70000000,2597910165,4674173707,7272083872
16,70000000,2597905453,4766729206,7364634659
16,70000000,2596916428,4950393813,7547310241
16,70000000,2598237106,4919444385,7517681491
16,70000000,2599572335,4803889439,7403461774
16,70000000,2605273174,4921276900,7526550074
16,70000000,2595009777,4953865675,7548875452
16,70000000,2596815678,4686226911,7283042589
16,70000000,2596423760,4929974919,7526398679
16,70000000,2599888492,4936064623,7535953115
16,70000000,2604213148,4947717616,7551930764
16,70000000,2596417338,4933941961,7530359299
16,70000000,2598725478,4928442941,7527168419
16,70000000,2599087470,4681273914,7280361384
16,70000000,2598997623,4939233912,7538231535
16,70000000,2601949808,4930050941,7532000749
16,70000000,2601209119,4930503872,7531712991
16,70000000,2595528379,4688065904,7283594283
16,70000000,2598798245,4960156359,7558954604
16,70000000,2598745594,4934007016,7532752610
16,70000000,2591185200,4962589640,7553774840
16,70000000,2596069104,4930908596,7526977700
16,70000000,2593162423,4927647637,7520810060
16,70000000,2596812122,4936944527,7533756649
16,70000000,2597999739,4930933668,7528933407
16,70000000,2598188146,4955184153,7553372299
16,70000000,2604813645,4797667290,7402480935
16,70000000,2602993584,4950008378,7553001962
16,70000000,2597174137,4930039561,7527213698
16,70000000,2603180637,4946883160,7550063797
16,70000000,2589411544,4948095516,7537507060
16,70000000,2592885555,4949066625,7541952180
16,70000000,2604786221,4919609241,7524395462
16,70000000,2596124637,4923000430,7519125067
16,70000000,2603837934,4934396129,7538234063
16,70000000,2596893778,4951303840,7548197618
16,70000000,2596703306,4934779905,7531483211
16,70000000,2603422294,4927047864,7530470158
16,70000000,2595609404,4934729225,7530338629
16,70000000,2593079808,4965520851,7558600659
16,70000000,2600339622,4803384821,7403724443
16,70000000,2594129938,4928003168,7522133106
16,70000000,2601052771,4927489070,7528541841
16,70000000,2606225395,4944036940,7550262335
16,70000000,2590841889,4939710630,7530552519
16,70000000,2601999594,4936692494,7538692088
16,70000000,2599234086,4954069955,7553304041
16,70000000,2601613950,4916909232,7518523182
16,70000000,2599223559,4961891855,7561115414
16,70000000,2600165807,4959074345,7559240152
16,70000000,2597984019,4960484656,7558468675
16,70000000,2595112344,4816114474,7411226818
16,70000000,2594544765,4934149492,7528694257
16,70000000,2597142583,4933000537,7530143120
16,70000000,2597328180,4937103812,7534431992
16,70000000,2598854550,4927188081,7526042631
16,70000000,2594528544,4683871924,7278400468
16,70000000,2610772799,4931481158,7542253957
16,70000000,2594331087,4939896146,7534227233
16,70000000,2601095077,4945945749,7547040826
16,70000000,2597511258,4805588088,7403099346
16,70000000,2594294815,4221910692,6816205507
16,70000000,2596528696,4926310096,7522838792
16,70000000,2602178772,4813209374,7415388146
16,70000000,2597621382,4931632755,7529254137
16,70000000,2598168750,5438147763,8036316513
16,70000000,2598270892,4927246266,7525517158
16,70000000,2597241505,4927879073,7525120578
16,70000000,2595401534,4927762402,7523163936
16,70000000,2598398536,4950882808,7549281344
16,70000000,2597769337,4936191300,7533960637
16,70000000,2594335729,4930394135,7524729864
16,70000000,2603386331,4937883458,7541269789
16,70000000,2600174101,4942812786,7542986887
16,70000000,2597657653,4933599590,7531257243
16,70000000,2598833860,4937328963,7536162823
16,70000000,2599126060,4930292218,7529418278
16,70000000,2598489227,4235971005,6834460232
16,70000000,2598131004,4929640448,7527771452
16,70000000,2599027398,4943638986,7542666384
16,70000000,2603102072,4936280850,7539382922
16,70000000,2588811552,4941685593,7530497145
16,70000000,2595552317,4936084026,7531636343
16,70000000,2602200734,4918335230,7520535964
16,70000000,2601432747,4917743224,7519175971
16,70000000,2599681483,4938785620,7538467103
16,70000000,2597613628,4684606470,7282220098
16,70000000,2601897127,4693391054,7295288181
16,70000000,2597710855,4915415274,7513126129
16,70000000,2600187583,4927756694,7527944277
16,70000000,2596995076,4927258421,7524253497
16,70000000,2596653242,4954662354,7551315596
16,70000000,2600692818,4800604800,7401297618
16,70000000,2590195274,4947680118,7537875392
16,80000000,2995516334,5352006731,8347523065
16,80000000,2995359653,5500754129,8496113782
16,80000000,2996948795,5623237038,8620185833
16,80000000,2995451265,5629676143,8625127408
16,80000000,3000930529,5500500052,8501430581
16,80000000,2989290053,5509858544,8499148597
16,80000000,2999167796,5664015737,8663183533
16,80000000,2992236702,5625888639,8618125341
16,80000000,2993930691,5635310752,8629241443
16,80000000,2991763850,5632935741,8624699591
16,80000000,2990778048,5652173539,8642951587
16,80000000,2999385806,5622776429,8622162235
16,80000000,2995666817,5631625582,8627292399
16,80000000,2995120844,5654822175,8649943019
16,80000000,2992323498,5630981851,8623305349
16,80000000,2979813438,5515489146,8495302584
16,80000000,2999626747,5622521375,8622148122
16,80000000,2991600785,5627664077,8619264862
16,80000000,3000423302,5647287687,8647710989
16,80000000,2989170050,5637341559,8626511609
16,80000000,2990793911,5487889667,8478683578
16,80000000,2999578517,5627938956,8627517473
16,80000000,2979422805,5652301807,8631724612
16,80000000,2997729634,5623000449,8620730083
16,80000000,2986992443,5659267912,8646260355
16,80000000,2996534751,5631592569,8628127320
16,80000000,2997975773,5640378782,8638354555
16,80000000,2988986368,5667823476,8656809844
16,80000000,2993879734,6216875445,9210755179
16,80000000,2996142968,5655427192,8651570160
16,80000000,2993392631,5647945069,8641337700
16,80000000,2992334110,5630722386,8623056496
16,80000000,2993145587,5342505197,8335650784
16,80000000,2994738423,5634153354,8628891777
16,80000000,2989443351,5634499877,8623943228
16,80000000,2993379817,5660704748,8654084565
16,80000000,2989676888,5663352369,8653029257
16,80000000,2992265525,5613543213,8605808738
16,80000000,2994383878,5644627425,8639011303
16,80000000,2992717697,5627056730,8619774427
16,80000000,2996012158,5629990740,8626002898
16,80000000,2992327275,5641369958,8633697233
16,80000000,3030840192,5637301702,8668141894
16,80000000,3007899335,5621483515,8629382850
16,80000000,2991116153,5633479117,8624595270
16,80000000,2997158013,5623409593,8620567606
16,80000000,2991457339,6214529789,9205987128
16,80000000,2993938379,5628498981,8622437360
16,80000000,2988759438,5663445785,8652205223
16,80000000,2996307297,5482854454,8479161751
16,80000000,2988329521,5624435675,8612765196
16,80000000,2989297423,5628228513,8617525936
16,80000000,2990084802,5641047235,8631132037
16,80000000,2994244675,5641486920,8635731595
16,80000000,2996796477,5354327510,8351123987
16,80000000,2993442771,5646190791,8639633562
16,80000000,2993873126,5645105040,8638978166
16,80000000,2990697669,5660694002,8651391671
16,80000000,2989617298,5484098921,8473716219
16,80000000,2992883333,5661745014,8654628347
16,80000000,3001478556,5638635407,8640113963
16,80000000,2994017006,5653459585,8647476591
16,80000000,2977017376,5509269635,8486287011
16,80000000,2989721763,5645692010,8635413773
16,80000000,2995394333,5348691575,8344085908
16,80000000,2987968925,5624489151,8612458076
16,80000000,2995240178,5487835656,8483075834
16,80000000,2990530019,5668495790,8659025809
16,80000000,2991507729,5640560757,8632068486
16,80000000,3019986246,5645197993,8665184239
16,80000000,2990235753,5641569009,8631804762
16,80000000,2985813935,5646462439,8632276374
16,80000000,3043264375,5664573029,8707837404
16,80000000,2989183828,5618749891,8607933719
16,80000000,2998442440,5636331547,8634773987
16,80000000,2998982424,5492601503,8491583927
16,80000000,2992194691,5623907930,8616102621
16,80000000,2992599050,5622601440,8615200490
16,80000000,2997046695,5631121259,8628167954
16,80000000,2992581916,5636339470,8628921386
16,80000000,2992104132,5629936326,8622040458
16,80000000,2989608964,5656828407,8646437371
16,80000000,2991523413,5660789633,8652313046
16,80000000,2988561434,5642420072,8630981506
16,80000000,2989365070,5657835534,8647200604
16,80000000,2997757547,5620835987,8618593534
16,80000000,2992432150,5656123133,8648555283
16,80000000,2997390065,5621418196,8618808261
16,80000000,2993527768,5655285784,8648813552
16,80000000,2987951430,5497193863,8485145293
16,80000000,2988646583,5637418257,8626064840
16,80000000,2995494691,5660276054,8655770745
16,80000000,2991513449,5638111377,8629624826
16,80000000,2988401063,5656107512,8644508575
16,80000000,2994103641,5648891530,8642995171
16,80000000,2991339279,5637924549,8629263828
16,80000000,2989658372,5641672369,8631330741
16,80000000,2993620030,5643186934,8636806964
16,80000000,2992351955,5355582417,8347934372
16,80000000,3005502792,5623332056,8628834848
16,80000000,3000986166,5655122231,8656108397
16,80000000,2993385878,5628362949,8621748827
16,80000000,2999654874,5490052784,8489707658
16,80000000,2987022174,5633803054,8620825228
16,80000000,2989818947,5484734665,8474553612
16,80000000,2996996865,5647771556,8644768421
16,80000000,2991210399,5633493598,8624703997
16,80000000,2994296579,5636256399,8630552978
16,80000000,2993470230,5629282079,8622752309
16,80000000,2991206375,5637202968,8628409343
16,80000000,2988700733,5633696638,8622397371
16,80000000,2994303485,6224382838,9218686323
16,80000000,2997089917,5382045428,8379135345
16,80000000,2995341565,5636228753,8631570318
16,80000000,2989906764,5660530394,8650437158
16,90000000,3375916252,6358344785,9734261037
16,90000000,3383732082,6359750774,9743482856
16,90000000,3430964963,6349390539,9780355502
16,90000000,3388761881,6325339002,9714100883
16,90000000,3387411058,6374916472,9762327530
16,90000000,3387815784,6365434321,9753250105
16,90000000,3382572163,6188595503,9571167666
16,90000000,3376146013,6351597592,9727743605
16,90000000,3403465603,6332874778,9736340381
16,90000000,3390066513,6165533793,9555600306
16,90000000,3402528166,6341485256,9744013422
16,90000000,3394248338,6371067937,9765316275
16,90000000,3390027738,6173992206,9564019944
16,90000000,3386784822,5401265032,8788049854
16,90000000,3389209361,6360622890,9749832251
16,90000000,3383118723,6178902950,9562021673
16,90000000,3384044086,6366414850,9750458936
16,90000000,3384907711,6329692183,9714599894
16,90000000,3389252361,6332206113,9721458474
16,90000000,3390409249,6331790424,9722199673
16,90000000,3403188479,6338981747,9742170226
16,90000000,3388939348,6008466285,9397405633
16,90000000,3382991227,6331867851,9714859078
16,90000000,3390171258,6351265409,9741436667
16,90000000,3377619674,6354700567,9732320241
16,90000000,3392761551,6336492999,9729254550
16,90000000,3384683760,6337128427,9721812187
16,90000000,3384120135,6021701213,9405821348
16,90000000,3387584857,6367015780,9754600637
16,90000000,3384754167,6380093606,9764847773
16,90000000,3393201712,6343481773,9736683485
16,90000000,3385533020,6181159657,9566692677
16,90000000,3389086514,6327187697,9716274211
16,90000000,3387199901,6363473066,9750672967
16,90000000,3376812871,6309548441,9686361312
16,90000000,3389450567,6036016430,9425466997
16,90000000,3386913951,6366888915,9753802866
16,90000000,3385227325,6355096004,9740323329
16,90000000,3408928924,6323910080,9732839004
16,90000000,3388560435,6336127524,9724687959
16,90000000,3383381246,6340822056,9724203302
16,90000000,3387338872,6365927976,9753266848
16,90000000,3388908928,6371259781,9760168709
16,90000000,3398580528,6345844556,9744425084
16,90000000,3393042206,6316339013,9709381219
16,90000000,3382889902,6370255400,9753145302
16,90000000,3437144486,6317676384,9754820870
16,90000000,3386464393,6345926353,9732390746
16,90000000,3386414857,6190431508,9576846365
16,90000000,3381841518,6338061046,9719902564
16,90000000,3389292097,6331870640,9721162737
16,90000000,3390931814,6025800052,9416731866
16,90000000,3388986428,6322953746,9711940174
16,90000000,3382922577,6333000652,9715923229
16,90000000,3396553273,6322871887,9719425160
16,90000000,3387612330,6166204159,9553816489
16,90000000,3390811186,6332815032,9723626218
16,90000000,3384115905,6328410155,9712526060
16,90000000,3388185487,7006156740,10394342227
16,90000000,3390716564,6341957751,9732674315
16,90000000,3385987875,6335906231,9721894106
16,90000000,3429094709,6376894867,9805989576
16,90000000,3378046015,6362343896,9740389911
16,90000000,3399401599,6345452144,9744853743
16,90000000,3384588083,6337645264,9722233347
16,90000000,3394668434,6342768967,9737437401
16,90000000,3391354874,6335963224,9727318098
16,90000000,3381655701,6366017750,9747673451
16,90000000,3387255738,6346828652,9734084390
16,90000000,3392491637,6320773827,9713265464
16,90000000,3388870196,6160676481,9549546677
16,90000000,3391456361,6330773024,9722229385
16,90000000,3388635168,6361305432,9749940600
16,90000000,3384956599,6347214894,9732171493
16,90000000,3383324315,6180339654,9563663969
16,90000000,3391735427,6211425992,9603161419
16,90000000,3377119870,6348001961,9725121831
16,90000000,3402288262,6021240562,9423528824
16,90000000,3387096284,6006689899,9393786183
16,90000000,3387690680,6352005043,9739695723
16,90000000,3388563489,6359539743,9748103232
16,90000000,3388755456,6347877483,9736632939
16,90000000,3392138740,6171156493,9563295233
16,90000000,3382840123,6183533164,9566373287
16,90000000,3382909917,6350758614,9733668531
16,90000000,3387663834,7001323786,10388987620
16,90000000,3407090288,6340617752,9747708040
16,90000000,3394368189,6191295744,9585663933
16,90000000,3398253897,6017223194,9415477091
16,90000000,3389251934,6172567542,9561819476
16,90000000,3393919693,6159731343,9553651036
16,90000000,3385139786,6341218625,9726358411
16,90000000,3385500003,6322696698,9708196701
16,90000000,3388568846,6373616438,9762185284
16,90000000,3434490585,6340276558,9774767143
16,90000000,3387540515,6022904303,9410444818
16,90000000,3373856749,6312898940,9686755689
16,90000000,3391969147,7013654270,10405623417
16,90000000,3390576804,6369888003,9760464807
16,90000000,3386229479,6062549446,9448778925
16,90000000,3386890930,6340170836,9727061766
16,90000000,3386366413,6330477678,9716844091
16,90000000,3387948837,6335280363,9723229200
16,90000000,3392004388,6375808281,9767812669
16,90000000,3384892788,6365744262,9750637050
16,90000000,3385941342,6333019843,9718961185
16,90000000,3385970693,6341358406,9727329099
16,90000000,3387268804,6363490408,9750759212
16,90000000,3387301981,6338432079,9725734060
16,90000000,3388180807,6337904285,9726085092
16,90000000,3391341457,6323859125,9715200582
16,90000000,3388537596,6323665270,9712202866
16,90000000,3394480060,6168787982,9563268042
16,90000000,3387657767,6371562694,9759220461
16,90000000,3386683948,6368556176,9755240124
16,100000000,3785877151,7052485429,10838362580
16,100000000,3782080866,7045017722,10827098588
16,100000000,3799946964,7019016508,10818963472
16,100000000,3791815827,7047011333,10838827160
16,100000000,3784337640,7051289834,10835627474
16,100000000,3788483545,7045567268,10834050813
16,100000000,3781623921,7081612246,10863236167
16,100000000,3793730838,7058941984,10852672822
16,100000000,3783733378,7096176873,10879910251
16,100000000,3787944601,7072126562,10860071163
16,100000000,3785754935,7023589774,10809344709
16,100000000,3783821393,7082333503,10866154896
16,100000000,3796916715,7039192897,10836109612
16,100000000,3770826374,7093096060,10863922434
16,100000000,3780732667,7040718693,10821451360
16,100000000,3790196086,7095889876,10886085962
16,100000000,3782734708,7081710566,10864445274
16,100000000,3783184011,7077613688,10860797699
16,100000000,3784202219,7075836757,10860038976
16,100000000,3784690245,7049764869,10834455114
16,100000000,3775044413,7061607603,10836652016
16,100000000,3792362548,7038417049,10830779597
16,100000000,3787713353,7037924758,10825638111
16,100000000,3790701894,7039075773,10829777667
16,100000000,3783854933,7771525793,11555380726
16,100000000,3783528450,7049831739,10833360189
16,100000000,3788677272,6859759917,10648437189
16,100000000,3783125728,7046528751,10829654479
16,100000000,3784340904,7045040644,10829381548
16,100000000,3783251560,7050458070,10833709630
16,100000000,3785963804,7043282135,10829245939
16,100000000,3794977255,7053530861,10848508116
16,100000000,3773922968,7016593406,10790516374
16,100000000,3783844460,7044057121,10827901581
16,100000000,3790424931,6863451908,10653876839
16,100000000,3787768082,7065655054,10853423136
16,100000000,3771604306,6912695700,10684300006
16,100000000,3783152111,7088751436,10871903547
16,100000000,3787841551,7019846262,10807687813
16,100000000,3783343890,7072136932,10855480822
16,100000000,3789042780,6852250880,10641293660
16,100000000,3792077185,7026184863,10818262048
16,100000000,3772495959,6896337495,10668833454
16,100000000,3789115965,7068989791,10858105756
16,100000000,3779201982,7019801610,10799003592
16,100000000,3789043127,7045159699,10834202826
16,100000000,3783437257,6876223717,10659660974
16,100000000,3785923032,7059825215,10845748247
16,100000000,3787883575,7021308071,10809191646
16,100000000,3784331867,6673698614,10458030481
16,100000000,3778745030,6869544400,10648289430
16,100000000,3791024197,7054168019,10845192216
16,100000000,3784099148,7076165158,10860264306
16,100000000,3792841134,7058705532,10851546666
16,100000000,3771295044,7053706198,10825001242
16,100000000,3784555067,7067052387,10851607454
16,100000000,3783948223,7046758171,10830706394
16,100000000,3783914102,7081712202,10865626304
16,100000000,3799582409,6005342829,9804925238
16,100000000,3794166360,7045429632,10839595992
16,100000000,3786724787,7019073716,10805798503
16,100000000,3782068634,7070059891,10852128525
16,100000000,3787562975,7053972411,10841535386
16,100000000,3783720986,7075282773,10859003759
16,100000000,3785425082,7054753580,10840178662
16,100000000,3776934349,6893337000,10670271349
16,100000000,3779493560,7071617178,10851110738
16,100000000,3780176831,7083537563,10863714394
16,100000000,3789966369,7033268666,10823235035
16,100000000,3794036184,7065301164,10859337348
16,100000000,3785178141,7073021854,10858199995
16,100000000,3787960897,7041416861,10829377758
16,100000000,3792592749,7052559885,10845152634
16,100000000,3783257029,7045396985,10828654014
16,100000000,3779161081,7062398898,10841559979
16,100000000,3768169359,7052145639,10820314998
16,100000000,3789559736,6903676042,10693235778
16,100000000,3783979980,7021348071,10805328051
16,100000000,3785875536,7054480840,10840356376
16,100000000,3787268269,7615517392,11402785661
16,100000000,3841577756,7073660876,10915238632
16,100000000,3797769526,7052018294,10849787820
16,100000000,3794534478,7059969554,10854504032
16,100000000,3789439833,7034044457,10823484290
16,100000000,3788231857,6878996710,10667228567
16,100000000,3939242413,7085105308,11024347721
16,100000000,3787497115,7037139644,10824636759
16,100000000,3778432120,7048316639,10826748759
16,100000000,3784368938,5998541759,9782910697
16,100000000,3784545737,7046173874,10830719611
16,100000000,3783754162,7054314035,10838068197
16,100000000,3787903815,7039753698,10827657513
16,100000000,3783086642,7016923921,10800010563
16,100000000,3773758761,7061336857,10835095618
16,100000000,3785963841,7043290368,10829254209
16,100000000,3789398453,7081699906,10871098359
16,100000000,3798791339,7034509577,10833300916
16,100000000,3792691567,6875289661,10667981228
16,100000000,3781799267,7073325669,10855124936
16,100000000,3777072342,7011055913,10788128255
16,100000000,3774294738,6890961381,10665256119
16,100000000,3785443623,7067573782,10853017405
16,100000000,3787630113,6865636577,10653266690
16,100000000,3782516041,7049396242,10831912283
16,100000000,3786367763,7022258657,10808626420
16,100000000,3788571214,7068426251,10856997465
16,100000000,3780022810,7072327211,10852350021
16,100000000,3781057113,7051834202,10832891315
16,100000000,3786582436,7047078901,10833661337
16,100000000,3797342145,7047591294,10844933439
16,100000000,3787182263,7041574546,10828756809
16,100000000,3788322485,7051159115,10839481600
16,100000000,3785809901,6869111217,10654921118
16,100000000,3789731435,7083940605,10873672040
16,100000000,3782518095,7046043270,10828561365
32,1000,334146,895796,1229942
32,1000,386857,2671238,3058095
32,1000,355285,2456435,2811720
32,1000,494190,1450354,1944544
32,1000,320617,2473406,2794023
32,1000,339496,2105346,2444842
32,1000,376687,204302,580989
32,1000,2848659,215682,3064341
32,1000,379350,2654187,3033537
32,1000,421306,2960166,3381472
32,1000,2805245,419916,3225161
32,1000,261396,1411285,1672681
32,1000,283563,207091,490654
32,1000,292392,4496177,4788569
32,1000,402181,210909,613090
32,1000,340669,2499474,2840143
32,1000,529212,2268832,2798044
32,1000,2631387,390006,3021393
32,1000,1454638,402427,1857065
32,1000,307487,1289432,1596919
32,1000,2292677,341156,2633833
32,1000,416855,2453134,2869989
32,1000,469976,2349887,2819863
32,1000,320359,206823,527182
32,1000,426548,2574376,3000924
32,1000,400067,311137,711204
32,1000,478816,987523,1466339
32,1000,2380561,356724,2737285
32,1000,1992287,284966,2277253
32,1000,2537799,371153,2908952
32,1000,286435,2268139,2554574
32,1000,459625,266665,726290
32,1000,574811,373100,947911
32,1000,275509,2963494,3239003
32,1000,338214,2417835,2756049
32,1000,293715,1018603,1312318
32,1000,439645,4171936,4611581
32,1000,273609,867728,1141337
32,1000,2588859,368019,2956878
32,1000,454618,2367422,2822040
32,1000,462863,2490576,2953439
32,1000,362146,252426,614572
32,1000,326838,1132543,1459381
32,1000,318839,1831482,2150321
32,1000,427366,2698679,3126045
32,1000,373724,927909,1301633
32,1000,434234,926651,1360885
32,1000,263010,181991,445001
32,1000,436523,1538474,1974997
32,1000,625831,2151883,2777714
32,1000,526911,2255062,2781973
32,1000,372631,4318060,4690691
32,1000,435810,2318122,2753932
32,1000,510241,2934435,3444676
32,1000,452217,249934,702151
32,1000,397481,1647985,2045466
32,1000,547348,3977358,4524706
32,1000,2304028,233185,2537213
32,1000,364169,2806560,3170729
32,1000,527006,2517789,3044795
32,1000,473488,777321,1250809
32,1000,377372,2432217,2809589
32,1000,294674,2482964,2777638
32,1000,562005,2876851,3438856
32,1000,338375,1690095,2028470
32,1000,470891,358675,829566
32,1000,401540,3660356,4061896
32,1000,2752599,307027,3059626
32,1000,342426,787363,1129789
32,1000,474130,2545082,3019212
32,1000,488586,281375,769961
32,1000,503313,1137143,1640456
32,1000,384636,267470,652106
32,1000,486222,2433229,2919451
32,1000,442275,2658597,3100872
32,1000,434839,4081341,4516180
32,1000,414505,2698403,3112908
32,1000,359480,705819,1065299
32,1000,390273,2379554,2769827
32,1000,411457,2229615,2641072
32,1000,608242,2343811,2952053
32,1000,475851,2310487,2786338
32,1000,578484,1459583,2038067
32,1000,494224,506799,1001023
32,1000,414143,1031734,1445877
32,1000,393561,1042042,1435603
32,1000,333210,249933,583143
32,1000,312487,2489861,2802348
32,1000,346581,2342139,2688720
32,1000,611455,1444377,2055832
32,1000,391050,1407126,1798176
32,1000,273757,264041,537798
32,1000,382071,2002840,2384911
32,1000,436460,2896959,3333419
32,1000,486800,2110088,2596888
32,1000,425680,2621389,3047069
32,1000,412392,1244724,1657116
32,1000,269873,2263035,2532908
32,1000,416839,2244770,2661609
32,1000,379505,1086314,1465819
32,1000,283253,1066186,1349439
32,1000,607854,2395328,3003182
32,1000,449527,1390992,1840519
32,1000,381751,5469640,5851391
32,1000,388184,1766229,2154413
32,1000,471461,2941384,3412845
32,1000,362690,2212870,2575560
32,1000,514832,2632535,3147367
32,1000,436197,2408299,2844496
32,1000,441444,246738,688182
32,1000,521769,2112235,2634004
32,1000,337645,1872605,2210250
32,1000,262282,2644202,2906484
32,1000,378820,2496778,2875598
32,1000,259923,2149530,2409453
32,2000,384174,1189721,1573895
32,2000,2686406,429124,3115530
32,2000,2985653,321026,3306679
32,2000,3610084,360197,3970281
32,2000,2654933,456796,3111729
32,2000,3171886,523568,3695454
32,2000,2506932,385426,2892358
32,2000,2236292,2514551,4750843
32,2000,1567225,336680,1903905
32,2000,2844982,588374,3433356
32,2000,3452946,348175,3801121
32,2000,2225205,319157,2544362
32,2000,2539379,400857,2940236
32,2000,2865386,364674,3230060
32,2000,3232436,437113,3669549
32,2000,2865746,517456,3383202
32,2000,1909207,337346,2246553
32,2000,2501947,364581,2866528
32,2000,1813831,2665453,4479284
32,2000,2702564,506621,3209185
32,2000,3799453,389352,4188805
32,2000,2644018,448129,3092147
32,2000,5775672,355961,6131633
32,2000,3204650,290417,3495067
32,2000,415239,2776769,3192008
32,2000,387922,1124777,1512699
32,2000,447055,3030810,3477865
32,2000,463346,2027755,2491101
32,2000,847818,423396,1271214
32,2000,2812772,398792,3211564
32,2000,2960340,366093,3326433
32,2000,1814157,519623,2333780
32,2000,433409,3095290,3528699
32,2000,4721032,338767,5059799
32,2000,3073835,363920,3437755
32,2000,3029608,430070,3459678
32,2000,4595477,325565,4921042
32,2000,3065097,386801,3451898
32,2000,2034840,591096,2625936
32,2000,1751510,333966,2085476
32,2000,3079930,359108,3439038
32,2000,2880121,363999,3244120
32,2000,2631663,365744,2997407
32,2000,3346059,485706,3831765
32,2000,1839963,603986,2443949
32,2000,3314396,370660,3685056
32,2000,3351946,320035,3671981
32,2000,2052990,348899,2401889
32,2000,399681,2951643,3351324
32,2000,2564358,471385,3035743
32,2000,3284134,423186,3707320
32,2000,3351122,372737,3723859
32,2000,422307,1964383,2386690
32,2000,1464858,593880,2058738
32,2000,432804,3072206,3505010
32,2000,455631,2072030,2527661
32,2000,1257485,434228,1691713
32,2000,1473804,509683,1983487
32,2000,2809266,333096,3142362
32,2000,2232602,432208,2664810
32,2000,2295894,525387,2821281
32,2000,1086050,502424,1588474
32,2000,444635,3059550,3504185
32,2000,530076,2834619,3364695
32,2000,493962,1881152,2375114
32,2000,2764492,362510,3127002
32,2000,3127893,412165,3540058
32,2000,4816667,343679,5160346
32,2000,3722562,508264,4230826
32,2000,3235572,409595,3645167
32,2000,1779314,340882,2120196
32,2000,3135671,346104,3481775
32,2000,3504220,499396,4003616
32,2000,1036315,425481,1461796
32,2000,1765921,460382,2226303
32,2000,457472,2893740,3351212
32,2000,444774,3131875,3576649
32,2000,3140364,423781,3564145
32,2000,1924179,742463,2666642
32,2000,2669169,369808,3038977
32,2000,2793097,417702,3210799
32,2000,3645164,337462,3982626
32,2000,515281,1509290,2024571
32,2000,2552483,1838236,4390719
32,2000,1868448,412549,2280997
32,2000,3509091,370469,3879560
32,2000,432137,2995763,3427900
32,2000,2429686,379386,2809072
32,2000,4367090,373942,4741032
32,2000,4471783,399344,4871127
32,2000,2735794,486453,3222247
32,2000,5354426,366204,5720630
32,2000,2838718,348271,3186989
32,2000,421157,2763140,3184297
32,2000,442948,344178,787126
32,2000,3085830,394259,3480089
32,2000,3434368,349907,3784275
32,2000,2100110,2691623,4791733
32,2000,516973,304981,821954
32,2000,3501807,382101,3883908
32,2000,2795233,398924,3194157
32,2000,445066,2840408,3285474
32,2000,3145724,360783,3506507
32,2000,2844355,513988,3358343
32,2000,2901755,440369,3342124
32,2000,3673481,343421,4016902
32,2000,3257760,585668,3843428
32,2000,398272,2126879,2525151
32,2000,1823089,415687,2238776
32,2000,1724355,344121,2068476
32,2000,2695848,578007,3273855
32,2000,3278608,2637733,5916341
32,2000,3420930,347227,3768157
32,2000,1723390,468384,2191774
32,2000,2818761,629694,3448455
32,3000,4416119,502700,4918819
32,3000,1594286,621807,2216093
32,3000,2301114,647659,2948773
32,3000,4100615,439608,4540223
32,3000,5355764,450517,5806281
32,3000,4295651,514790,4810441
32,3000,3170378,576888,3747266
32,3000,4441280,491611,4932891
32,3000,2573796,478144,3051940
32,3000,4629121,527635,5156756
32,3000,3869088,533771,4402859
32,3000,3151688,468343,3620031
32,3000,3583910,642953,4226863
32,3000,5378553,487235,5865788
32,3000,1837247,455202,2292449
32,3000,2964776,462761,3427537
32,3000,2461208,520151,2981359
32,3000,1630676,565201,2195877
32,3000,513111,467625,980736
32,3000,508683,2881088,3389771
32,3000,3692394,576557,4268951
32,3000,1831806,518739,2350545
32,3000,437669,3141879,3579548
32,3000,3135276,421712,3556988
32,3000,2764825,463659,3228484
32,3000,3359959,669085,4029044
32,3000,1968491,444206,2412697
32,3000,1671844,544936,2216780
32,3000,426163,1217027,1643190
32,3000,436650,2852259,3288909
32,3000,1870378,430948,2301326
32,3000,446141,2914562,3360703
32,3000,3358347,432443,3790790
32,3000,2458629,683907,3142536
32,3000,462800,2194045,2656845
32,3000,5222279,526098,5748377
32,3000,1374239,420930,1795169
32,3000,3329990,473702,3803692
32,3000,433318,2015446,2448764
32,3000,1600366,437528,2037894
32,3000,2685641,516356,3201997
32,3000,4812435,453739,5266174
32,3000,4410072,495628,4905700
32,3000,3343729,459156,3802885
32,3000,5372165,550074,5922239
32,3000,2872207,416304,3288511
32,3000,4800562,526182,5326744
32,3000,1972936,429932,2402868
32,3000,3036415,2355068,5391483
32,3000,3460936,561033,4021969
32,3000,2789277,592177,3381454
32,3000,3030928,485410,3516338
32,3000,1901328,527744,2429072
32,3000,3138111,537481,3675592
32,3000,4747165,390697,5137862
32,3000,3540630,436120,3976750
32,3000,2118589,681754,2800343
32,3000,2950596,471637,3422233
32,3000,3351220,449176,3800396
32,3000,440632,1083475,1524107
32,3000,1624150,466312,2090462
32,3000,449440,910213,1359653
32,3000,3375051,469962,3845013
32,3000,1483221,2070274,3553495
32,3000,3410351,475876,3886227
32,3000,2073200,632568,2705768
32,3000,2640532,739413,3379945
32,3000,3432870,470842,3903712
32,3000,3414414,456291,3870705
32,3000,3194232,570401,3764633
32,3000,2666899,440158,3107057
32,3000,4257063,437804,4694867
32,3000,442489,1064526,1507015
32,3000,1907431,704494,2611925
32,3000,1666721,532103,2198824
32,3000,4420102,501132,4921234
32,3000,2905970,385664,3291634
32,3000,4669801,548747,5218548
32,3000,3848102,457170,4305272
32,3000,2217437,513702,2731139
32,3000,1637544,525025,2162569
32,3000,3399067,573637,3972704
32,3000,2054766,484641,2539407
32,3000,2073843,428974,2502817
32,3000,1275465,2157182,3432647
32,3000,445766,3098563,3544329
32,3000,2482525,548072,3030597
32,3000,455123,1499825,1954948
32,3000,1004333,624661,1628994
32,3000,1724799,574572,2299371
32,3000,2559878,485236,3045114
32,3000,3584990,486388,4071378
32,3000,434174,2033429,2467603
32,3000,4724632,568145,5292777
32,3000,2775904,467289,3243193
32,3000,1332205,468383,1800588
32,3000,3215548,421340,3636888
32,3000,2236293,481777,2718070
32,3000,437248,2546788,2984036
32,3000,1768589,437375,2205964
32,3000,1561624,585914,2147538
32,3000,4234020,509795,4743815
32,3000,3118192,364307,3482499
32,3000,1848628,501315,2349943
32,3000,2650667,621963,3272630
32,3000,441449,955157,1396606
32,3000,1571328,607742,2179070
32,3000,3739004,451542,4190546
32,3000,443707,2937792,3381499
32,3000,2796578,2685012,5481590
32,3000,3606084,521228,4127312
32,3000,3407259,508800,3916059
32,3000,3332421,354481,3686902
32,3000,434560,958006,1392566
32,3000,1860557,478885,2339442
32,4000,3111300,604752,3716052
32,4000,4513390,592470,5105860
32,4000,3079740,526183,3605923
32,4000,1919209,745967,2665176
32,4000,4332844,691731,5024575
32,4000,4272998,646727,4919725
32,4000,2395038,546563,2941601
32,4000,3935261,608855,4544116
32,4000,2750391,676175,3426566
32,4000,4175144,585812,4760956
32,4000,4957325,699889,5657214
32,4000,2728814,552441,3281255
32,4000,2400270,533914,2934184
32,4000,5481961,569494,6051455
32,4000,4266249,480087,4746336
32,4000,2617244,1826230,4443474
32,4000,3464218,589512,4053730
32,4000,4655021,720047,5375068
32,4000,5353028,546519,5899547
32,4000,2831122,526371,3357493
32,4000,1731893,689303,2421196
32,4000,3506886,529389,4036275
32,4000,3140865,562679,3703544
32,4000,1606029,577407,2183436
32,4000,4385154,647611,5032765
32,4000,3470134,621687,4091821
32,4000,3074832,710622,3785454
32,4000,4575228,612206,5187434
32,4000,3439466,615782,4055248
32,4000,3553043,595998,4149041
32,4000,1898778,588114,2486892
32,4000,3009598,684032,3693630
32,4000,5249057,483147,5732204
32,4000,1800953,647702,2448655
32,4000,3055646,696462,3752108
32,4000,4075513,602106,4677619
32,4000,3782447,716277,4498724
32,4000,1713615,615586,2329201
32,4000,1730695,704146,2434841
32,4000,4190833,547971,4738804
32,4000,5128517,602735,5731252
32,4000,1846262,930490,2776752
32,4000,2902598,571542,3474140
32,4000,4235623,543294,4778917
32,4000,3199864,485945,3685809
32,4000,5542831,558173,6101004
32,4000,4690266,592431,5282697
32,4000,3640311,647235,4287546
32,4000,1891226,590175,2481401
32,4000,1432316,588117,2020433
32,4000,2783898,869134,3653032
32,4000,3320153,600867,3921020
32,4000,3484679,635401,4120080
32,4000,2949720,730475,3680195
32,4000,4639506,759674,5399180
32,4000,5615095,861006,6476101
32,4000,4608884,1013672,5622556
32,4000,2921735,682450,3604185
32,4000,1711265,2913244,4624509
32,4000,2849771,699914,3549685
32,4000,3658601,895613,4554214
32,4000,4290952,584895,4875847
32,4000,2965152,635863,3601015
32,4000,1890150,750617,2640767
32,4000,3438007,550025,3988032
32,4000,2408565,694358,3102923
32,4000,4553946,726364,5280310
32,4000,1163256,733226,1896482
32,4000,2730263,807358,3537621
32,4000,2778976,2504450,5283426
32,4000,2798379,895298,3693677
32,4000,3595797,790658,4386455
32,4000,4294590,808362,5102952
32,4000,1866212,573315,2439527
32,4000,2763165,608336,3371501
32,4000,2862034,568218,3430252
32,4000,3672330,569786,4242116
32,4000,4495244,735305,5230549
32,4000,3422109,579614,4001723
32,4000,3791851,509851,4301702
32,4000,4457509,598931,5056440
32,4000,2850041,674022,3524063
32,4000,3307375,598379,3905754
32,4000,4582845,719481,5302326
32,4000,3208695,588038,3796733
32,4000,4516010,535249,5051259
32,4000,3683798,597433,4281231
32,4000,5641966,555521,6197487
32,4000,1759681,2797579,4557260
32,4000,3841787,570032,4411819
32,4000,2514519,703314,3217833
32,4000,5330531,702504,6033035
32,4000,4035834,646843,4682677
32,4000,1960098,662320,2622418
32,4000,5375238,513147,5888385
32,4000,2853758,626138,3479896
32,4000,2892591,604887,3497478
32,4000,2529110,729194,3258304
32,4000,1872567,599900,2472467
32,4000,3051853,607990,3659843
32,4000,5802402,704332,6506734
32,4000,5476298,620095,6096393
32,4000,4281816,592204,4874020
32,4000,3948272,708702,4656974
32,4000,4586607,562957,5149564
32,4000,3754889,549253,4304142
32,4000,2413953,561812,2975765
32,4000,1198197,2082143,3280340
32,4000,2994038,2506267,5500305
32,4000,4200161,592625,4792786
32,4000,2809225,625787,3435012
32,4000,2997790,558644,3556434
32,4000,3570702,495749,4066451
32,4000,4303459,539251,4842710
32,4000,4242862,587274,4830136
32,5000,2734351,2523961,5258312
32,5000,1828467,2644044,4472511
32,5000,1820351,670664,2491015
32,5000,4505985,807406,5313391
32,5000,1440133,670718,2110851
32,5000,1159964,584464,1744428
32,5000,3656487,700232,4356719
32,5000,2835425,2608838,5444263
32,5000,4333042,816960,5150002
32,5000,4215201,695077,4910278
32,5000,1470248,669038,2139286
32,5000,2535758,781487,3317245
32,5000,2358527,763629,3122156
32,5000,4452044,705445,5157489
32,5000,1854932,1409755,3264687
32,5000,3525051,839388,4364439
32,5000,5130464,686907,5817371
32,5000,1873567,685113,2558680
32,5000,973226,727154,1700380
32,5000,5306716,738888,6045604
32,5000,3214627,2863665,6078292
32,5000,3010488,768053,3778541
32,5000,3246409,692752,3939161
32,5000,3887839,799613,4687452
32,5000,2061891,2831857,4893748
32,5000,5409063,889592,6298655
32,5000,1664394,855415,2519809
32,5000,1869127,2493015,4362142
32,5000,3631508,924555,4556063
32,5000,1040545,777152,1817697
32,5000,3421936,602856,4024792
32,5000,4610108,560403,5170511
32,5000,1295740,2673808,3969548
32,5000,3259560,2440452,5700012
32,5000,3403603,661457,4065060
32,5000,1745677,695362,2441039
32,5000,3638187,609886,4248073
32,5000,2917819,598219,3516038
32,5000,5560026,657532,6217558
32,5000,3240259,945533,4185792
32,5000,3398899,758547,4157446
32,5000,1273077,2301589,3574666
32,5000,2000513,701050,2701563
32,5000,1831402,2729628,4561030
32,5000,1768981,2583430,4352411
32,5000,4411127,915053,5326180
32,5000,3004609,879352,3883961
32,5000,4349806,866441,5216247
32,5000,1511460,2546876,4058336
32,5000,989511,860408,1849919
32,5000,1903167,1502681,3405848
32,5000,2885252,2498762,5384014
32,5000,3033019,2577566,5610585
32,5000,1712176,785275,2497451
32,5000,5612100,682232,6294332
32,5000,2690213,644510,3334723
32,5000,4535302,634978,5170280
32,5000,2881690,779392,3661082
32,5000,1730557,691081,2421638
32,5000,1111341,593167,1704508
32,5000,3734029,717985,4452014
32,5000,3445033,814765,4259798
32,5000,1249937,741788,1991725
32,5000,3436378,2193320,5629698
32,5000,2656872,2615223,5272095
32,5000,1606524,700842,2307366
32,5000,3050995,773365,3824360
32,5000,2762588,2502438,5265026
32,5000,3363604,2543058,5906662
32,5000,2941240,2367220,5308460
32,5000,2087837,747189,2835026
32,5000,2107036,768858,2875894
32,5000,2013141,2466301,4479442
32,5000,1683898,529442,2213340
32,5000,1986587,779496,2766083
32,5000,2503490,787957,3291447
32,5000,4051098,828977,4880075
32,5000,3137519,2537242,5674761
32,5000,3533955,786549,4320504
32,5000,4335197,705406,5040603
32,5000,3078423,2565005,5643428
32,5000,3493702,767162,4260864
32,5000,3243110,616684,3859794
32,5000,2576963,2779423,5356386
32,5000,3788071,664105,4452176
32,5000,5342366,757622,6099988
32,5000,3288107,787782,4075889
32,5000,1709680,2559835,4269515
32,5000,1188092,2495241,3683333
32,5000,1704475,906426,2610901
32,5000,1442382,2273943,3716325
32,5000,1329635,2436506,3766141
32,5000,3394454,548180,3942634
32,5000,989103,989353,1978456
32,5000,2029904,626606,2656510
32,5000,2550903,736268,3287171
32,5000,1969697,2780946,4750643
32,5000,2934665,2645559,5580224
32,5000,1364438,738643,2103081
32,5000,4104781,717617,4822398
32,5000,2887907,945656,3833563
32,5000,2806203,802249,3608452
32,5000,2796966,723164,3520130
32,5000,1506476,1205484,2711960
32,5000,1377009,2374670,3751679
32,5000,1730070,2421512,4151582
32,5000,2597120,806110,3403230
32,5000,2335930,2383110,4719040
32,5000,4400065,834575,5234640
32,5000,1953818,747856,2701674
32,5000,2223101,835004,3058105
32,5000,1776286,874645,2650931
32,5000,2916094,724323,3640417
32,5000,1037326,820183,1857509
32,5000,1217562,2422553,3640115
32,6000,1487440,2763017,4250457
32,6000,3446359,1063519,4509878
32,6000,4078206,989522,5067728
32,6000,2965324,896176,3861500
32,6000,2448321,3416843,5865164
32,6000,4434880,766984,5201864
32,6000,2519043,652364,3171407
32,6000,3769790,814634,4584424
32,6000,1694495,2683246,4377741
32,6000,3507967,770828,4278795
32,6000,3156893,866621,4023514
32,6000,2795329,2650243,5445572
32,6000,3672904,784143,4457047
32,6000,3955675,873154,4828829
32,6000,948965,2385668,3334633
32,6000,2370985,1237008,3607993
32,6000,1377797,2466941,3844738
32,6000,3228264,2254907,5483171
32,6000,3442191,2518114,5960305
32,6000,2713220,2594263,5307483
32,6000,4785099,767793,5552892
32,6000,1395517,895137,2290654
32,6000,4474458,805672,5280130
32,6000,3411092,807451,4218543
32,6000,1162223,843422,2005645
32,6000,2671624,790734,3462358
32,6000,3924694,867537,4792231
32,6000,3119168,2553679,5672847
32,6000,2759982,2646258,5406240
32,6000,1873500,2644710,4518210
32,6000,3832421,821068,4653489
32,6000,2565858,2742640,5308498
32,6000,3065819,833901,3899720
32,6000,2564060,1441139,4005199
32,6000,3431873,1081972,4513845
32,6000,1245653,2125352,3371005
32,6000,1652099,792411,2444510
32,6000,3179834,804472,3984306
32,6000,2408093,1788572,4196665
32,6000,3241865,861907,4103772
32,6000,973100,1109920,2083020
32,6000,1885362,890363,2775725
32,6000,1584794,2811053,4395847
32,6000,1642827,1699280,3342107
32,6000,2935021,2330975,5265996
32,6000,4902403,710675,5613078
32,6000,3850339,935744,4786083
32,6000,3026001,1784571,4810572
32,6000,1166906,2083892,3250798
32,6000,1251079,2279926,3531005
32,6000,2023317,2673180,4696497
32,6000,2734536,752594,3487130
32,6000,2804322,897031,3701353
32,6000,1046166,652703,1698869
32,6000,1069631,2237841,3307472
32,6000,2132775,2259854,4392629
32,6000,2721994,852595,3574589
32,6000,3063519,2462681,5526200
32,6000,3542858,2221494,5764352
32,6000,1367614,929117,2296731
32,6000,1736469,2494716,4231185
32,6000,3749809,673613,4423422
32,6000,3000830,2576232,5577062
32,6000,4368021,755896,5123917
32,6000,1281666,2248828,3530494
32,6000,918859,811412,1730271
32,6000,3196644,718324,3914968
32,6000,1161465,2090978,3252443
32,6000,2863410,2795403,5658813
32,6000,5561318,956870,6518188
32,6000,2609813,2834259,5444072
32,6000,2750699,1059895,3810594
32,6000,3155715,1820146,4975861
32,6000,2856072,2603845,5459917
32,6000,2944682,2544204,5488886
32,6000,3391519,686527,4078046
32,6000,1922802,548625,2471427
32,6000,1165256,648030,1813286
32,6000,4310873,723338,5034211
32,6000,5364863,702348,6067211
32,6000,4808527,873196,5681723
32,6000,2620974,2708376,5329350
32,6000,2965368,901412,3866780
32,6000,3990157,754535,4744692
32,6000,3083981,740845,3824826
32,6000,1035655,928774,1964429
32,6000,2168220,2607221,4775441
32,6000,1369256,2136518,3505774
32,6000,1019358,700515,1719873
32,6000,1255007,2124969,3379976
32,6000,2667997,905123,3573120
32,6000,2886898,782855,3669753
32,6000,3011185,759759,3770944
32,6000,1731690,897086,2628776
32,6000,2678537,1068576,3747113
32,6000,2790430,2543860,5334290
32,6000,4135079,876571,5011650
32,6000,4746805,715899,5462704
32,6000,1066071,786523,1852594
32,6000,1277860,2681599,3959459
32,6000,5202520,764393,5966913
32,6000,2342821,704766,3047587
32,6000,1619150,2538154,4157304
32,6000,1772593,2653524,4426117
32,6000,2772836,803240,3576076
32,6000,3860186,715928,4576114
32,6000,3207593,2385480,5593073
32,6000,2800993,2452675,5253668
32,6000,3709769,729912,4439681
32,6000,3169770,2455380,5625150
32,6000,2641130,875822,3516952
32,6000,1594855,910264,2505119
32,6000,2991507,828581,3820088
32,6000,1802914,814061,2616975
32,6000,3305451,878580,4184031
32,7000,1650814,968223,2619037
32,7000,1461089,1014907,2475996
32,7000,1916618,2561574,4478192
32,7000,1432520,2881050,4313570
32,7000,2809986,1149462,3959448
32,7000,1046490,2907080,3953570
32,7000,1651953,1074439,2726392
32,7000,1304864,3130456,4435320
32,7000,1726095,889870,2615965
32,7000,2040319,1112436,3152755
32,7000,2921242,968304,3889546
32,7000,1883578,2443983,4327561
32,7000,1153129,1147563,2300692
32,7000,3174033,948251,4122284
32,7000,1592553,1119590,2712143
32,7000,1855957,2584089,4440046
32,7000,1017263,1324024,2341287
32,7000,2138815,1166632,3305447
32,7000,3140606,2611212,5751818
32,7000,1900495,991832,2892327
32,7000,2942923,2514315,5457238
32,7000,2650632,1589411,4240043
32,7000,2551824,2660759,5212583
32,7000,1031603,2597672,3629275
32,7000,1103559,3249382,4352941
32,7000,2544479,1076120,3620599
32,7000,1527836,2842388,4370224
32,7000,2297884,2719644,5017528
32,7000,3122637,1061972,4184609
32,7000,1376138,2569012,3945150
32,7000,2077865,1170882,3248747
32,7000,2538727,1445522,3984249
32,7000,2764466,1012947,3777413
32,7000,1767738,1031716,2799454
32,7000,3112147,1178444,4290591
32,7000,2695724,2576908,5272632
32,7000,3019613,1085298,4104911
32,7000,1422593,3279952,4702545
32,7000,1084323,2878558,3962881
32,7000,1007274,1026634,2033908
32,7000,3362624,2308345,5670969
32,7000,1681631,2908374,4590005
32,7000,1362502,3169054,4531556
32,7000,1215788,3091344,4307132
32,7000,1324000,2443063,3767063
32,7000,2482561,3638601,6121162
32,7000,1060745,1251054,2311799
32,7000,1781520,2529150,4310670
32,7000,2664639,2737582,5402221
32,7000,950154,2241569,3191723
32,7000,2844477,2569181,5413658
32,7000,3006407,2427181,5433588
32,7000,1309583,3504272,4813855
32,7000,1042497,2263985,3306482
32,7000,3378467,3335972,6714439
32,7000,3300213,3348261,6648474
32,7000,1119810,3105371,4225181
32,7000,1234882,3180957,4415839
32,7000,2772631,2728870,5501501
32,7000,1221929,3059942,4281871
32,7000,2965892,2334962,5300854
32,7000,2728063,936129,3664192
32,7000,1231020,2432520,3663540
32,7000,1199843,3277812,4477655
32,7000,2948917,3293836,6242753
32,7000,1320531,3235315,4555846
32,7000,2167686,3421641,5589327
32,7000,2887193,2412952,5300145
32,7000,1361523,3123515,4485038
32,7000,2135374,2952527,5087901
32,7000,1739107,2835479,4574586
32,7000,1783553,3485573,5269126
32,7000,1229251,1080829,2310080
32,7000,2452740,1012904,3465644
32,7000,1094609,2661816,3756425
32,7000,2084216,1486633,3570849
32,7000,2763439,1001486,3764925
32,7000,1748312,2750610,4498922
32,7000,1140298,3345221,4485519
32,7000,1101344,2049428,3150772
32,7000,1820418,3492951,5313369
32,7000,2289435,2613426,4902861
32,7000,1376092,3327190,4703282
32,7000,1873015,1025470,2898485
32,7000,3118913,2589591,5708504
32,7000,2013230,2751575,4764805
32,7000,1893129,1013814,2906943
32,7000,1031199,3296786,4327985
32,7000,1503054,2657312,4160366
32,7000,2374545,3274261,5648806
32,7000,3041396,2694437,5735833
32,7000,1013698,2553384,3567082
32,7000,1132276,1088965,2221241
32,7000,1334138,1067625,2401763
32,7000,1193143,1149268,2342411
32,7000,2613990,968909,3582899
32,7000,1131675,3122107,4253782
32,7000,2882797,2361942,5244739
32,7000,1382054,3125416,4507470
32,7000,1268272,1105553,2373825
32,7000,1289135,2624763,3913898
32,7000,1199372,2167247,3366619
32,7000,1152503,2447802,3600305
32,7000,3012656,818946,3831602
32,7000,2299908,2763156,5063064
32,7000,3398074,3307659,6705733
32,7000,1350192,2438598,3788790
32,7000,1073096,2919574,3992670
32,7000,2804272,1139702,3943974
32,7000,1769148,3178588,4947736
32,7000,969788,1148241,2118029
32,7000,1751741,1153124,2904865
32,7000,2145355,2534692,4680047
32,7000,1278590,2447586,3726176
32,7000,2091095,2854374,4945469
32,8000,924468,1246354,2170822
32,8000,1665081,1234831,2899912
32,8000,1292954,1123323,2416277
32,8000,2214508,3356879,5571387
32,8000,866665,3655793,4522458
32,8000,1186658,1020235,2206893
32,8000,921685,1167900,2089585
32,8000,899401,1138286,2037687
32,8000,1260443,1223744,2484187
32,8000,986464,1008304,1994768
32,8000,2068070,1264889,3332959
32,8000,1117725,2952508,4070233
32,8000,1070083,1039660,2109743
32,8000,955463,1162061,2117524
32,8000,896300,3295935,4192235
32,8000,924069,984013,1908082
32,8000,2535425,2836778,5372203
32,8000,811078,2723300,3534378
32,8000,973066,3329037,4302103
32,8000,3121366,3609897,6731263
32,8000,971850,1152181,2124031
32,8000,1974678,1209303,3183981
32,8000,911359,3101871,4013230
32,8000,1948858,2718437,4667295
32,8000,1093951,2598464,3692415
32,8000,1711122,3573035,5284157
32,8000,788081,1098038,1886119
32,8000,1848241,1548739,3396980
32,8000,941333,2660811,3602144
32,8000,1702452,1167741,2870193
32,8000,1139125,3531053,4670178
32,8000,2669959,1065922,3735881
32,8000,875755,1252220,2127975
32,8000,874732,2743224,3617956
32,8000,1577775,1249582,2827357
32,8000,1607421,1164679,2772100
32,8000,1007010,3141062,4148072
32,8000,988956,3204482,4193438
32,8000,980577,1300459,2281036
32,8000,1716975,1324080,3041055
32,8000,1040536,1005388,2045924
32,8000,2464483,1092250,3556733
32,8000,779853,2783289,3563142
32,8000,2697524,2565688,5263212
32,8000,1666924,1324073,2990997
32,8000,1004844,3230615,4235459
32,8000,839199,2447178,3286377
32,8000,2600604,1307941,3908545
32,8000,1839858,1197187,3037045
32,8000,993212,1049512,2042724
32,8000,870845,3552928,4423773
32,8000,1531899,1206982,2738881
32,8000,1489859,1140011,2629870
32,8000,1080873,2609155,3690028
32,8000,1244073,1250626,2494699
32,8000,1638321,1317737,2956058
32,8000,1033192,1131338,2164530
32,8000,819010,3173172,3992182
32,8000,1034469,3607196,4641665
32,8000,843419,1279155,2122574
32,8000,1061024,1028244,2089268
32,8000,1652352,2710483,4362835
32,8000,972828,2904262,3877090
32,8000,1443831,3604628,5048459
32,8000,873526,3156141,4029667
32,8000,1106250,1252348,2358598
32,8000,1680208,1432655,3112863
32,8000,981744,3305265,4287009
32,8000,811095,2984847,3795942
32,8000,876372,3070766,3947138
32,8000,1080394,2698214,3778608
32,8000,931770,1174235,2106005
32,8000,1014470,1322520,2336990
32,8000,3026917,2641987,5668904
32,8000,1034876,3238066,4272942
32,8000,963052,2349513,3312565
32,8000,1141297,1095980,2237277
32,8000,944461,1021947,1966408
32,8000,933371,1397282,2330653
32,8000,880315,1004189,1884504
32,8000,784829,1095338,1880167
32,8000,825713,3442921,4268634
32,8000,957026,1449970,2406996
32,8000,2146957,2592669,4739626
32,8000,846049,2748790,3594839
32,8000,965814,2685978,3651792
32,8000,2555696,1324517,3880213
32,8000,855454,1177394,2032848
32,8000,811159,1182119,1993278
32,8000,1401534,2700403,4101937
32,8000,2556852,1146916,3703768
32,8000,2004203,1499675,3503878
32,8000,1047123,1329474,2376597
32,8000,1657802,1405724,3063526
32,8000,1090460,1333545,2424005
32,8000,941240,953241,1894481
32,8000,1047752,2611715,3659467
32,8000,835208,1088538,1923746
32,8000,2402662,1120703,3523365
32,8000,878013,1570152,2448165
32,8000,1659096,1138678,2797774
32,8000,980127,1060525,2040652
32,8000,1115677,1516834,2632511
32,8000,838196,3080569,3918765
32,8000,1471181,1437880,2909061
32,8000,2205450,2655467,4860917
32,8000,954530,1068074,2022604
32,8000,1056023,1186244,2242267
32,8000,1496032,1187935,2683967
32,8000,965817,1084610,2050427
32,8000,2703125,1306354,4009479
32,8000,1419357,3098028,4517385
32,8000,1051624,1176740,2228364
32,8000,1714385,2611075,4325460
32,8000,994517,1156098,2150615
32,9000,2079664,3396075,5475739
32,9000,1245221,1193686,2438907
32,9000,1139170,2937529,4076699
32,9000,1460720,2771637,4232357
32,9000,1510327,1001183,2511510
32,9000,1019438,3105009,4124447
32,9000,1594838,3356625,4951463
32,9000,979453,1203517,2182970
32,9000,1420030,2953760,4373790
32,9000,908698,1002091,1910789
32,9000,1112550,3440016,4552566
32,9000,953552,3168784,4122336
32,9000,1738332,2707872,4446204
32,9000,1753640,1462885,3216525
32,9000,1033118,3162164,4195282
32,9000,3033032,1206975,4240007
32,9000,3010384,1593277,4603661
32,9000,1115682,2954320,4070002
32,9000,1039451,2948480,3987931
32,9000,1060116,1073149,2133265
32,9000,1030650,3325270,4355920
32,9000,1498324,2640712,4139036
32,9000,2031410,1034806,3066216
32,9000,1822504,2571681,4394185
32,9000,1093793,2572533,3666326
32,9000,1281286,2651320,3932606
32,9000,1127824,2469839,3597663
32,9000,999246,2634072,3633318
32,9000,1131829,2977628,4109457
32,9000,2344109,2290402,4634511
32,9000,1794701,2567945,4362646
32,9000,1094421,2915018,4009439
32,9000,1494628,2520815,4015443
32,9000,1682187,2641521,4323708
32,9000,997614,3162227,4159841
32,9000,939766,2669225,3608991
32,9000,1375726,1325285,2701011
32,9000,999002,3125051,4124053
32,9000,930452,3225241,4155693
32,9000,1324479,1034606,2359085
32,9000,1017651,1050328,2067979
32,9000,1771047,1605045,3376092
32,9000,1704282,2653109,4357391
32,9000,1074933,2311616,3386549
32,9000,1433917,3746023,5179940
32,9000,2903905,2771240,5675145
32,9000,1130092,1305908,2436000
32,9000,1129096,2871260,4000356
32,9000,1746661,3574031,5320692
32,9000,1219164,3321185,4540349
32,9000,1054930,1224050,2278980
32,9000,2974653,2624995,5599648
32,9000,1319195,3320294,4639489
32,9000,1125243,2170924,3296167
32,9000,2018600,2585422,4604022
32,9000,1244806,3033628,4278434
32,9000,1311775,3007365,4319140
32,9000,1410268,2802350,4212618
32,9000,1072232,2893823,3966055
32,9000,1154102,2635904,3790006
32,9000,1069904,997325,2067229
32,9000,1072312,3049676,4121988
32,9000,1080394,902160,1982554
32,9000,1792036,2569111,4361147
32,9000,2208564,2521447,4730011
32,9000,1029841,3267615,4297456
32,9000,949352,2236492,3185844
32,9000,1121210,2379709,3500919
32,9000,1735466,2510506,4245972
32,9000,1724025,2398459,4122484
32,9000,953432,1064723,2018155
32,9000,1827712,2367160,4194872
32,9000,1305327,3166838,4472165
32,9000,1875625,1092956,2968581
32,9000,1101407,955512,2056919
32,9000,1035454,2170692,3206146
32,9000,1200112,994605,2194717
32,9000,2839280,2502394,5341674
32,9000,2129006,1031869,3160875
32,9000,2649009,2615347,5264356
32,9000,1835516,2698453,4533969
32,9000,1028576,2587005,3615581
32,9000,1061936,2508304,3570240
32,9000,1051692,3046733,4098425
32,9000,1189771,2581812,3771583
32,9000,961360,2735833,3697193
32,9000,1337638,2358400,3696038
32,9000,1020884,3036726,4057610
32,9000,1012816,3393413,4406229
32,9000,1034771,2563432,3598203
32,9000,994149,1086925,2081074
32,9000,985334,925117,1910451
32,9000,987632,2437547,3425179
32,9000,1756878,878793,2635671
32,9000,1786096,1010257,2796353
32,9000,937043,2683230,3620273
32,9000,1891903,1050232,2942135
32,9000,1718866,1543691,3262557
32,9000,1738167,3625980,5364147
32,9000,1715950,2585384,4301334
32,9000,1011273,3029331,4040604
32,9000,1133307,2662652,3795959
32,9000,959273,3387053,4346326
32,9000,1348314,3324042,4672356
32,9000,1282418,3042863,4325281
32,9000,1397243,912765,2310008
32,9000,2999527,960237,3959764
32,9000,969082,3068588,4037670
32,9000,1036286,3117222,4153508
32,9000,2034933,2511711,4546644
32,9000,1260231,2349659,3609890
32,9000,1138685,3306706,4445391
32,9000,982356,2615695,3598051
32,9000,1442673,1043158,2485831
32,9000,1262173,3273420,4535593
32,10000,1182880,1600667,2783547
32,10000,1017502,3116945,4134447
32,10000,2992399,2718681,5711080
32,10000,1186794,3098593,4285387
32,10000,1251514,3103308,4354822
32,10000,1222562,2706627,3929189
32,10000,1305268,3352792,4658060
32,10000,1131145,2982772,4113917
32,10000,1746896,2700908,4447804
32,10000,1466616,3064142,4530758
32,10000,1545477,2601288,4146765
32,10000,2090252,3644603,5734855
32,10000,1027308,3076112,4103420
32,10000,2068577,2428374,4496951
32,10000,1243663,2766586,4010249
32,10000,1602573,3512828,5115401
32,10000,1043670,3057985,4101655
32,10000,1101775,3237965,4339740
32,10000,1764928,2582428,4347356
32,10000,1970492,2480648,4451140
32,10000,1236361,2972822,4209183
32,10000,1335855,3412112,4747967
32,10000,1062375,3107195,4169570
32,10000,1167083,1649105,2816188
32,10000,1070939,2189281,3260220
32,10000,1252114,2836513,4088627
32,10000,1952139,2352953,4305092
32,10000,1879512,3484449,5363961
32,10000,1843704,2506258,4349962
32,10000,1110687,2965111,4075798
32,10000,1236652,3492730,4729382
32,10000,1149369,2587447,3736816
32,10000,1943553,2420078,4363631
32,10000,2033652,2331813,4365465
32,10000,1180332,2893735,4074067
32,10000,1149466,3355970,4505436
32,10000,1219913,2854181,4074094
32,10000,1359016,2718941,4077957
32,10000,1234699,3374915,4609614
32,10000,1077121,3040225,4117346
32,10000,1854545,2694038,4548583
32,10000,1212662,2805546,4018208
32,10000,1269039,3406954,4675993
32,10000,1033717,3113898,4147615
32,10000,1244444,2533088,3777532
32,10000,1795410,1719611,3515021
32,10000,2185376,2549388,4734764
32,10000,1157661,1874330,3031991
32,10000,1216564,2415502,3632066
32,10000,976453,3376114,4352567
32,10000,2052333,2421567,4473900
32,10000,1318091,3102853,4420944
32,10000,1685433,2419972,4105405
32,10000,1182854,3050032,4232886
32,10000,1174663,2983809,4158472
32,10000,1078137,2734808,3812945
32,10000,1409456,3126414,4535870
32,10000,1186647,2000265,3186912
32,10000,2314006,3400788,5714794
32,10000,1333722,2692585,4026307
32,10000,1170491,2985670,4156161
32,10000,1062704,3066706,4129410
32,10000,1437604,2674792,4112396
32,10000,1056312,3154260,4210572
32,10000,1940449,1166531,3106980
32,10000,1066418,2132048,3198466
32,10000,1836521,2480933,4317454
32,10000,1568032,1554763,3122795
32,10000,2840056,2549710,5389766
32,10000,1707754,3443802,5151556
32,10000,1330767,3383422,4714189
32,10000,1001435,3356297,4357732
32,10000,1265549,2973859,4239408
32,10000,1233479,2863619,4097098
32,10000,1335652,2889480,4225132
32,10000,1115249,2950852,4066101
32,10000,1105358,2385407,3490765
32,10000,1167198,2978543,4145741
32,10000,1128562,2745102,3873664
32,10000,1091946,2115478,3207424
32,10000,1141402,3031448,4172850
32,10000,3389126,2380338,5769464
32,10000,1650299,2743190,4393489
32,10000,1903151,3455697,5358848
32,10000,1074636,3341287,4415923
32,10000,1196334,3026382,4222716
32,10000,1705492,3399864,5105356
32,10000,963804,3481064,4444868
32,10000,1385790,2642331,4028121
32,10000,1321811,2496895,3818706
32,10000,2837542,2708056,5545598
32,10000,1859848,3461342,5321190
32,10000,1743873,1630880,3374753
32,10000,1084735,2766651,3851386
32,10000,1054153,3322722,4376875
32,10000,1638243,2960105,4598348
32,10000,1823525,3381672,5205197
32,10000,1067829,2979345,4047174
32,10000,2856865,2771008,5627873
32,10000,1532957,2404726,3937683
32,10000,1224562,3261492,4486054
32,10000,1007985,3012007,4019992
32,10000,1742084,1408626,3150710
32,10000,1408898,3141814,4550712
32,10000,1779361,2629995,4409356
32,10000,1535472,2834062,4369534
32,10000,1614666,2517631,4132297
32,10000,1237003,2890125,4127128
32,10000,2025924,3362752,5388676
32,10000,1288952,3013733,4302685
32,10000,1268324,3253747,4522071
32,10000,1143375,2955710,4099085
32,10000,1099887,3211141,4311028
32,10000,1172400,2593552,3765952
32,10000,1701921,3415208,5117129
32,10000,1235779,1812317,3048096
32,10000,1511913,3237384,4749297
32,10000,1582152,2532394,4114546
32,10000,1083131,2784695,3867826
32,10000,1969082,2406325,4375407
32,10000,1438776,3023142,4461918
32,10000,1281320,3279458,4560778
32,10000,2753487,2394734,5148221
32,10000,1086160,3203260,4289420
32,10000,1640721,2689367,4330088
32,10000,1469278,2751909,4221187
32,10000,1173787,2016010,3189797
32,10000,1368709,1131293,2500002
32,10000,1042864,3072737,4115601
32,10000,1301865,2405614,3707479
32,10000,1249269,2396872,3646141
32,10000,1119415,2965617,4085032
32,10000,1451208,2005370,3456578
32,10000,2106879,2760384,4867263
32,10000,1324136,3441634,4765770
32,10000,2860295,2735961,5596256
32,10000,1089908,2562624,3652532
32,10000,1093539,2549191,3642730
32,10000,1040832,3405359,4446191
32,10000,1625013,3421570,5046583
32,10000,1398918,1280547,2679465
32,10000,1114030,2776650,3890680
32,10000,1056148,2199075,3255223
32,10000,1525190,2844765,4369955
32,10000,1459538,1334677,2794215
32,10000,1581793,3540052,5121845
32,10000,1883400,1211845,3095245
32,10000,1043424,1369804,2413228
32,10000,1361734,2615842,3977576
32,10000,989937,3216415,4206352
32,10000,1323627,2887906,4211533
32,10000,1106602,2539601,3646203
32,10000,1053357,2937708,3991065
32,10000,1101244,2647048,3748292
32,10000,1082254,2919676,4001930
32,10000,1016479,3160068,4176547
32,10000,1884676,1257414,3142090
32,10000,1165141,3032610,4197751
32,10000,1339069,3341947,4681016
32,10000,1189725,1998327,3188052
32,10000,1690813,1123335,2814148
32,10000,1166446,2929504,4095950
32,10000,1056103,3051481,4107584
32,10000,1109182,3156261,4265443
32,10000,2184242,2507023,4691265
32,10000,2932723,2656082,5588805
32,10000,1039026,3165341,4204367
32,10000,1186409,3194452,4380861
32,10000,1497691,2601831,4099522
32,10000,1086664,3209443,4296107
32,10000,1118950,2864382,3983332
32,10000,1636430,2359010,3995440
32,10000,2034684,2358946,4393630
32,10000,1099959,3075851,4175810
32,10000,2028112,2392375,4420487
32,10000,1378825,2751804,4130629
32,10000,1242911,2578966,3821877
32,10000,1104071,3135780,4239851
32,10000,2296499,1349882,3646381
32,10000,1292832,3379084,4671916
32,10000,1266570,2779056,4045626
32,10000,1218285,3409710,4627995
32,10000,1149265,2727841,3877106
32,10000,1249232,3120292,4369524
32,10000,1269835,2365650,3635485
32,10000,2041281,3373116,5414397
32,10000,1277291,2753364,4030655
32,10000,1296956,3271860,4568816
32,10000,1142635,3210551,4353186
32,10000,1175153,3201402,4376555
32,10000,1098167,2716600,3814767
32,10000,1504667,2725988,4230655
32,10000,1653592,3434856,5088448
32,10000,1482002,3320362,4802364
32,10000,1128411,3159217,4287628
32,10000,1087293,3256085,4343378
32,10000,1215581,3099536,4315117
32,10000,1267735,2852976,4120711
32,10000,1854413,3399774,5254187
32,10000,1156331,2623721,3780052
32,10000,1642065,1348469,2990534
32,10000,1209770,2797445,4007215
32,10000,1350721,3433378,4784099
32,10000,1101207,3363868,4465075
32,10000,1234409,2548094,3782503
32,10000,1435086,3014709,4449795
32,10000,1282624,3113599,4396223
32,10000,1383616,2670555,4054171
32,10000,1106427,2833612,3940039
32,10000,1184734,2853492,4038226
32,10000,2048287,2690083,4738370
32,10000,1926714,3384432,5311146
32,10000,3216283,2449524,5665807
32,10000,1159364,2871345,4030709
32,10000,1154860,3091087,4245947
32,10000,1240205,3024014,4264219
32,10000,1064355,3015956,4080311
32,10000,1907328,3430418,5337746
32,10000,1277242,3162010,4439252
32,10000,1792206,2667205,4459411
32,10000,1826686,3437114,5263800
32,10000,1903426,2422041,4325467
32,10000,1063922,3950251,5014173
32,10000,1897203,3584232,5481435
32,10000,1453472,3125098,4578570
32,10000,1809926,2594800,4404726
32,10000,1230096,3001606,4231702
32,10000,1316235,3229047,4545282
32,10000,1525256,3445171,4970427
32,10000,1002911,3339681,4342592
32,20000,1799692,4134727,5934419
32,20000,1876599,4166780,6043379
32,20000,1361792,4299697,5661489
32,20000,1591043,3957533,5548576
32,20000,1484125,3894532,5378657
32,20000,1789106,3367165,5156271
32,20000,1519056,3848050,5367106
32,20000,1571413,3849985,5421398
32,20000,1611069,3723287,5334356
32,20000,1709636,3901899,5611535
32,20000,1601210,4995605,6596815
32,20000,1451680,3840731,5292411
32,20000,1696834,3864765,5561599
32,20000,1569707,3617844,5187551
32,20000,1467015,3426833,4893848
32,20000,1571720,4380424,5952144
32,20000,1670227,4048046,5718273
32,20000,1569885,4322449,5892334
32,20000,1551414,3745149,5296563
32,20000,1497267,2455218,3952485
32,20000,1727358,4627476,6354834
32,20000,1503295,3939405,5442700
32,20000,1661355,4254185,5915540
32,20000,1488998,4040232,5529230
32,20000,2207912,3957576,6165488
32,20000,1586086,4049683,5635769
32,20000,1656920,4139468,5796388
32,20000,1680725,4238596,5919321
32,20000,1598087,3489282,5087369
32,20000,1495019,3921226,5416245
32,20000,1476127,4271862,5747989
32,20000,1576386,3878759,5455145
32,20000,1396496,3210387,4606883
32,20000,1497895,4059570,5557465
32,20000,1928348,3725755,5654103
32,20000,1368527,3726855,5095382
32,20000,1733677,3953635,5687312
32,20000,1373878,4124922,5498800
32,20000,1573641,3413595,4987236
32,20000,1512292,3043932,4556224
32,20000,1523210,4601839,6125049
32,20000,1437042,3794310,5231352
32,20000,1759111,3394637,5153748
32,20000,1661593,3891554,5553147
32,20000,1633483,3995782,5629265
32,20000,1448207,3848706,5296913
32,20000,1633319,4065808,5699127
32,20000,1508096,3721904,5230000
32,20000,1563085,4449618,6012703
32,20000,1535496,4203633,5739129
32,20000,1597172,4191314,5788486
32,20000,1535037,3707425,5242462
32,20000,1405137,4358580,5763717
32,20000,1588356,4241123,5829479
32,20000,1463044,4006936,5469980
32,20000,2041567,4110253,6151820
32,20000,1550079,3368213,4918292
32,20000,1535931,3790116,5326047
32,20000,1502777,3684588,5187365
32,20000,1617756,4437548,6055304
32,20000,1449925,3189696,4639621
32,20000,1599392,4061685,5661077
32,20000,1564949,3877761,5442710
32,20000,1825693,3434995,5260688
32,20000,1479029,3239274,4718303
32,20000,1552750,3885511,5438261
32,20000,1682387,3513203,5195590
32,20000,1620257,4265289,5885546
32,20000,1565151,4427334,5992485
32,20000,1922131,3613296,5535427
32,20000,1456459,3065174,4521633
32,20000,1449293,3320350,4769643
32,20000,1615939,3622535,5238474
32,20000,1855685,3278252,5133937
32,20000,1498468,3865638,5364106
32,20000,1389121,2034261,3423382
32,20000,1517819,3254298,4772117
32,20000,1491468,2398943,3890411
32,20000,1701144,4093041,5794185
32,20000,1535435,4049398,5584833
32,20000,1786593,4447313,6233906
32,20000,1516783,4139100,5655883
32,20000,1585992,4134416,5720408
32,20000,1566397,3428395,4994792
32,20000,1629724,3300367,4930091
32,20000,1685424,4101219,5786643
32,20000,1386051,3827867,5213918
32,20000,1428693,4124001,5552694
32,20000,1713971,4571153,6285124
32,20000,1484513,3123061,4607574
32,20000,1593907,3961215,5555122
32,20000,1525903,3718263,5244166
32,20000,1455102,4375070,5830172
32,20000,1462103,4022399,5484502
32,20000,1562160,3563689,5125849
32,20000,1489306,3920875,5410181
32,20000,1508241,3642184,5150425
32,20000,1678009,3155186,4833195
32,20000,1866509,4690847,6557356
32,20000,1528981,3692645,5221626
32,20000,1770177,3675818,5445995
32,20000,1881153,3192371,5073524
32,20000,1534277,4084338,5618615
32,20000,1494358,3770100,5264458
32,20000,1440769,4212024,5652793
32,20000,1524685,3686380,5211065
32,20000,1879636,3577013,5456649
32,20000,1466177,3798039,5264216
32,20000,1706159,3494166,5200325
32,20000,1403762,3967212,5370974
32,20000,1556088,3029523,4585611
32,20000,1587730,3914825,5502555
32,20000,1537118,3970729,5507847
32,20000,1339759,4266976,5606735
32,20000,1561042,3504424,5065466
32,30000,4002325,4595822,8598147
32,30000,5346592,3479237,8825829
32,30000,3844958,4183763,8028721
32,30000,3888485,4299701,8188186
32,30000,4330045,3977130,8307175
32,30000,3749887,3806871,7556758
32,30000,6827295,2638417,9465712
32,30000,3286191,5102033,8388224
32,30000,4082240,4081767,8164007
32,30000,3492035,3708092,7200127
32,30000,4375456,4649934,9025390
32,30000,5357814,5480605,10838419
32,30000,5291529,2738482,8030011
32,30000,3579725,5106911,8686636
32,30000,6281813,3145566,9427379
32,30000,3616169,4189596,7805765
32,30000,3764568,5288668,9053236
32,30000,4706617,5038226,9744843
32,30000,5312467,4884480,10196947
32,30000,3363118,2989551,6352669
32,30000,5342810,3755578,9098388
32,30000,6800619,3269300,10069919
32,30000,5141528,4799346,9940874
32,30000,3913251,3233415,7146666
32,30000,4778525,4793621,9572146
32,30000,3938841,4776614,8715455
32,30000,3676364,4748030,8424394
32,30000,3665577,4424780,8090357
32,30000,4734191,3002865,7737056
32,30000,4450588,4311839,8762427
32,30000,5229910,5192310,10422220
32,30000,5246805,4679685,9926490
32,30000,4917681,4002384,8920065
32,30000,4853731,4609996,9463727
32,30000,6499072,3119846,9618918
32,30000,4927910,4002148,8930058
32,30000,4327231,5001146,9328377
32,30000,5061034,3680985,8742019
32,30000,4267235,4756549,9023784
32,30000,4465319,4539001,9004320
32,30000,3810661,4640200,8450861
32,30000,7015063,3804694,10819757
32,30000,3944799,4466080,8410879
32,30000,4500440,4874234,9374674
32,30000,5191761,3404647,8596408
32,30000,4679602,3879902,8559504
32,30000,4268769,3471088,7739857
32,30000,5172027,4974368,10146395
32,30000,4597054,4534189,9131243
32,30000,4208969,4427202,8636171
32,30000,4812069,4352337,9164406
32,30000,3816836,4208962,8025798
32,30000,3910939,4787211,8698150
32,30000,3693619,4870960,8564579
32,30000,4895794,4251026,9146820
32,30000,4192541,4892085,9084626
32,30000,4118982,5158381,9277363
32,30000,4886826,5010206,9897032
32,30000,3860159,5722727,9582886
32,30000,3721987,4743226,8465213
32,30000,4087246,4514777,8602023
32,30000,4191497,5704380,9895877
32,30000,3384247,4508088,7892335
32,30000,3232767,3846563,7079330
32,30000,4627713,4084862,8712575
32,30000,4859644,5359012,10218656
32,30000,3114547,4489625,7604172
32,30000,4279018,4347960,8626978
32,30000,3256148,5153949,8410097
32,30000,4614893,4959098,9573991
32,30000,5300312,4626473,9926785
32,30000,4414371,5243135,9657506
32,30000,3903936,4366439,8270375
32,30000,4146365,4581709,8728074
32,30000,4990404,4427136,9417540
32,30000,4690827,4445313,9136140
32,30000,5267502,4914646,10182148
32,30000,4540363,4397455,8937818
32,30000,4376400,4755282,9131682
32,30000,4726342,5102781,9829123
32,30000,3792316,4009607,7801923
32,30000,4534782,4333775,8868557
32,30000,4114850,4499810,8614660
32,30000,3861794,4878027,8739821
32,30000,3715274,4136512,7851786
32,30000,4017394,4663459,8680853
32,30000,3804858,4695675,8500533
32,30000,3971736,3134197,7105933
32,30000,5221935,4017282,9239217
32,30000,4354072,4876780,9230852
32,30000,4866748,5326347,10193095
32,30000,3695543,3261136,6956679
32,30000,3247102,4424220,7671322
32,30000,4606033,4548664,9154697
32,30000,4974571,4674838,9649409
32,30000,3535391,4859289,8394680
32,30000,4226417,4393294,8619711
32,30000,3330651,4265243,7595894
32,30000,4449742,4145905,8595647
32,30000,4244395,4788256,9032651
32,30000,4034922,4995921,9030843
32,30000,3366368,4508350,7874718
32,30000,5473353,4046254,9519607
32,30000,5169292,4944401,10113693
32,30000,3827563,4780342,8607905
32,30000,4020686,3220056,7240742
32,30000,4714894,4638650,9353544
32,30000,5048467,5084476,10132943
32,30000,6074211,3070793,9145004
32,30000,4124113,4289988,8414101
32,30000,5348324,4025822,9374146
32,30000,3290581,4003605,7294186
32,30000,3929247,4132797,8062044
32,30000,4638523,4809779,9448302
32,30000,5369622,4743134,10112756
32,40000,4432466,5556072,9988538
32,40000,3777630,4981047,8758677
32,40000,4820186,5357866,10178052
32,40000,4322784,4453494,8776278
32,40000,4399310,5820825,10220135
32,40000,5280301,4649209,9929510
32,40000,5882676,5245442,11128118
32,40000,4149607,5345884,9495491
32,40000,5655192,5394840,11050032
32,40000,4728703,5232973,9961676
32,40000,5811019,4946139,10757158
32,40000,3962419,5542559,9504978
32,40000,4929197,5338139,10267336
32,40000,3937544,3432033,7369577
32,40000,5719420,5868840,11588260
32,40000,4183417,5925551,10108968
32,40000,2615124,5917597,8532721
32,40000,3940877,5027772,8968649
32,40000,3509924,4637041,8146965
32,40000,4876311,5850373,10726684
32,40000,4356263,6032524,10388787
32,40000,5552066,5338584,10890650
32,40000,6323333,5479393,11802726
32,40000,4023259,6643327,10666586
32,40000,6394194,6455812,12850006
32,40000,5496262,4885157,10381419
32,40000,5621435,5805319,11426754
32,40000,4367610,5519552,9887162
32,40000,6209377,5933706,12143083
32,40000,4819592,5006155,9825747
32,40000,3001825,4187075,7188900
32,40000,5000999,5204997,10205996
32,40000,4539331,5312816,9852147
32,40000,4753492,4807842,9561334
32,40000,5155137,4692022,9847159
32,40000,3853877,5002716,8856593
32,40000,4082177,4756581,8838758
32,40000,5379901,5219691,10599592
32,40000,4503315,6951112,11454427
32,40000,5454914,4786668,10241582
32,40000,5335884,5597350,10933234
32,40000,4118638,5519053,9637691
32,40000,3882085,4672067,8554152
32,40000,4185366,6074007,10259373
32,40000,4510176,4184125,8694301
32,40000,3699872,5323521,9023393
32,40000,5089850,4688851,9778701
32,40000,5364028,3567258,8931286
32,40000,5175672,5386434,10562106
32,40000,3818781,5606405,9425186
32,40000,4421143,5858840,10279983
32,40000,4421952,6223658,10645610
32,40000,3799326,5168390,8967716
32,40000,4916748,5735032,10651780
32,40000,2971341,5708896,8680237
32,40000,2615364,5557951,8173315
32,40000,4529323,3608698,8138021
32,40000,3732948,5698554,9431502
32,40000,4891782,5976925,10868707
32,40000,5200477,5184761,10385238
32,40000,5010959,5274599,10285558
32,40000,5867280,4300445,10167725
32,40000,4154273,5203988,9358261
32,40000,6551647,4055280,10606927
32,40000,4469134,5909132,10378266
32,40000,4238854,5780205,10019059
32,40000,5002444,4908554,9910998
32,40000,2813148,5361550,8174698
32,40000,4427882,5924474,10352356
32,40000,3844891,5131345,8976236
32,40000,4108875,5882487,9991362
32,40000,4795244,5469436,10264680
32,40000,4147582,5740811,9888393
32,40000,5251671,5131675,10383346
32,40000,3917404,5369695,9287099
32,40000,4588517,5698331,10286848
32,40000,5068669,4730575,9799244
32,40000,5087249,5538443,10625692
32,40000,5857976,4701309,10559285
32,40000,4402316,5749288,10151604
32,40000,5492588,5559138,11051726
32,40000,4065268,5482303,9547571
32,40000,6248735,6085732,12334467
32,40000,3649762,3860075,7509837
32,40000,5758400,5340039,11098439
32,40000,3794362,5439328,9233690
32,40000,5101942,5457380,10559322
32,40000,3430320,4690429,8120749
32,40000,3696279,5482271,9178550
32,40000,4513539,4269300,8782839
32,40000,4686371,5739910,10426281
32,40000,6224419,5523966,11748385
32,40000,4484257,5344537,9828794
32,40000,3914714,4909496,8824210
32,40000,5062704,3708906,8771610
32,40000,4979179,4757695,9736874
32,40000,3970386,5901501,9871887
32,40000,4794424,5446302,10240726
32,40000,2742205,5249947,7992152
32,40000,4569337,5205059,9774396
32,40000,4623806,4947161,9570967
32,40000,4369459,5960968,10330427
32,40000,4990181,5211670,10201851
32,40000,4975817,5274248,10250065
32,40000,5243730,5313388,10557118
32,40000,3230565,4472544,7703109
32,40000,3544571,4802256,8346827
32,40000,4965151,5426082,10391233
32,40000,3714821,5517102,9231923
32,40000,4456673,5420630,9877303
32,40000,5413672,5569854,10983526
32,40000,5211506,6133793,11345299
32,40000,4684684,5779827,10464511
32,40000,5160674,5373453,10534127
32,40000,5145540,5926174,11071714
32,50000,4668391,5997229,10665620
32,50000,3390302,6040178,9430480
32,50000,3956894,6566188,10523082
32,50000,4700941,6191774,10892715
32,50000,3457313,7352068,10809381
32,50000,4265303,6398377,10663680
32,50000,6068178,6619888,12688066
32,50000,5856052,5800072,11656124
32,50000,6890908,6106022,12996930
32,50000,6809651,6559353,13369004
32,50000,4717426,6808371,11525797
32,50000,4341864,5331119,9672983
32,50000,5469053,5794226,11263279
32,50000,4768431,5820984,10589415
32,50000,5103625,6046944,11150569
32,50000,3434532,5848377,9282909
32,50000,6470672,6560977,13031649
32,50000,4786972,5905284,10692256
32,50000,4154951,6682081,10837032
32,50000,4718473,6364528,11083001
32,50000,5863023,6706328,12569351
32,50000,5481483,7077780,12559263
32,50000,5288239,5039566,10327805
32,50000,5428110,6080285,11508395
32,50000,5229762,6473859,11703621
32,50000,4331398,6119234,10450632
32,50000,5113374,6784091,11897465
32,50000,4365048,6038045,10403093
32,50000,5589364,5869532,11458896
32,50000,5170277,6752041,11922318
32,50000,4668347,5775666,10444013
32,50000,4392909,5918637,10311546
32,50000,4267735,6298202,10565937
32,50000,4403627,6736552,11140179
32,50000,5330447,6699469,12029916
32,50000,6035264,6366750,12402014
32,50000,6305914,5880359,12186273
32,50000,5380083,7023062,12403145
32,50000,4432791,6453797,10886588
32,50000,4356349,6777687,11134036
32,50000,5549320,6122203,11671523
32,50000,6220782,6606836,12827618
32,50000,5563983,6551969,12115952
32,50000,3750806,6089546,9840352
32,50000,5292377,5554090,10846467
32,50000,5273818,7374227,12648045
32,50000,4838875,6229870,11068745
32,50000,6189655,6085906,12275561
32,50000,5240069,5587446,10827515
32,50000,5461943,7579699,13041642
32,50000,2944324,5870681,8815005
32,50000,6835155,6068702,12903857
32,50000,5359509,6004249,11363758
32,50000,6633853,6652596,13286449
32,50000,6102810,6183441,12286251
32,50000,5867944,7432763,13300707
32,50000,6495548,6520627,13016175
32,50000,4121314,5452662,9573976
32,50000,5924413,5831244,11755657
32,50000,5352599,5982740,11335339
32,50000,7048585,5527998,12576583
32,50000,4229761,5672473,9902234
32,50000,4754564,6483778,11238342
32,50000,4052667,6288177,10340844
32,50000,4607279,6664807,11272086
32,50000,5313605,5660025,10973630
32,50000,3446127,6049531,9495658
32,50000,5514654,5954381,11469035
32,50000,4719035,5942747,10661782
32,50000,6048490,5906310,11954800
32,50000,5082603,6613240,11695843
32,50000,4552542,5579760,10132302
32,50000,6490240,6510385,13000625
32,50000,7095085,6473225,13568310
32,50000,5681938,5948595,11630533
32,50000,4886206,6631584,11517790
32,50000,5354932,6503016,11857948
32,50000,4458249,5956050,10414299
32,50000,4784432,5699452,10483884
32,50000,4254365,5763590,10017955
32,50000,5184053,5812235,10996288
32,50000,3609974,6856842,10466816
32,50000,5822010,5906652,11728662
32,50000,4632838,7965349,12598187
32,50000,4845539,5925395,10770934
32,50000,4709007,6377607,11086614
32,50000,3357073,6120538,9477611
32,50000,3631457,6028632,9660089
32,50000,5453045,5571763,11024808
32,50000,3620615,6664888,10285503
32,50000,4234939,5909515,10144454
32,50000,3420203,5747559,9167762
32,50000,4619785,5859850,10479635
32,50000,4134350,5703386,9837736
32,50000,5669825,5770567,11440392
32,50000,4396630,6192117,10588747
32,50000,3803391,5625031,9428422
32,50000,5532126,6594811,12126937
32,50000,4220408,5997743,10218151
32,50000,5300894,6554293,11855187
32,50000,5001870,6632425,11634295
32,50000,5453756,7048114,12501870
32,50000,3897592,5843305,9740897
32,50000,5202370,4669703,9872073
32,50000,5467112,6155599,11622711
32,50000,4775608,5814171,10589779
32,50000,3933321,5806779,9740100
32,50000,5885861,6763233,12649094
32,50000,6030030,5420012,11450042
32,50000,7835784,6713144,14548928
32,50000,4565670,6530664,11096334
32,50000,5917230,5440741,11357971
32,50000,5543835,6251356,11795191
32,50000,4521181,6047143,10568324
32,50000,3879744,7008427,10888171
32,60000,5540777,8395111,13935888
32,60000,5217717,7306710,12524427
32,60000,5502139,6952880,12455019
32,60000,5533196,6879529,12412725
32,60000,4021053,6878478,10899531
32,60000,4912713,6818499,11731212
32,60000,4405794,6965674,11371468
32,60000,4975006,5321048,10296054
32,60000,5720956,7817026,13537982
32,60000,6173460,7237482,13410942
32,60000,4404027,9574888,13978915
32,60000,5419416,7103938,12523354
32,60000,7134767,7277871,14412638
32,60000,5070781,6673638,11744419
32,60000,4868690,6770047,11638737
32,60000,6103293,7196111,13299404
32,60000,7079003,6426613,13505616
32,60000,6148224,7612903,13761127
32,60000,5954619,6472904,12427523
32,60000,4729567,7747193,12476760
32,60000,6130890,5419115,11550005
32,60000,6951347,6627795,13579142
32,60000,6724917,6569781,13294698
32,60000,5273678,7128525,12402203
32,60000,5581786,6986064,12567850
32,60000,6441676,6545131,12986807
32,60000,5776340,6999543,12775883
32,60000,5685175,7269847,12955022
32,60000,4877465,7145023,12022488
32,60000,7557070,7502062,15059132
32,60000,5322939,7228975,12551914
32,60000,5143713,7216871,12360584
32,60000,6779482,7314339,14093821
32,60000,6230758,7255238,13485996
32,60000,6038505,8118988,14157493
32,60000,7925121,6751242,14676363
32,60000,5868299,7132224,13000523
32,60000,6909488,6708167,13617655
32,60000,5346981,8048390,13395371
32,60000,5255408,6901018,12156426
32,60000,5929764,6922239,12852003
32,60000,6331580,7014396,13345976
32,60000,5735974,7816085,13552059
32,60000,6522052,7406773,13928825
32,60000,6236752,6850401,13087153
32,60000,4403466,6973848,11377314
32,60000,4152725,6277634,10430359
32,60000,6573557,7772201,14345758
32,60000,5186298,7424999,12611297
32,60000,4695986,6317124,11013110
32,60000,3786222,6863687,10649909
32,60000,5362198,7121751,12483949
32,60000,4814042,6433917,11247959
32,60000,5485066,7191458,12676524
32,60000,4832422,6918430,11750852
32,60000,4308389,6297567,10605956
32,60000,3831694,6704498,10536192
32,60000,5388073,6502382,11890455
32,60000,5532542,6862446,12394988
32,60000,4967646,6582866,11550512
32,60000,5556504,8115061,13671565
32,60000,5043477,7022204,12065681
32,60000,4699779,6664975,11364754
32,60000,7738099,5372763,13110862
32,60000,6721987,7116063,13838050
32,60000,5291212,7177240,12468452
32,60000,5490984,6398988,11889972
32,60000,4690605,6845198,11535803
32,60000,7160864,7644987,14805851
32,60000,4548910,6442702,10991612
32,60000,5781520,5852053,11633573
32,60000,5609021,7006566,12615587
32,60000,5815578,6441320,12256898
32,60000,4382051,7039044,11421095
32,60000,6130298,7426405,13556703
32,60000,4771633,7818467,12590100
32,60000,4778941,8053814,12832755
32,60000,5259932,7125729,12385661
32,60000,3774333,7048887,10823220
32,60000,5272488,7173010,12445498
32,60000,5812756,7027549,12840305
32,60000,3709002,7178356,10887358
32,60000,5480327,6843964,12324291
32,60000,5738044,6999673,12737717
32,60000,4758827,6501493,11260320
32,60000,5587045,7022116,12609161
32,60000,4623476,7040978,11664454
32,60000,5759582,5245463,11005045
32,60000,6552038,6888423,13440461
32,60000,5247515,7717484,12964999
32,60000,6326874,7551685,13878559
32,60000,6403153,6991487,13394640
32,60000,5747888,6678889,12426777
32,60000,5439253,6916070,12355323
32,60000,4862806,7118546,11981352
32,60000,6042747,6655285,12698032
32,60000,5430379,8086772,13517151
32,60000,6549313,7225231,13774544
32,60000,4537485,6962674,11500159
32,60000,6165758,7117068,13282826
32,60000,4711224,6243420,10954644
32,60000,7437986,6941794,14379780
32,60000,5026002,6935120,11961122
32,60000,5742889,6930649,12673538
32,60000,5495280,6948517,12443797
32,60000,4803769,7542657,12346426
32,60000,3145184,7416428,10561612
32,60000,5505736,6033309,11539045
32,60000,5323726,7722651,13046377
32,60000,7169105,6050716,13219821
32,60000,5667666,7886418,13554084
32,60000,4720016,6262908,10982924
32,60000,5537824,6636143,12173967
32,60000,7381126,7392480,14773606
32,60000,6115925,6354777,12470702
32,70000,5157259,7610225,12767484
32,70000,6554312,8693528,15247840
32,70000,6572497,8442255,15014752
32,70000,7913984,8108122,16022106
32,70000,3931913,8125313,12057226
32,70000,4631569,6535074,11166643
32,70000,5680550,7156254,12836804
32,70000,6205865,7632586,13838451
32,70000,7957934,7418037,15375971
32,70000,6174631,7953846,14128477
32,70000,5294121,6079089,11373210
32,70000,6257860,7877641,14135501
32,70000,7045484,7431474,14476958
32,70000,4786407,7305286,12091693
32,70000,5077722,7450680,12528402
32,70000,4950557,7054892,12005449
32,70000,4617936,7710465,12328401
32,70000,5605316,6761105,12366421
32,70000,4532312,7653445,12185757
32,70000,7105186,7475163,14580349
32,70000,4892661,5719824,10612485
32,70000,6035487,7589966,13625453
32,70000,3944999,6762744,10707743
32,70000,5389855,5732063,11121918
32,70000,4433456,7311811,11745267
32,70000,7492464,6999447,14491911
32,70000,6095989,7266907,13362896
32,70000,6993166,8027689,15020855
32,70000,4338666,7283362,11622028
32,70000,7715138,7472655,15187793
32,70000,5163254,6973586,12136840
32,70000,7542941,7118406,14661347
32,70000,6554928,8581269,15136197
32,70000,5737523,6780012,12517535
32,70000,5445049,6814863,12259912
32,70000,5996826,7208523,13205349
32,70000,5507797,6852110,12359907
32,70000,5765174,7707727,13472901
32,70000,4873947,8889849,13763796
32,70000,4734366,7661654,12396020
32,70000,8117737,8216327,16334064
32,70000,5709301,6717584,12426885
32,70000,3364716,7968140,11332856
32,70000,5165792,7230923,12396715
32,70000,3116313,7055574,10171887
32,70000,4895752,7235914,12131666
32,70000,4806889,6876963,11683852
32,70000,7288993,7562229,14851222
32,70000,3928050,6513242,10441292
32,70000,6439015,7440217,13879232
32,70000,8346595,7071218,15417813
32,70000,5601653,6747031,12348684
32,70000,5870520,7536373,13406893
32,70000,5663478,6947657,12611135
32,70000,5418438,7656166,13074604
32,70000,5576450,6510096,12086546
32,70000,5358100,7336897,12694997
32,70000,5644407,6775538,12419945
32,70000,5685208,7366247,13051455
32,70000,5636711,7883758,13520469
32,70000,6372103,8319280,14691383
32,70000,4490747,6782981,11273728
32,70000,6846471,8201901,15048372
32,70000,7419668,8281670,15701338
32,70000,9160700,7235429,16396129
32,70000,3940067,6888655,10828722
32,70000,7448560,6581839,14030399
32,70000,6044935,7876348,13921283
32,70000,5467635,8215575,13683210
32,70000,6456900,8627505,15084405
32,70000,6398944,8131457,14530401
32,70000,4648060,7488119,12136179
32,70000,5868443,7778417,13646860
32,70000,5487816,8118091,13605907
32,70000,5482419,6516820,11999239
32,70000,6095680,7402631,13498311
32,70000,5854288,8006465,13860753
32,70000,6123898,6804251,12928149
32,70000,4902107,7923649,12825756
32,70000,6552262,6900798,13453060
32,70000,4780035,7072961,11852996
32,70000,5541245,7369308,12910553
32,70000,5404817,7417650,12822467
32,70000,6357531,6749867,13107398
32,70000,3783337,6888868,10672205
32,70000,5329079,7869612,13198691
32,70000,6337640,6766375,13104015
32,70000,5322789,7153677,12476466
32,70000,6746723,8032600,14779323
32,70000,3604527,8000528,11605055
32,70000,6703452,6723758,13427210
32,70000,4144260,7853510,11997770
32,70000,8541434,7990377,16531811
32,70000,4084940,6886339,10971279
32,70000,4865392,8294054,13159446
32,70000,7069715,7675724,14745439
32,70000,6556423,7866572,14422995
32,70000,5529079,7683050,13212129
32,70000,7567706,8441167,16008873
32,70000,6491988,7988218,14480206
32,70000,5673869,8064093,13737962
32,70000,4564939,6701286,11266225
32,70000,6240852,7747404,13988256
32,70000,6257599,7918200,14175799
32,70000,7400314,6876077,14276391
32,70000,5007391,7228446,12235837
32,70000,5719069,7860069,13579138
32,70000,3847623,6468895,10316518
32,70000,5833334,6938426,12771760
32,70000,5393033,7473426,12866459
32,70000,5960558,8503444,14464002
32,70000,6072798,8030972,14103770
32,70000,5178073,7864270,13042343
32,70000,2973716,7236136,10209852
32,70000,7320295,7133883,14454178
32,80000,7099695,8476981,15576676
32,80000,6268949,7844420,14113369
32,80000,5271360,8165507,13436867
32,80000,4255074,8185726,12440800
32,80000,5540983,7605624,13146607
32,80000,6926664,8112937,15039601
32,80000,6361061,8210264,14571325
32,80000,6098932,8703988,14802920
32,80000,5704989,8507768,14212757
32,80000,7883831,7676289,15560120
32,80000,4319828,9209805,13529633
32,80000,6810324,8255909,15066233
32,80000,4744017,7851205,12595222
32,80000,6266018,8210449,14476467
32,80000,5713129,7076375,12789504
32,80000,5053148,7009083,12062231
32,80000,6561717,9021066,15582783
32,80000,4851408,7613289,12464697
32,80000,7005364,8189633,15194997
32,80000,6461484,8633406,15094890
32,80000,5840776,8775798,14616574
32,80000,7359419,7684681,15044100
32,80000,8030684,8200425,16231109
32,80000,5832110,8362437,14194547
32,80000,6261634,8317191,14578825
32,80000,6965060,7011996,13977056
32,80000,7450070,8599156,16049226
32,80000,4525316,8251248,12776564
32,80000,5335324,8142168,13477492
32,80000,8165294,8400434,16565728
32,80000,5206129,7165131,12371260
32,80000,5583745,7840180,13423925
32,80000,5949691,7261663,13211354
32,80000,6259563,8211663,14471226
32,80000,7558590,6527393,14085983
32,80000,4649198,7697774,12346972
32,80000,5694702,7792926,13487628
32,80000,5993137,8509693,14502830
32,80000,9331740,8369892,17701632
32,80000,5739764,7859119,13598883
32,80000,6508265,8159409,14667674
32,80000,6456841,7913299,14370140
32,80000,5712441,8295277,14007718
32,80000,6213885,7023133,13237018
32,80000,6540600,8446910,14987510
32,80000,5611897,8463229,14075126
32,80000,5768337,8825324,14593661
32,80000,5943315,6855365,12798680
32,80000,8116807,8342012,16458819
32,80000,5540338,7544362,13084700
32,80000,5462220,8199222,13661442
32,80000,6429894,9603149,16033043
32,80000,5542463,7327251,12869714
32,80000,4588310,8572745,13161055
32,80000,6377509,7519695,13897204
32,80000,6089167,7462106,13551273
32,80000,4487506,8515485,13002991
32,80000,6808953,8103534,14912487
32,80000,6001104,8050905,14052009
32,80000,4986332,8282436,13268768
32,80000,6231004,8389724,14620728
32,80000,8731629,8441524,17173153
32,80000,5664916,8583434,14248350
32,80000,7601172,8106438,15707610
32,80000,6107477,9068616,15176093
32,80000,6098582,7076590,13175172
32,80000,6154130,6151276,12305406
32,80000,6410655,8589172,14999827
32,80000,5529481,8275494,13804975
32,80000,6551411,8508773,15060184
32,80000,4843847,7130031,11973878
32,80000,6069053,8952025,15021078
32,80000,6748810,7955195,14704005
32,80000,5616547,11342955,16959502
32,80000,6672198,7424533,14096731
32,80000,6545484,7547112,14092596
32,80000,5300188,8836921,14137109
32,80000,6022845,8091154,14113999
32,80000,5387305,8266420,13653725
32,80000,5857554,8179446,14037000
32,80000,5960688,7775925,13736613
32,80000,6183128,8385499,14568627
32,80000,5605783,8098839,13704622
32,80000,5390236,6736184,12126420
32,80000,5530016,8210946,13740962
32,80000,5278223,6337520,11615743
32,80000,5528627,7808831,13337458
32,80000,5184857,7991453,13176310
32,80000,6236925,8870105,15107030
32,80000,4698491,8485047,13183538
32,80000,5437894,7570266,13008160
32,80000,6323227,7572311,13895538
32,80000,5406278,8364827,13771105
32,80000,5218244,8566691,13784935
32,80000,6487573,7639880,14127453
32,80000,6396777,7276172,13672949
32,80000,5561482,7617514,13178996
32,80000,6662166,8812477,15474643
32,80000,5401342,7777463,13178805
32,80000,6175208,11637394,17812602
32,80000,6387231,8566979,14954210
32,80000,6445165,7378675,13823840
32,80000,7476269,7876220,15352489
32,80000,5537793,7851710,13389503
32,80000,6465805,8186278,14652083
32,80000,5636767,8492345,14129112
32,80000,6641255,8651207,15292462
32,80000,5158993,9381663,14540656
32,80000,5545162,8549284,14094446
32,80000,5799204,8222179,14021383
32,80000,4920559,7369329,12289888
32,80000,6254445,8650821,14905266
32,80000,7467131,7832743,15299874
32,80000,5488576,8216983,13705559
32,80000,6195353,8209869,14405222
32,90000,7206714,7930765,15137479
32,90000,5548894,9533346,15082240
32,90000,4759425,10769774,15529199
32,90000,5421392,9044575,14465967
32,90000,7085829,8062935,15148764
32,90000,6509267,8767127,15276394
32,90000,6363754,8395642,14759396
32,90000,5960134,8086358,14046492
32,90000,6387876,8311161,14699037
32,90000,7187523,8598248,15785771
32,90000,8064540,9171583,17236123
32,90000,7494489,8264174,15758663
32,90000,6322328,9745057,16067385
32,90000,6315246,8336811,14652057
32,90000,5941261,8943216,14884477
32,90000,4350983,7966586,12317569
32,90000,7306216,8516345,15822561
32,90000,5303526,8658261,13961787
32,90000,7007153,8240769,15247922
32,90000,7348837,10162233,17511070
32,90000,6247144,7890592,14137736
32,90000,6443460,8414196,14857656
32,90000,6499104,8364796,14863900
32,90000,6317917,7844678,14162595
32,90000,4685769,8460888,13146657
32,90000,6606549,9183242,15789791
32,90000,5290405,7948545,13238950
32,90000,5177963,8334623,13512586
32,90000,6474574,8132200,14606774
32,90000,5403300,8946428,14349728
32,90000,5102939,8071957,13174896
32,90000,5040477,8627947,13668424
32,90000,6244642,7855655,14100297
32,90000,6040567,8012226,14052793
32,90000,4669126,7678473,12347599
32,90000,6321935,8210339,14532274
32,90000,5680265,9601927,15282192
32,90000,5939885,9674149,15614034
32,90000,5234113,9189907,14424020
32,90000,5989801,7952632,13942433
32,90000,6146829,7649825,13796654
32,90000,5779438,8949294,14728732
32,90000,7716269,8496795,16213064
32,90000,5705386,8208215,13913601
32,90000,6399724,8757255,15156979
32,90000,7109898,8458692,15568590
32,90000,5850740,8297781,14148521
32,90000,6320919,8307963,14628882
32,90000,7586438,8550634,16137072
32,90000,6193524,8093757,14287281
32,90000,5127143,8422573,13549716
32,90000,6217878,7860783,14078661
32,90000,5470137,8728752,14198889
32,90000,7571407,8578964,16150371
32,90000,6261730,9703453,15965183
32,90000,6208375,9351350,15559725
32,90000,6241795,7972716,14214511
32,90000,6603283,8629955,15233238
32,90000,7133755,9014649,16148404
32,90000,5691505,7546412,13237917
32,90000,8697625,8880563,17578188
32,90000,6118362,8664248,14782610
32,90000,5369080,7810280,13179360
32,90000,6611264,8474645,15085909
32,90000,6239615,8264306,14503921
32,90000,5377771,8935690,14313461
32,90000,6891350,8685490,15576840
32,90000,5020723,8067892,13088615
32,90000,6739296,9210534,15949830
32,90000,6482864,7885776,14368640
32,90000,6462732,7728960,14191692
32,90000,4309711,8745618,13055329
32,90000,5857686,8980280,14837966
32,90000,7471954,8584437,16056391
32,90000,5512858,7805566,13318424
32,90000,5932591,9979076,15911667
32,90000,6112010,8155096,14267106
32,90000,6044486,8710256,14754742
32,90000,5649417,7770536,13419953
32,90000,6403665,8855269,15258934
32,90000,6070462,8514070,14584532
32,90000,5612810,7804288,13417098
32,90000,8504913,9383245,17888158
32,90000,5848920,8184381,14033301
32,90000,6370170,8622434,14992604
32,90000,5450722,10152033,15602755
32,90000,6973501,9124845,16098346
32,90000,6636734,8760422,15397156
32,90000,5585000,8057922,13642922
32,90000,6149034,7874666,14023700
32,90000,6019695,8915046,14934741
32,90000,7211603,9296106,16507709
32,90000,5560244,9946160,15506404
32,90000,5412152,8941497,14353649
32,90000,4768306,8015127,12783433
32,90000,6111179,7624660,13735839
32,90000,5426153,8327010,13753163
32,90000,5054923,8646691,13701614
32,90000,6493991,8703650,15197641
32,90000,5243094,7926853,13169947
32,90000,5107816,12182181,17289997
32,90000,5989093,8466046,14455139
32,90000,6803484,8953214,15756698
32,90000,6378549,7825966,14204515
32,90000,5645878,8234209,13880087
32,90000,6572954,9090080,15663034
32,90000,5344700,9078832,14423532
32,90000,5864008,7707627,13571635
32,90000,7102011,6503613,13605624
32,90000,4292076,8979593,13271669
32,90000,4831297,8568930,13400227
32,90000,6993087,8852072,15845159
32,90000,5709861,8939186,14649047
32,90000,6238893,8308912,14547805
32,90000,6222251,8371812,14594063
32,100000,6412940,8225787,14638727
32,100000,4978897,8372929,13351826
32,100000,5224235,9287575,14511810
32,100000,7179841,8504363,15684204
32,100000,6914377,9980244,16894621
32,100000,6441782,9334690,15776472
32,100000,8265523,8973700,17239223
32,100000,6443791,9059741,15503532
32,100000,6059636,8628535,14688171
32,100000,5589541,8934934,14524475
32,100000,5474176,9168597,14642773
32,100000,6223762,10120927,16344689
32,100000,7464595,9748849,17213444
32,100000,5965069,10327989,16293058
32,100000,8047732,9559434,17607166
32,100000,6693478,9199229,15892707
32,100000,6114151,9133035,15247186
32,100000,6672036,9791567,16463603
32,100000,5777783,8570137,14347920
32,100000,5738610,8357542,14096152
32,100000,5521975,8207553,13729528
32,100000,6623148,8672843,15295991
32,100000,6806688,9849430,16656118
32,100000,5539632,8541567,14081199
32,100000,6222805,8989362,15212167
32,100000,7064265,10428110,17492375
32,100000,6191033,9903232,16094265
32,100000,7407152,8836239,16243391
32,100000,5893517,8933561,14827078
32,100000,7241583,9248768,16490351
32,100000,6215815,9203850,15419665
32,100000,6193011,9686653,15879664
32,100000,6343534,9619989,15963523
32,100000,6881654,9828319,16709973
32,100000,6995448,9315073,16310521
32,100000,6522068,9167349,15689417
32,100000,8131751,8154288,16286039
32,100000,6703093,9851608,16554701
32,100000,6474255,8807561,15281816
32,100000,7635551,10424143,18059694
32,100000,6995040,11223704,18218744
32,100000,6652885,9260399,15913284
32,100000,6629452,9264059,15893511
32,100000,6583847,8650281,15234128
32,100000,7741242,7140019,14881261
32,100000,6884683,8963551,15848234
32,100000,4981584,9936837,14918421
32,100000,6297723,8442687,14740410
32,100000,5617101,8313788,13930889
32,100000,6278958,9047526,15326484
32,100000,6263500,9014147,15277647
32,100000,7694496,8480458,16174954
32,100000,7897790,9893703,17791493
32,100000,6799308,7677258,14476566
32,100000,6402677,7831077,14233754
32,100000,6588043,10220070,16808113
32,100000,5904614,8873454,14778068
32,100000,7397271,8647692,16044963
32,100000,5271797,8856224,14128021
32,100000,6536748,8771227,15307975
32,100000,5535281,9254391,14789672
32,100000,6195701,10133898,16329599
32,100000,6152012,7833358,13985370
32,100000,7207724,9604845,16812569
32,100000,4793539,9428043,14221582
32,100000,7868089,9875220,17743309
32,100000,6736507,8682853,15419360
32,100000,7471315,9578697,17050012
32,100000,6982341,9514754,16497095
32,100000,5659479,10432349,16091828
32,100000,6737425,10024709,16762134
32,100000,6847550,8998690,15846240
32,100000,5816826,8828026,14644852
32,100000,5120103,9930135,15050238
32,100000,6182858,9862532,16045390
32,100000,6881215,8405153,15286368
32,100000,6730504,9627744,16358248
32,100000,5671494,9162441,14833935
32,100000,6378060,9833318,16211378
32,100000,7118839,9116938,16235777
32,100000,7774274,9868305,17642579
32,100000,6771438,9871890,16643328
32,100000,7695464,8736122,16431586
32,100000,5975943,9045396,15021339
32,100000,5660744,8330628,13991372
32,100000,7124212,9573055,16697267
32,100000,5659969,8674093,14334062
32,100000,6150843,7358963,13509806
32,100000,6776530,8933308,15709838
32,100000,9253154,9162380,18415534
32,100000,6556347,10309481,16865828
32,100000,4812019,9119461,13931480
32,100000,6676864,10252822,16929686
32,100000,5124398,8967642,14092040
32,100000,7194491,9765375,16959866
32,100000,5301454,9130827,14432281
32,100000,8856756,9435365,18292121
32,100000,7818201,8848228,16666429
32,100000,6653539,9964047,16617586
32,100000,7455429,9673922,17129351
32,100000,6428200,10152330,16580530
32,100000,6981861,8980915,15962776
32,100000,5906076,9260589,15166665
32,100000,5829689,8006613,13836302
32,100000,6723918,9400126,16124044
32,100000,5682282,9802200,15484482
32,100000,7002366,9181841,16184207
32,100000,7132446,8752175,15884621
32,100000,5592142,9139965,14732107
32,100000,6625374,8889946,15515320
32,100000,6291466,7748955,14040421
32,100000,7046565,8478453,15525018
32,100000,7410055,9449555,16859610
32,100000,4745524,9847688,14593212
32,100000,4846601,10090602,14937203
32,100000,6619090,8299945,14919035
32,100000,5931680,9198628,15130308
32,100000,6790004,9639846,16429850
32,100000,6513941,8323915,14837856
32,100000,5198724,8995252,14193976
32,100000,6222457,8841135,15063592
32,100000,7948123,8931660,16879783
32,100000,7256135,9158572,16414707
32,100000,6068106,9580846,15648952
32,100000,5674487,9013443,14687930
32,100000,6957261,9226659,16183920
32,100000,6814851,8479051,15293902
32,100000,5963752,7264845,13228597
32,100000,6606634,9059645,15666279
32,100000,6882875,9362741,16245616
32,100000,7126344,9431315,16557659
32,100000,7994485,9350014,17344499
32,100000,8013900,9720677,17734577
32,100000,6599501,8784219,15383720
32,100000,7097363,9368323,16465686
32,100000,6491883,8133069,14624952
32,100000,6573464,9402808,15976272
32,100000,5346646,8504615,13851261
32,100000,6547184,9296168,15843352
32,100000,5412751,9388229,14800980
32,100000,6306550,9056424,15362974
32,100000,6811505,8887710,15699215
32,100000,5924335,8683846,14608181
32,100000,7422035,9075270,16497305
32,100000,8015119,9805782,17820901
32,100000,6583467,10191506,16774973
32,100000,6259591,9178037,15437628
32,100000,3909581,8883460,12793041
32,100000,6077172,10513589,16590761
32,100000,7114233,8390603,15504836
32,100000,5608583,9255680,14864263
32,100000,6520788,9455275,15976063
32,100000,6447168,10338260,16785428
32,100000,8623971,9520750,18144721
32,100000,6939944,8215927,15155871
32,100000,8179511,9265035,17444546
32,100000,6440904,9766376,16207280
32,100000,7055651,9207398,16263049
32,100000,8805326,8987243,17792569
32,100000,7732037,8118605,15850642
32,100000,5417500,10060042,15477542
32,100000,6118974,8976597,15095571
32,100000,5019007,9251861,14270868
32,100000,6683453,9988682,16672135
32,100000,6378882,8516219,14895101
32,100000,6741052,8942116,15683168
32,100000,6479898,8401842,14881740
32,100000,6940458,9291823,16232281
32,100000,8311063,8944029,17255092
32,100000,6694767,9654370,16349137
32,100000,6915361,9597519,16512880
32,100000,6760167,10681407,17441574
32,100000,8018989,8624849,16643838
32,100000,5284802,9894308,15179110
32,100000,5576172,9630116,15206288
32,100000,6435961,10169329,16605290
32,100000,7558778,10198448,17757226
32,100000,6424549,8535741,14960290
32,100000,6928607,8608134,15536741
32,100000,5827001,9568247,15395248
32,100000,7188647,8816998,16005645
32,100000,6652494,8252544,14905038
32,100000,6230685,9168335,15399020
32,100000,5147483,9326420,14473903
32,100000,7339661,8945529,16285190
32,100000,8198993,10213837,18412830
32,100000,8710734,10003741,18714475
32,100000,6159889,10109915,16269804
32,100000,7084749,8859619,15944368
32,100000,5201803,8442517,13644320
32,100000,6292523,8921939,15214462
32,100000,7219576,9344015,16563591
32,100000,7648601,8824269,16472870
32,100000,6655454,8293011,14948465
32,100000,6577256,8783954,15361210
32,100000,6445241,8941275,15386516
32,100000,4847981,9423515,14271496
32,100000,5988131,8864945,14853076
32,100000,6627835,8064065,14691900
32,100000,7086878,9477150,16564028
32,100000,6498906,10234429,16733335
32,100000,7393915,8655902,16049817
32,100000,5456505,9327155,14783660
32,100000,5661960,9961176,15623136
32,100000,4867966,10143539,15011505
32,100000,7550595,7164089,14714684
32,100000,7302687,8728541,16031228
32,100000,7021368,7564845,14586213
32,100000,6711291,9487742,16199033
32,100000,5507419,9581426,15088845
32,100000,7739687,7508491,15248178
32,100000,6751969,8476375,15228344
32,100000,4763332,8701567,13464899
32,100000,5843495,9109088,14952583
32,100000,6691358,9823787,16515145
32,100000,6246971,8346472,14593443
32,100000,7380448,10617780,17998228
32,100000,8288124,9449238,17737362
32,100000,7327948,8716827,16044775
32,100000,6767904,8957783,15725687
32,100000,6653404,10075994,16729398
32,100000,8161476,9126628,17288104
32,100000,5938392,10092515,16030907
32,100000,5571479,9611012,15182491
32,100000,7144247,9334097,16478344
32,100000,8453298,8726285,17179583
32,100000,6683050,9473631,16156681
32,100000,7049541,9129731,16179272
32,100000,5503461,9437115,14940576
32,100000,7660323,9412221,17072544
32,200000,10279675,15303873,25583548
32,200000,10824319,15400642,26224961
32,200000,11426313,17179418,28605731
32,200000,8952505,17085686,26038191
32,200000,10171947,15747123,25919070
32,200000,12052948,15466803,27519751
32,200000,10089386,14756089,24845475
32,200000,12139789,16670644,28810433
32,200000,11369758,15153005,26522763
32,200000,12689919,15130866,27820785
32,200000,10581358,18005117,28586475
32,200000,9883743,15429769,25313512
32,200000,10393924,15811038,26204962
32,200000,11225822,15157333,26383155
32,200000,12709103,16442483,29151586
32,200000,10860171,17024495,27884666
32,200000,12940117,16801179,29741296
32,200000,10795144,15730764,26525908
32,200000,10002577,15435687,25438264
32,200000,9368460,15802899,25171359
32,200000,10528991,17015985,27544976
32,200000,10021031,17350340,27371371
32,200000,10735925,16037546,26773471
32,200000,12413446,16060376,28473822
32,200000,11236806,15504901,26741707
32,200000,9167404,16730353,25897757
32,200000,12480312,14808546,27288858
32,200000,9672225,14087747,23759972
32,200000,9326112,15186341,24512453
32,200000,12633786,16202278,28836064
32,200000,12186554,16098029,28284583
32,200000,10743380,15973790,26717170
32,200000,13315082,15689192,29004274
32,200000,11046548,15527171,26573719
32,200000,11340424,17589697,28930121
32,200000,11758660,16118327,27876987
32,200000,13210657,16539057,29749714
32,200000,14113952,15772412,29886364
32,200000,11141655,16200971,27342626
32,200000,11102818,15184887,26287705
32,200000,10263903,14709765,24973668
32,200000,11497137,15373654,26870791
32,200000,11442732,16161025,27603757
32,200000,11931447,15441329,27372776
32,200000,13184011,17595597,30779608
32,200000,11987914,15704710,27692624
32,200000,11149553,15328727,26478280
32,200000,13104033,15807651,28911684
32,200000,9933667,15593293,25526960
32,200000,8640493,15507309,24147802
32,200000,11298441,16053780,27352221
32,200000,11407003,15717535,27124538
32,200000,10887024,16078424,26965448
32,200000,9057767,17193803,26251570
32,200000,12996406,15094996,28091402
32,200000,9066560,15499352,24565912
32,200000,8960243,15427418,24387661
32,200000,11380882,15375604,26756486
32,200000,8111564,15805077,23916641
32,200000,10903199,15359680,26262879
32,200000,10167206,16432755,26599961
32,200000,10716509,15599712,26316221
32,200000,12158291,15745926,27904217
32,200000,12391262,15636399,28027661
32,200000,10895097,15798630,26693727
32,200000,11411182,15994798,27405980
32,200000,9164449,15996265,25160714
32,200000,7602481,15993255,23595736
32,200000,8856943,16018137,24875080
32,200000,11479698,17104368,28584066
32,200000,12529509,15331825,27861334
32,200000,10538900,15776707,26315607
32,200000,13591047,15756152,29347199
32,200000,9821590,15975353,25796943
32,200000,14297416,16760274,31057690
32,200000,10032048,15882331,25914379
32,200000,14088403,15071850,29160253
32,200000,11404258,15449797,26854055
32,200000,11951665,15190641,27142306
32,200000,9728258,15590610,25318868
32,200000,11190045,17018213,28208258
32,200000,10096116,15377214,25473330
32,200000,12983079,15835032,28818111
32,200000,12336274,16942296,29278570
32,200000,10732301,16479281,27211582
32,200000,9662306,15375173,25037479
32,200000,12406283,15411312,27817595
32,200000,9039056,16163019,25202075
32,200000,10783145,15230446,26013591
32,200000,9942123,17457383,27399506
32,200000,11747764,15229424,26977188
32,200000,12421937,15823798,28245735
32,200000,11209931,15585414,26795345
32,200000,10113690,15725461,25839151
32,200000,10638483,15842791,26481274
32,200000,10900644,15816050,26716694
32,200000,11614321,16042760,27657081
32,200000,8060833,16939677,25000510
32,200000,11492112,15839262,27331374
32,200000,12021083,15835088,27856171
32,200000,10327346,15901408,26228754
32,200000,11661997,15691138,27353135
32,200000,12342678,16157919,28500597
32,200000,12480801,16659060,29139861
32,200000,11669028,16064719,27733747
32,200000,10969313,15632640,26601953
32,200000,10180076,16959485,27139561
32,200000,12925294,17393701,30318995
32,200000,12233700,17105109,29338809
32,200000,10496489,16892221,27388710
32,200000,11816170,15919825,27735995
32,200000,13300355,16254980,29555335
32,200000,10960590,16948434,27909024
32,200000,10448587,15633906,26082493
32,200000,11139796,16974096,28113892
32,300000,13830873,22782491,36613364
32,300000,14330370,20658865,34989235
32,300000,14735020,22355168,37090188
32,300000,16230530,22302951,38533481
32,300000,18111677,22939901,41051578
32,300000,16593465,24600230,41193695
32,300000,15336659,23409412,38746071
32,300000,13472437,22952139,36424576
32,300000,17509549,23123917,40633466
32,300000,15974382,22328987,38303369
32,300000,18155426,22078200,40233626
32,300000,14027839,22779790,36807629
32,300000,15567779,21965051,37532830
32,300000,16203965,26483909,42687874
32,300000,13768796,23554228,37323024
32,300000,16366871,22268456,38635327
32,300000,15370746,23097571,38468317
32,300000,16354176,22281419,38635595
32,300000,14020981,22911352,36932333
32,300000,15390963,21753363,37144326
32,300000,15280757,23399852,38680609
32,300000,13127725,22680096,35807821
32,300000,17018675,21491636,38510311
32,300000,17032274,22359890,39392164
32,300000,14421412,23494895,37916307
32,300000,14231127,20129303,34360430
32,300000,16744764,22510865,39255629
32,300000,14620869,21316688,35937557
32,300000,14579850,22854207,37434057
32,300000,16380540,22904798,39285338
32,300000,16318431,22946988,39265419
32,300000,16342876,22535866,38878742
32,300000,12990217,22557599,35547816
32,300000,16263526,22301353,38564879
32,300000,16788886,22609895,39398781
32,300000,16547751,22513043,39060794
32,300000,16727562,23289556,40017118
32,300000,15243717,22659874,37903591
32,300000,13167815,21766742,34934557
32,300000,16227495,23619454,39846949
32,300000,16155370,20210717,36366087
32,300000,15895270,22590499,38485769
32,300000,15996379,24045941,40042320
32,300000,17671271,22725120,40396391
32,300000,18043985,22099934,40143919
32,300000,16160267,23506265,39666532
32,300000,15158887,23846133,39005020
32,300000,12001965,23080408,35082373
32,300000,14996702,21923306,36920008
32,300000,16290951,22833570,39124521
32,300000,16554050,23683461,40237511
32,300000,18003548,24401981,42405529
32,300000,15848767,22011756,37860523
32,300000,14983995,22768890,37752885
32,300000,12358718,21834806,34193524
32,300000,16273378,22613170,38886548
32,300000,15918435,23200860,39119295
32,300000,18577059,22582669,41159728
32,300000,15363080,22091974,37455054
32,300000,14996300,21941914,36938214
32,300000,13559934,22807184,36367118
32,300000,12655331,22964273,35619604
32,300000,16033631,23218324,39251955
32,300000,16889310,24053388,40942698
32,300000,13098323,21665857,34764180
32,300000,15284062,23781818,39065880
32,300000,17021255,23599174,40620429
32,300000,11011393,21620375,32631768
32,300000,15055195,21311489,36366684
32,300000,11132726,22653948,33786674
32,300000,17806767,23201039,41007806
32,300000,13112596,23633140,36745736
32,300000,17035393,24962368,41997761
32,300000,10537552,21088599,31626151
32,300000,13563748,22751644,36315392
32,300000,15452021,21686137,37138158
32,300000,12901148,23780126,36681274
32,300000,13375794,21786588,35162382
32,300000,15381671,22431909,37813580
32,300000,15016783,21158174,36174957
32,300000,14859444,23005359,37864803
32,300000,16553033,21143119,37696152
32,300000,17708025,21813522,39521547
32,300000,16052263,21556607,37608870
32,300000,16554793,25603662,42158455
32,300000,14830713,23032176,37862889
32,300000,16282553,22945991,39228544
32,300000,16395881,23980243,40376124
32,300000,13757333,22578244,36335577
32,300000,13051440,23217862,36269302
32,300000,16508168,22831554,39339722
32,300000,13755310,23225655,36980965
32,300000,14627762,22463461,37091223
32,300000,18612643,23273300,41885943
32,300000,12105116,25184946,37290062
32,300000,15678907,22533060,38211967
32,300000,16459247,23515822,39975069
32,300000,18119947,23206309,41326256
32,300000,13763744,23319391,37083135
32,300000,16045115,22250299,38295414
32,300000,13122921,21638699,34761620
32,300000,15682764,23346226,39028990
32,300000,15182114,21853274,37035388
32,300000,11509639,22513763,34023402
32,300000,16989565,22915287,39904852
32,300000,15882975,21592723,37475698
32,300000,13155525,22768572,35924097
32,300000,16619956,21140317,37760273
32,300000,18171394,22735179,40906573
32,300000,17933409,22531428,40464837
32,300000,12707341,22960353,35667694
32,300000,18873907,22711527,41585434
32,300000,16660021,22544022,39204043
32,300000,15306444,22350122,37656566
32,300000,17232250,23121970,40354220
32,400000,19428570,29295757,48724327
32,400000,20738335,28698563,49436898
32,400000,21081688,29127165,50208853
32,400000,17960629,29296387,47257016
32,400000,16426028,31296371,47722399
32,400000,20860710,29519242,50379952
32,400000,19967745,28548762,48516507
32,400000,20987242,29042163,50029405
32,400000,20588158,29202700,49790858
32,400000,18685534,28764362,47449896
32,400000,18264999,28625992,46890991
32,400000,19105166,27423290,46528456
32,400000,19089363,28890383,47979746
32,400000,17264012,28309128,45573140
32,400000,19328502,28413952,47742454
32,400000,21706443,30327282,52033725
32,400000,20425469,29145675,49571144
32,400000,14956424,28908606,43865030
32,400000,20260662,27996594,48257256
32,400000,17398019,29090048,46488067
32,400000,17449978,29298820,46748798
32,400000,19887338,28962639,48849977
32,400000,20073539,28677301,48750840
32,400000,20312426,31309723,51622149
32,400000,20130082,29234215,49364297
32,400000,20725669,32234432,52960101
32,400000,19364160,28373939,47738099
32,400000,15236014,28776936,44012950
32,400000,19432631,28804500,48237131
32,400000,19945710,28489521,48435231
32,400000,18561219,29197422,47758641
32,400000,15968562,29154997,45123559
32,400000,19149465,28327832,47477297
32,400000,16505412,28076919,44582331
32,400000,20579643,29775161,50354804
32,400000,20296940,28521098,48818038
32,400000,19275090,29644391,48919481
32,400000,16674831,31298620,47973451
32,400000,17842219,29158968,47001187
32,400000,16594150,29388833,45982983
32,400000,19902903,28171258,48074161
32,400000,14367983,29560727,43928710
32,400000,14747682,28707086,43454768
32,400000,14741539,28370616,43112155
32,400000,19922102,28500222,48422324
32,400000,19084640,27641846,46726486
32,400000,17773491,29087953,46861444
32,400000,19128677,28513474,47642151
32,400000,18733194,29061452,47794646
32,400000,15509246,31262048,46771294
32,400000,15177829,29854075,45031904
32,400000,13471575,29763101,43234676
32,400000,18986673,28946128,47932801
32,400000,18104707,29589806,47694513
32,400000,19550644,28517901,48068545
32,400000,20518188,29279784,49797972
32,400000,20267313,29249854,49517167
32,400000,13050890,28992780,42043670
32,400000,20575340,28360147,48935487
32,400000,21418393,29411308,50829701
32,400000,17417168,29613362,47030530
32,400000,20616979,30249567,50866546
32,400000,17358406,28180256,45538662
32,400000,18681496,29140238,47821734
32,400000,17208624,28608574,45817198
32,400000,20798328,28592362,49390690
32,400000,19530307,28898031,48428338
32,400000,15381459,29339622,44721081
32,400000,17549357,28702825,46252182
32,400000,19823106,30385935,50209041
32,400000,22818201,28476506,51294707
32,400000,17899782,28592766,46492548
32,400000,17517054,29189389,46706443
32,400000,20583130,28996696,49579826
32,400000,20187510,29213983,49401493
32,400000,19664930,29326873,48991803
32,400000,19964797,28693151,48657948
32,400000,20664577,29155492,49820069
32,400000,17781969,28405380,46187349
32,400000,17191987,28736495,45928482
32,400000,20533129,29923005,50456134
32,400000,20977473,28916775,49894248
32,400000,17411941,28992555,46404496
32,400000,17546011,29076619,46622630
32,400000,17701144,29139494,46840638
32,400000,21624083,28028048,49652131
32,400000,19837189,29394500,49231689
32,400000,20232883,28992106,49224989
32,400000,21369091,28872947,50242038
32,400000,19995695,29350169,49345864
32,400000,16925691,28578372,45504063
32,400000,21791920,28811112,50603032
32,400000,21938727,28204487,50143214
32,400000,18153599,29905218,48058817
32,400000,18437167,29409633,47846800
32,400000,17406730,28193143,45599873
32,400000,19305092,28972920,48278012
32,400000,14205557,29578340,43783897
32,400000,20008074,29297688,49305762
32,400000,21397754,29287426,50685180
32,400000,19286060,28742374,48028434
32,400000,13446948,29278254,42725202
32,400000,15324276,28655122,43979398
32,400000,18749462,28840008,47589470
32,400000,14741724,31809693,46551417
32,400000,18444258,29438200,47882458
32,400000,18523831,29328470,47852301
32,400000,18593802,32179250,50773052
32,400000,16488604,28710478,45199082
32,400000,18682242,28759305,47441547
32,400000,17590150,31827179,49417329
32,400000,19917170,29080031,48997201
32,400000,21243048,28884122,50127170
32,400000,21185197,28188857,49374054
32,400000,19420222,28987462,48407684
32,500000,17709169,35514425,53223594
32,500000,21236597,34835204,56071801
32,500000,19022659,33156538,52179197
32,500000,21468105,35032065,56500170
32,500000,22926558,34619595,57546153
32,500000,16960428,36155820,53116248
32,500000,21666572,35714187,57380759
32,500000,19314613,35864661,55179274
32,500000,17413915,35165488,52579403
32,500000,20636143,35608067,56244210
32,500000,20860695,35543584,56404279
32,500000,16083162,35843221,51926383
32,500000,17695386,36045935,53741321
32,500000,18534633,34783053,53317686
32,500000,16242380,35722954,51965334
32,500000,21959553,35226657,57186210
32,500000,17786828,34861223,52648051
32,500000,18657733,35600224,54257957
32,500000,21252771,36085867,57338638
32,500000,15653078,35792142,51445220
32,500000,17315213,39193272,56508485
32,500000,18609320,37976897,56586217
32,500000,17104854,34353553,51458407
32,500000,25485101,35705321,61190422
32,500000,15228435,36570621,51799056
32,500000,19011869,36412038,55423907
32,500000,18198936,34847106,53046042
32,500000,22101868,35568497,57670365
32,500000,18733819,34953368,53687187
32,500000,19442301,35158333,54600634
32,500000,18319266,34965239,53284505
32,500000,17323473,35248642,52572115
32,500000,16388763,34827345,51216108
32,500000,22027637,35227310,57254947
32,500000,23416395,35714956,59131351
32,500000,16696697,35178492,51875189
32,500000,18710733,34795942,53506675
32,500000,21748477,35889338,57637815
32,500000,16760264,35446199,52206463
32,500000,16763884,34874609,51638493
32,500000,19556381,36588024,56144405
32,500000,23808627,35660114,59468741
32,500000,21874304,36615413,58489717
32,500000,17896202,36052282,53948484
32,500000,21529336,34631733,56161069
32,500000,17326711,36078436,53405147
32,500000,23485508,34795107,58280615
32,500000,18009615,36570068,54579683
32,500000,21400346,37689823,59090169
32,500000,16303522,35754839,52058361
32,500000,15886121,34066566,49952687
32,500000,21271233,35085484,56356717
32,500000,15905565,33140388,49045953
32,500000,17535349,34645705,52181054
32,500000,19685823,34579194,54265017
32,500000,16680115,39244296,55924411
32,500000,17543404,35045041,52588445
32,500000,16454232,37719761,54173993
32,500000,16100189,36245298,52345487
32,500000,18043350,36781706,54825056
32,500000,23619509,36308642,59928151
32,500000,17810966,33895213,51706179
32,500000,17667657,35893475,53561132
32,500000,23209754,35700295,58910049
32,500000,18522074,36253502,54775576
32,500000,17816495,35964408,53780903
32,500000,17226289,35546541,52772830
32,500000,22868528,35905278,58773806
32,500000,16807029,35296135,52103164
32,500000,24181100,35834181,60015281
32,500000,17503251,35672275,53175526
32,500000,16500267,33915340,50415607
32,500000,15776767,34530842,50307609
32,500000,15674507,34550870,50225377
32,500000,19710666,36201955,55912621
32,500000,17094476,37867500,54961976
32,500000,17188912,35650903,52839815
32,500000,21102465,35462038,56564503
32,500000,18203932,36368050,54571982
32,500000,22788278,35407837,58196115
32,500000,23724152,35599783,59323935
32,500000,16659312,35796951,52456263
32,500000,16677661,35769616,52447277
32,500000,17510115,35791358,53301473
32,500000,23307203,35640734,58947937
32,500000,16491055,35381698,51872753
32,500000,17179463,35372335,52551798
32,500000,20943283,36507290,57450573
32,500000,23637436,35575834,59213270
32,500000,19821766,36305345,56127111
32,500000,17565738,35137632,52703370
32,500000,15544074,35485555,51029629
32,500000,24064101,37094867,61158968
32,500000,20729482,36186404,56915886
32,500000,15804865,35004001,50808866
32,500000,20379805,33804591,54184396
32,500000,23107725,35470134,58577859
32,500000,15621687,34704035,50325722
32,500000,18352835,34418163,52770998
32,500000,24952892,34813738,59766630
32,500000,17479997,35788951,53268948
32,500000,25812568,34929552,60742120
32,500000,16392878,34219129,50612007
32,500000,19800476,34635915,54436391
32,500000,22432537,34767885,57200422
32,500000,22631922,36408832,59040754
32,500000,17579708,35269926,52849634
32,500000,15567200,36310878,51878078
32,500000,17293906,36967085,54260991
32,500000,17666072,35116929,52783001
32,500000,18298686,35683354,53982040
32,500000,15914855,36081744,51996599
32,500000,15663659,35005690,50669349
32,500000,16270328,35262222,51532550
32,500000,20259705,35427003,55686708
32,600000,23586709,42913154,66499863
32,600000,25401463,45672410,71073873
32,600000,27525507,41588588,69114095
32,600000,25732817,43277889,69010706
32,600000,23207413,41831164,65038577
32,600000,26012621,42541170,68553791
32,600000,24658191,41828899,66487090
32,600000,25246944,42484968,67731912
32,600000,25115020,42340077,67455097
32,600000,27547844,42132287,69680131
32,600000,23720554,42182330,65902884
32,600000,26549607,41911248,68460855
32,600000,24260241,42491380,66751621
32,600000,18704992,40002685,58707677
32,600000,25885287,42818873,68704160
32,600000,21159495,41837465,62996960
32,600000,24727979,42631666,67359645
32,600000,21427714,42324738,63752452
32,600000,25707583,42827540,68535123
32,600000,25492698,41997317,67490015
32,600000,20473591,41692284,62165875
32,600000,21279909,42060715,63340624
32,600000,26423544,43138299,69561843
32,600000,17674787,41436678,59111465
32,600000,26610469,41681053,68291522
32,600000,25991163,42046075,68037238
32,600000,23997580,41189837,65187417
32,600000,19569495,41544493,61113988
32,600000,25241417,41815615,67057032
32,600000,22924198,40994919,63919117
32,600000,26952757,41493613,68446370
32,600000,25381820,41053054,66434874
32,600000,24722119,42002843,66724962
32,600000,17809731,45571752,63381483
32,600000,24470343,42229139,66699482
32,600000,26625383,42295885,68921268
32,600000,20826264,42217637,63043901
32,600000,19777472,42645857,62423329
32,600000,17483957,41798970,59282927
32,600000,27057651,40315536,67373187
32,600000,26576266,42337925,68914191
32,600000,26215162,45097671,71312833
32,600000,25595620,41901510,67497130
32,600000,28921908,46377505,75299413
32,600000,18684229,41014462,59698691
32,600000,24290719,40922245,65212964
32,600000,25240783,41802806,67043589
32,600000,24143081,42188384,66331465
32,600000,27021415,41962876,68984291
32,600000,19129157,40734868,59864025
32,600000,20149392,42856478,63005870
32,600000,26238300,41773814,68012114
32,600000,20535767,43905304,64441071
32,600000,26496308,41561879,68058187
32,600000,20721463,42819294,63540757
32,600000,27041544,40754752,67796296
32,600000,30499425,43497899,73997324
32,600000,25696238,42763016,68459254
32,600000,24815855,42018621,66834476
32,600000,18829342,39813849,58643191
32,600000,24594465,42687028,67281493
32,600000,26353539,41265898,67619437
32,600000,26497968,41458478,67956446
32,600000,26044754,40932170,66976924
32,600000,25844976,42641145,68486121
32,600000,27614593,42368640,69983233
32,600000,24937157,42039271,66976428
32,600000,28340616,41440908,69781524
32,600000,18177343,42913593,61090936
32,600000,26777968,42203286,68981254
32,600000,27653666,41318045,68971711
32,600000,22306301,40917653,63223954
32,600000,20818698,42124283,62942981
32,600000,25557799,40892902,66450701
32,600000,18437966,48345939,66783905
32,600000,18897437,42784333,61681770
32,600000,26961022,41208688,68169710
32,600000,25861133,42700462,68561595
32,600000,24724458,41799680,66524138
32,600000,26059644,42259093,68318737
32,600000,27047085,42407042,69454127
32,600000,30042575,41731972,71774547
32,600000,18801261,41086198,59887459
32,600000,24956166,41881124,66837290
32,600000,26177245,41990339,68167584
32,600000,23202541,41209179,64411720
32,600000,22771336,42271242,65042578
32,600000,25522243,41430204,66952447
32,600000,18791202,40014940,58806142
32,600000,17934945,42526625,60461570
32,600000,24665344,41930302,66595646
32,600000,22884871,42001943,64886814
32,600000,28442509,41946799,70389308
32,600000,28314763,42528728,70843491
32,600000,25650197,42702623,68352820
32,600000,25381043,42662301,68043344
32,600000,20085138,42051170,62136308
32,600000,22919431,41291335,64210766
32,600000,24050032,42202273,66252305
32,600000,19424192,42693222,62117414
32,600000,26260848,41551110,67811958
32,600000,25890657,42964358,68855015
32,600000,25549160,42222215,67771375
32,600000,17937793,41209107,59146900
32,600000,24499761,41184495,65684256
32,600000,25152649,40815158,65967807
32,600000,25582353,42036864,67619217
32,600000,24315321,42333780,66649101
32,600000,29317883,43459744,72777627
32,600000,25045129,40940883,65986012
32,600000,25332833,42016141,67348974
32,600000,29476916,42103814,71580730
32,600000,27004274,46999727,74004001
32,600000,26638137,42503760,69141897
32,600000,26979583,41005177,67984760
32,700000,25222303,48986155,74208458
32,700000,20895487,48135851,69031338
32,700000,22649172,49052373,71701545
32,700000,21248186,48892691,70140877
32,700000,23435122,50530835,73965957
32,700000,21088304,48364288,69452592
32,700000,20215540,48559400,68774940
32,700000,21079712,47961673,69041385
32,700000,20950474,49080785,70031259
32,700000,20778186,47344422,68122608
32,700000,19331925,50294866,69626791
32,700000,20078247,48229104,68307351
32,700000,20871895,48334217,69206112
32,700000,20455508,48691451,69146959
32,700000,22453037,50093878,72546915
32,700000,24048077,48924844,72972921
32,700000,22436789,47971345,70408134
32,700000,23605285,46090119,69695404
32,700000,24347892,48173834,72521726
32,700000,19977685,48778887,68756572
32,700000,19111558,47650701,66762259
32,700000,29019681,49445639,78465320
32,700000,21984969,49308618,71293587
32,700000,19476979,47879796,67356775
32,700000,19690384,47591808,67282192
32,700000,22734711,49518929,72253640
32,700000,26280911,48945952,75226863
32,700000,23531326,48414656,71945982
32,700000,23425084,49275952,72701036
32,700000,21451673,46750669,68202342
32,700000,19846891,48770808,68617699
32,700000,20448391,48267617,68716008
32,700000,22859750,47748663,70608413
32,700000,22407502,47835682,70243184
32,700000,19907460,48903486,68810946
32,700000,24143092,48847730,72990822
32,700000,22210122,48370636,70580758
32,700000,22439744,49082942,71522686
32,700000,21476245,48924321,70400566
32,700000,26119181,49068668,75187849
32,700000,22152481,47950992,70103473
32,700000,21994068,48427079,70421147
32,700000,19527458,49782416,69309874
32,700000,25065462,48824929,73890391
32,700000,23434328,47007276,70441604
32,700000,21215370,48654981,69870351
32,700000,19177447,48274771,67452218
32,700000,24220611,48232756,72453367
32,700000,22675762,48692382,71368144
32,700000,20854711,48302370,69157081
32,700000,18301197,48795334,67096531
32,700000,20623593,50362785,70986378
32,700000,20978772,48103397,69082169
32,700000,21752838,48540458,70293296
32,700000,19726580,47581073,67307653
32,700000,22422937,48530716,70953653
32,700000,20888754,48285160,69173914
32,700000,23381214,48760790,72142004
32,700000,20602786,48727747,69330533
32,700000,20721290,48163500,68884790
32,700000,23802122,47713076,71515198
32,700000,25427155,48053794,73480949
32,700000,23637157,47078480,70715637
32,700000,23275736,49221104,72496840
32,700000,23162890,48195053,71357943
32,700000,22698921,48103975,70802896
32,700000,19666103,50696968,70363071
32,700000,18969992,48984155,67954147
32,700000,22115864,46841598,68957462
32,700000,22606865,48609861,71216726
32,700000,21134612,48015860,69150472
32,700000,23135460,47955516,71090976
32,700000,23895047,50346679,74241726
32,700000,21492923,49590902,71083825
32,700000,21204797,47891262,69096059
32,700000,25805268,48754252,74559520
32,700000,21719152,48443008,70162160
32,700000,21435710,47923130,69358840
32,700000,25520812,49818066,75338878
32,700000,22944828,46346149,69290977
32,700000,25422560,46324830,71747390
32,700000,21216245,48257248,69473493
32,700000,21887396,48297101,70184497
32,700000,19138515,47850963,66989478
32,700000,23024496,54889922,77914418
32,700000,22494348,49421840,71916188
32,700000,21872993,49138735,71011728
32,700000,23460193,48328544,71788737
32,700000,20632259,48544201,69176460
32,700000,22963517,49071682,72035199
32,700000,19967830,47984424,67952254
32,700000,22358347,48633064,70991411
32,700000,19823534,48016884,67840418
32,700000,22117738,47889404,70007142
32,700000,19564585,54908744,74473329
32,700000,21470514,48175500,69646014
32,700000,22313967,49297460,71611427
32,700000,20901696,52665406,73567102
32,700000,30692979,48085047,78778026
32,700000,26071833,48976770,75048603
32,700000,18264571,48520445,66785016
32,700000,22211101,47735984,69947085
32,700000,19397193,48289764,67686957
32,700000,24712049,48734061,73446110
32,700000,22372326,48301869,70674195
32,700000,20041760,48806582,68848342
32,700000,21926130,48564299,70490429
32,700000,23354923,47712770,71067693
32,700000,22116090,47659492,69775582
32,700000,20893710,48960113,69853823
32,700000,21244297,48550971,69795268
32,700000,20957768,49656233,70614001
32,700000,24308856,48679375,72988231
32,700000,21321655,48816653,70138308
32,700000,21810705,48683632,70494337
32,800000,22448811,55515795,77964606
32,800000,23854313,54042375,77896688
32,800000,22627627,53628924,76256551
32,800000,23996968,56101347,80098315
32,800000,23548060,55577838,79125898
32,800000,24983110,54810090,79793200
32,800000,22984556,54828857,77813413
32,800000,26246135,55098075,81344210
32,800000,22639708,55441448,78081156
32,800000,23259751,55134860,78394611
32,800000,25388849,54155482,79544331
32,800000,22769810,58391233,81161043
32,800000,26385691,54130192,80515883
32,800000,22698045,55661501,78359546
32,800000,22347934,54597836,76945770
32,800000,21975564,54500119,76475683
32,800000,21492458,59549894,81042352
32,800000,25596638,54097156,79693794
32,800000,26899872,55788688,82688560
32,800000,25464545,54545822,80010367
32,800000,22623983,55496644,78120627
32,800000,26343963,56574544,82918507
32,800000,21526512,53883056,75409568
32,800000,23621055,54267149,77888204
32,800000,23867697,53318158,77185855
32,800000,25873351,54482419,80355770
32,800000,22552334,54686744,77239078
32,800000,27280898,54987231,82268129
32,800000,24479606,55509581,79989187
32,800000,22307309,54170670,76477979
32,800000,22537697,55186421,77724118
32,800000,25639319,56293631,81932950
32,800000,22962177,56076368,79038545
32,800000,29577456,55019261,84596717
32,800000,25443964,55394028,80837992
32,800000,25608293,58945412,84553705
32,800000,22789446,53666495,76455941
32,800000,23672716,56017121,79689837
32,800000,25020270,54428561,79448831
32,800000,24456171,56663419,81119590
32,800000,24047741,54566009,78613750
32,800000,23566873,54093538,77660411
32,800000,24468971,54864708,79333679
32,800000,22880882,55759824,78640706
32,800000,26447954,55315548,81763502
32,800000,22572415,54041727,76614142
32,800000,24870412,54843580,79713992
32,800000,22620526,54726855,77347381
32,800000,21776054,54598944,76374998
32,800000,23370832,53978070,77348902
32,800000,21258741,53827423,75086164
32,800000,23514936,54360538,77875474
32,800000,23367722,53116733,76484455
32,800000,26865407,56306522,83171929
32,800000,24102211,54047561,78149772
32,800000,23873952,59395771,83269723
32,800000,22601996,54055419,76657415
32,800000,24509802,61969002,86478804
32,800000,24298868,55554083,79852951
32,800000,24153246,53208781,77362027
32,800000,22376611,55134916,77511527
32,800000,22728580,56231648,78960228
32,800000,22928361,54602416,77530777
32,800000,23018577,56630192,79648769
32,800000,24167862,59579391,83747253
32,800000,27066742,54629454,81696196
32,800000,21983880,55595441,77579321
32,800000,22795917,61261271,84057188
32,800000,24036709,55682557,79719266
32,800000,23286412,55866049,79152461
32,800000,23261955,55294685,78556640
32,800000,23261035,59524346,82785381
32,800000,26819923,55504294,82324217
32,800000,23915009,54709151,78624160
32,800000,24058980,55357096,79416076
32,800000,22056671,54058536,76115207
32,800000,22494290,56005935,78500225
32,800000,24738869,55112328,79851197
32,800000,23307345,54430365,77737710
32,800000,23626029,54741361,78367390
32,800000,21064500,54518721,75583221
32,800000,22357261,55697770,78055031
32,800000,22128580,56758545,78887125
32,800000,28253951,54294596,82548547
32,800000,22605336,54568124,77173460
32,800000,22926868,54956156,77883024
32,800000,22273653,54713846,76987499
32,800000,23464346,56420727,79885073
32,800000,23004594,54383589,77388183
32,800000,24006573,54165911,78172484
32,800000,20644105,55353296,75997401
32,800000,25384559,53112772,78497331
32,800000,23975745,55124596,79100341
32,800000,22430297,63510908,85941205
32,800000,25008038,54597206,79605244
32,800000,23507838,54820672,78328510
32,800000,24446396,53944088,78390484
32,800000,21643605,56282177,77925782
32,800000,22595559,54080274,76675833
32,800000,22639578,54465423,77105001
32,800000,24732659,55304014,80036673
32,800000,23045294,55556780,78602074
32,800000,21845812,55206822,77052634
32,800000,21011605,54984122,75995727
32,800000,24421975,56633444,81055419
32,800000,23626074,54150353,77776427
32,800000,24088620,54800810,78889430
32,800000,24369132,54330234,78699366
32,800000,25186189,53827215,79013404
32,800000,22892729,55423985,78316714
32,800000,23470935,56138544,79609479
32,800000,27497383,56292368,83789751
32,800000,24724121,55068622,79792743
32,800000,24145893,54055825,78201718
32,800000,23350421,55488417,78838838
32,900000,27203226,61355107,88558333
32,900000,25215954,61967267,87183221
32,900000,23547983,61239794,84787777
32,900000,26303929,62205559,88509488
32,900000,25282308,66344256,91626564
32,900000,26146636,61790733,87937369
32,900000,26890386,63439277,90329663
32,900000,24976582,70819319,95795901
32,900000,25149517,60097602,85247119
32,900000,28477920,61680613,90158533
32,900000,28782614,61438634,90221248
32,900000,25324976,61603120,86928096
32,900000,26746417,62666649,89413066
32,900000,26709593,60945954,87655547
32,900000,27679441,60801995,88481436
32,900000,27010606,61434056,88444662
32,900000,23256026,61610990,84867016
32,900000,26779485,62198813,88978298
32,900000,24479907,63499295,87979202
32,900000,27146857,68352485,95499342
32,900000,26249553,61548209,87797762
32,900000,26497876,60921136,87419012
32,900000,26957721,61369122,88326843
32,900000,26367204,64026530,90393734
32,900000,26136158,61815016,87951174
32,900000,24358392,60383026,84741418
32,900000,23704817,62225101,85929918
32,900000,26626489,60455942,87082431
32,900000,26149171,62322961,88472132
32,900000,27238838,61866256,89105094
32,900000,23441344,61946527,85387871
32,900000,24481249,62766484,87247733
32,900000,25838280,60745910,86584190
32,900000,24863827,62179675,87043502
32,900000,26875403,62189908,89065311
32,900000,24946590,61153290,86099880
32,900000,24172140,67952428,92124568
32,900000,26441051,59268978,85710029
32,900000,25470228,61225406,86695634
32,900000,23074356,61465032,84539388
32,900000,24273350,60256834,84530184
32,900000,24019812,60485722,84505534
32,900000,26703127,61050565,87753692
32,900000,25705486,62818252,88523738
32,900000,25912080,61474544,87386624
32,900000,29977645,59023852,89001497
32,900000,26452296,61332841,87785137
32,900000,25215440,62349792,87565232
32,900000,25557917,60907460,86465377
32,900000,28438508,61674877,90113385
32,900000,29344379,62257253,91601632
32,900000,23914287,61291316,85205603
32,900000,22519371,60244815,82764186
32,900000,24518253,61425716,85943969
32,900000,26174339,60948432,87122771
32,900000,26945821,59650437,86596258
32,900000,25536031,61175726,86711757
32,900000,25632461,61957098,87589559
32,900000,24751722,63203309,87955031
32,900000,25403909,61500042,86903951
32,900000,24936295,62026609,86962904
32,900000,26190707,61594394,87785101
32,900000,27484831,62075006,89559837
32,900000,26372286,61165173,87537459
32,900000,25500709,60078013,85578722
32,900000,25526126,59402237,84928363
32,900000,25903080,60188000,86091080
32,900000,26462858,59215613,85678471
32,900000,26675371,60742711,87418082
32,900000,24417448,61773910,86191358
32,900000,25471121,61653244,87124365
32,900000,25787838,61936205,87724043
32,900000,28420330,60598902,89019232
32,900000,24517249,62044584,86561833
32,900000,24095655,60873450,84969105
32,900000,25580686,61591923,87172609
32,900000,24660656,61461877,86122533
32,900000,24936489,61308731,86245220
32,900000,24893267,63210815,88104082
32,900000,26564906,60124240,86689146
32,900000,25340507,62114645,87455152
32,900000,26715951,62787756,89503707
32,900000,27821490,59021623,86843113
32,900000,23749915,60798135,84548050
32,900000,26561773,61393574,87955347
32,900000,24364554,60994514,85359068
32,900000,25388834,60135347,85524181
32,900000,24010856,61874355,85885211
32,900000,25456460,61088696,86545156
32,900000,24741092,61204660,85945752
32,900000,25841490,60263972,86105462
32,900000,26931056,60597679,87528735
32,900000,26215562,62159016,88374578
32,900000,25732984,61368671,87101655
32,900000,25079356,61227143,86306499
32,900000,25168989,61533836,86702825
32,900000,24898413,61157233,86055646
32,900000,25907415,60568689,86476104
32,900000,24785895,60674898,85460793
32,900000,23318764,61726873,85045637
32,900000,25314575,61007282,86321857
32,900000,24448225,68323133,92771358
32,900000,26539737,61495720,88035457
32,900000,28477937,69430360,97908297
32,900000,25557132,61114485,86671617
32,900000,25517495,62457879,87975374
32,900000,25097983,60111209,85209192
32,900000,22737978,62603884,85341862
32,900000,26808103,62000518,88808621
32,900000,29022307,62898579,91920886
32,900000,25800155,59503823,85303978
32,900000,25169233,61695413,86864646
32,900000,26123575,61560459,87684034
32,900000,24647703,65597747,90245450
32,900000,23040713,61707806,84748519
32,1000000,28335288,66379644,94714932
32,1000000,27418768,67065547,94484315
32,1000000,27045505,68002504,95048009
32,1000000,30305871,67369841,97675712
32,1000000,30042382,68684623,98727005
32,1000000,30776829,66522571,97299400
32,1000000,26171397,76345181,102516578
32,1000000,27560129,78282256,105842385
32,1000000,26443369,75012968,101456337
32,1000000,30263214,68890494,99153708
32,1000000,27216562,69371492,96588054
32,1000000,25774766,75531746,101306512
32,1000000,28286300,69246141,97532441
32,1000000,26020803,68189916,94210719
32,1000000,26203942,67667637,93871579
32,1000000,27182236,67640868,94823104
32,1000000,24850320,74048787,98899107
32,1000000,26776293,67682405,94458698
32,1000000,28209184,68268118,96477302
32,1000000,27773826,75253925,103027751
32,1000000,25434864,68333436,93768300
32,1000000,31775418,67849723,99625141
32,1000000,28203004,71824581,100027585
32,1000000,28152973,67953564,96106537
32,1000000,28152727,69215593,97368320
32,1000000,34260347,68322574,102582921
32,1000000,29724924,69484683,99209607
32,1000000,25509518,68748011,94257529
32,1000000,27417996,66651557,94069553
32,1000000,29119177,69372302,98491479
32,1000000,26164321,68424095,94588416
32,1000000,28240034,68048416,96288450
32,1000000,25954472,114360394,140314866
32,1000000,26305100,67978653,94283753
32,1000000,29633944,67939946,97573890
32,1000000,27519019,67448796,94967815
32,1000000,27992075,67491289,95483364
32,1000000,29035074,68051032,97086106
32,1000000,29880662,67840734,97721396
32,1000000,26992515,68544211,95536726
32,1000000,28237133,68682512,96919645
32,1000000,25541878,67035014,92576892
32,1000000,27734073,68382418,96116491
32,1000000,28696859,70063767,98760626
32,1000000,27960381,68340120,96300501
32,1000000,26549545,67846468,94396013
32,1000000,29849942,67661033,97510975
32,1000000,26476120,67796414,94272534
32,1000000,25714200,67859399,93573599
32,1000000,26097707,70221900,96319607
32,1000000,27514748,67129312,94644060
32,1000000,28401275,68439687,96840962
32,1000000,26859700,70659075,97518775
32,1000000,27218958,77720855,104939813
32,1000000,26574081,68818123,95392204
32,1000000,27901649,67874634,95776283
32,1000000,30748055,67332839,98080894
32,1000000,25746558,68539942,94286500
32,1000000,26825692,67984313,94810005
32,1000000,26455870,68440487,94896357
32,1000000,27671692,67881273,95552965
32,1000000,27670408,67985966,95656374
32,1000000,26844082,68015695,94859777
32,1000000,29103758,67219907,96323665
32,1000000,26800225,66687686,93487911
32,1000000,26073224,67940197,94013421
32,1000000,29430229,68804911,98235140
32,1000000,25446007,67902740,93348747
32,1000000,25351371,76399544,101750915
32,1000000,27045361,67708138,94753499
32,1000000,29017208,68515541,97532749
32,1000000,30044699,66578476,96623175
32,1000000,27467977,67972708,95440685
32,1000000,28130243,69969426,98099669
32,1000000,27403196,68482984,95886180
32,1000000,25484307,68061828,93546135
32,1000000,28366178,68406386,96772564
32,1000000,26895022,69354987,96250009
32,1000000,27791569,68234200,96025769
32,1000000,29166916,67615543,96782459
32,1000000,30651502,74941527,105593029
32,1000000,27228718,70616908,97845626
32,1000000,25664456,67079473,92743929
32,1000000,25290103,67706153,92996256
32,1000000,27186988,69585313,96772301
32,1000000,27888651,69914304,97802955
32,1000000,28636695,67327839,95964534
32,1000000,30818081,75581564,106399645
32,1000000,30127097,67670913,97798010
32,1000000,28309259,67597805,95907064
32,1000000,27614576,67996464,95611040
32,1000000,27546480,68789152,96335632
32,1000000,27160424,67545720,94706144
32,1000000,30336840,70372239,100709079
32,1000000,27181139,67054641,94235780
32,1000000,29224066,68997981,98222047
32,1000000,27021357,68541667,95563024
32,1000000,26792794,66704429,93497223
32,1000000,27150718,66634390,93785108
32,1000000,25240035,68534416,93774451
32,1000000,26777837,67576303,94354140
32,1000000,29822154,67301895,97124049
32,1000000,25916364,67705086,93621450
32,1000000,28238737,67291049,95529786
32,1000000,25357260,69450260,94807520
32,1000000,27666715,66933085,94599800
32,1000000,28650389,74212794,102863183
32,1000000,29222773,66701240,95924013
32,1000000,27070678,67281142,94351820
32,1000000,26523411,66437565,92960976
32,1000000,25752686,69758696,95511382
32,1000000,29503822,68210041,97713863
32,1000000,24711736,68120747,92832483
32,1000000,27318634,69663869,96982503
32,1000000,25521638,72926008,98447646
32,1000000,29203636,68281347,97484983
32,1000000,25752527,67916874,93669401
32,1000000,26236437,67649213,93885650
32,1000000,27700851,68826187,96527038
32,1000000,24944129,69924903,94869032
32,1000000,25195273,68429126,93624399
32,1000000,26099455,68547401,94646856
32,1000000,25663219,67836912,93500131
32,1000000,27435157,67818861,95254018
32,1000000,25183479,68863632,94047111
32,1000000,28355832,68220362,96576194
32,1000000,30297888,69250949,99548837
32,1000000,26719235,74989772,101709007
32,1000000,27971058,68266591,96237649
32,1000000,27001484,67767964,94769448
32,1000000,25198578,68917209,94115787
32,1000000,28268362,68077389,96345751
32,1000000,29015916,68571875,97587791
32,1000000,26224491,74950890,101175381
32,1000000,26170674,68077865,94248539
32,1000000,26019830,67152593,93172423
32,1000000,28466485,68799740,97266225
32,1000000,28086540,67055466,95142006
32,1000000,29380598,67466491,96847089
32,1000000,27312898,67978746,95291644
32,1000000,27716915,73782699,101499614
32,1000000,26928022,68626286,95554308
32,1000000,26215363,72133981,98349344
32,1000000,28362482,66980257,95342739
32,1000000,28985274,67908139,96893413
32,1000000,28540214,69121175,97661389
32,1000000,28691073,73844953,102536026
32,1000000,28484880,73822583,102307463
32,1000000,26855002,67003893,93858895
32,1000000,25133525,76253598,101387123
32,1000000,27135507,68283066,95418573
32,1000000,26474392,68552684,95027076
32,1000000,29698890,68224907,97923797
32,1000000,30284949,68044200,98329149
32,1000000,26114316,69432237,95546553
32,1000000,27410369,73853351,101263720
32,1000000,27769460,66944093,94713553
32,1000000,27368237,66818995,94187232
32,1000000,27734648,68430671,96165319
32,1000000,28294804,68554873,96849677
32,1000000,26557084,67790405,94347489
32,1000000,27979968,68020141,96000109
32,1000000,27114781,68088371,95203152
32,1000000,26441379,66775846,93217225
32,1000000,28569993,70675187,99245180
32,1000000,29659235,67092786,96752021
32,1000000,29263420,67903090,97166510
32,1000000,30713498,66888152,97601650
32,1000000,26917739,67366448,94284187
32,1000000,25658392,67478247,93136639
32,1000000,26390619,67543730,93934349
32,1000000,26957436,67185157,94142593
32,1000000,29427927,68188675,97616602
32,1000000,26104071,68211903,94315974
32,1000000,25186176,68414904,93601080
32,1000000,26855812,67845431,94701243
32,1000000,27543984,66966714,94510698
32,1000000,27118558,67459503,94578061
32,1000000,25590063,67984368,93574431
32,1000000,28823330,67245234,96068564
32,1000000,28769161,73714690,102483851
32,1000000,34105634,69212342,103317976
32,1000000,28360649,67629290,95989939
32,1000000,27061973,67675291,94737264
32,1000000,26676242,67869041,94545283
32,1000000,30511078,67236920,97747998
32,1000000,24874949,68510193,93385142
32,1000000,24731492,67743962,92475454
32,1000000,24753416,68299905,93053321
32,1000000,28281579,68766812,97048391
32,1000000,27766044,67772354,95538398
32,1000000,25495269,68098214,93593483
32,1000000,27918250,67709836,95628086
32,1000000,28664496,68639428,97303924
32,1000000,27948834,66659256,94608090
32,1000000,27946525,67945045,95891570
32,1000000,29350591,76308700,105659291
32,1000000,28511208,68303826,96815034
32,1000000,25335400,68275277,93610677
32,1000000,26777213,74605297,101382510
32,1000000,26448506,73070651,99519157
32,1000000,30689471,66778687,97468158
32,1000000,27118426,67913200,95031626
32,1000000,27266038,67209911,94475949
32,1000000,28389657,69480578,97870235
32,1000000,28109196,70298129,98407325
32,1000000,30470792,69365261,99836053
32,1000000,28897944,67529807,96427751
32,1000000,27478856,68528137,96006993
32,1000000,25700357,68685915,94386272
32,1000000,27627145,66530396,94157541
32,1000000,28222313,74303790,102526103
32,1000000,28004049,66825471,94829520
32,1000000,28213423,68115791,96329214
32,1000000,28289175,68333721,96622896
32,1000000,25145883,67675978,92821861
32,1000000,25396050,72788422,98184472
32,1000000,25025442,69396478,94421920
32,1000000,27519895,68604828,96124723
32,1000000,28422907,67883264,96306171
32,1000000,29175673,67524109,96699782
32,1000000,26061159,68243453,94304612
32,1000000,26918584,67747388,94665972
32,1000000,27251940,68215718,95467658
32,1000000,25643446,73175827,98819273
32,1000000,27031650,68703594,95735244
32,1000000,28497808,67808229,96306037
32,1000000,26069656,66972690,93042346
32,1000000,25959666,67874040,93833706
32,1000000,26838059,65797942,92636001
32,2000000,47632914,133102710,180735624
32,2000000,52487414,135218316,187705730
32,2000000,51134861,130663029,181797890
32,2000000,53597067,134407386,188004453
32,2000000,49506927,131518936,181025863
32,2000000,52744125,149482216,202226341
32,2000000,52913710,133717135,186630845
32,2000000,48888209,134199334,183087543
32,2000000,54740642,135500735,190241377
32,2000000,54602641,133776422,188379063
32,2000000,50632210,131762051,182394261
32,2000000,48004728,133822171,181826899
32,2000000,49506261,132155815,181662076
32,2000000,47842955,134098022,181940977
32,2000000,52289421,135224521,187513942
32,2000000,53237638,132536379,185774017
32,2000000,50496712,133831937,184328649
32,2000000,51130851,133026296,184157147
32,2000000,50479642,135463526,185943168
32,2000000,52121467,135507519,187628986
32,2000000,51720670,133485838,185206508
32,2000000,52677559,132320048,184997607
32,2000000,50218827,134040230,184259057
32,2000000,52209936,135161927,187371863
32,2000000,49740125,133392851,183132976
32,2000000,52105375,132198105,184303480
32,2000000,50399865,133475965,183875830
32,2000000,49315116,163898360,213213476
32,2000000,53800800,133917885,187718685
32,2000000,39732537,133956953,173689490
32,2000000,52651664,134760091,187411755
32,2000000,50316871,133345976,183662847
32,2000000,49992594,135607814,185600408
32,2000000,52970579,133244600,186215179
32,2000000,52609789,135665898,188275687
32,2000000,50558821,132455600,183014421
32,2000000,52279262,136638403,188917665
32,2000000,52274067,133199909,185473976
32,2000000,54513040,135437331,189950371
32,2000000,51599433,133838837,185438270
32,2000000,48263734,134220279,182484013
32,2000000,52898123,135533378,188431501
32,2000000,53316752,134725826,188042578
32,2000000,44636023,134054471,178690494
32,2000000,48606590,160955302,209561892
32,2000000,52360833,134281941,186642774
32,2000000,49776215,134213967,183990182
32,2000000,51502694,133038293,184540987
32,2000000,50851166,134411517,185262683
32,2000000,50057592,134100662,184158254
32,2000000,52060323,133815724,185876047
32,2000000,50706110,134839965,185546075
32,2000000,53318573,132534139,185852712
32,2000000,53768820,134049296,187818116
32,2000000,50052135,133196206,183248341
32,2000000,48519468,133391607,181911075
32,2000000,51722631,135762981,187485612
32,2000000,50649447,132283394,182932841
32,2000000,52375699,133269902,185645601
32,2000000,51495933,133306076,184802009
32,2000000,48196446,133846197,182042643
32,2000000,49294235,133679036,182973271
32,2000000,50399070,132020761,182419831
32,2000000,48022894,133695456,181718350
32,2000000,47923271,134713359,182636630
32,2000000,51628878,134186604,185815482
32,2000000,48285569,135290728,183576297
32,2000000,50765825,136036988,186802813
32,2000000,54430987,135008637,189439624
32,2000000,50191354,132676751,182868105
32,2000000,54128899,136590875,190719774
32,2000000,50263996,132976974,183240970
32,2000000,53028569,134022990,187051559
32,2000000,53191047,134110525,187301572
32,2000000,52657716,133663474,186321190
32,2000000,51532426,143091857,194624283
32,2000000,50132506,137779637,187912143
32,2000000,51155187,131218000,182373187
32,2000000,51490896,134111388,185602284
32,2000000,53497011,133791226,187288237
32,2000000,53077291,135579024,188656315
32,2000000,47995112,131981007,179976119
32,2000000,54187375,134534877,188722252
32,2000000,51018413,135079123,186097536
32,2000000,51459755,133772688,185232443
32,2000000,50220891,133666286,183887177
32,2000000,54925566,148705052,203630618
32,2000000,53125080,134805062,187930142
32,2000000,50456680,134065906,184522586
32,2000000,52817719,134047655,186865374
32,2000000,44738736,133150213,177888949
32,2000000,52918881,135562775,188481656
32,2000000,51442289,134432643,185874932
32,2000000,49566021,133285275,182851296
32,2000000,48046911,132622558,180669469
32,2000000,49007388,149709154,198716542
32,2000000,41487805,133715615,175203420
32,2000000,49114851,133645246,182760097
32,2000000,52675973,147779138,200455111
32,2000000,52113978,134738520,186852498
32,2000000,53075645,132233037,185308682
32,2000000,47533588,134325503,181859091
32,2000000,48279296,131408649,179687945
32,2000000,50179468,134115672,184295140
32,2000000,48326664,131250476,179577140
32,2000000,53109924,149803261,202913185
32,2000000,54358048,135391532,189749580
32,2000000,43058007,133271425,176329432
32,2000000,48207736,132651427,180859163
32,2000000,50328835,134890256,185219091
32,2000000,55025664,134280042,189305706
32,2000000,53147396,134916681,188064077
32,2000000,50474674,134647681,185122355
32,2000000,47588336,132555449,180143785
32,2000000,49896443,133750515,183646958
32,3000000,67099038,197861323,264960361
32,3000000,75504706,200951329,276456035
32,3000000,62845696,196761660,259607356
32,3000000,74915599,198648823,273564422
32,3000000,66966810,198330475,265297285
32,3000000,60379248,198678457,259057705
32,3000000,68372139,199085021,267457160
32,3000000,61086029,199524219,260610248
32,3000000,66266260,197629566,263895826
32,3000000,66287638,198213387,264501025
32,3000000,79690269,199343253,279033522
32,3000000,68618384,197485116,266103500
32,3000000,60237253,197222064,257459317
32,3000000,68348089,196197366,264545455
32,3000000,66824207,199398554,266222761
32,3000000,61056925,198059123,259116048
32,3000000,67350435,197702753,265053188
32,3000000,74997695,196321989,271319684
32,3000000,74723842,197416982,272140824
32,3000000,74661206,199316767,273977973
32,3000000,73889374,198642613,272531987
32,3000000,61538931,197548185,259087116
32,3000000,62214362,198111130,260325492
32,3000000,75337389,198019754,273357143
32,3000000,77036822,199543350,276580172
32,3000000,76429466,199334480,275763946
32,3000000,61868888,197926455,259795343
32,3000000,80518309,199945568,280463877
32,3000000,78390004,198533658,276923662
32,3000000,76204693,199948188,276152881
32,3000000,73869671,198980596,272850267
32,3000000,76323432,197595846,273919278
32,3000000,60327226,198234730,258561956
32,3000000,74447189,198288163,272735352
32,3000000,68780315,195522322,264302637
32,3000000,61357072,203789443,265146515
32,3000000,67163331,203467953,270631284
32,3000000,74821859,199959570,274781429
32,3000000,74913914,199855240,274769154
32,3000000,76096600,207647334,283743934
32,3000000,78313462,219421133,297734595
32,3000000,73687715,197615754,271303469
32,3000000,73582102,198130985,271713087
32,3000000,67854606,199434908,267289514
32,3000000,65967055,202382006,268349061
32,3000000,66230789,198961835,265192624
32,3000000,69220613,196958484,266179097
32,3000000,66545552,202718269,269263821
32,3000000,66704392,199474773,266179165
32,3000000,77762840,200238390,278001230
32,3000000,74155838,199679094,273834932
32,3000000,67355322,199342235,266697557
32,3000000,59037488,196994378,256031866
32,3000000,62770687,203957604,266728291
32,3000000,61476910,198725394,260202304
32,3000000,67697288,200005304,267702592
32,3000000,74439344,219261238,293700582
32,3000000,75109154,198195665,273304819
32,3000000,68976935,199076416,268053351
32,3000000,74887305,198106832,272994137
32,3000000,66892721,203298328,270191049
32,3000000,67341902,198752181,266094083
32,3000000,73913801,197532958,271446759
32,3000000,74487598,199558248,274045846
32,3000000,63452510,198856021,262308531
32,3000000,76446852,198790086,275236938
32,3000000,78089858,199909112,277998970
32,3000000,77078211,237899549,314977760
32,3000000,67448046,197779400,265227446
32,3000000,68053990,199552294,267606284
32,3000000,76062163,202294841,278357004
32,3000000,74118254,200557628,274675882
32,3000000,60531330,200244304,260775634
32,3000000,67655422,217385517,285040939
32,3000000,74547790,199588150,274135940
32,3000000,61202062,198796714,259998776
32,3000000,59310746,198346518,257657264
32,3000000,78103773,198735977,276839750
32,3000000,72905539,200120973,273026512
32,3000000,74503071,200243323,274746394
32,3000000,69748629,197513828,267262457
32,3000000,75328716,198684484,274013200
32,3000000,76476076,197565832,274041908
32,3000000,76873094,199641425,276514519
32,3000000,74250950,414101505,488352455
32,3000000,77626463,201344566,278971029
32,3000000,61229062,201226612,262455674
32,3000000,74018794,198887006,272905800
32,3000000,76110625,198987823,275098448
32,3000000,69379888,198521943,267901831
32,3000000,75948493,199667892,275616385
32,3000000,75215941,197518714,272734655
32,3000000,68128925,199572346,267701271
32,3000000,77358398,197969440,275327838
32,3000000,78866079,197750607,276616686
32,3000000,77678180,199903319,277581499
32,3000000,61161312,196339733,257501045
32,3000000,76305315,196822191,273127506
32,3000000,67054554,198646344,265700898
32,3000000,74803090,197166057,271969147
32,3000000,73855288,198118030,271973318
32,3000000,66065012,199944983,266009995
32,3000000,75101460,194815600,269917060
32,3000000,76202997,198928693,275131690
32,3000000,78765847,197964668,276730515
32,3000000,75869322,198408814,274278136
32,3000000,74418819,198242619,272661438
32,3000000,60659919,197475362,258135281
32,3000000,69030355,197022955,266053310
32,3000000,74838768,200232000,275070768
32,3000000,74638186,201078369,275716555
32,3000000,76408723,199749665,276158388
32,3000000,76260792,200099132,276359924
32,3000000,77518024,198096846,275614870
32,3000000,73700790,198710435,272411225
32,4000000,101487462,265254011,366741473
32,4000000,99651559,263265944,362917503
32,4000000,81105874,264333617,345439491
32,4000000,81202039,259518580,340720619
32,4000000,90163909,263715069,353878978
32,4000000,90183053,261633462,351816515
32,4000000,101045813,265249302,366295115
32,4000000,91537566,266706207,358243773
32,4000000,89440633,259388619,348829252
32,4000000,102470552,261350265,363820817
32,4000000,81311183,265845852,347157035
32,4000000,90931175,262470010,353401185
32,4000000,103823111,266914532,370737643
32,4000000,89308254,264091667,353399921
32,4000000,80848893,262799218,343648111
32,4000000,99536424,261370719,360907143
32,4000000,81515086,266116814,347631900
32,4000000,92091330,297983750,390075080
32,4000000,80341873,264921505,345263378
32,4000000,80966801,265972349,346939150
32,4000000,89124135,264880967,354005102
32,4000000,90483192,266747418,357230610
32,4000000,90816864,265424995,356241859
32,4000000,90819854,267089966,357909820
32,4000000,92521257,264173778,356695035
32,4000000,91768852,263181196,354950048
32,4000000,89330296,267433424,356763720
32,4000000,90158803,269909354,360068157
32,4000000,89724501,267183989,356908490
32,4000000,91562755,263674834,355237589
32,4000000,91570741,266851270,358422011
32,4000000,91828451,269482357,361310808
32,4000000,81525813,268232121,349757934
32,4000000,81797723,264746747,346544470
32,4000000,92151933,264865456,357017389
32,4000000,81971405,264475252,346446657
32,4000000,90522168,266242185,356764353
32,4000000,100492310,260255871,360748181
32,4000000,102319088,265073871,367392959
32,4000000,82543561,266147857,348691418
32,4000000,105454201,267064187,372518388
32,4000000,91232289,270826023,362058312
32,4000000,104318410,261325787,365644197
32,4000000,93589881,262547270,356137151
32,4000000,81560491,263945497,345505988
32,4000000,90476940,264348660,354825600
32,4000000,90729643,266547220,357276863
32,4000000,92576671,264756312,357332983
32,4000000,82159526,261314070,343473596
32,4000000,98890215,270700128,369590343
32,4000000,81086612,262687144,343773756
32,4000000,90278752,337023709,427302461
32,4000000,101061103,262900879,363961982
32,4000000,91513331,263460048,354973379
32,4000000,81903850,262789495,344693345
32,4000000,91156399,267713067,358869466
32,4000000,91209609,266752309,357961918
32,4000000,91135997,258857265,349993262
32,4000000,103043411,261606630,364650041
32,4000000,80682004,262318372,343000376
32,4000000,103396241,263068397,366464638
32,4000000,89934961,270329359,360264320
32,4000000,93158408,266553429,359711837
32,4000000,80584293,260615759,341200052
32,4000000,90550711,262908827,353459538
32,4000000,91035664,261244712,352280376
32,4000000,83414899,262100953,345515852
32,4000000,82486796,261573104,344059900
32,4000000,81105050,262834357,343939407
32,4000000,81325198,263552242,344877440
32,4000000,82004083,262950938,344955021
32,4000000,82186390,297461080,379647470
32,4000000,82179888,262546101,344725989
32,4000000,90914835,295567144,386481979
32,4000000,90134683,261751602,351886285
32,4000000,92023214,263852061,355875275
32,4000000,91106483,264132955,355239438
32,4000000,89922282,264160693,354082975
32,4000000,101418561,262192148,363610709
32,4000000,90624052,263516446,354140498
32,4000000,101941499,260124364,362065863
32,4000000,89637224,264546756,354183980
32,4000000,82849449,273023324,355872773
32,4000000,89356588,265599547,354956135
32,4000000,101715832,266227819,367943651
32,4000000,89238564,262766679,352005243
32,4000000,93452144,267128007,360580151
32,4000000,101019635,265668254,366687889
32,4000000,90279115,260328184,350607299
32,4000000,82324893,263152928,345477821
32,4000000,88904135,262656656,351560791
32,4000000,81756997,262594111,344351108
32,4000000,90612291,265603172,356215463
32,4000000,81742595,264319775,346062370
32,4000000,102872262,271264559,374136821
32,4000000,91433486,266676522,358110008
32,4000000,92887973,263462137,356350110
32,4000000,90707076,263024565,353731641
32,4000000,88648822,269059243,357708065
32,4000000,82192033,264032033,346224066
32,4000000,81893529,260796440,342689969
32,4000000,92500614,263270506,355771120
32,4000000,90915496,269563700,360479196
32,4000000,83244823,262087336,345332159
32,4000000,82071286,263192732,345264018
32,4000000,91177977,263126650,354304627
32,4000000,89802780,261930747,351733527
32,4000000,90716354,264664970,355381324
32,4000000,91680459,262527147,354207606
32,4000000,99975672,263694473,363670145
32,4000000,104258201,263780133,368038334
32,4000000,103615896,263399073,367014969
32,4000000,91078022,261696210,352774232
32,4000000,81165213,264352434,345517647
32,4000000,81295825,263569134,344864959
32,5000000,100528116,328903956,429432072
32,5000000,101151936,327906407,429058343
32,5000000,113758008,326525236,440283244
32,5000000,114231718,330091272,444322990
32,5000000,100622030,331176551,431798581
32,5000000,130116902,329977645,460094547
32,5000000,115393267,332328127,447721394
32,5000000,113969140,331490477,445459617
32,5000000,114345171,330782310,445127481
32,5000000,127351613,324942647,452294260
32,5000000,114093464,330004267,444097731
32,5000000,102621246,335508324,438129570
32,5000000,114831867,331285957,446117824
32,5000000,113276491,328906635,442183126
32,5000000,112875634,331002131,443877765
32,5000000,127543661,326186138,453729799
32,5000000,114642737,331270639,445913376
32,5000000,113775216,330224981,444000197
32,5000000,113123388,332226322,445349710
32,5000000,110897834,326794132,437691966
32,5000000,112853390,327134143,439987533
32,5000000,114565118,327030300,441595418
32,5000000,112283143,326638659,438921802
32,5000000,112925011,329591267,442516278
32,5000000,113504035,333035103,446539138
32,5000000,113892292,360216864,474109156
32,5000000,113367721,330543217,443910938
32,5000000,128320387,329631191,457951578
32,5000000,129990744,328129104,458119848
32,5000000,113912028,329228028,443140056
32,5000000,115096448,326762420,441858868
32,5000000,127326301,339124633,466450934
32,5000000,101813506,333264665,435078171
32,5000000,116313812,333396870,449710682
32,5000000,111463153,326222561,437685714
32,5000000,114115320,330462749,444578069
32,5000000,113315949,330585666,443901615
32,5000000,112076760,370993554,483070314
32,5000000,111948045,330373385,442321430
32,5000000,114546987,331378606,445925593
32,5000000,113365169,330524432,443889601
32,5000000,112583327,329483589,442066916
32,5000000,114846163,328593184,443439347
32,5000000,100417380,327716424,428133804
32,5000000,116085279,332228922,448314201
32,5000000,114989185,326171800,441160985
32,5000000,113739669,331962678,445702347
32,5000000,114403700,332288030,446691730
32,5000000,127710790,326758051,454468841
32,5000000,114012338,332643384,446655722
32,5000000,113207485,329424084,442631569
32,5000000,103185404,327533654,430719058
32,5000000,114615868,331727044,446342912
32,5000000,114611035,333741223,448352258
32,5000000,113430473,326082550,439513023
32,5000000,112992705,331130823,444123528
32,5000000,99881572,327709862,427591434
32,5000000,102736331,329227541,431963872
32,5000000,112790302,329820234,442610536
32,5000000,112661449,332137373,444798822
32,5000000,114703025,331839080,446542105
32,5000000,115716562,333514574,449231136
32,5000000,100110049,328382344,428492393
32,5000000,114724867,331654340,446379207
32,5000000,115498473,592428272,707926745
32,5000000,101981078,325444542,427425620
32,5000000,99992750,329022589,429015339
32,5000000,129429561,326147066,455576627
32,5000000,115494592,328282326,443776918
32,5000000,112757210,330560004,443317214
32,5000000,115991988,327946908,443938896
32,5000000,128684863,327184469,455869332
32,5000000,110309977,330315085,440625062
32,5000000,111922200,326267806,438190006
32,5000000,114150428,331128211,445278639
32,5000000,115722857,330380464,446103321
32,5000000,113249595,328798864,442048459
32,5000000,114058600,326819291,440877891
32,5000000,111798516,327546840,439345356
32,5000000,109626778,361265803,470892581
32,5000000,114463233,328833689,443296922
32,5000000,100509707,322598012,423107719
32,5000000,126999174,329467556,456466730
32,5000000,101896777,330218019,432114796
32,5000000,113675945,328483746,442159691
32,5000000,113265841,329552364,442818205
32,5000000,102947364,329726164,432673528
32,5000000,110543856,329461520,440005376
32,5000000,112705164,331205725,443910889
32,5000000,103712790,329773246,433486036
32,5000000,113600287,335575726,449176013
32,5000000,100287241,329902558,430189799
32,5000000,114567231,331601879,446169110
32,5000000,101999625,330726654,432726279
32,5000000,109334834,330908709,440243543
32,5000000,100523745,327815013,428338758
32,5000000,100590623,329155047,429745670
32,5000000,116207821,329939517,446147338
32,5000000,99840631,328939683,428780314
32,5000000,114718464,330415959,445134423
32,5000000,113153642,330144057,443297699
32,5000000,100607548,332720534,433328082
32,5000000,115048455,332023516,447071971
32,5000000,115146072,328902403,444048475
32,5000000,102390331,328408295,430798626
32,5000000,115520046,331677276,447197322
32,5000000,113659836,332612355,446272191
32,5000000,114900076,328146854,443046930
32,5000000,114177411,330845856,445023267
32,5000000,99825677,329373573,429199250
32,5000000,112071132,338179239,450250371
32,5000000,115571516,327759596,443331112
32,5000000,102889706,328131955,431021661
32,5000000,101181431,330330296,431511727
32,5000000,113727483,328687571,442415054
32,6000000,120461272,399678662,520139934
32,6000000,156730491,391328089,548058580
32,6000000,133833199,395562722,529395921
32,6000000,122170882,395923387,518094269
32,6000000,120657436,395392689,516050125
32,6000000,130772924,394301772,525074696
32,6000000,134109583,399845348,533954931
32,6000000,137666332,387684290,525350622
32,6000000,120718303,399010990,519729293
32,6000000,119785197,396238359,516023556
32,6000000,119821020,394585483,514406503
32,6000000,135951343,396477262,532428605
32,6000000,119973416,392112996,512086412
32,6000000,154325076,392838236,547163312
32,6000000,120215918,397178149,517394067
32,6000000,135022196,396921798,531943994
32,6000000,120253226,392519978,512773204
32,6000000,135497536,396224895,531722431
32,6000000,119876902,395074326,514951228
32,6000000,121000347,395008402,516008749
32,6000000,122897791,395144941,518042732
32,6000000,122056307,391351057,513407364
32,6000000,134915832,394700964,529616796
32,6000000,138192449,395497180,533689629
32,6000000,155287491,399481896,554769387
32,6000000,135718276,398077700,533795976
32,6000000,156481043,394839895,551320938
32,6000000,137329239,395729146,533058385
32,6000000,136205604,393855958,530061562
32,6000000,134766558,446176281,580942839
32,6000000,135708065,394328637,530036702
32,6000000,122170077,393051992,515222069
32,6000000,122093597,443657227,565750824
32,6000000,138117611,392920295,531037906
32,6000000,136276142,393680111,529956253
32,6000000,134848760,396778029,531626789
32,6000000,136072333,435297774,571370107
32,6000000,135867888,395866551,531734439
32,6000000,123348679,398656798,522005477
32,6000000,137604024,397976906,535580930
32,6000000,119832227,392510610,512342837
32,6000000,139200536,393944117,533144653
32,6000000,141423871,391504769,532928640
32,6000000,137546294,392833341,530379635
32,6000000,120435110,392601605,513036715
32,6000000,137084197,397671324,534755521
32,6000000,136139103,393450922,529590025
32,6000000,121151483,394780514,515931997
32,6000000,137829961,400210072,538040033
32,6000000,137441339,395503101,532944440
32,6000000,136364923,397663651,534028574
32,6000000,121162544,400889414,522051958
32,6000000,137279284,395506152,532785436
32,6000000,137203880,399216328,536420208
32,6000000,120700103,390524252,511224355
32,6000000,124424391,396498864,520923255
32,6000000,131914013,397834783,529748796
32,6000000,137078850,395010515,532089365
32,6000000,120794647,394293449,515088096
32,6000000,138088210,396878611,534966821
32,6000000,136830625,393695855,530526480
32,6000000,135863019,393191592,529054611
32,6000000,136140111,395760044,531900155
32,6000000,136567640,397802073,534369713
32,6000000,138474424,395982563,534456987
32,6000000,155459733,471749565,627209298
32,6000000,134758084,396634521,531392605
32,6000000,137704002,395145373,532849375
32,6000000,135319558,395222228,530541786
32,6000000,137210708,391170225,528380933
32,6000000,120454370,397754420,518208790
32,6000000,136983656,445629879,582613535
32,6000000,121067806,393862664,514930470
32,6000000,158528065,398438112,556966177
32,6000000,136429880,397282285,533712165
32,6000000,121310846,395613947,516924793
32,6000000,138540694,395017296,533557990
32,6000000,122626022,397657502,520283524
32,6000000,134082599,398232471,532315070
32,6000000,137160548,397344195,534504743
32,6000000,121081046,393822304,514903350
32,6000000,121064854,396125783,517190637
32,6000000,137246670,395652140,532898810
32,6000000,136335465,393703745,530039210
32,6000000,135709261,403220146,538929407
32,6000000,156734388,400045617,556780005
32,6000000,123676162,390918188,514594350
32,6000000,120309742,393490233,513799975
32,6000000,137142708,397321086,534463794
32,6000000,138999601,392751738,531751339
32,6000000,136976283,393539430,530515713
32,6000000,138880965,394834993,533715958
32,6000000,134508669,392836436,527345105
32,6000000,136882686,398644842,535527528
32,6000000,123506946,403199843,526706789
32,6000000,121321537,396291850,517613387
32,6000000,136275755,398245248,534521003
32,6000000,137108169,396150625,533258794
32,6000000,157108805,391695441,548804246
32,6000000,136639951,402808721,539448672
32,6000000,135365744,398801462,534167206
32,6000000,122018899,398810600,520829499
32,6000000,138478197,396833561,535311758
32,6000000,122121176,397153367,519274543
32,6000000,135031098,397732543,532763641
32,6000000,119996117,395962656,515958773
32,6000000,136403743,396506316,532910059
32,6000000,138713440,394037930,532751370
32,6000000,137048497,396648587,533697084
32,6000000,134010630,398969124,532979754
32,6000000,137561039,400040237,537601276
32,6000000,119684392,448506664,568191056
32,6000000,136564439,394803896,531368335
32,6000000,132751353,399847054,532598407
32,6000000,122386558,391102629,513489187
32,7000000,158553797,456928527,615482324
32,7000000,160991812,460548099,621539911
32,7000000,158520517,459761648,618282165
32,7000000,160027811,460007261,620035072
32,7000000,142452579,465083920,607536499
32,7000000,141205321,463048372,604253693
32,7000000,143346100,471756211,615102311
32,7000000,154380136,453056699,607436835
32,7000000,159865111,462247605,622112716
32,7000000,141491524,458942527,600434051
32,7000000,143235361,462639556,605874917
32,7000000,142043898,457158508,599202406
32,7000000,142533443,461619054,604152497
32,7000000,153436347,457869274,611305621
32,7000000,142805394,464043058,606848452
32,7000000,141640767,460161094,601801861
32,7000000,155120601,462889238,618009839
32,7000000,156665751,463290953,619956704
32,7000000,143173431,458395291,601568722
32,7000000,142276276,458756941,601033217
32,7000000,143769397,456572022,600341419
32,7000000,142599389,457797928,600397317
32,7000000,142705105,460159012,602864117
32,7000000,142458055,464071955,606530010
32,7000000,155299604,462998601,618298205
32,7000000,152217340,459920232,612137572
32,7000000,141553111,461205918,602759029
32,7000000,142893355,463221039,606114394
32,7000000,141474699,458571131,600045830
32,7000000,158949754,457647726,616597480
32,7000000,160629891,464985197,625615088
32,7000000,155216164,461026612,616242776
32,7000000,145013587,465337463,610351050
32,7000000,143078851,459439014,602517865
32,7000000,162042133,464618106,626660239
32,7000000,158048950,466952238,625001188
32,7000000,141528990,462440589,603969579
32,7000000,155299820,457948680,613248500
32,7000000,141490003,458680866,600170869
32,7000000,158140668,460114225,618254893
32,7000000,141941533,458690301,600631834
32,7000000,157062319,469940916,627003235
32,7000000,157920647,458284056,616204703
32,7000000,144159007,457528325,601687332
32,7000000,159133631,451963728,611097359
32,7000000,142134396,461160805,603295201
32,7000000,159250533,461019986,620270519
32,7000000,142940907,462056066,604996973
32,7000000,142498205,459948640,602446845
32,7000000,143526871,463922471,607449342
32,7000000,158150043,457364465,615514508
32,7000000,158694174,461108052,619802226
32,7000000,157969766,471186393,629156159
32,7000000,159984941,461609602,621594543
32,7000000,158996407,459376290,618372697
32,7000000,142274830,526118578,668393408
32,7000000,160128450,461210428,621338878
32,7000000,141422102,458918964,600341066
32,7000000,155481602,462508275,617989877
32,7000000,143892147,461475651,605367798
32,7000000,142277475,578191284,720468759
32,7000000,139926853,469602123,609528976
32,7000000,155118346,462109395,617227741
32,7000000,141840103,457979548,599819651
32,7000000,140869418,459274316,600143734
32,7000000,141198407,463671583,604869990
32,7000000,140668303,451763019,592431322
32,7000000,144128411,458436258,602564669
32,7000000,160759772,465173132,625932904
32,7000000,158109824,461604541,619714365
32,7000000,141608647,459471676,601080323
32,7000000,160548736,457703558,618252294
32,7000000,140688303,465376334,606064637
32,7000000,142482206,462084429,604566635
32,7000000,160760988,458819310,619580298
32,7000000,142469119,467135848,609604967
32,7000000,142902523,457188312,600090835
32,7000000,141162187,467032628,608194815
32,7000000,141308094,462019106,603327200
32,7000000,143093809,461993520,605087329
32,7000000,153943222,462923793,616867015
32,7000000,140631578,468687060,609318638
32,7000000,156377873,461755787,618133660
32,7000000,153824788,460559440,614384228
32,7000000,141305212,462178940,603484152
32,7000000,156575496,458052447,614627943
32,7000000,142064687,458444324,600509011
32,7000000,140628303,468705631,609333934
32,7000000,159530561,462245531,621776092
32,7000000,141477912,462962088,604440000
32,7000000,141385796,459681127,601066923
32,7000000,140199533,458363000,598562533
32,7000000,142898406,518301380,661199786
32,7000000,156367602,460635342,617002944
32,7000000,145919700,457324725,603244425
32,7000000,143052559,458335329,601387888
32,7000000,145448793,461386132,606834925
32,7000000,140542974,462190647,602733621
32,7000000,142320553,458033179,600353732
32,7000000,143809999,460715909,604525908
32,7000000,142174985,459133251,601308236
32,7000000,141279731,458340417,599620148
32,7000000,142795190,463259570,606054760
32,7000000,142689743,461318210,604007953
32,7000000,157095873,460407370,617503243
32,7000000,141540565,507902510,649443075
32,7000000,142158341,460685146,602843487
32,7000000,142148447,464974379,607122826
32,7000000,142273208,459927484,602200692
32,7000000,158719027,461313337,620032364
32,7000000,158199465,460675012,618874477
32,7000000,141870585,460431103,602301688
32,7000000,147225167,463117333,610342500
32,7000000,143225851,455754287,598980138
32,7000000,143810864,464561195,608372059
32,8000000,176350539,524736335,701086874
32,8000000,187432890,527278883,714711773
32,8000000,179419603,535140929,714560532
32,8000000,162063829,527524924,689588753
32,8000000,186753017,523666814,710419831
32,8000000,178337423,522352172,700689595
32,8000000,178058858,529247473,707306331
32,8000000,176304396,528635228,704939624
32,8000000,185632619,524733476,710366095
32,8000000,162788207,526252728,689040935
32,8000000,164230702,524078646,688309348
32,8000000,181242829,528186711,709429540
32,8000000,162557008,524131355,686688363
32,8000000,162480398,526498282,688978680
32,8000000,161520345,522671819,684192164
32,8000000,164423815,526344209,690768024
32,8000000,163888827,526394562,690283389
32,8000000,161047847,530345482,691393329
32,8000000,164328450,529479544,693807994
32,8000000,180465035,530461986,710927021
32,8000000,163740207,529658358,693398565
32,8000000,162239383,519708847,681948230
32,8000000,161315981,529985049,691301030
32,8000000,163642509,526482992,690125501
32,8000000,165724714,523112955,688837669
32,8000000,176378789,528051909,704430698
32,8000000,162339233,521669478,684008711
32,8000000,185404103,524942720,710346823
32,8000000,176933559,531797865,708731424
32,8000000,161700432,528639374,690339806
32,8000000,162756383,523352386,686108769
32,8000000,160365583,528130654,688496237
32,8000000,162983580,529072569,692056149
32,8000000,177557112,843631198,1021188310
32,8000000,184223975,524922912,709146887
32,8000000,161527087,521794552,683321639
32,8000000,159139356,529424075,688563431
32,8000000,177649257,527582076,705231333
32,8000000,163556924,533422561,696979485
32,8000000,177634879,526526037,704160916
32,8000000,161600788,521013781,682614569
32,8000000,162254577,628039717,790294294
32,8000000,175981617,522293995,698275612
32,8000000,164527897,522234347,686762244
32,8000000,163326947,527259098,690586045
32,8000000,162667756,526303422,688971178
32,8000000,175774260,522149987,697924247
32,8000000,162041720,531649634,693691354
32,8000000,162633218,526731257,689364475
32,8000000,161015257,526013426,687028683
32,8000000,160536079,527354461,687890540
32,8000000,163858698,525618835,689477533
32,8000000,162365325,519380710,681746035
32,8000000,162918528,525763842,688682370
32,8000000,162393394,525777010,688170404
32,8000000,183323513,538233421,721556934
32,8000000,162673631,527006570,689680201
32,8000000,160500421,523730325,684230746
32,8000000,184228609,525789957,710018566
32,8000000,162576108,522019016,684595124
32,8000000,161499994,525907827,687407821
32,8000000,163076714,524528327,687605041
32,8000000,165257175,528201772,693458947
32,8000000,162481382,522296843,684778225
32,8000000,175045820,529237096,704282916
32,8000000,162036329,530903513,692939842
32,8000000,162252460,524819533,687071993
32,8000000,163445712,521704450,685150162
32,8000000,163835054,531407595,695242649
32,8000000,182695994,525768833,708464827
32,8000000,163179508,528365751,691545259
32,8000000,174758302,518580886,693339188
32,8000000,178663620,528714249,707377869
32,8000000,164498955,524531535,689030490
32,8000000,181426968,519536663,700963631
32,8000000,174372091,526102395,700474486
32,8000000,175542630,525613930,701156560
32,8000000,177168234,522428775,699597009
32,8000000,162989482,523144517,686133999
32,8000000,180362353,521647249,702009602
32,8000000,161091103,521174193,682265296
32,8000000,164550856,529420444,693971300
32,8000000,185048214,522240671,707288885
32,8000000,177683572,523323706,701007278
32,8000000,184545277,525363575,709908852
32,8000000,160193175,530125181,690318356
32,8000000,162592027,533418036,696010063
32,8000000,163195478,519926755,683122233
32,8000000,165111586,529034115,694145701
32,8000000,160159819,528448853,688608672
32,8000000,160401681,521297854,681699535
32,8000000,183697646,529085783,712783429
32,8000000,181915978,526123881,708039859
32,8000000,177832724,529383969,707216693
32,8000000,183792964,522277325,706070289
32,8000000,180044714,522559569,702604283
32,8000000,163921375,530537925,694459300
32,8000000,162249900,586297884,748547784
32,8000000,177445695,526928551,704374246
32,8000000,162879525,523001157,685880682
32,8000000,180633154,521000598,701633752
32,8000000,163963340,525543543,689506883
32,8000000,161754300,524945236,686699536
32,8000000,181006099,518224681,699230780
32,8000000,164465379,524465936,688931315
32,8000000,160063866,528063516,688127382
32,8000000,162230638,525495359,687725997
32,8000000,162594314,528755214,691349528
32,8000000,177161439,527389924,704551363
32,8000000,161461232,519273690,680734922
32,8000000,180554654,526835069,707389723
32,8000000,164255291,523925548,688180839
32,8000000,181191732,520698934,701890666
32,8000000,174504206,529715914,704220120
32,8000000,185068393,529818483,714886876
32,9000000,202690106,593637794,796327900
32,9000000,182579206,586635289,769214495
32,9000000,183608424,589452340,773060764
32,9000000,186048828,589672442,775721270
32,9000000,196505390,592984515,789489905
32,9000000,181810185,593047156,774857341
32,9000000,182420370,590648955,773069325
32,9000000,184742145,592863822,777605967
32,9000000,183802686,593411959,777214645
32,9000000,183961920,601733603,785695523
32,9000000,186124028,593461302,779585330
32,9000000,241540345,596802879,838343224
32,9000000,184601797,594897294,779499091
32,9000000,200969747,591925578,792895325
32,9000000,182129439,591890672,774020111
32,9000000,207171719,600013493,807185212
32,9000000,185492215,591716401,777208616
32,9000000,208575320,590193535,798768855
32,9000000,183151080,589347594,772498674
32,9000000,183352850,594666353,778019203
32,9000000,181366874,593780641,775147515
32,9000000,193891948,655855329,849747277
32,9000000,185078636,593985842,779064478
32,9000000,185260577,594621681,779882258
32,9000000,182690358,597544459,780234817
32,9000000,185106421,590901635,776008056
32,9000000,183665401,597249520,780914921
32,9000000,199710215,599013780,798723995
32,9000000,184019487,591886939,775906426
32,9000000,184504728,591746649,776251377
32,9000000,183267776,589978769,773246545
32,9000000,182929166,596650873,779580039
32,9000000,183282075,591066724,774348799
32,9000000,205098352,588724599,793822951
32,9000000,183832143,594712104,778544247
32,9000000,184779951,596658169,781438120
32,9000000,183119499,587444389,770563888
32,9000000,183954854,595228229,779183083
32,9000000,187188378,585548292,772736670
32,9000000,184502938,591495837,775998775
32,9000000,185483474,594099286,779582760
32,9000000,199705966,590011975,789717941
32,9000000,183957461,595002168,778959629
32,9000000,183835120,592009496,775844616
32,9000000,183464147,595408339,778872486
32,9000000,198308206,594963774,793271980
32,9000000,194886985,700042549,894929534
32,9000000,186168742,598376777,784545519
32,9000000,182607761,593073749,775681510
32,9000000,209398660,590373444,799772104
32,9000000,198286984,590137859,788424843
32,9000000,185395821,584073187,769469008
32,9000000,181671270,586772417,768443687
32,9000000,184470960,596476723,780947683
32,9000000,184854685,592529528,777384213
32,9000000,182063867,591051680,773115547
32,9000000,194959355,592212328,787171683
32,9000000,185089393,589566952,774656345
32,9000000,182130123,594928134,777058257
32,9000000,201369340,596164898,797534238
32,9000000,181305646,591145742,772451388
32,9000000,205224408,590904024,796128432
32,9000000,196463122,593221460,789684582
32,9000000,182859092,589627484,772486576
32,9000000,209139016,594512782,803651798
32,9000000,182904311,592526733,775431044
32,9000000,184693968,588550740,773244708
32,9000000,183208285,591147207,774355492
32,9000000,196341417,593452449,789793866
32,9000000,183224186,594309789,777533975
32,9000000,183504269,601734744,785239013
32,9000000,196400583,587439322,783839905
32,9000000,196072676,591768470,787841146
32,9000000,182734646,594629784,777364430
32,9000000,184516141,591310572,775826713
32,9000000,200460763,589654800,790115563
32,9000000,183565361,593107911,776673272
32,9000000,183102843,592253351,775356194
32,9000000,203301202,587502543,790803745
32,9000000,183763015,588805830,772568845
32,9000000,200405880,592734667,793140547
32,9000000,192640471,593267679,785908150
32,9000000,182453873,592251802,774705675
32,9000000,184012630,590190859,774203489
32,9000000,202543049,587995820,790538869
32,9000000,181789186,588794518,770583704
32,9000000,184375543,655154515,839530058
32,9000000,181896710,594908895,776805605
32,9000000,182720679,589330085,772050764
32,9000000,209066737,590702571,799769308
32,9000000,183680868,593475624,777156492
32,9000000,199615138,589823955,789439093
32,9000000,183833572,588151089,771984661
32,9000000,184858096,588431719,773289815
32,9000000,186201100,594411357,780612457
32,9000000,183265570,590256961,773522531
32,9000000,186306122,602768409,789074531
32,9000000,182481408,590237308,772718716
32,9000000,185877816,593101411,778979227
32,9000000,185011334,587791627,772802961
32,9000000,185715473,592867331,778582804
32,9000000,182640587,582264913,764905500
32,9000000,196112180,593228602,789340782
32,9000000,186527986,586680278,773208264
32,9000000,198506936,587147724,785654660
32,9000000,184478627,588334179,772812806
32,9000000,207384836,590491279,797876115
32,9000000,198991128,586024148,785015276
32,9000000,181556786,593516103,775072889
32,9000000,186173793,587787565,773961358
32,9000000,182554612,600141536,782696148
32,9000000,197988120,591043522,789031642
32,9000000,207716330,587297105,795013435
32,9000000,183835303,593467257,777302560
32,9000000,187001259,592655348,779656607
32,10000000,204880247,663882260,868762507
32,10000000,203755901,651932943,855688844
32,10000000,204555674,657783131,862338805
32,10000000,221186380,657717893,878904273
32,10000000,231732837,656085130,887817967
32,10000000,204040745,656976900,861017645
32,10000000,204784246,655528287,860312533
32,10000000,230355585,652284370,882639955
32,10000000,203760989,659061264,862822253
32,10000000,204548142,653283578,857831720
32,10000000,205321839,654976660,860298499
32,10000000,206931327,654655910,861587237
32,10000000,220417182,656191461,876608643
32,10000000,204417578,663260581,867678159
32,10000000,215906788,655253436,871160224
32,10000000,208578309,662241315,870819624
32,10000000,233829897,663820084,897649981
32,10000000,221986892,657872037,879858929
32,10000000,219192459,641921288,861113747
32,10000000,203819736,660137531,863957267
32,10000000,203197581,655228916,858426497
32,10000000,204583185,655621796,860204981
32,10000000,204829796,654373339,859203135
32,10000000,219398680,643019440,862418120
32,10000000,205155839,652152237,857308076
32,10000000,204268390,661547938,865816328
32,10000000,203914647,659257385,863172032
32,10000000,232387735,651380330,883768065
32,10000000,206325663,655037299,861362962
32,10000000,203661701,654698329,858360030
32,10000000,226329979,1147745015,1374074994
32,10000000,203315852,661176403,864492255
32,10000000,218126560,656989953,875116513
32,10000000,233361547,662178803,895540350
32,10000000,236156715,655871909,892028624
32,10000000,202275664,668950315,871225979
32,10000000,217973532,661350341,879323873
32,10000000,205296226,653599261,858895487
32,10000000,232739364,668702276,901441640
32,10000000,203052102,653323643,856375745
32,10000000,201803027,661297450,863100477
32,10000000,204743445,655586528,860329973
32,10000000,206553173,653579743,860132916
32,10000000,202647106,660977680,863624786
32,10000000,205754998,660897506,866652504
32,10000000,203992382,658984350,862976732
32,10000000,206750646,659840353,866590999
32,10000000,233805700,662980423,896786123
32,10000000,203627723,651090027,854717750
32,10000000,206333954,655218333,861552287
32,10000000,205347615,663817604,869165219
32,10000000,202090920,654570968,856661888
32,10000000,227478468,655109407,882587875
32,10000000,204381354,657034524,861415878
32,10000000,203624271,652659528,856283799
32,10000000,221141517,649965089,871106606
32,10000000,205964350,647938323,853902673
32,10000000,224808044,660676595,885484639
32,10000000,220443935,659628374,880072309
32,10000000,207427382,658017759,865445141
32,10000000,231774709,654391319,886166028
32,10000000,205973451,660878195,866851646
32,10000000,203598378,652157596,855755974
32,10000000,203187891,654430362,857618253
32,10000000,232903126,655794971,888698097
32,10000000,201699276,662378137,864077413
32,10000000,201806153,649569959,851376112
32,10000000,204547172,653087961,857635133
32,10000000,229829741,667989578,897819319
32,10000000,204935235,652362691,857297926
32,10000000,204768245,658598561,863366806
32,10000000,206554678,659371163,865925841
32,10000000,207486076,656231438,863717514
32,10000000,204357705,652864103,857221808
32,10000000,228670073,655960242,884630315
32,10000000,201369997,656678613,858048610
32,10000000,216064578,663746653,879811231
32,10000000,217376537,658665902,876042439
32,10000000,203954809,655856659,859811468
32,10000000,203504946,658171153,861676099
32,10000000,208420415,655327587,863748002
32,10000000,204294033,660694457,864988490
32,10000000,204375671,660198758,864574429
32,10000000,204317823,659090482,863408305
32,10000000,204660883,657559474,862220357
32,10000000,204297056,654167059,858464115
32,10000000,203472249,660960639,864432888
32,10000000,208419435,662017261,870436696
32,10000000,204992047,656777465,861769512
32,10000000,218553364,653343801,871897165
32,10000000,235220924,662656834,897877758
32,10000000,233258270,656697236,889955506
32,10000000,203303685,657326110,860629795
32,10000000,205998644,654405434,860404078
32,10000000,228793158,650062572,878855730
32,10000000,205125662,653793129,858918791
32,10000000,203339877,658475749,861815626
32,10000000,203449055,662519182,865968237
32,10000000,203574815,645802726,849377541
32,10000000,223749910,669518553,893268463
32,10000000,231987147,662879067,894866214
32,10000000,203483681,664759724,868243405
32,10000000,204447839,656457456,860905295
32,10000000,203385349,652667196,856052545
32,10000000,227461130,664702375,892163505
32,10000000,204559115,654664979,859224094
32,10000000,201777699,649739382,851517081
32,10000000,204503219,663924456,868427675
32,10000000,217940826,654003871,871944697
32,10000000,203976295,662623735,866600030
32,10000000,203313580,658329425,861643005
32,10000000,202629948,659400538,862030486
32,10000000,222133754,654089507,876223261
32,10000000,203776826,654386149,858162975
32,10000000,204552243,657063218,861615461
32,10000000,213673349,658564301,872237650
32,10000000,206804074,651175775,857979849
32,10000000,202916044,653469367,856385411
32,10000000,215911644,657286933,873198577
32,10000000,204668446,659990240,864658686
32,10000000,204701049,662104409,866805458
32,10000000,204387132,649431005,853818137
32,10000000,223198908,659202832,882401740
32,10000000,218958110,659388380,878346490
32,10000000,235370412,659864304,895234716
32,10000000,205781411,674665664,880447075
32,10000000,228341711,647419492,875761203
32,10000000,218810313,656339090,875149403
32,10000000,231642194,661172944,892815138
32,10000000,205736261,654601646,860337907
32,10000000,204292943,661236037,865528980
32,10000000,223383807,650534478,873918285
32,10000000,204698704,655587313,860286017
32,10000000,233399359,659216498,892615857
32,10000000,202524732,655997673,858522405
32,10000000,220863806,659479512,880343318
32,10000000,203406244,647952593,851358837
32,10000000,206067581,657600577,863668158
32,10000000,206238366,648808872,855047238
32,10000000,222133354,657805578,879938932
32,10000000,204633210,658350088,862983298
32,10000000,206227582,655745080,861972662
32,10000000,204346113,659408543,863754656
32,10000000,204087589,657335589,861423178
32,10000000,205721574,654921050,860642624
32,10000000,203246911,659347043,862593954
32,10000000,222827678,656566024,879393702
32,10000000,203293708,659151839,862445547
32,10000000,204995735,659404599,864400334
32,10000000,203584264,652786946,856371210
32,10000000,218667339,656139710,874807049
32,10000000,207122401,662827345,869949746
32,10000000,229693665,661331110,891024775
32,10000000,204111012,663474760,867585772
32,10000000,203738912,658219553,861958465
32,10000000,205570801,653725512,859296313
32,10000000,202246927,661326168,863573095
32,10000000,205088972,662401245,867490217
32,10000000,204384416,713622475,918006891
32,10000000,207677017,651888189,859565206
32,10000000,204028398,660219652,864248050
32,10000000,230736076,661056695,891792771
32,10000000,214832846,650757702,865590548
32,10000000,205032982,664512320,869545302
32,10000000,204848989,659416421,864265410
32,10000000,218024027,657460067,875484094
32,10000000,205105675,658611594,863717269
32,10000000,206642338,662037944,868680282
32,10000000,202773946,663285248,866059194
32,10000000,216060394,656419189,872479583
32,10000000,216740707,657777737,874518444
32,10000000,232085355,655199107,887284462
32,10000000,202412296,661679930,864092226
32,10000000,222987872,660908817,883896689
32,10000000,216408029,652982892,869390921
32,10000000,206039141,658998397,865037538
32,10000000,208685484,666107883,874793367
32,10000000,204284140,656289985,860574125
32,10000000,205302953,657565245,862868198
32,10000000,204950353,652732035,857682388
32,10000000,202491709,652323163,854814872
32,10000000,202106623,650284048,852390671
32,10000000,234145470,657117367,891262837
32,10000000,203950210,655560943,859511153
32,10000000,204664136,656762853,861426989
32,10000000,205272817,660298482,865571299
32,10000000,220108795,661827252,881936047
32,10000000,206468575,656148661,862617236
32,10000000,220210364,652316302,872526666
32,10000000,204875072,653911297,858786369
32,10000000,217389734,657077649,874467383
32,10000000,203342987,655952709,859295696
32,10000000,229698751,658624941,888323692
32,10000000,231710588,656711380,888421968
32,10000000,229425017,655472172,884897189
32,10000000,201746061,653242345,854988406
32,10000000,206343862,654905933,861249795
32,10000000,205470991,663465787,868936778
32,10000000,203336376,653715066,857051442
32,10000000,204194601,651200420,855395021
32,10000000,203671232,661122081,864793313
32,10000000,230129277,660189757,890319034
32,10000000,205587397,655995519,861582916
32,10000000,205511655,648086432,853598087
32,10000000,204927048,670368127,875295175
32,10000000,216279040,656874588,873153628
32,10000000,204557804,662121659,866679463
32,10000000,243532526,723220693,966753219
32,10000000,203043854,655099076,858142930
32,10000000,204592456,664948142,869540598
32,10000000,219132284,656309492,875441776
32,10000000,204979595,657531051,862510646
32,10000000,232166271,652915466,885081737
32,10000000,235695637,656581363,892277000
32,10000000,204797557,652988636,857786193
32,10000000,203025986,665975113,869001099
32,10000000,205557673,663805690,869363363
32,10000000,205303718,657137274,862440992
32,10000000,205095259,660499024,865594283
32,10000000,230559659,657059756,887619415
32,10000000,202133231,663369212,865502443
32,10000000,204546490,656241304,860787794
32,10000000,205179583,666819476,871999059
32,10000000,203653795,657006486,860660281
32,10000000,205234861,664923809,870158670
32,10000000,217707665,663294725,881002390
32,10000000,231282278,657274532,888556810
32,10000000,202273449,659695706,861969155
32,10000000,231927263,652896883,884824146
32,10000000,205393046,655281918,860674964
32,20000000,413718340,1318622494,1732340834
32,20000000,415167128,1305862164,1721029292
32,20000000,427794987,1310280491,1738075478
32,20000000,416993498,1315838638,1732832136
32,20000000,414510403,1305295168,1719805571
32,20000000,417407436,1300304075,1717711511
32,20000000,416920687,1318608585,1735529272
32,20000000,417867211,1311728651,1729595862
32,20000000,415189879,1325396503,1740586382
32,20000000,416318572,1306273027,1722591599
32,20000000,416324737,1302772723,1719097460
32,20000000,416072275,1316012677,1732084952
32,20000000,415502166,1314187294,1729689460
32,20000000,414925860,1305960489,1720886349
32,20000000,415820962,1307737140,1723558102
32,20000000,429030683,1310292526,1739323209
32,20000000,416081207,1309968879,1726050086
32,20000000,415110678,1310774932,1725885610
32,20000000,417295960,1309089221,1726385181
32,20000000,418437222,1331575661,1750012883
32,20000000,415169051,1308566321,1723735372
32,20000000,413904716,1306181167,1720085883
32,20000000,415388972,1308927467,1724316439
32,20000000,417168704,1309652892,1726821596
32,20000000,433845304,1313531212,1747376516
32,20000000,417243100,1308973543,1726216643
32,20000000,415471638,1325022049,1740493687
32,20000000,416603427,1304537185,1721140612
32,20000000,416522712,1318581343,1735104055
32,20000000,427378156,1300385070,1727763226
32,20000000,414980178,1304903725,1719883903
32,20000000,415858696,1323989452,1739848148
32,20000000,416370760,1298572314,1714943074
32,20000000,414915236,1319257617,1734172853
32,20000000,417076335,1330667690,1747744025
32,20000000,416597415,1328106869,1744704284
32,20000000,418087182,1306831407,1724918589
32,20000000,415557928,1297978451,1713536379
32,20000000,425412600,1321920018,1747332618
32,20000000,416206423,1300852535,1717058958
32,20000000,415305507,1319550131,1734855638
32,20000000,416551285,1320869589,1737420874
32,20000000,416810596,1309080926,1725891522
32,20000000,412748436,1312698851,1725447287
32,20000000,463883634,1313469875,1777353509
32,20000000,417842180,1314810130,1732652310
32,20000000,415540454,1299013155,1714553609
32,20000000,419059983,1317725420,1736785403
32,20000000,415741065,1303777584,1719518649
32,20000000,429279197,1312076413,1741355610
32,20000000,430523402,1324351071,1754874473
32,20000000,467791629,1304144565,1771936194
32,20000000,470252949,1313254001,1783506950
32,20000000,417621347,1478654672,1896276019
32,20000000,415195482,1306085096,1721280578
32,20000000,417059882,1317863052,1734922934
32,20000000,431197706,1327183009,1758380715
32,20000000,435971501,1314571904,1750543405
32,20000000,414371769,1312302157,1726673926
32,20000000,435231229,1309287307,1744518536
32,20000000,417511606,1328101603,1745613209
32,20000000,417266281,1302758454,1720024735
32,20000000,420044767,1301498743,1721543510
32,20000000,417023981,1316756754,1733780735
32,20000000,421790161,1319709473,1741499634
32,20000000,416432453,1319856251,1736288704
32,20000000,415850232,1301595389,1717445621
32,20000000,414926823,1307979811,1722906634
32,20000000,428998796,1306665604,1735664400
32,20000000,417491880,1305175951,1722667831
32,20000000,415221689,1307718503,1722940192
32,20000000,418889382,1310014514,1728903896
32,20000000,417536243,1312922861,1730459104
32,20000000,416351202,1306104854,1722456056
32,20000000,415361545,1325127066,1740488611
32,20000000,418183968,1315278085,1733462053
32,20000000,417983175,1314554191,1732537366
32,20000000,415098455,1310172509,1725270964
32,20000000,417105131,1312221414,1729326545
32,20000000,414669231,1313949248,1728618479
32,20000000,419369663,1295603543,1714973206
32,20000000,416566099,1308574493,1725140592
32,20000000,415455904,1316440879,1731896783
32,20000000,415735448,1335121245,1750856693
32,20000000,434857561,1449562378,1884419939
32,20000000,434662264,1309543220,1744205484
32,20000000,415314498,1315357402,1730671900
32,20000000,412437501,1312594950,1725032451
32,20000000,416725031,1325244352,1741969383
32,20000000,415783192,1312875073,1728658265
32,20000000,415621874,1302430572,1718052446
32,20000000,417664054,1299587118,1717251172
32,20000000,414610795,1307280114,1721890909
32,20000000,416138976,1331467492,1747606468
32,20000000,414685610,1307227323,1721912933
32,20000000,415108744,1317296778,1732405522
32,20000000,415046859,1307581508,1722628367
32,20000000,416989739,1315214094,1732203833
32,20000000,415933524,1307968099,1723901623
32,20000000,433101308,1308518462,1741619770
32,20000000,446161806,2265246295,2711408101
32,20000000,418945787,1315884155,1734829942
32,20000000,418293136,1304847760,1723140896
32,20000000,414338882,1315279358,1729618240
32,20000000,416069468,1304132947,1720202415
32,20000000,415150037,1315031981,1730182018
32,20000000,433478872,1311046349,1744525221
32,20000000,416170630,1308181595,1724352225
32,20000000,438678866,1311484222,1750163088
32,20000000,415178055,1311192891,1726370946
32,20000000,415988888,1310572538,1726561426
32,20000000,415100634,1302164334,1717264968
32,20000000,417933284,1318287100,1736220384
32,20000000,416806799,1307766472,1724573271
32,20000000,416900922,1312273676,1729174598
32,30000000,680932905,1968804935,2649737840
32,30000000,637774045,1946154517,2583928562
32,30000000,638787230,1958714776,2597502006
32,30000000,639067195,1964150937,2603218132
32,30000000,649650554,1966288029,2615938583
32,30000000,639442170,1961798447,2601240617
32,30000000,636730921,1970853965,2607584886
32,30000000,645381705,1983074662,2628456367
32,30000000,637966898,1978806445,2616773343
32,30000000,640549797,1963708056,2604257853
32,30000000,644916027,1959188456,2604104483
32,30000000,635421561,1974423718,2609845279
32,30000000,640425994,1956841406,2597267400
32,30000000,641484479,1949635625,2591120104
32,30000000,636824792,1946692660,2583517452
32,30000000,635249997,1960340692,2595590689
32,30000000,636253225,1985572905,2621826130
32,30000000,635451328,1976598001,2612049329
32,30000000,656244831,1963249739,2619494570
32,30000000,665427344,1951608204,2617035548
32,30000000,639190190,1962504258,2601694448
32,30000000,652747716,1971999951,2624747667
32,30000000,634957200,1971688586,2606645786
32,30000000,650406141,1950752507,2601158648
32,30000000,637473392,1956867402,2594340794
32,30000000,638370656,1970970592,2609341248
32,30000000,651389003,1959744303,2611133306
32,30000000,668529485,1940873498,2609402983
32,30000000,638294964,1975820644,2614115608
32,30000000,670815053,1953523172,2624338225
32,30000000,656516479,1956556253,2613072732
32,30000000,637627315,1946643562,2584270877
32,30000000,631294756,1972092642,2603387398
32,30000000,636424985,1972988048,2609413033
32,30000000,649185618,1965081294,2614266912
32,30000000,638584495,1962212976,2600797471
32,30000000,637452710,1969037341,2606490051
32,30000000,637508192,1961213836,2598722028
32,30000000,637955125,1954235572,2592190697
32,30000000,640746539,1942377167,2583123706
32,30000000,656175085,1941865110,2598040195
32,30000000,632640708,1964241189,2596881897
32,30000000,651416225,1960062985,2611479210
32,30000000,665306458,1960807348,2626113806
32,30000000,638689356,1959132898,2597822254
32,30000000,636802845,1978406627,2615209472
32,30000000,648029874,1972133884,2620163758
32,30000000,651485689,1979687095,2631172784
32,30000000,637681855,1961380588,2599062443
32,30000000,639632235,1948965048,2588597283
32,30000000,637701628,2127860733,2765562361
32,30000000,656581815,1961432625,2618014440
32,30000000,649404091,2190905422,2840309513
32,30000000,652271377,1981480365,2633751742
32,30000000,637490344,1966893785,2604384129
32,30000000,639595585,1963373849,2602969434
32,30000000,672116999,1971325459,2643442458
32,30000000,639640418,1964891639,2604532057
32,30000000,633801133,1965308421,2599109554
32,30000000,633039060,1962390673,2595429733
32,30000000,638555726,1974964363,2613520089
32,30000000,652131515,2007825455,2659956970
32,30000000,665033771,1944814769,2609848540
32,30000000,652245428,1980282496,2632527924
32,30000000,647602611,1950008827,2597611438
32,30000000,682030819,1951952052,2633982871
32,30000000,633190283,1957291707,2590481990
32,30000000,657455701,1979869532,2637325233
32,30000000,639635757,1976421566,2616057323
32,30000000,634725362,1973459285,2608184647
32,30000000,635865994,1944817284,2580683278
32,30000000,639019548,1957943352,2596962900
32,30000000,638384680,2180534367,2818919047
32,30000000,651342895,1951701980,2603044875
32,30000000,638485028,1957862414,2596347442
32,30000000,651124503,1963584825,2614709328
32,30000000,635602340,1977318774,2612921114
32,30000000,639277744,1985370290,2624648034
32,30000000,637957898,1968883200,2606841098
32,30000000,639072199,1963529924,2602602123
32,30000000,638398678,1978988221,2617386899
32,30000000,642337190,1977748249,2620085439
32,30000000,647961001,1943761737,2591722738
32,30000000,638848561,1955467431,2594315992
32,30000000,639838419,1977530733,2617369152
32,30000000,636780392,1964268246,2601048638
32,30000000,662683490,1960939462,2623622952
32,30000000,638065567,1946135633,2584201200
32,30000000,640757550,1985518099,2626275649
32,30000000,637795567,1991322294,2629117861
32,30000000,637300906,1963877995,2601178901
32,30000000,659596100,1953131331,2612727431
32,30000000,634249839,1979577597,2613827436
32,30000000,659948356,1988756290,2648704646
32,30000000,638044187,1978337745,2616381932
32,30000000,637808974,1966388259,2604197233
32,30000000,639381381,1947496209,2586877590
32,30000000,632978207,1956226191,2589204398
32,30000000,648979206,1974242850,2623222056
32,30000000,638456202,1947874661,2586330863
32,30000000,645602180,1964860579,2610462759
32,30000000,649190786,1958433259,2607624045
32,30000000,653834606,1974974899,2628809505
32,30000000,684177090,1978708507,2662885597
32,30000000,638295291,1976149572,2614444863
32,30000000,639519498,1970574641,2610094139
32,30000000,637794438,1958870614,2596665052
32,30000000,639432778,1964838796,2604271574
32,30000000,639729728,1971964388,2611694116
32,30000000,637138666,1962383972,2599522638
32,30000000,636303686,1976887186,2613190872
32,30000000,640012580,1998260389,2638272969
32,30000000,632888584,1979832909,2612721493
32,30000000,640395896,1971417706,2611813602
32,30000000,640432298,1958487818,2598920116
32,40000000,856268701,2613829841,3470098542
32,40000000,859981496,2614055310,3474036806
32,40000000,857376387,2591785867,3449162254
32,40000000,855737693,2640201524,3495939217
32,40000000,857109412,2601212871,3458322283
32,40000000,861658412,2650927986,3512586398
32,40000000,855199446,2632450441,3487649887
32,40000000,859353096,2618227307,3477580403
32,40000000,858430441,2606904722,3465335163
32,40000000,856228229,2611579454,3467807683
32,40000000,856220783,2640808547,3497029330
32,40000000,854548060,2588054987,3442603047
32,40000000,858597434,2620278937,3478876371
32,40000000,859499991,2597432767,3456932758
32,40000000,856850519,2603244286,3460094805
32,40000000,860248715,2607811901,3468060616
32,40000000,854159913,2624303908,3478463821
32,40000000,855476150,2652899926,3508376076
32,40000000,858671443,2658889394,3517560837
32,40000000,856414252,2619605346,3476019598
32,40000000,856939196,2612090876,3469030072
32,40000000,857818359,2623523552,3481341911
32,40000000,854625540,2613056904,3467682444
32,40000000,870824384,2599315559,3470139943
32,40000000,857564087,2599825794,3457389881
32,40000000,856232587,2615917108,3472149695
32,40000000,870123111,2613188520,3483311631
32,40000000,863487836,2614586811,3478074647
32,40000000,866981437,2602591094,3469572531
32,40000000,858675993,2601883806,3460559799
32,40000000,860584412,2626642433,3487226845
32,40000000,884879054,2639899110,3524778164
32,40000000,859548796,2588499322,3448048118
32,40000000,858057412,2610079627,3468137039
32,40000000,859353644,2610857033,3470210677
32,40000000,858766293,2637240812,3496007105
32,40000000,857543292,2619716916,3477260208
32,40000000,861015824,2614819004,3475834828
32,40000000,858955684,2609231833,3468187517
32,40000000,856071290,2604625664,3460696954
32,40000000,856729679,2594089194,3450818873
32,40000000,860145204,2600223215,3460368419
32,40000000,855883292,2613691153,3469574445
32,40000000,858527085,2634993216,3493520301
32,40000000,859711023,2613574956,3473285979
32,40000000,857499166,2608326467,3465825633
32,40000000,874866328,2599285632,3474151960
32,40000000,857332959,2603528498,3460861457
32,40000000,856708444,2602155489,3458863933
32,40000000,855523325,2638917892,3494441217
32,40000000,857287514,2616569600,3473857114
32,40000000,856625944,2589871178,3446497122
32,40000000,856073788,2614337602,3470411390
32,40000000,857397418,2632755388,3490152806
32,40000000,856777012,2619214256,3475991268
32,40000000,859515712,2651998577,3511514289
32,40000000,861144216,2635420697,3496564913
32,40000000,861281218,2590956975,3452238193
32,40000000,857436597,2614114051,3471550648
32,40000000,863011131,2621763928,3484775059
32,40000000,857346165,2636636616,3493982781
32,40000000,865956078,2596172347,3462128425
32,40000000,858930344,2614107806,3473038150
32,40000000,867342502,2629566508,3496909010
32,40000000,857518360,2610043319,3467561679
32,40000000,857876227,2605927943,3463804170
32,40000000,880339706,2640770103,3521109809
32,40000000,856294499,2592449281,3448743780
32,40000000,855585944,2592644528,3448230472
32,40000000,855070695,2605476576,3460547271
32,40000000,859542698,2633451968,3492994666
32,40000000,859033301,2632535721,3491569022
32,40000000,856901285,2617314235,3474215520
32,40000000,857975639,2608811551,3466787190
32,40000000,855329850,2608937465,3464267315
32,40000000,857463731,2610141730,3467605461
32,40000000,859037570,2632301880,3491339450
32,40000000,856712290,2612844347,3469556637
32,40000000,855908569,2627417860,3483326429
32,40000000,860076460,2633082838,3493159298
32,40000000,872125255,2618794687,3490919942
32,40000000,856386465,2613218562,3469605027
32,40000000,868839098,2636102398,3504941496
32,40000000,861957102,2603852344,3465809446
32,40000000,858986857,2621957258,3480944115
32,40000000,857745633,2623249681,3480995314
32,40000000,858497692,2612027269,3470524961
32,40000000,858138025,2613087357,3471225382
32,40000000,856786747,2614288102,3471074849
32,40000000,859074994,2616940684,3476015678
32,40000000,857130535,2600442681,3457573216
32,40000000,868104629,2614725568,3482830197
32,40000000,856828572,2612953440,3469782012
32,40000000,872559903,2588753492,3461313395
32,40000000,858438021,2616906499,3475344520
32,40000000,857807710,2603376964,3461184674
32,40000000,859943153,2616471560,3476414713
32,40000000,858854401,2611098112,3469952513
32,40000000,855776569,2624397803,3480174372
32,40000000,856243356,2617452480,3473695836
32,40000000,856699021,2629210643,3485909664
32,40000000,858381194,2612136172,3470517366
32,40000000,858321858,2895686299,3754008157
32,40000000,862248334,2890032579,3752280913
32,40000000,857923278,2595215891,3453139169
32,40000000,904122357,2623978106,3528100463
32,40000000,858166396,2727242588,3585408984
32,40000000,862669155,2613062105,3475731260
32,40000000,860981908,2636880211,3497862119
32,40000000,859292861,2640066296,3499359157
32,40000000,855675585,2611969565,3467645150
32,40000000,856328765,2652689552,3509018317
32,40000000,857599385,2615904141,3473503526
32,40000000,871307378,2623102531,3494409909
32,40000000,857315335,2616586539,3473901874
32,50000000,1084972687,3341751884,4426724571
32,50000000,1081599435,3294273880,4375873315
32,50000000,1082622747,3238689588,4321312335
32,50000000,1083957183,3271011364,4354968547
32,50000000,1088067983,3277324686,4365392669
32,50000000,1085267436,3285147956,4370415392
32,50000000,1084148525,3266282953,4350431478
32,50000000,1083881002,3277198303,4361079305
32,50000000,1084485684,3274968687,4359454371
32,50000000,1082931983,3271172162,4354104145
32,50000000,1083248761,3241867406,4325116167
32,50000000,1083292981,3239156118,4322449099
32,50000000,1088350901,3246352762,4334703663
32,50000000,1084891471,3293406005,4378297476
32,50000000,1079713770,3272028183,4351741953
32,50000000,1083636605,3276275007,4359911612
32,50000000,1085920418,3288727116,4374647534
32,50000000,1080417391,3272476351,4352893742
32,50000000,1079851353,3614374200,4694225553
32,50000000,1084877898,3285993902,4370871800
32,50000000,1084542782,3254898619,4339441401
32,50000000,1087389696,3291337163,4378726859
32,50000000,1081600862,3289752657,4371353519
32,50000000,1085136211,3304513724,4389649935
32,50000000,1077306132,3282523105,4359829237
32,50000000,1083830318,3275735959,4359566277
32,50000000,1084040854,3259861799,4343902653
32,50000000,1089197810,3285461548,4374659358
32,50000000,1081592219,3285006207,4366598426
32,50000000,1085871021,3298974602,4384845623
32,50000000,1083777582,3310136219,4393913801
32,50000000,1080071256,3273387976,4353459232
32,50000000,1084243574,3241531931,4325775505
32,50000000,1082542437,3244487157,4327029594
32,50000000,1084142554,3255849108,4339991662
32,50000000,1084695452,3282148802,4366844254
32,50000000,1081585179,3238899635,4320484814
32,50000000,1083222386,3264432577,4347654963
32,50000000,1080891540,3265250524,4346142064
32,50000000,1082114196,3274409483,4356523679
32,50000000,1081946781,3271795201,4353741982
32,50000000,1085540381,3298196163,4383736544
32,50000000,1084402717,3276474067,4360876784
32,50000000,1085512601,3261867447,4347380048
32,50000000,1084075443,3258641857,4342717300
32,50000000,1082333255,3289549015,4371882270
32,50000000,1085211667,3268928572,4354140239
32,50000000,1086384676,3312415649,4398800325
32,50000000,1082068734,3240773924,4322842658
32,50000000,1083418820,3273146328,4356565148
32,50000000,1082072671,3633362873,4715435544
32,50000000,1085641461,3298232348,4383873809
32,50000000,1129021625,3248421927,4377443552
32,50000000,1082599036,3269550685,4352149721
32,50000000,1083099295,3268430568,4351529863
32,50000000,1080530485,3296047154,4376577639
32,50000000,1080998060,3272417942,4353416002
32,50000000,1081290785,3313981625,4395272410
32,50000000,1082400502,3292544155,4374944657
32,50000000,1088052438,3292934946,4380987384
32,50000000,1083653435,3288131329,4371784764
32,50000000,1079585771,3247029025,4326614796
32,50000000,1083926762,3270674546,4354601308
32,50000000,1083955126,3284098723,4368053849
32,50000000,1084168338,3266456116,4350624454
32,50000000,1083163888,3289579428,4372743316
32,50000000,1083824271,3269606911,4353431182
32,50000000,1084238756,3267083032,4351321788
32,50000000,1085966754,3273392432,4359359186
32,50000000,1081320204,3280831113,4362151317
32,50000000,1083219001,3300901431,4384120432
32,50000000,1084651833,3238214554,4322866387
32,50000000,1086516583,3238734331,4325250914
32,50000000,1082537171,3270545985,4353083156
32,50000000,1083023408,3270193241,4353216649
32,50000000,1083667602,3299748262,4383415864
32,50000000,1083822082,3265875234,4349697316
32,50000000,1082891836,3277638641,4360530477
32,50000000,1082548579,3318898483,4401447062
32,50000000,1082247561,3265616656,4347864217
32,50000000,1082172040,3266167212,4348339252
32,50000000,1082188478,3294234103,4376422581
32,50000000,1085393145,3261612611,4347005756
32,50000000,1084798704,3295054464,4379853168
32,50000000,1083451329,3265267439,4348718768
32,50000000,1085023467,3302344376,4387367843
32,50000000,1083019522,3943089752,5026109274
32,50000000,1083672534,3263062131,4346734665
32,50000000,1081829091,3250454017,4332283108
32,50000000,1092900340,3283847784,4376748124
32,50000000,1081403215,3272851959,4354255174
32,50000000,1079986504,3272424547,4352411051
32,50000000,1082272971,3251863655,4334136626
32,50000000,1082452201,3265767514,4348219715
32,50000000,1081483130,3284485469,4365968599
32,50000000,1083785446,3239944035,4323729481
32,50000000,1084846560,3283276220,4368122780
32,50000000,1088700681,3286533029,4375233710
32,50000000,1092472213,3274570467,4367042680
32,50000000,1083315292,3290721474,4374036766
32,50000000,1083243696,3278957892,4362201588
32,50000000,1085139252,3288075530,4373214782
32,50000000,1084401662,3263066080,4347467742
32,50000000,1083646499,3245294678,4328941177
32,50000000,1083621901,3275163773,4358785674
32,50000000,1082210458,3297829783,4380040241
32,50000000,1083591968,3260006910,4343598878
32,50000000,1082614774,3265872160,4348486934
32,50000000,1085165796,3294981939,4380147735
32,50000000,1081261951,3293644322,4374906273
32,50000000,1081386148,3271640266,4353026414
32,50000000,1083392412,3260484079,4343876491
32,50000000,1083381441,3264236335,4347617776
32,50000000,1081947646,3237570560,4319518206
32,50000000,1085531515,3236631411,4322162926
32,60000000,1311555898,3923720750,5235276648
32,60000000,1310463779,3982715537,5293179316
32,60000000,1310179674,3915665258,5225844932
32,60000000,1306053376,3921347678,5227401054
32,60000000,1309571719,3922281584,5231853303
32,60000000,1309608897,3883259485,5192868382
32,60000000,1310343327,3916725854,5227069181
32,60000000,1312917170,3910183832,5223101002
32,60000000,1320392649,3921289590,5241682239
32,60000000,1312133632,3945016364,5257149996
32,60000000,1312815265,3921173345,5233988610
32,60000000,1311577649,3920832380,5232410029
32,60000000,1314259428,3997149741,5311409169
32,60000000,1312642829,3899861272,5212504101
32,60000000,1313926087,3989745434,5303671521
32,60000000,1309131668,3947483629,5256615297
32,60000000,1310210764,3944931139,5255141903
32,60000000,1311207134,3978854286,5290061420
32,60000000,1312388832,3915076927,5227465759
32,60000000,1312483988,3933806926,5246290914
32,60000000,1313977698,3920939823,5234917521
32,60000000,1312173893,3916623593,5228797486
32,60000000,1313191339,3981844420,5295035759
32,60000000,1310548867,3954099216,5264648083
32,60000000,1310551611,3879184087,5189735698
32,60000000,1313906847,3949678700,5263585547
32,60000000,1314105087,3923213450,5237318537
32,60000000,1310062592,3913818362,5223880954
32,60000000,1310420666,3894242059,5204662725
32,60000000,1313534934,3924120480,5237655414
32,60000000,1313814379,3921617024,5235431403
32,60000000,1308878320,3923548144,5232426464
32,60000000,1310500740,3946091699,5256592439
32,60000000,1309008798,3908408176,5217416974
32,60000000,1311815475,3889436287,5201251762
32,60000000,1311700369,3925932920,5237633289
32,60000000,1314759401,3921731532,5236490933
32,60000000,1310946408,3926868877,5237815285
32,60000000,1311892072,3912681331,5224573403
32,60000000,1315486915,3945908037,5261394952
32,60000000,1312391690,3948908732,5261300422
32,60000000,1314497310,3941232224,5255729534
32,60000000,1315479211,3927520096,5242999307
32,60000000,1309580259,3912300212,5221880471
32,60000000,1310376844,3879035539,5189412383
32,60000000,1312962670,3951203488,5264166158
32,60000000,1313225040,3891469989,5204695029
32,60000000,1309089765,3948063375,5257153140
32,60000000,1319419763,3895371064,5214790827
32,60000000,1313488088,3908461632,5221949720
32,60000000,1312612058,3975702236,5288314294
32,60000000,1311914876,3910239896,5222154772
32,60000000,1312237279,3899430782,5211668061
32,60000000,1317082611,3947874495,5264957106
32,60000000,1312973773,3956554613,5269528386
32,60000000,1308051733,3909968927,5218020660
32,60000000,1312256545,3949185043,5261441588
32,60000000,1308052498,3914921390,5222973888
32,60000000,1313628524,3920553156,5234181680
32,60000000,1314129310,3922792960,5236922270
32,60000000,1311000150,3876000544,5187000694
32,60000000,1310649807,3918870126,5229519933
32,60000000,1314512167,3985425589,5299937756
32,60000000,1314632348,3920778135,5235410483
32,60000000,1309447570,3919222256,5228669826
32,60000000,1315740236,3917183323,5232923559
32,60000000,1313263535,3915949226,5229212761
32,60000000,1324631099,3924620989,5249252088
32,60000000,1313282786,3892180447,5205463233
32,60000000,1314967303,3941391619,5256358922
32,60000000,1329705434,3901561658,5231267092
32,60000000,1308261577,3930142145,5238403722
32,60000000,1324262419,3944275069,5268537488
32,60000000,1308671970,3923718902,5232390872
32,60000000,1315005433,3943538438,5258543871
32,60000000,1312076228,3905588455,5217664683
32,60000000,1310850075,3928511029,5239361104
32,60000000,1312429697,3914639253,5227068950
32,60000000,1310234079,3925845028,5236079107
32,60000000,1312661567,3928377743,5241039310
32,60000000,1312727645,3891162189,5203889834
32,60000000,1312529853,3978336440,5290866293
32,60000000,1312964878,3918082284,5231047162
32,60000000,1309860019,3944326852,5254186871
32,60000000,1312872034,3885169792,5198041826
32,60000000,1311926462,3909311834,5221238296
32,60000000,1308073645,3937687162,5245760807
32,60000000,1315129002,3926901103,5242030105
32,60000000,1310102222,3893374505,5203476727
32,60000000,1314558018,3964425482,5278983500
32,60000000,1315141042,3888075671,5203216713
32,60000000,1311094604,3917545587,5228640191
32,60000000,1312138231,3916354450,5228492681
32,60000000,1310974569,3931140199,5242114768
32,60000000,1310984986,3923818922,5234803908
32,60000000,1311927748,3919091937,5231019685
32,60000000,1311248407,3951516914,5262765321
32,60000000,1312019324,3909433021,5221452345
32,60000000,1313052317,3936532219,5249584536
32,60000000,1307809963,3880129342,5187939305
32,60000000,1308285748,3945483278,5253769026
32,60000000,1311599403,3922386561,5233985964
32,60000000,1312195067,3882118354,5194313421
32,60000000,1311613069,3949465129,5261078198
32,60000000,1319993879,3907815166,5227809045
32,60000000,1310245077,3920576239,5230821316
32,60000000,1309869905,3934433929,5244303834
32,60000000,1311484639,3938791344,5250275983
32,60000000,1312531715,3956877156,5269408871
32,60000000,1311086722,3951562458,5262649180
32,60000000,1310215143,3922405773,5232620916
32,60000000,1308104346,3916187174,5224291520
32,60000000,1313713413,3975075671,5288789084
32,60000000,1314017880,3948224519,5262242399
32,60000000,1310329744,3908644212,5218973956
32,70000000,1539784415,4633303525,6173087940
32,70000000,1543245758,4566035254,6109281012
32,70000000,1542159568,4632517962,6174677530
32,70000000,1549747495,4556115591,6105863086
32,70000000,1544745902,4565702480,6110448382
32,70000000,1544171397,4591921388,6136092785
32,70000000,1542257754,4576811586,6119069340
32,70000000,1544366901,4580988921,6125355822
32,70000000,1541980231,4607262269,6149242500
32,70000000,1549982287,4585515443,6135497730
32,70000000,1544829696,4600478364,6145308060
32,70000000,1542799810,4585328627,6128128437
32,70000000,1541096727,4600908507,6142005234
32,70000000,1549311698,4595037034,6144348732
32,70000000,1545556798,4537128133,6082684931
32,70000000,1541007986,4553130166,6094138152
32,70000000,1545032057,4574402245,6119434302
32,70000000,1543051948,4566371957,6109423905
32,70000000,1544556261,4582169867,6126726128
32,70000000,1544553855,4561188774,6105742629
32,70000000,1540582889,4581080257,6121663146
32,70000000,1544631065,4577718477,6122349542
32,70000000,1544266972,4600036226,6144303198
32,70000000,1546529309,4578328987,6124858296
32,70000000,1544901998,4545501549,6090403547
32,70000000,1544385052,4600267608,6144652660
32,70000000,1541858107,5410918045,6952776152
32,70000000,1550359404,4558249042,6108608446
32,70000000,1545204323,4573996589,6119200912
32,70000000,1543602723,4544507684,6088110407
32,70000000,1545560843,4611129802,6156690645
32,70000000,1549468073,4571590343,6121058416
32,70000000,1538233526,4573849660,6112083186
32,70000000,1545597457,4532261639,6077859096
32,70000000,1545133365,4573790486,6118923851
32,70000000,1552210019,4583371417,6135581436
32,70000000,1547923962,4571264268,6119188230
32,70000000,1545169400,4595554617,6140724017
32,70000000,1541314247,4548504537,6089818784
32,70000000,1543932216,4578556964,6122489180
32,70000000,1542669077,4567578822,6110247899
32,70000000,1540259920,4613195336,6153455256
32,70000000,1545467503,4571082722,6116550225
32,70000000,1547174312,4595415885,6142590197
32,70000000,1543265697,4607351701,6150617398
32,70000000,1545036374,4576370856,6121407230
32,70000000,1549121921,4572987583,6122109504
32,70000000,1543052854,4571253539,6114306393
32,70000000,1544023225,4597441305,6141464530
32,70000000,1549363647,5449401607,6998765254
32,70000000,1544659531,4578264875,6122924406
32,70000000,1544915030,4579900568,6124815598
32,70000000,1547987227,5106877846,6654865073
32,70000000,1549591064,4556775197,6106366261
32,70000000,1541894117,5037051158,6578945275
32,70000000,1544923070,4608363363,6153286433
32,70000000,1540563647,4587924226,6128487873
32,70000000,1546861637,4575921701,6122783338
32,70000000,1540553308,4582858904,6123412212
32,70000000,1541142598,4606981254,6148123852
32,70000000,1540750008,4606547056,6147297064
32,70000000,1545602932,4584691920,6130294852
32,70000000,1545765407,4562715314,6108480721
32,70000000,1543468199,4538000570,6081468769
32,70000000,1541740592,4552243874,6093984466
32,70000000,1540671754,4552823662,6093495416
32,70000000,1542341330,4562898291,6105239621
32,70000000,1545430833,4619322050,6164752883
32,70000000,1539745040,4560877975,6100623015
32,70000000,1543470064,4618372604,6161842668
32,70000000,1541276287,4581721461,6122997748
32,70000000,1544104738,4638801172,6182905910
32,70000000,1542984625,4601328253,6144312878
32,70000000,1540590658,4531977761,6072568419
32,70000000,1545387380,4602142552,6147529932
32,70000000,1552299497,4624859140,6177158637
32,70000000,1547458585,4568765439,6116224024
32,70000000,1546138786,4606907871,6153046657
32,70000000,1542374809,4605961653,6148336462
32,70000000,1546500821,4541092835,6087593656
32,70000000,1544595919,4585300728,6129896647
32,70000000,1548937464,4606085480,6155022944
32,70000000,1548598909,4574959203,6123558112
32,70000000,1549494649,4606457687,6155952336
32,70000000,1541890402,4603414268,6145304670
32,70000000,1544124301,4577624641,6121748942
32,70000000,1544029425,4552736687,6096766112
32,70000000,1541091025,4525401102,6066492127
32,70000000,1544114738,4590581557,6134696295
32,70000000,1546572210,4572347235,6118919445
32,70000000,1548892018,4607607901,6156499919
32,70000000,1545196514,4548052644,6093249158
32,70000000,1543326857,4576577719,6119904576
32,70000000,1545176598,4531300659,6076477257
32,70000000,1544845046,4533114585,6077959631
32,70000000,1547697592,4538432408,6086130000
32,70000000,1547496805,4575007957,6122504762
32,70000000,1542761004,4564676307,6107437311
32,70000000,1549062989,4614953917,6164016906
32,70000000,1548992304,4611512835,6160505139
32,70000000,1547388921,4603810996,6151199917
32,70000000,1549246673,4538213504,6087460177
32,70000000,1539768262,4605573592,6145341854
32,70000000,1542090952,4567290448,6109381400
32,70000000,1541925114,4607084790,6149009904
32,70000000,1550034953,4676324882,6226359835
32,70000000,1544750779,4609333561,6154084340
32,70000000,1542783343,4578846595,6121629938
32,70000000,1547926868,4585618436,6133545304
32,70000000,1545814796,4601750324,6147565120
32,70000000,1545149194,4581538155,6126687349
32,70000000,1543822924,4598075939,6141898863
32,70000000,1547393258,4622691851,6170085109
32,70000000,1540668880,4602261696,6142930576
32,70000000,1547974022,4562125937,6110099959
32,80000000,1781546449,5297519516,7079065965
32,80000000,1772024198,5239710978,7011735176
32,80000000,1769539932,5222682367,6992222299
32,80000000,1833255149,5266751326,7100006475
32,80000000,1773366086,5218209296,6991575382
32,80000000,1774178977,5214808981,6988987958
32,80000000,1767600491,5226912027,6994512518
32,80000000,1775536321,5209887139,6985423460
32,80000000,1769137950,5302130374,7071268324
32,80000000,1775213404,5217314334,6992527738
32,80000000,1782767346,5193436570,6976203916
32,80000000,1774106871,5260408272,7034515143
32,80000000,1823303545,5223958110,7047261655
32,80000000,1770909062,5246266579,7017175641
32,80000000,1773252380,5217694054,6990946434
32,80000000,1772177766,5281977427,7054155193
32,80000000,1776022452,5243871738,7019894190
32,80000000,1772535216,5265649170,7038184386
32,80000000,1770891224,5299752991,7070644215
32,80000000,1773517739,5235434638,7008952377
32,80000000,1771000832,5209085831,6980086663
32,80000000,1771464811,5194684947,6966149758
32,80000000,1772042174,5226883761,6998925935
32,80000000,1773190135,5247024488,7020214623
32,80000000,1779173113,5239017954,7018191067
32,80000000,1773668583,5297318227,7070986810
32,80000000,1768589774,5216599608,6985189382
32,80000000,1773700036,5178228244,6951928280
32,80000000,1772001505,5176039876,6948041381
32,80000000,1769881338,5274887746,7044769084
32,80000000,1777181191,5258397141,7035578332
32,80000000,1771232625,5222588854,6993821479
32,80000000,1773087000,5195915942,6969002942
32,80000000,1772237203,5254429984,7026667187
32,80000000,1780079776,5228523342,7008603118
32,80000000,1771062319,5216750188,6987812507
32,80000000,1773532192,5264802646,7038334838
32,80000000,1775532579,5211944515,6987477094
32,80000000,1775610498,5264131776,7039742274
32,80000000,1771214051,5267824739,7039038790
32,80000000,1773282205,5209362659,6982644864
32,80000000,1772003551,5273768351,7045771902
32,80000000,1778398357,5208877500,6987275857
32,80000000,1773155845,5226755647,6999911492
32,80000000,1776352387,5231548690,7007901077
32,80000000,1771640777,5244270106,7015910883
32,80000000,1775711592,5194061739,6969773331
32,80000000,1778090415,5228923474,7007013889
32,80000000,1770884555,5233170438,7004054993
32,80000000,1774796789,5232033387,7006830176
32,80000000,1771504496,5236536442,7008040938
32,80000000,1773307285,5216373299,6989680584
32,80000000,1771137478,5235974041,7007111519
32,80000000,1770281859,5223402570,6993684429
32,80000000,1775533630,5194564371,6970098001
32,80000000,1775232481,5226114865,7001347346
32,80000000,1777617708,5181392552,6959010260
32,80000000,1770502629,5218022453,6988525082
32,80000000,1773184017,5235698837,7008882854
32,80000000,1774535306,5295687294,7070222600
32,80000000,1770267268,5830980872,7601248140
32,80000000,1775511693,5174683086,6950194779
32,80000000,1764438518,5259595761,7024034279
32,80000000,1771627996,5211052016,6982680012
32,80000000,1814768233,5219958045,7034726278
32,80000000,1768837496,5209485628,6978323124
32,80000000,1768692994,5240306998,7008999992
32,80000000,1780187483,5229784227,7009971710
32,80000000,1774703269,5258868069,7033571338
32,80000000,1775936399,5260208064,7036144463
32,80000000,1775963586,5209903402,6985866988
32,80000000,1770937077,5260753728,7031690805
32,80000000,1774848541,5264543647,7039392188
32,80000000,1771959720,5187755807,6959715527
32,80000000,1769345841,5267134758,7036480599
32,80000000,1774309196,5199504753,6973813949
32,80000000,1772906032,5168901153,6941807185
32,80000000,1773275227,5230364269,7003639496
32,80000000,1775309399,5225611094,7000920493
32,80000000,1779213552,5272436113,7051649665
32,80000000,1774421054,5196706308,6971127362
32,80000000,1770607584,5262068091,7032675675
32,80000000,1777884970,5237684879,7015569849
32,80000000,1768302521,5257906922,7026209443
32,80000000,1776199439,5216368883,6992568322
32,80000000,1773723846,5216189295,6989913141
32,80000000,1771549361,5214723696,6986273057
32,80000000,1777981721,5257557974,7035539695
32,80000000,1775580659,5234269491,7009850150
32,80000000,1780351374,5175067173,6955418547
32,80000000,1772632498,5254671044,7027303542
32,80000000,1770626742,5217950947,6988577689
32,80000000,1774905402,5196548335,6971453737
32,80000000,1776476420,5231992251,7008468671
32,80000000,1773590298,5220203831,6993794129
32,80000000,1782274428,5207459111,6989733539
32,80000000,1772900402,5262729531,7035629933
32,80000000,1776223572,5222606853,6998830425
32,80000000,1775818675,5298291052,7074109727
32,80000000,1769881004,5214524170,6984405174
32,80000000,1775797506,5230085341,7005882847
32,80000000,1768358086,5224899913,6993257999
32,80000000,1772553223,5237803810,7010357033
32,80000000,1768958082,5217075967,6986034049
32,80000000,1771734183,5233606890,7005341073
32,80000000,1775379393,5212210896,6987590289
32,80000000,1774129857,5201574500,6975704357
32,80000000,1767036958,5261544974,7028581932
32,80000000,1777546690,5256237988,7033784678
32,80000000,1769971006,5220881218,6990852224
32,80000000,1778426286,5254567397,7032993683
32,80000000,1778097128,5339442451,7117539579
32,80000000,1780333090,5235191592,7015524682
32,80000000,1776193130,5222731752,6998924882
32,80000000,1774418493,5220980321,6995398814
32,90000000,2004911701,5906575916,7911487617
32,90000000,2017597421,5859626342,7877223763
32,90000000,2006600641,5936614364,7943215005
32,90000000,2029009580,5833084751,7862094331
32,90000000,2014652812,5891820472,7906473284
32,90000000,2006841610,5971200794,7978042404
32,90000000,2000605667,5879067704,7879673371
32,90000000,2013188950,6441557335,8454746285
32,90000000,2005859562,5909719230,7915578792
32,90000000,2006486276,5860220607,7866706883
32,90000000,2003496782,5935034187,7938530969
32,90000000,2004224138,5818412335,7822636473
32,90000000,2015152700,6438776136,8453928836
32,90000000,2003297125,5826892814,7830189939
32,90000000,2010467618,5928576244,7939043862
32,90000000,2005410047,5885913851,7891323898
32,90000000,2013151601,5857338520,7870490121
32,90000000,1997880127,5898964719,7896844846
32,90000000,2003780885,5910762581,7914543466
32,90000000,2011701153,5847605458,7859306611
32,90000000,2004507424,5903145501,7907652925
32,90000000,2009409602,5875988600,7885398202
32,90000000,2003945234,5831663975,7835609209
32,90000000,2002739681,5847662363,7850402044
32,90000000,2001906875,5813155687,7815062562
32,90000000,2008002174,5904509891,7912512065
32,90000000,2007394932,5878089008,7885483940
32,90000000,2010296741,5859025215,7869321956
32,90000000,2005714202,5867759145,7873473347
32,90000000,2007393561,5833860243,7841253804
32,90000000,2011024459,5870995607,7882020066
32,90000000,2000925940,5920609591,7921535531
32,90000000,2010424607,5812073275,7822497882
32,90000000,2005703918,5870651177,7876355095
32,90000000,2002031285,5871086658,7873117943
32,90000000,2001684441,5838342424,7840026865
32,90000000,2001314203,5933194448,7934508651
32,90000000,2000336053,5913704620,7914040673
32,90000000,2007163701,5906502283,7913665984
32,90000000,2000375259,5864937742,7865313001
32,90000000,2004233142,5915772982,7920006124
32,90000000,2016794652,5920603731,7937398383
32,90000000,2005017160,5950994303,7956011463
32,90000000,2015378116,5874015001,7889393117
32,90000000,2012560107,5873336407,7885896514
32,90000000,2009489510,5968709358,7978198868
32,90000000,2002930676,5959749652,7962680328
32,90000000,2004919331,5864390273,7869309604
32,90000000,2015897049,5929880197,7945777246
32,90000000,2005910738,5917438077,7923348815
32,90000000,2002495643,5930955164,7933450807
32,90000000,1998491281,5870351227,7868842508
32,90000000,2015972935,5874150749,7890123684
32,90000000,2007739901,5951204260,7958944161
32,90000000,2007062646,5914278829,7921341475
32,90000000,2019049023,5873820047,7892869070
32,90000000,2025482123,5896407345,7921889468
32,90000000,2005201388,5832903650,7838105038
32,90000000,2007248174,5880410934,7887659108
32,90000000,2006463861,5827237302,7833701163
32,90000000,2002998916,5932285345,7935284261
32,90000000,2007013614,5872067860,7879081474
32,90000000,2010296117,5918889957,7929186074
32,90000000,2004714355,5961746188,7966460543
32,90000000,2006566377,5917573258,7924139635
32,90000000,2004409065,5942677790,7947086855
32,90000000,2003000313,5889170719,7892171032
32,90000000,2005947771,5873698167,7879645938
32,90000000,2018170270,5886689891,7904860161
32,90000000,2004615084,5971712850,7976327934
32,90000000,2004238869,5910782909,7915021778
32,90000000,2004853224,5880318809,7885172033
32,90000000,2001583877,5911404833,7912988710
32,90000000,2007525292,5962163683,7969688975
32,90000000,2004206722,5869628842,7873835564
32,90000000,2004199167,5831617970,7835817137
32,90000000,2002400040,5883963817,7886363857
32,90000000,2002377721,5918070780,7920448501
32,90000000,1998287328,5923745308,7922032636
32,90000000,2006159004,5921222111,7927381115
32,90000000,2024234800,5851311353,7875546153
32,90000000,2008250205,5823046339,7831296544
32,90000000,2010170469,5915839544,7926010013
32,90000000,2005994996,5867729382,7873724378
32,90000000,2004812050,5886931491,7891743541
32,90000000,2009079630,5882032358,7891111988
32,90000000,2016655212,5883743582,7900398794
32,90000000,2008686389,5871980503,7880666892
32,90000000,2027099460,5891314669,7918414129
32,90000000,2005750866,5915921919,7921672785
32,90000000,2002222800,5819137045,7821359845
32,90000000,2003211943,5873720891,7876932834
32,90000000,2050632082,5935651229,7986283311
32,90000000,2007268098,5839102228,7846370326
32,90000000,2002343187,5838189363,7840532550
32,90000000,2005853272,5875425250,7881278522
32,90000000,2003078668,5875480207,7878558875
32,90000000,2006409855,5923871024,7930280879
32,90000000,2005563833,5879184506,7884748339
32,90000000,2004653726,5870028534,7874682260
32,90000000,1995895645,5915945388,7911841033
32,90000000,2011498619,5881260443,7892759062
32,90000000,2019945529,5892071224,7912016753
32,90000000,2003774973,5931538410,7935313383
32,90000000,2015324976,5846211427,7861536403
32,90000000,2007157823,5959663171,7966820994
32,90000000,2010811956,5916833441,7927645397
32,90000000,2005384791,5938023872,7943408663
32,90000000,2005312008,5923211546,7928523554
32,90000000,2002987788,5868609570,7871597358
32,90000000,2001949796,5867644730,7869594526
32,90000000,2007485355,5869582953,7877068308
32,90000000,2004137391,5860708890,7864846281
32,90000000,2002570501,5857211628,7859782129
32,90000000,2004572238,5936044850,7940617088
32,100000000,2243784622,6513790001,8757574623
32,100000000,2243825971,6516662221,8760488192
32,100000000,2241307597,6585548545,8826856142
32,100000000,2238781949,6538550481,8777332430
32,100000000,2235684497,6475413645,8711098142
32,100000000,2236734967,6483332506,8720067473
32,100000000,2243921254,6620516483,8864437737
32,100000000,2239751149,6461623406,8701374555
32,100000000,2235849465,6593052688,8828902153
32,100000000,2242481626,6502477479,8744959105
32,100000000,2245904530,6529323198,8775227728
32,100000000,2239917765,6542438849,8782356614
32,100000000,2237359841,6543326715,8780686556
32,100000000,2242737335,6539440113,8782177448
32,100000000,2234731188,6523993585,8758724773
32,100000000,2235280435,6517805004,8753085439
32,100000000,2241799607,6476258898,8718058505
32,100000000,2240075553,6476391055,8716466608
32,100000000,2242177786,6487748369,8729926155
32,100000000,2244852733,6510329436,8755182169
32,100000000,2238003683,6538201990,8776205673
32,100000000,2236506176,6537653973,8774160149
32,100000000,2245873875,6552496739,8798370614
32,100000000,2253137321,6550862669,8803999990
32,100000000,2236010131,6547615018,8783625149
32,100000000,2242025885,6530676080,8772701965
32,100000000,2241931637,6465933325,8707864962
32,100000000,2233680680,6572179708,8805860388
32,100000000,2237592170,6459193142,8696785312
32,100000000,2231989874,6514512843,8746502717
32,100000000,2237398692,6487931185,8725329877
32,100000000,2239415337,6531434523,8770849860
32,100000000,2236268215,6571392806,8807661021
32,100000000,2237176145,7329430440,9566606585
32,100000000,2236073893,6572142153,8808216046
32,100000000,2240079576,6519788696,8759868272
32,100000000,2236756826,6626528433,8863285259
32,100000000,2235812611,6509026808,8744839419
32,100000000,2235229964,6564747325,8799977289
32,100000000,2237158245,6490312719,8727470964
32,100000000,2234405607,6519267472,8753673079
32,100000000,2241268359,6537040987,8778309346
32,100000000,2250257191,6520219450,8770476641
32,100000000,2242536592,6521434294,8763970886
32,100000000,2247969986,6530523657,8778493643
32,100000000,2236009062,6558526840,8794535902
32,100000000,2236338867,11288685234,13525024101
32,100000000,2245857429,6630855518,8876712947
32,100000000,2233078993,6530427254,8763506247
32,100000000,2238210276,6484495168,8722705444
32,100000000,2235694415,6531469576,8767163991
32,100000000,2238613827,6487617570,8726231397
32,100000000,2241296992,6530801832,8772098824
32,100000000,2235266058,6485606672,8720872730
32,100000000,2246498922,6499335368,8745834290
32,100000000,2238178834,6526216869,8764395703
32,100000000,2230635819,6475012829,8705648648
32,100000000,2234231909,6574099267,8808331176
32,100000000,2240080348,6581625370,8821705718
32,100000000,2243482664,6477458793,8720941457
32,100000000,2236782314,6559778205,8796560519
32,100000000,2242075342,6514884056,8756959398
32,100000000,2234027758,6576354220,8810381978
32,100000000,2236851366,6563413787,8800265153
32,100000000,2238190563,6546146044,8784336607
32,100000000,2237370289,6512940263,8750310552
32,100000000,2240138579,6480165259,8720303838
32,100000000,2240752526,6541240236,8781992762
32,100000000,2242380518,6572205451,8814585969
32,100000000,2235669083,6581440850,8817109933
32,100000000,2234997288,6510308641,8745305929
32,100000000,2239718047,6542712164,8782430211
32,100000000,2238839286,6488406978,8727246264
32,100000000,2235984286,6629473133,8865457419
32,100000000,2241436020,6571207285,8812643305
32,100000000,2236728563,6462849562,8699578125
32,100000000,2234688114,6521833244,8756521358
32,100000000,2237671084,6584616885,8822287969
32,100000000,2243853185,6531712270,8775565455
32,100000000,2252889744,6571267788,8824157532
32,100000000,2239794161,6519091141,8758885302
32,100000000,2239337602,6564242489,8803580091
32,100000000,2237151075,6616708848,8853859923
32,100000000,2235934620,6566624455,8802559075
32,100000000,2237138668,6506859774,8743998442
32,100000000,2234925000,6613625233,8848550233
32,100000000,2237547767,6501772518,8739320285
32,100000000,2239921360,6518836790,8758758150
32,100000000,2244486594,6518793962,8763280556
32,100000000,2233483302,6475094605,8708577907
32,100000000,2247099629,6550106639,8797206268
32,100000000,2240678918,6517546696,8758225614
32,100000000,2239181966,6513600257,8752782223
32,100000000,2233449223,6505616596,8739065819
32,100000000,2238416228,6654689462,8893105690
32,100000000,2236917150,6513183966,8750101116
32,100000000,2241969896,6562343349,8804313245
32,100000000,2240782082,6467806376,8708588458
32,100000000,2238138010,6667814725,8905952735
32,100000000,2246223370,6521171460,8767394830
32,100000000,2240795811,6482279989,8723075800
32,100000000,2251120018,6537345978,8788465996
32,100000000,2243646410,6529407169,8773053579
32,100000000,2238301707,6561680050,8799981757
32,100000000,2235575377,6531397749,8766973126
32,100000000,2282751526,6576816428,8859567954
32,100000000,2238671444,6538198039,8776869483
32,100000000,2243056490,6488568319,8731624809
32,100000000,2243925525,6540490859,8784416384
32,100000000,2236639318,6580348240,8816987558
32,100000000,2251312086,6532453272,8783765358
32,100000000,2238140053,6527239980,8765380033
32,100000000,2238736987,11080495497,13319232484
32,100000000,2240563412,6612470060,8853033472
32,100000000,2239267548,6485070681,8724338229
64,1000,411031,3577953,3988984
64,1000,1608321,235617,1843938
64,1000,1802467,269913,2072380
64,1000,357808,313002,670810
64,1000,1145349,259811,1405160
64,1000,1664535,264758,1929293
64,1000,3989420,316552,4305972
64,1000,1506259,257996,1764255
64,1000,1132450,216613,1349063
64,1000,2900897,489515,3390412
64,1000,2816581,510094,3326675
64,1000,2845483,275303,3120786
64,1000,1888435,342387,2230822
64,1000,2678105,215815,2893920
64,1000,1228498,310681,1539179
64,1000,424271,2349473,2773744
64,1000,2680067,315411,2995478
64,1000,3006383,255562,3261945
64,1000,1432690,310410,1743100
64,1000,3351971,298606,3650577
64,1000,540162,942043,1482205
64,1000,3249019,531102,3780121
64,1000,844763,230370,1075133
64,1000,1618958,235864,1854822
64,1000,1946299,214796,2161095
64,1000,5007456,235564,5243020
64,1000,2000389,237198,2237587
64,1000,2577515,345643,2923158
64,1000,2858759,270015,3128774
64,1000,1143044,352723,1495767
64,1000,5506746,431877,5938623
64,1000,2633138,271280,2904418
64,1000,2957046,241837,3198883
64,1000,564087,2079694,2643781
64,1000,415016,2151251,2566267
64,1000,2057895,213912,2271807
64,1000,3143692,466522,3610214
64,1000,1991365,234902,2226267
64,1000,2843293,314925,3158218
64,1000,3711794,363176,4074970
64,1000,4537802,235794,4773596
64,1000,2557445,311167,2868612
64,1000,4069526,193388,4262914
64,1000,4288823,311090,4599913
64,1000,1042383,379202,1421585
64,1000,946822,313992,1260814
64,1000,6056291,215481,6271772
64,1000,2345138,348238,2693376
64,1000,2998635,255949,3254584
64,1000,4508024,250828,4758852
64,1000,3777805,434241,4212046
64,1000,2695984,331805,3027789
64,1000,2957484,431943,3389427
64,1000,459144,370490,829634
64,1000,1145056,338317,1483373
64,1000,1817539,233849,2051388
64,1000,1379060,220578,1599638
64,1000,2858384,359711,3218095
64,1000,3012478,505872,3518350
64,1000,312920,1145465,1458385
64,1000,3073465,229316,3302781
64,1000,606715,273789,880504
64,1000,3030908,294847,3325755
64,1000,331926,2056097,2388023
64,1000,3059157,258084,3317241
64,1000,4239239,415226,4654465
64,1000,1118883,340478,1459361
64,1000,1526456,359344,1885800
64,1000,3237228,255513,3492741
64,1000,534406,2634873,3169279
64,1000,919510,220280,1139790
64,1000,301664,171875,473539
64,1000,2484453,274282,2758735
64,1000,1961484,315468,2276952
64,1000,2993064,292431,3285495
64,1000,1805421,262031,2067452
64,1000,3667916,312382,3980298
64,1000,5649844,259942,5909786
64,1000,314201,4695578,5009779
64,1000,3124251,218639,3342890
64,1000,1083959,391606,1475565
64,1000,1177047,326848,1503895
64,1000,2775737,543063,3318800
64,1000,3834858,245625,4080483
64,1000,426065,2174898,2600963
64,1000,2472088,220707,2692795
64,1000,445780,982076,1427856
64,1000,1125352,387162,1512514
64,1000,2598489,325714,2924203
64,1000,532317,2860679,3392996
64,1000,3067439,311038,3378477
64,1000,1676779,359594,2036373
64,1000,940555,248011,1188566
64,1000,4870792,315216,5186008
64,1000,1229204,389291,1618495
64,1000,2901805,246520,3148325
64,1000,897943,290761,1188704
64,1000,2726675,324660,3051335
64,1000,5492047,218266,5710313
64,1000,3078026,356728,3434754
64,1000,2617351,324336,2941687
64,1000,1005318,294284,1299602
64,1000,2602063,353414,2955477
64,1000,1609577,514926,2124503
64,1000,1023634,369453,1393087
64,1000,319643,1958452,2278095
64,1000,2613597,272456,2886053
64,1000,342359,3069027,3411386
64,1000,2706492,259493,2965985
64,1000,3462404,325129,3787533
64,1000,2944075,212785,3156860
64,1000,2771761,403633,3175394
64,1000,1902303,323087,2225390
64,1000,2362156,306466,2668622
64,1000,318588,1230756,1549344
64,2000,3554417,374140,3928557
64,2000,4755829,357595,5113424
64,2000,3194964,452665,3647629
64,2000,5558265,319840,5878105
64,2000,5609961,395968,6005929
64,2000,4392564,426938,4819502
64,2000,1404961,369016,1773977
64,2000,4366793,378857,4745650
64,2000,5584546,340619,5925165
64,2000,4886502,363792,5250294
64,2000,5662570,380192,6042762
64,2000,4634969,481231,5116200
64,2000,3671861,394003,4065864
64,2000,3746083,347105,4093188
64,2000,2200573,2479658,4680231
64,2000,5025832,417847,5443679
64,2000,3177502,449793,3627295
64,2000,3923696,310450,4234146
64,2000,5084607,358819,5443426
64,2000,1905700,402797,2308497
64,2000,3004909,425609,3430518
64,2000,3309593,466227,3775820
64,2000,4930455,318911,5249366
64,2000,3738265,393995,4132260
64,2000,5700796,316009,6016805
64,2000,3920475,396635,4317110
64,2000,4975805,394536,5370341
64,2000,4446940,325450,4772390
64,2000,5261251,371188,5632439
64,2000,4626363,365812,4992175
64,2000,3175314,479958,3655272
64,2000,3839785,353488,4193273
64,2000,5017082,413148,5430230
64,2000,3405470,392593,3798063
64,2000,5318760,289122,5607882
64,2000,4905837,342532,5248369
64,2000,2145811,501549,2647360
64,2000,5300186,304295,5604481
64,2000,2708755,577208,3285963
64,2000,6293642,412234,6705876
64,2000,3557484,378663,3936147
64,2000,5352752,362627,5715379
64,2000,4705928,411373,5117301
64,2000,1858467,429851,2288318
64,2000,4360326,354486,4714812
64,2000,5452993,737399,6190392
64,2000,5669287,405655,6074942
64,2000,4941937,407129,5349066
64,2000,2729999,357514,3087513
64,2000,3311758,2525443,5837201
64,2000,1791178,493346,2284524
64,2000,4403153,385580,4788733
64,2000,4721057,387192,5108249
64,2000,3496813,399585,3896398
64,2000,4342081,398549,4740630
64,2000,5295402,369305,5664707
64,2000,1887582,418177,2305759
64,2000,4556829,408384,4965213
64,2000,3364790,433927,3798717
64,2000,3164853,2435842,5600695
64,2000,4026731,308694,4335425
64,2000,6368813,468016,6836829
64,2000,5591320,467444,6058764
64,2000,5835583,381640,6217223
64,2000,3458182,402942,3861124
64,2000,1899034,389492,2288526
64,2000,3261151,341354,3602505
64,2000,4554815,433127,4987942
64,2000,4551419,311041,4862460
64,2000,1795149,481851,2277000
64,2000,3890074,347674,4237748
64,2000,4210584,413002,4623586
64,2000,961355,461983,1423338
64,2000,4505479,310565,4816044
64,2000,4423284,329212,4752496
64,2000,3447958,383143,3831101
64,2000,3949971,450728,4400699
64,2000,6013843,441201,6455044
64,2000,2846664,434586,3281250
64,2000,4888765,413802,5302567
64,2000,3208389,393863,3602252
64,2000,2611661,389480,3001141
64,2000,4994474,499903,5494377
64,2000,5516373,376694,5893067
64,2000,3850826,502647,4353473
64,2000,4982267,434904,5417171
64,2000,4602359,342124,4944483
64,2000,5615764,396689,6012453
64,2000,3990631,389888,4380519
64,2000,3231170,524713,3755883
64,2000,1611828,995098,2606926
64,2000,4082759,376852,4459611
64,2000,2735086,409407,3144493
64,2000,1003575,367362,1370937
64,2000,1275137,585869,1861006
64,2000,1241464,409495,1650959
64,2000,3713822,344081,4057903
64,2000,4763198,371791,5134989
64,2000,4405032,353403,4758435
64,2000,1361234,582220,1943454
64,2000,5582141,846586,6428727
64,2000,3816127,369867,4185994
64,2000,4086641,388025,4474666
64,2000,2840719,545501,3386220
64,2000,4439598,377559,4817157
64,2000,4283268,369758,4653026
64,2000,4507876,311413,4819289
64,2000,4076553,479643,4556196
64,2000,5513351,365640,5878991
64,2000,3638385,372279,4010664
64,2000,3195456,345382,3540838
64,2000,5527316,398784,5926100
64,2000,4819748,626437,5446185
64,2000,3717273,347943,4065216
64,2000,4764082,448383,5212465
64,3000,1205880,445733,1651613
64,3000,938339,452353,1390692
64,3000,3059023,2485657,5544680
64,3000,5870349,637783,6508132
64,3000,5370500,441962,5812462
64,3000,2778719,358243,3136962
64,3000,2742954,623222,3366176
64,3000,4850306,364563,5214869
64,3000,3905348,516277,4421625
64,3000,4472637,425583,4898220
64,3000,5329676,501908,5831584
64,3000,2371295,1449726,3821021
64,3000,3031398,2435471,5466869
64,3000,3041915,579561,3621476
64,3000,3170076,474039,3644115
64,3000,3642765,624666,4267431
64,3000,5032810,532295,5565105
64,3000,2059135,509391,2568526
64,3000,5756176,337057,6093233
64,3000,4390964,698911,5089875
64,3000,5058736,476226,5534962
64,3000,2795627,2670779,5466406
64,3000,1321214,650311,1971525
64,3000,3901495,507526,4409021
64,3000,3770847,651649,4422496
64,3000,3115088,548694,3663782
64,3000,4065872,496322,4562194
64,3000,2952442,473171,3425613
64,3000,5750217,581278,6331495
64,3000,1298920,456992,1755912
64,3000,6008080,626029,6634109
64,3000,2049785,1505978,3555763
64,3000,2930855,482536,3413391
64,3000,5827101,389533,6216634
64,3000,5808890,512222,6321112
64,3000,3116908,498213,3615121
64,3000,2271558,587345,2858903
64,3000,2909416,536966,3446382
64,3000,2891761,567470,3459231
64,3000,2872466,599434,3471900
64,3000,4549090,395012,4944102
64,3000,4438590,515634,4954224
64,3000,2842014,2455905,5297919
64,3000,4970446,515661,5486107
64,3000,1887988,408091,2296079
64,3000,4872443,421110,5293553
64,3000,3462450,418566,3881016
64,3000,1188085,471120,1659205
64,3000,4420358,532737,4953095
64,3000,6189878,453832,6643710
64,3000,3096754,571746,3668500
64,3000,3375760,452239,3827999
64,3000,4178703,494881,4673584
64,3000,3138959,2535606,5674565
64,3000,3496160,2211121,5707281
64,3000,2407762,496628,2904390
64,3000,6297508,393017,6690525
64,3000,1818021,698633,2516654
64,3000,5362668,467606,5830274
64,3000,3444399,407043,3851442
64,3000,3319417,2451111,5770528
64,3000,4764697,512799,5277496
64,3000,3106239,2451181,5557420
64,3000,2381462,2413269,4794731
64,3000,3427471,2617189,6044660
64,3000,6069060,527269,6596329
64,3000,3270198,556789,3826987
64,3000,3012172,527164,3539336
64,3000,4308029,477843,4785872
64,3000,4841836,533253,5375089
64,3000,5946619,418883,6365502
64,3000,4069435,421085,4490520
64,3000,5718973,405450,6124423
64,3000,4960951,485070,5446021
64,3000,1067721,468069,1535790
64,3000,3010056,2558570,5568626
64,3000,4702440,361607,5064047
64,3000,2404117,2583695,4987812
64,3000,3310445,455672,3766117
64,3000,2711543,425604,3137147
64,3000,3224598,728277,3952875
64,3000,2368223,843342,3211565
64,3000,3859911,524203,4384114
64,3000,1411314,548288,1959602
64,3000,3578560,2268108,5846668
64,3000,1528400,2933386,4461786
64,3000,2593001,512952,3105953
64,3000,2194862,436977,2631839
64,3000,3578302,485602,4063904
64,3000,4840884,500997,5341881
64,3000,1877991,574989,2452980
64,3000,3459138,631633,4090771
64,3000,3060824,504524,3565348
64,3000,3144087,476799,3620886
64,3000,4924138,396058,5320196
64,3000,1748331,483761,2232092
64,3000,3726727,614439,4341166
64,3000,2107089,465716,2572805
64,3000,4455058,394867,4849925
64,3000,4776400,553045,5329445
64,3000,1911164,724368,2635532
64,3000,1231221,410148,1641369
64,3000,2589911,418937,3008848
64,3000,3942856,518718,4461574
64,3000,3051779,539106,3590885
64,3000,3767440,528736,4296176
64,3000,3968331,522321,4490652
64,3000,3027600,2450246,5477846
64,3000,6244753,563693,6808446
64,3000,3212596,480710,3693306
64,3000,4551911,527791,5079702
64,3000,5021046,421752,5442798
64,3000,1098965,436146,1535111
64,3000,3349739,462744,3812483
64,3000,1218053,454854,1672907
64,4000,3905827,584158,4489985
64,4000,2769131,648233,3417364
64,4000,3108474,519652,3628126
64,4000,2413696,811673,3225369
64,4000,5418409,740683,6159092
64,4000,4176028,523663,4699691
64,4000,6282885,557628,6840513
64,4000,4718898,682584,5401482
64,4000,5342461,770004,6112465
64,4000,3957686,580256,4537942
64,4000,4690304,762754,5453058
64,4000,4811487,675273,5486760
64,4000,3795278,672335,4467613
64,4000,2652359,893031,3545390
64,4000,3487338,643039,4130377
64,4000,2858672,769179,3627851
64,4000,3111500,592657,3704157
64,4000,4957267,710544,5667811
64,4000,5461079,751161,6212240
64,4000,5876040,707917,6583957
64,4000,1839932,2661823,4501755
64,4000,4398816,910667,5309483
64,4000,2127632,857859,2985491
64,4000,3083782,713230,3797012
64,4000,4515658,780131,5295789
64,4000,3046021,574704,3620725
64,4000,3842804,657005,4499809
64,4000,5725990,682594,6408584
64,4000,4410958,697382,5108340
64,4000,1256423,685175,1941598
64,4000,5767509,620638,6388147
64,4000,4622457,558780,5181237
64,4000,4539934,577938,5117872
64,4000,5764705,974931,6739636
64,4000,3064645,732126,3796771
64,4000,3608536,680434,4288970
64,4000,3671166,729999,4401165
64,4000,5305154,790257,6095411
64,4000,1874897,2872960,4747857
64,4000,4814687,739737,5554424
64,4000,5376231,538086,5914317
64,4000,3514939,780918,4295857
64,4000,4655658,648918,5304576
64,4000,3909765,761180,4670945
64,4000,3813569,569630,4383199
64,4000,6998465,699561,7698026
64,4000,5450118,778967,6229085
64,4000,1790382,669227,2459609
64,4000,4614746,664199,5278945
64,4000,5391677,688433,6080110
64,4000,4740236,652036,5392272
64,4000,4220637,827056,5047693
64,4000,4499679,920933,5420612
64,4000,4311517,609711,4921228
64,4000,5818310,511767,6330077
64,4000,4418954,600100,5019054
64,4000,4395865,564479,4960344
64,4000,4738898,717748,5456646
64,4000,3869711,574785,4444496
64,4000,3334051,671627,4005678
64,4000,3724159,665292,4389451
64,4000,5543106,857120,6400226
64,4000,4488841,752671,5241512
64,4000,1707130,766781,2473911
64,4000,1395104,698734,2093838
64,4000,3630759,714392,4345151
64,4000,4336948,745841,5082789
64,4000,5759753,729311,6489064
64,4000,5613137,546505,6159642
64,4000,3890875,687312,4578187
64,4000,4409145,581245,4990390
64,4000,2712397,713847,3426244
64,4000,5401906,786070,6187976
64,4000,4598158,770076,5368234
64,4000,5555321,906079,6461400
64,4000,1995737,616783,2612520
64,4000,3701565,826394,4527959
64,4000,3875938,683743,4559681
64,4000,3761960,667005,4428965
64,4000,3771420,746706,4518126
64,4000,5337326,652464,5989790
64,4000,4087617,774588,4862205
64,4000,4657428,550267,5207695
64,4000,2908963,602151,3511114
64,4000,4640124,776095,5416219
64,4000,4550766,560294,5111060
64,4000,5081038,762746,5843784
64,4000,4487183,782606,5269789
64,4000,5451210,635571,6086781
64,4000,4436164,684641,5120805
64,4000,3776997,675636,4452633
64,4000,5430710,523678,5954388
64,4000,3731977,975614,4707591
64,4000,2892040,668175,3560215
64,4000,5480475,866848,6347323
64,4000,2376510,706382,3082892
64,4000,3007003,710388,3717391
64,4000,3609652,699731,4309383
64,4000,3056714,622822,3679536
64,4000,3539350,685299,4224649
64,4000,3178889,609222,3788111
64,4000,3633163,835284,4468447
64,4000,2803398,527521,3330919
64,4000,2395375,582678,2978053
64,4000,2990587,659476,3650063
64,4000,4901134,685195,5586329
64,4000,3140070,623340,3763410
64,4000,2966568,763560,3730128
64,4000,4652092,582058,5234150
64,4000,3964662,669446,4634108
64,4000,2756584,745976,3502560
64,4000,5528511,869138,6397649
64,4000,4034957,600331,4635288
64,4000,5304669,682772,5987441
64,4000,4427460,752010,5179470
64,5000,3042522,2516812,5559334
64,5000,2374397,578937,2953334
64,5000,3243964,879296,4123260
64,5000,4157343,898407,5055750
64,5000,1488421,2771173,4259594
64,5000,1819695,724498,2544193
64,5000,4535603,906721,5442324
64,5000,4290638,826341,5116979
64,5000,3100669,781550,3882219
64,5000,2642750,635794,3278544
64,5000,3569233,606423,4175656
64,5000,5623848,803384,6427232
64,5000,3947498,772914,4720412
64,5000,4550558,658086,5208644
64,5000,3813591,757498,4571089
64,5000,3648480,2330335,5978815
64,5000,1023098,795605,1818703
64,5000,3590460,895374,4485834
64,5000,2084955,855561,2940516
64,5000,5386375,857312,6243687
64,5000,3538942,728691,4267633
64,5000,4374211,713790,5088001
64,5000,3103737,769139,3872876
64,5000,2813768,702353,3516121
64,5000,5570723,811931,6382654
64,5000,2217535,773569,2991104
64,5000,5492672,624117,6116789
64,5000,2806378,657698,3464076
64,5000,4051144,918531,4969675
64,5000,4323893,772055,5095948
64,5000,4502216,718360,5220576
64,5000,3633774,757777,4391551
64,5000,3987748,948271,4936019
64,5000,1766746,2605612,4372358
64,5000,3784857,861167,4646024
64,5000,3818826,799105,4617931
64,5000,5507553,737778,6245331
64,5000,4552687,685238,5237925
64,5000,5773523,872430,6645953
64,5000,4883205,631925,5515130
64,5000,4672758,911924,5584682
64,5000,4310055,886473,5196528
64,5000,3486385,834371,4320756
64,5000,2619712,1012979,3632691
64,5000,5506712,902192,6408904
64,5000,1592066,2561167,4153233
64,5000,1332522,2105974,3438496
64,5000,3388762,2344620,5733382
64,5000,3251110,882420,4133530
64,5000,5867738,891275,6759013
64,5000,4137988,856510,4994498
64,5000,2017834,2424412,4442246
64,5000,2888261,885600,3773861
64,5000,2829003,765320,3594323
64,5000,5063185,891963,5955148
64,5000,4662725,759207,5421932
64,5000,5626100,1040433,6666533
64,5000,4555879,798911,5354790
64,5000,4364338,736717,5101055
64,5000,3569115,826279,4395394
64,5000,2918431,728402,3646833
64,5000,2930595,783352,3713947
64,5000,2817586,740138,3557724
64,5000,2845427,654829,3500256
64,5000,2804982,721174,3526156
64,5000,5173254,817333,5990587
64,5000,3285877,2302037,5587914
64,5000,5384712,708763,6093475
64,5000,4308854,646540,4955394
64,5000,4514528,896034,5410562
64,5000,2073620,924805,2998425
64,5000,3420499,688749,4109248
64,5000,4592757,840542,5433299
64,5000,5432170,613401,6045571
64,5000,3135665,736494,3872159
64,5000,4552295,894079,5446374
64,5000,2910138,901738,3811876
64,5000,4437710,749358,5187068
64,5000,3697457,665152,4362609
64,5000,1999450,1471314,3470764
64,5000,4873327,589582,5462909
64,5000,4811425,772983,5584408
64,5000,3275935,494670,3770605
64,5000,2993858,807177,3801035
64,5000,2480747,729220,3209967
64,5000,1986599,1181541,3168140
64,5000,3585550,622994,4208544
64,5000,4953936,740483,5694419
64,5000,3596095,767488,4363583
64,5000,3186349,2390204,5576553
64,5000,2724605,593508,3318113
64,5000,1404683,3092583,4497266
64,5000,1930168,757048,2687216
64,5000,3418795,2505205,5924000
64,5000,4210636,868396,5079032
64,5000,2518662,826226,3344888
64,5000,5463062,644037,6107099
64,5000,1916107,2485478,4401585
64,5000,2889254,1293009,4182263
64,5000,3604067,721728,4325795
64,5000,5142597,803605,5946202
64,5000,3035542,2758932,5794474
64,5000,2882148,900650,3782798
64,5000,5462984,976817,6439801
64,5000,3624808,695128,4319936
64,5000,4669858,827232,5497090
64,5000,3656891,679553,4336444
64,5000,3574225,656763,4230988
64,5000,3754538,771389,4525927
64,5000,2774149,2671057,5445206
64,5000,1874770,2481100,4355870
64,5000,5471812,742837,6214649
64,5000,5444061,532970,5977031
64,5000,4221243,918523,5139766
64,5000,3006557,748926,3755483
64,6000,1683716,923664,2607380
64,6000,1854647,2477370,4332017
64,6000,922021,909707,1831728
64,6000,2996531,2522871,5519402
64,6000,1642569,1045852,2688421
64,6000,2764639,3458051,6222690
64,6000,870564,853541,1724105
64,6000,3098277,730158,3828435
64,6000,3310574,946132,4256706
64,6000,1914033,829017,2743050
64,6000,1687656,855959,2543615
64,6000,1699964,831848,2531812
64,6000,1987163,805089,2792252
64,6000,1118205,2163997,3282202
64,6000,2555990,1002829,3558819
64,6000,1955977,2401503,4357480
64,6000,1182221,751126,1933347
64,6000,979421,757298,1736719
64,6000,2238178,820331,3058509
64,6000,1142476,666528,1809004
64,6000,2416665,1010141,3426806
64,6000,1057733,769261,1826994
64,6000,2009043,745947,2754990
64,6000,1841139,798009,2639148
64,6000,2836060,916139,3752199
64,6000,962026,1006894,1968920
64,6000,3100660,723766,3824426
64,6000,3039683,2700815,5740498
64,6000,1829457,837489,2666946
64,6000,1070365,878947,1949312
64,6000,984336,676543,1660879
64,6000,3420707,3517886,6938593
64,6000,3012951,988111,4001062
64,6000,2836980,2287000,5123980
64,6000,1659487,880608,2540095
64,6000,3117053,835879,3952932
64,6000,2056532,1005144,3061676
64,6000,1058027,822410,1880437
64,6000,1348267,2356741,3705008
64,6000,1418174,2638704,4056878
64,6000,1417778,867134,2284912
64,6000,2899172,1019414,3918586
64,6000,3126034,1022948,4148982
64,6000,2635980,829169,3465149
64,6000,1004170,845471,1849641
64,6000,2225029,711425,2936454
64,6000,970671,898761,1869432
64,6000,1880186,768144,2648330
64,6000,2741558,1109529,3851087
64,6000,3109529,966609,4076138
64,6000,962548,915204,1877752
64,6000,1980093,2574448,4554541
64,6000,1101854,2624703,3726557
64,6000,2867484,2664437,5531921
64,6000,2098961,934435,3033396
64,6000,2450254,2335022,4785276
64,6000,2759318,1012980,3772298
64,6000,1669944,1033145,2703089
64,6000,3054081,766165,3820246
64,6000,3358946,3143066,6502012
64,6000,2708469,1026508,3734977
64,6000,1029185,798194,1827379
64,6000,1983799,764592,2748391
64,6000,1798635,767301,2565936
64,6000,1664985,870679,2535664
64,6000,1196766,638741,1835507
64,6000,2957071,794684,3751755
64,6000,2941258,737996,3679254
64,6000,3037154,2222325,5259479
64,6000,1693391,896076,2589467
64,6000,3204674,952895,4157569
64,6000,985359,2680964,3666323
64,6000,2698189,2390473,5088662
64,6000,1857307,800330,2657637
64,6000,1773425,871792,2645217
64,6000,3121822,667246,3789068
64,6000,932830,1012900,1945730
64,6000,1136189,1277750,2413939
64,6000,2515779,804176,3319955
64,6000,2235255,2544573,4779828
64,6000,999408,897796,1897204
64,6000,3043797,682703,3726500
64,6000,1559104,957787,2516891
64,6000,941952,3060244,4002196
64,6000,2723892,1026992,3750884
64,6000,2695075,821237,3516312
64,6000,2790419,3090735,5881154
64,6000,2596424,818139,3414563
64,6000,1731634,850107,2581741
64,6000,2523097,2510700,5033797
64,6000,2775034,885692,3660726
64,6000,2869433,772864,3642297
64,6000,2859203,893223,3752426
64,6000,1409576,726759,2136335
64,6000,3094404,800991,3895395
64,6000,976800,974381,1951181
64,6000,1771256,908173,2679429
64,6000,1178509,755819,1934328
64,6000,1168124,885344,2053468
64,6000,2867318,765709,3633027
64,6000,2771451,991899,3763350
64,6000,1022372,1070600,2092972
64,6000,1740467,2474597,4215064
64,6000,1170555,807007,1977562
64,6000,2018953,933353,2952306
64,6000,2956232,2492706,5448938
64,6000,800295,1043481,1843776
64,6000,2800466,685220,3485686
64,6000,3090109,939823,4029932
64,6000,1221638,2106557,3328195
64,6000,2612990,1008093,3621083
64,6000,1095774,988713,2084487
64,6000,673015,895524,1568539
64,6000,1092213,794613,1886826
64,6000,3121846,785670,3907516
64,7000,2098821,3286770,5385591
64,7000,1663200,1117677,2780877
64,7000,1920168,2590307,4510475
64,7000,1262967,1023652,2286619
64,7000,1124757,1393114,2517871
64,7000,1085361,1079516,2164877
64,7000,1161968,1025840,2187808
64,7000,995280,1057742,2053022
64,7000,998531,2039086,3037617
64,7000,1095170,1204665,2299835
64,7000,1660880,1340918,3001798
64,7000,924433,1190748,2115181
64,7000,1834928,1148303,2983231
64,7000,921199,1307030,2228229
64,7000,933765,1374857,2308622
64,7000,3094138,2610805,5704943
64,7000,1205145,3052483,4257628
64,7000,1181795,2892335,4074130
64,7000,909819,1009208,1919027
64,7000,970162,2641097,3611259
64,7000,1300698,1100160,2400858
64,7000,932501,1065634,1998135
64,7000,2214743,3404130,5618873
64,7000,1209678,2771369,3981047
64,7000,911411,1381479,2292890
64,7000,1126446,3171884,4298330
64,7000,3006227,1108813,4115040
64,7000,1608649,1220187,2828836
64,7000,1229774,1075034,2304808
64,7000,2904258,1110105,4014363
64,7000,1152281,2880586,4032867
64,7000,1010534,1214123,2224657
64,7000,1185932,1210434,2396366
64,7000,1155588,1212620,2368208
64,7000,964985,1091429,2056414
64,7000,1244301,1104208,2348509
64,7000,990956,1184586,2175542
64,7000,953052,1324739,2277791
64,7000,1021499,1217576,2239075
64,7000,1178127,1077620,2255747
64,7000,890725,1197329,2088054
64,7000,1227364,2889714,4117078
64,7000,929289,1071897,2001186
64,7000,1067150,1189738,2256888
64,7000,1843802,3503324,5347126
64,7000,1478129,3301436,4779565
64,7000,1009212,1149974,2159186
64,7000,916890,1228489,2145379
64,7000,2054746,3537884,5592630
64,7000,1126075,1120051,2246126
64,7000,1226143,3249361,4475504
64,7000,2648977,1176781,3825758
64,7000,1028943,1152526,2181469
64,7000,2468676,1199420,3668096
64,7000,964296,1096382,2060678
64,7000,2061890,1314867,3376757
64,7000,2125184,3364615,5489799
64,7000,1251113,1119137,2370250
64,7000,3040848,1464640,4505488
64,7000,1067818,3072565,4140383
64,7000,961662,1361529,2323191
64,7000,930443,1181410,2111853
64,7000,1148346,1299596,2447942
64,7000,2084403,1162997,3247400
64,7000,3007525,3579400,6586925
64,7000,1015130,1351789,2366919
64,7000,1268837,1108238,2377075
64,7000,1253097,2418257,3671354
64,7000,1773833,1143381,2917214
64,7000,1692442,1128608,2821050
64,7000,1842392,1277077,3119469
64,7000,3172582,1054921,4227503
64,7000,980235,1135593,2115828
64,7000,1180650,1049219,2229869
64,7000,942685,3130437,4073122
64,7000,1077344,1050276,2127620
64,7000,930184,3189355,4119539
64,7000,1006707,1047184,2053891
64,7000,2200195,1118533,3318728
64,7000,991468,3195702,4187170
64,7000,1590211,1294842,2885053
64,7000,960048,1338566,2298614
64,7000,1097914,3032507,4130421
64,7000,1032193,1150057,2182250
64,7000,2118639,1028977,3147616
64,7000,1033871,2109129,3143000
64,7000,838304,3485111,4323415
64,7000,1041534,3237175,4278709
64,7000,1001091,1254076,2255167
64,7000,1212679,2751761,3964440
64,7000,1045639,2615395,3661034
64,7000,1230805,1095466,2326271
64,7000,1155881,1100380,2256261
64,7000,973316,3252922,4226238
64,7000,964249,1133854,2098103
64,7000,1138139,1185105,2323244
64,7000,2411012,1245405,3656417
64,7000,1131118,1022528,2153646
64,7000,999360,1005756,2005116
64,7000,1183991,3164116,4348107
64,7000,1102758,1163388,2266146
64,7000,2399958,3345637,5745595
64,7000,856458,1107033,1963491
64,7000,1136752,1001349,2138101
64,7000,997998,1014484,2012482
64,7000,853876,2977699,3831575
64,7000,966709,1092292,2059001
64,7000,1041492,1195686,2237178
64,7000,1051905,1068839,2120744
64,7000,1911697,1311713,3223410
64,7000,1682262,1211280,2893542
64,7000,1126565,1208261,2334826
64,7000,1226017,2542052,3768069
64,7000,1977065,1244065,3221130
64,7000,1138191,1060768,2198959
64,8000,1498456,1263399,2761855
64,8000,1019319,3109750,4129069
64,8000,1468166,3621179,5089345
64,8000,993946,1106409,2100355
64,8000,1517812,1143108,2660920
64,8000,3363017,3315544,6678561
64,8000,1891824,1283449,3175273
64,8000,1448308,1290868,2739176
64,8000,927244,1346158,2273402
64,8000,1276563,1286002,2562565
64,8000,1184513,1077879,2262392
64,8000,2057796,1355666,3413462
64,8000,1073619,1215873,2289492
64,8000,1741788,1119333,2861121
64,8000,1125219,1385690,2510909
64,8000,1630646,1376177,3006823
64,8000,1053888,1143426,2197314
64,8000,1028467,1211050,2239517
64,8000,1298965,1545791,2844756
64,8000,2040059,3524090,5564149
64,8000,1350908,2900081,4250989
64,8000,1005998,1099928,2105926
64,8000,2246380,1028973,3275353
64,8000,1603645,1345142,2948787
64,8000,1173813,1228541,2402354
64,8000,1054529,1285623,2340152
64,8000,1311941,2494071,3806012
64,8000,2344633,3350161,5694794
64,8000,1125784,3123396,4249180
64,8000,1014705,1487246,2501951
64,8000,1845922,1285480,3131402
64,8000,1248642,1564422,2813064
64,8000,1022715,1189286,2212001
64,8000,929500,1091991,2021491
64,8000,2390494,1020125,3410619
64,8000,1056590,1035850,2092440
64,8000,1221193,1195944,2417137
64,8000,942260,3284840,4227100
64,8000,1746113,1314593,3060706
64,8000,1197006,1360013,2557019
64,8000,812928,1293801,2106729
64,8000,1819976,2714165,4534141
64,8000,1121467,1923263,3044730
64,8000,1158063,1256872,2414935
64,8000,1742432,1204160,2946592
64,8000,1366738,1100580,2467318
64,8000,2678791,1206012,3884803
64,8000,1096449,1167464,2263913
64,8000,1088290,3668341,4756631
64,8000,1462553,3674571,5137124
64,8000,1182295,1404725,2587020
64,8000,1065611,1309054,2374665
64,8000,1122449,1352726,2475175
64,8000,1814840,1097039,2911879
64,8000,1836698,1422164,3258862
64,8000,1144268,1177074,2321342
64,8000,1232244,3372912,4605156
64,8000,1173264,2751301,3924565
64,8000,1572402,1085576,2657978
64,8000,1124184,2937659,4061843
64,8000,3089968,1493377,4583345
64,8000,2037742,1498261,3536003
64,8000,1390751,3307613,4698364
64,8000,1449653,1034921,2484574
64,8000,1036611,1154088,2190699
64,8000,908202,1146577,2054779
64,8000,1707991,1215173,2923164
64,8000,1325658,1098911,2424569
64,8000,1176028,1155257,2331285
64,8000,1274809,1228008,2502817
64,8000,2612500,1101769,3714269
64,8000,1563183,2154027,3717210
64,8000,1048161,1388780,2436941
64,8000,1220188,1356228,2576416
64,8000,1551186,1340763,2891949
64,8000,1799968,3423287,5223255
64,8000,1779462,1172560,2952022
64,8000,1052185,1411395,2463580
64,8000,2070965,1390826,3461791
64,8000,1014282,1196828,2211110
64,8000,1163721,1368468,2532189
64,8000,3145511,1613341,4758852
64,8000,1095206,1194819,2290025
64,8000,1242317,1183362,2425679
64,8000,1627783,1318682,2946465
64,8000,1188069,1135423,2323492
64,8000,1774800,1513930,3288730
64,8000,1215366,1209717,2425083
64,8000,1551941,1445695,2997636
64,8000,1075658,1217456,2293114
64,8000,1130635,1065869,2196504
64,8000,1187173,1096544,2283717
64,8000,2979786,1632899,4612685
64,8000,1752277,1737511,3489788
64,8000,2315172,2332916,4648088
64,8000,1128592,1380703,2509295
64,8000,1703519,1215292,2918811
64,8000,2040154,1291650,3331804
64,8000,1342991,1218365,2561356
64,8000,1975741,3290420,5266161
64,8000,2292070,1378398,3670468
64,8000,1501188,1317171,2818359
64,8000,1002735,3323620,4326355
64,8000,922794,1403418,2326212
64,8000,1236944,1242577,2479521
64,8000,1097917,2900914,3998831
64,8000,1275114,3334829,4609943
64,8000,1274315,1527944,2802259
64,8000,1867351,1129435,2996786
64,8000,867965,3370579,4238544
64,8000,1054092,1167072,2221164
64,8000,2105809,1307382,3413191
64,8000,954275,1247387,2201662
64,8000,1115124,3396952,4512076
64,8000,1496042,3664213,5160255
64,9000,983196,2972831,3956027
64,9000,1111659,2878712,3990371
64,9000,1020182,3225459,4245641
64,9000,1070263,3289061,4359324
64,9000,966608,2393386,3359994
64,9000,1065247,2558618,3623865
64,9000,1022879,3201645,4224524
64,9000,1012942,3118879,4131821
64,9000,1031902,2416504,3448406
64,9000,1234507,3284593,4519100
64,9000,1050187,2101482,3151669
64,9000,1227253,3227531,4454784
64,9000,1042562,3068201,4110763
64,9000,1004206,2857971,3862177
64,9000,1129621,3204764,4334385
64,9000,879382,3231999,4111381
64,9000,1096307,3222539,4318846
64,9000,1062544,2870989,3933533
64,9000,1053114,2159903,3213017
64,9000,970455,2641725,3612180
64,9000,1023730,2935394,3959124
64,9000,1638714,3006198,4644912
64,9000,947161,2863198,3810359
64,9000,1129396,3320183,4449579
64,9000,908224,2756925,3665149
64,9000,973920,3241551,4215471
64,9000,989785,3129365,4119150
64,9000,1170584,2320385,3490969
64,9000,1012888,2537896,3550784
64,9000,1035846,3079338,4115184
64,9000,1068622,2894710,3963332
64,9000,1114423,2392403,3506826
64,9000,1056560,3024784,4081344
64,9000,994989,3194313,4189302
64,9000,1082835,2323106,3405941
64,9000,917963,2884789,3802752
64,9000,933397,3408561,4341958
64,9000,923226,2840736,3763962
64,9000,1051868,2561915,3613783
64,9000,902737,3176503,4079240
64,9000,1026791,3188294,4215085
64,9000,973682,3192712,4166394
64,9000,1023548,2864493,3888041
64,9000,1014320,3224564,4238884
64,9000,953746,2596401,3550147
64,9000,1048799,2132041,3180840
64,9000,917312,3765254,4682566
64,9000,958350,3239732,4198082
64,9000,1069096,3286335,4355431
64,9000,938952,2934677,3873629
64,9000,1151457,3339406,4490863
64,9000,997615,3134537,4132152
64,9000,1006508,3224933,4231441
64,9000,1150105,3212296,4362401
64,9000,992738,2522954,3515692
64,9000,1202524,3304245,4506769
64,9000,1008726,3103860,4112586
64,9000,1035445,3183076,4218521
64,9000,1009060,3086083,4095143
64,9000,1414059,2635052,4049111
64,9000,1042008,3046311,4088319
64,9000,1025765,2627262,3653027
64,9000,1031065,2998995,4030060
64,9000,1118412,3270034,4388446
64,9000,1019353,3972435,4991788
64,9000,1045042,2681557,3726599
64,9000,953605,2885748,3839353
64,9000,1006944,2675013,3681957
64,9000,1038113,3051352,4089465
64,9000,1027150,3394872,4422022
64,9000,1149745,3228621,4378366
64,9000,958896,2415754,3374650
64,9000,1093067,3175637,4268704
64,9000,1289315,3184740,4474055
64,9000,1022430,2987323,4009753
64,9000,993174,3355473,4348647
64,9000,1205068,3314485,4519553
64,9000,980482,2803864,3784346
64,9000,1041057,2531049,3572106
64,9000,1027543,2779140,3806683
64,9000,1096684,2907653,4004337
64,9000,985048,2325387,3310435
64,9000,968456,4140261,5108717
64,9000,1015415,3250887,4266302
64,9000,1107267,2339612,3446879
64,9000,1098906,2426270,3525176
64,9000,1058879,2019563,3078442
64,9000,1028300,2716227,3744527
64,9000,1008462,3054633,4063095
64,9000,1032860,2874876,3907736
64,9000,1042298,2375911,3418209
64,9000,947197,2658697,3605894
64,9000,996431,3381119,4377550
64,9000,1034318,1630710,2665028
64,9000,1030856,2994733,4025589
64,9000,1173797,3325081,4498878
64,9000,1056189,2978651,4034840
64,9000,981566,2299534,3281100
64,9000,1016373,3067467,4083840
64,9000,952155,2281613,3233768
64,9000,994715,3143561,4138276
64,9000,1039261,3301117,4340378
64,9000,1169371,3297559,4466930
64,9000,927556,2782865,3710421
64,9000,1065167,3244168,4309335
64,9000,1045757,3283800,4329557
64,9000,983665,3051682,4035347
64,9000,1010341,3064830,4075171
64,9000,1096158,3278744,4374902
64,9000,1076026,2369137,3445163
64,9000,968101,2711792,3679893
64,9000,1063150,3073528,4136678
64,9000,1148805,3191797,4340602
64,9000,1826718,3103094,4929812
64,9000,1094542,3281952,4376494
64,10000,899812,3215069,4114881
64,10000,909866,2723402,3633268
64,10000,900529,2991934,3892463
64,10000,1067791,2322543,3390334
64,10000,902238,2790707,3692945
64,10000,929742,1791393,2721135
64,10000,889198,3204261,4093459
64,10000,947907,2916731,3864638
64,10000,1023732,2457922,3481654
64,10000,918927,3116541,4035468
64,10000,970981,3627731,4598712
64,10000,862875,2563524,3426399
64,10000,872746,3159301,4032047
64,10000,852443,2749838,3602281
64,10000,949294,2934198,3883492
64,10000,983603,3180297,4163900
64,10000,1012784,2610788,3623572
64,10000,938550,2360132,3298682
64,10000,889507,2965409,3854916
64,10000,919877,3618152,4538029
64,10000,917929,3892949,4810878
64,10000,936769,3475429,4412198
64,10000,956173,3738559,4694732
64,10000,918376,3303583,4221959
64,10000,790968,2656489,3447457
64,10000,941352,2489654,3431006
64,10000,950917,2355802,3306719
64,10000,1056248,1945245,3001493
64,10000,921542,3456479,4378021
64,10000,861802,3898574,4760376
64,10000,964251,2512749,3477000
64,10000,887207,3478644,4365851
64,10000,899815,3034087,3933902
64,10000,964376,3344113,4308489
64,10000,891174,2911918,3803092
64,10000,767485,3092361,3859846
64,10000,926862,3022324,3949186
64,10000,806834,2753939,3560773
64,10000,829339,3161562,3990901
64,10000,1002179,3532424,4534603
64,10000,973149,2767226,3740375
64,10000,873868,2961995,3835863
64,10000,844075,2091568,2935643
64,10000,870447,2926952,3797399
64,10000,811792,2738052,3549844
64,10000,953087,2968907,3921994
64,10000,852920,2558085,3411005
64,10000,898733,2932355,3831088
64,10000,944503,3015727,3960230
64,10000,912170,3029577,3941747
64,10000,919398,2927655,3847053
64,10000,938601,3239300,4177901
64,10000,951077,3356886,4307963
64,10000,1673938,2927174,4601112
64,10000,895053,2994195,3889248
64,10000,949714,2371396,3321110
64,10000,909064,3291254,4200318
64,10000,835690,2863759,3699449
64,10000,975680,3383492,4359172
64,10000,882951,3121447,4004398
64,10000,895275,2826928,3722203
64,10000,829445,2617379,3446824
64,10000,839184,2709014,3548198
64,10000,908414,3196462,4104876
64,10000,902532,2985105,3887637
64,10000,981275,3221864,4203139
64,10000,912739,3295786,4208525
64,10000,905688,3422423,4328111
64,10000,880844,3270082,4150926
64,10000,847113,1950574,2797687
64,10000,1087940,3915505,5003445
64,10000,921423,1976339,2897762
64,10000,1058055,2945140,4003195
64,10000,898678,3133461,4032139
64,10000,848010,3232857,4080867
64,10000,1116319,3420241,4536560
64,10000,919808,3057298,3977106
64,10000,885338,3348524,4233862
64,10000,1020710,3330505,4351215
64,10000,867606,3070810,3938416
64,10000,923466,2983629,3907095
64,10000,948579,2759776,3708355
64,10000,945214,3356484,4301698
64,10000,923728,3119713,4043441
64,10000,931763,2888926,3820689
64,10000,840087,3133370,3973457
64,10000,949726,3431037,4380763
64,10000,989141,2452226,3441367
64,10000,1101624,2680273,3781897
64,10000,918507,2352979,3271486
64,10000,929288,3264510,4193798
64,10000,1056012,2846152,3902164
64,10000,938161,3100399,4038560
64,10000,935650,2910438,3846088
64,10000,895067,3811074,4706141
64,10000,1000909,2445653,3446562
64,10000,896818,2943798,3840616
64,10000,889664,3043436,3933100
64,10000,950120,2937441,3887561
64,10000,1084968,3207594,4292562
64,10000,907008,2684236,3591244
64,10000,927646,2228683,3156329
64,10000,936715,3115810,4052525
64,10000,1028018,3544305,4572323
64,10000,888082,2890341,3778423
64,10000,855225,2433740,3288965
64,10000,905119,2310853,3215972
64,10000,912559,3333948,4246507
64,10000,837079,3096165,3933244
64,10000,905948,3912557,4818505
64,10000,928831,2423384,3352215
64,10000,1002192,1578399,2580591
64,10000,925946,3024498,3950444
64,10000,892424,2981898,3874322
64,10000,947213,3012113,3959326
64,10000,890914,3033861,3924775
64,10000,933954,3232846,4166800
64,10000,1041517,3097667,4139184
64,10000,913388,3066883,3980271
64,10000,810333,3125650,3935983
64,10000,923290,2902037,3825327
64,10000,921500,2478224,3399724
64,10000,887696,3360717,4248413
64,10000,855322,2694249,3549571
64,10000,978862,3016265,3995127
64,10000,849839,3276584,4126423
64,10000,935734,1919594,2855328
64,10000,770755,2842530,3613285
64,10000,984415,3207340,4191755
64,10000,869227,3213405,4082632
64,10000,816796,2578299,3395095
64,10000,868087,2526776,3394863
64,10000,1031038,3142480,4173518
64,10000,964630,3780354,4744984
64,10000,831708,2885691,3717399
64,10000,930939,2999999,3930938
64,10000,945649,3419456,4365105
64,10000,976584,3235277,4211861
64,10000,897664,3263646,4161310
64,10000,903360,3239208,4142568
64,10000,893303,3005466,3898769
64,10000,973601,2648367,3621968
64,10000,884759,3452788,4337547
64,10000,907887,3055150,3963037
64,10000,907649,2919260,3826909
64,10000,879163,3135206,4014369
64,10000,971775,3349524,4321299
64,10000,948618,2772518,3721136
64,10000,919313,3229112,4148425
64,10000,1039869,3218911,4258780
64,10000,940050,2972473,3912523
64,10000,912775,3365929,4278704
64,10000,901036,2504103,3405139
64,10000,1023622,2502981,3526603
64,10000,917402,3437415,4354817
64,10000,901147,3387465,4288612
64,10000,962560,3359347,4321907
64,10000,810848,3258337,4069185
64,10000,1218551,3203096,4421647
64,10000,892333,2759019,3651352
64,10000,804253,3283157,4087410
64,10000,898777,2510011,3408788
64,10000,929325,2604227,3533552
64,10000,844104,2691298,3535402
64,10000,975232,3012486,3987718
64,10000,928907,3040707,3969614
64,10000,791309,2595376,3386685
64,10000,929199,3106594,4035793
64,10000,843817,3029379,3873196
64,10000,912756,3472363,4385119
64,10000,945423,3042194,3987617
64,10000,969754,2849027,3818781
64,10000,887217,3066922,3954139
64,10000,901883,1952559,2854442
64,10000,908024,3752921,4660945
64,10000,890601,3313114,4203715
64,10000,959933,3068379,4028312
64,10000,910313,3373279,4283592
64,10000,959115,3040440,3999555
64,10000,908658,3054361,3963019
64,10000,880214,2867787,3748001
64,10000,860292,2921206,3781498
64,10000,918646,3144321,4062967
64,10000,956737,3432144,4388881
64,10000,1375127,3053846,4428973
64,10000,973061,2909108,3882169
64,10000,910474,3152082,4062556
64,10000,904167,3084888,3989055
64,10000,1048028,2378889,3426917
64,10000,909644,3019663,3929307
64,10000,962632,2510212,3472844
64,10000,879341,3182710,4062051
64,10000,896723,3106248,4002971
64,10000,862584,3591862,4454446
64,10000,896722,3502719,4399441
64,10000,825365,2611547,3436912
64,10000,879836,3280885,4160721
64,10000,1151141,2805559,3956700
64,10000,901503,1639250,2540753
64,10000,1034358,2365411,3399769
64,10000,796493,2657610,3454103
64,10000,948246,3016161,3964407
64,10000,983288,3309280,4292568
64,10000,996192,3773691,4769883
64,10000,1045577,3453110,4498687
64,10000,911338,2851109,3762447
64,10000,892031,2102786,2994817
64,10000,909064,2523450,3432514
64,10000,882028,2937931,3819959
64,10000,941037,3614325,4555362
64,10000,888981,3323334,4212315
64,10000,870956,2807660,3678616
64,10000,775325,3610557,4385882
64,10000,892696,2466196,3358892
64,10000,901735,2235279,3137014
64,10000,837079,2990911,3827990
64,10000,945915,3582792,4528707
64,10000,869394,3156044,4025438
64,10000,861601,3472019,4333620
64,10000,834168,2716271,3550439
64,10000,1038430,1960777,2999207
64,10000,896376,3138267,4034643
64,10000,908956,3009024,3917980
64,10000,745491,2736327,3481818
64,10000,982590,3305816,4288406
64,10000,840373,3275844,4116217
64,10000,927524,3229207,4156731
64,10000,939794,3228432,4168226
64,10000,1157046,2390803,3547849
64,10000,971037,2862644,3833681
64,20000,1567571,3851273,5418844
64,20000,1499526,4252152,5751678
64,20000,1636711,3832193,5468904
64,20000,4370042,2242833,6612875
64,20000,1520701,3254709,4775410
64,20000,3567180,1826155,5393335
64,20000,3522541,1702639,5225180
64,20000,1454605,5813761,7268366
64,20000,1458412,3076066,4534478
64,20000,1610595,2479379,4089974
64,20000,1482191,4342858,5825049
64,20000,1553451,4298087,5851538
64,20000,1539155,4391816,5930971
64,20000,1543903,4092080,5635983
64,20000,1537723,4124419,5662142
64,20000,1597820,3735605,5333425
64,20000,1486463,6386075,7872538
64,20000,3353651,1761936,5115587
64,20000,1594253,3936883,5531136
64,20000,1674148,4026955,5701103
64,20000,1438520,3654788,5093308
64,20000,1513795,1924297,3438092
64,20000,1511901,4193398,5705299
64,20000,1603567,3182902,4786469
64,20000,1570752,3827577,5398329
64,20000,1759698,3162935,4922633
64,20000,3961083,2773608,6734691
64,20000,1440633,4492984,5933617
64,20000,1596085,4988116,6584201
64,20000,1494697,4011540,5506237
64,20000,1506555,4018408,5524963
64,20000,4061177,1987339,6048516
64,20000,3635351,2071397,5706748
64,20000,1482012,4559968,6041980
64,20000,1489279,4746875,6236154
64,20000,1346232,3597638,4943870
64,20000,1302648,3854369,5157017
64,20000,1482995,4911820,6394815
64,20000,1459276,4265316,5724592
64,20000,1380833,6169920,7550753
64,20000,3580866,1911206,5492072
64,20000,1529760,3693906,5223666
64,20000,1525006,4273236,5798242
64,20000,1712879,3707890,5420769
64,20000,1471156,4870276,6341432
64,20000,4173600,3891692,8065292
64,20000,1652127,4290861,5942988
64,20000,3171825,1991553,5163378
64,20000,3517869,2041898,5559767
64,20000,1515718,4062862,5578580
64,20000,1485258,6465732,7950990
64,20000,1625022,3563782,5188804
64,20000,1584216,2737850,4322066
64,20000,3123871,1823384,4947255
64,20000,1647741,4165487,5813228
64,20000,3208601,2096007,5304608
64,20000,1493879,3910512,5404391
64,20000,1506304,3788869,5295173
64,20000,1543139,3911117,5454256
64,20000,1646847,4175695,5822542
64,20000,1583396,3751981,5335377
64,20000,1554009,2857107,4411116
64,20000,1473814,3452631,4926445
64,20000,1575344,5764340,7339684
64,20000,1646098,3766082,5412180
64,20000,1546634,3628863,5175497
64,20000,1466372,4275502,5741874
64,20000,1456790,5776313,7233103
64,20000,1480859,3824642,5305501
64,20000,1482252,3749033,5231285
64,20000,1515243,3266782,4782025
64,20000,3834925,4027593,7862518
64,20000,1558424,4193331,5751755
64,20000,1531449,5723062,7254511
64,20000,1683911,4387674,6071585
64,20000,3611422,1805304,5416726
64,20000,1382849,6257645,7640494
64,20000,1448296,4001894,5450190
64,20000,1561843,3032320,4594163
64,20000,1529230,2938306,4467536
64,20000,4408661,3508341,7917002
64,20000,4093266,2753830,6847096
64,20000,1620193,3922607,5542800
64,20000,1521079,6695351,8216430
64,20000,1516848,5383939,6900787
64,20000,3237326,2959258,6196584
64,20000,1276794,5390407,6667201
64,20000,1321470,3992272,5313742
64,20000,3827487,1864684,5692171
64,20000,3837333,2027285,5864618
64,20000,1534043,4431980,5966023
64,20000,1518191,4126975,5645166
64,20000,6726943,1936647,8663590
64,20000,1533332,4317232,5850564
64,20000,1611524,3944558,5556082
64,20000,1715249,4774457,6489706
64,20000,1184135,4601050,5785185
64,20000,1534030,3506502,5040532
64,20000,3528445,1797887,5326332
64,20000,1546041,3987008,5533049
64,20000,1480238,3359747,4839985
64,20000,5826047,2740497,8566544
64,20000,1590753,3815942,5406695
64,20000,1533531,4272741,5806272
64,20000,1332207,3805573,5137780
64,20000,3363885,2074587,5438472
64,20000,2837494,2015830,4853324
64,20000,2972208,1893808,4866016
64,20000,1553027,3871930,5424957
64,20000,1518667,3781065,5299732
64,20000,1539721,4548897,6088618
64,20000,3522039,2400870,5922909
64,20000,1492194,4129391,5621585
64,20000,1452848,3865787,5318635
64,20000,1451328,3303344,4754672
64,30000,6854344,3159474,10013818
64,30000,3764966,5293446,9058412
64,30000,7463554,3565767,11029321
64,30000,7062752,2604606,9667358
64,30000,7318340,3112521,10430861
64,30000,8569104,2741690,11310794
64,30000,6705633,3075447,9781080
64,30000,4825095,4283503,9108598
64,30000,4259040,6093290,10352330
64,30000,3970950,3374923,7345873
64,30000,7288312,2472077,9760389
64,30000,8045440,3882435,11927875
64,30000,5584169,3506158,9090327
64,30000,6946516,4474520,11421036
64,30000,5992783,3240439,9233222
64,30000,3219247,4817336,8036583
64,30000,6539152,2725440,9264592
64,30000,7633870,2978814,10612684
64,30000,7288245,3089907,10378152
64,30000,4934726,4760424,9695150
64,30000,5381813,3063939,8445752
64,30000,6599829,2645508,9245337
64,30000,5595903,3127014,8722917
64,30000,6812941,3271685,10084626
64,30000,3774570,5429413,9203983
64,30000,5315552,2374213,7689765
64,30000,7199190,3669980,10869170
64,30000,6152699,2879844,9032543
64,30000,6737763,3302440,10040203
64,30000,7511094,2930895,10441989
64,30000,7000456,2398453,9398909
64,30000,2955387,3809797,6765184
64,30000,7030206,3339011,10369217
64,30000,3466367,4882668,8349035
64,30000,6907939,3488933,10396872
64,30000,7855796,3935381,11791177
64,30000,6284366,4069609,10353975
64,30000,5023494,3891179,8914673
64,30000,6550246,3109191,9659437
64,30000,6609035,3468490,10077525
64,30000,7280978,3081838,10362816
64,30000,6346646,3383717,9730363
64,30000,5809297,3937525,9746822
64,30000,6053174,3270660,9323834
64,30000,6041784,3434748,9476532
64,30000,7448133,3072581,10520714
64,30000,7552417,3689317,11241734
64,30000,7361930,3360976,10722906
64,30000,6066049,3243525,9309574
64,30000,6693189,2637316,9330505
64,30000,6246894,3424247,9671141
64,30000,7894951,2738548,10633499
64,30000,7256105,2940793,10196898
64,30000,8304822,2482190,10787012
64,30000,4028778,2844402,6873180
64,30000,7212777,3630826,10843603
64,30000,7363844,4010137,11373981
64,30000,6948156,2524283,9472439
64,30000,6397496,3263273,9660769
64,30000,4733687,5082562,9816249
64,30000,7109776,3296598,10406374
64,30000,7227258,2740400,9967658
64,30000,4832069,4954367,9786436
64,30000,7297433,2620392,9917825
64,30000,5961017,3539363,9500380
64,30000,7477112,3369856,10846968
64,30000,4794084,4605422,9399506
64,30000,7119331,3307258,10426589
64,30000,4689994,4849686,9539680
64,30000,6263754,3237769,9501523
64,30000,7559085,2715506,10274591
64,30000,3043786,4563906,7607692
64,30000,5242167,2674020,7916187
64,30000,7348725,2879919,10228644
64,30000,4827783,5447583,10275366
64,30000,7337624,3284867,10622491
64,30000,4303862,4635101,8938963
64,30000,5456629,3375467,8832096
64,30000,5649052,2928371,8577423
64,30000,6050049,3162391,9212440
64,30000,8158646,2611646,10770292
64,30000,7527969,2866817,10394786
64,30000,6495156,2524326,9019482
64,30000,6041341,4203202,10244543
64,30000,5838821,3618045,9456866
64,30000,7708053,3506554,11214607
64,30000,5445492,2953820,8399312
64,30000,4687321,4704861,9392182
64,30000,2771031,4954236,7725267
64,30000,4387522,2843121,7230643
64,30000,4150406,4907442,9057848
64,30000,5564327,3514344,9078671
64,30000,5709736,2891165,8600901
64,30000,6957757,3561232,10518989
64,30000,7042915,2674507,9717422
64,30000,8665512,3505536,12171048
64,30000,5362757,4910656,10273413
64,30000,3374356,4976786,8351142
64,30000,7882559,2975211,10857770
64,30000,7109094,3138283,10247377
64,30000,3922397,4033335,7955732
64,30000,4578974,4978392,9557366
64,30000,8287093,3854102,12141195
64,30000,7199107,3388061,10587168
64,30000,7296819,3344064,10640883
64,30000,8383768,3346024,11729792
64,30000,6327332,2862578,9189910
64,30000,8461794,2924050,11385844
64,30000,6213654,4230333,10443987
64,30000,6609609,3023195,9632804
64,30000,5012561,5907479,10920040
64,30000,7231820,3107017,10338837
64,30000,2960826,4919116,7879942
64,30000,7351100,3600941,10952041
64,30000,7899699,2808116,10707815
64,40000,7731468,3514077,11245545
64,40000,8498689,3315356,11814045
64,40000,6810629,3836592,10647221
64,40000,7672952,3908437,11581389
64,40000,4964929,5741335,10706264
64,40000,4070444,4748366,8818810
64,40000,7893252,4574896,12468148
64,40000,7651759,3977907,11629666
64,40000,6783689,3855868,10639557
64,40000,7803784,3293938,11097722
64,40000,6396523,3506353,9902876
64,40000,7818948,4342188,12161136
64,40000,4038511,7694097,11732608
64,40000,7766674,3938704,11705378
64,40000,4299291,5331139,9630430
64,40000,4549895,5198191,9748086
64,40000,6523644,3650096,10173740
64,40000,3877954,5165771,9043725
64,40000,6784457,4581167,11365624
64,40000,7729191,3434311,11163502
64,40000,4768636,5193573,9962209
64,40000,5667243,3356894,9024137
64,40000,6345310,3198622,9543932
64,40000,3854281,5146096,9000377
64,40000,7249670,3516109,10765779
64,40000,4557026,5663355,10220381
64,40000,7958611,4043509,12002120
64,40000,5130986,5761748,10892734
64,40000,7641600,4437129,12078729
64,40000,7143316,3894831,11038147
64,40000,7688788,3731363,11420151
64,40000,8021780,4326460,12348240
64,40000,4766793,5612639,10379432
64,40000,7234626,3746246,10980872
64,40000,6281497,3379046,9660543
64,40000,8641488,3551994,12193482
64,40000,3188927,4928028,8116955
64,40000,8139603,3697683,11837286
64,40000,7913071,3745766,11658837
64,40000,7024734,3370336,10395070
64,40000,8506093,3583308,12089401
64,40000,5806614,3391976,9198590
64,40000,4986423,5894076,10880499
64,40000,3262962,5615030,8877992
64,40000,3462766,5442387,8905153
64,40000,7852039,3544511,11396550
64,40000,7817506,4312867,12130373
64,40000,3063829,6629185,9693014
64,40000,6783399,3805708,10589107
64,40000,5803290,3298677,9101967
64,40000,6732578,3344758,10077336
64,40000,5319494,5264556,10584050
64,40000,6726237,3773692,10499929
64,40000,7296401,3271301,10567702
64,40000,7064933,3755983,10820916
64,40000,8021417,3968656,11990073
64,40000,7243447,3547595,10791042
64,40000,4252230,6163079,10415309
64,40000,5743915,5073916,10817831
64,40000,7418584,3327757,10746341
64,40000,4846300,5464956,10311256
64,40000,6427235,3975627,10402862
64,40000,7273218,3472934,10746152
64,40000,4208908,5584952,9793860
64,40000,7249059,4370896,11619955
64,40000,8627982,3501717,12129699
64,40000,6841468,4759135,11600603
64,40000,5656327,4251938,9908265
64,40000,4310100,5945611,10255711
64,40000,7068875,3291956,10360831
64,40000,7624028,4627517,12251545
64,40000,4924737,4956199,9880936
64,40000,6009564,3633863,9643427
64,40000,5145843,4885756,10031599
64,40000,7804313,3675311,11479624
64,40000,7524722,3401102,10925824
64,40000,7701192,3593298,11294490
64,40000,5173799,6309345,11483144
64,40000,6264605,5098660,11363265
64,40000,4001688,4086359,8088047
64,40000,5318591,5357933,10676524
64,40000,3450891,5339132,8790023
64,40000,7820761,3734468,11555229
64,40000,6732467,3971821,10704288
64,40000,7640735,3543548,11184283
64,40000,6768554,3217533,9986087
64,40000,4341777,5187806,9529583
64,40000,6845155,3888171,10733326
64,40000,4915539,6459317,11374856
64,40000,3659038,5314541,8973579
64,40000,7888386,4284089,12172475
64,40000,7083696,3221397,10305093
64,40000,3232285,5044248,8276533
64,40000,7972376,4125299,12097675
64,40000,8010488,5162548,13173036
64,40000,4628165,5613314,10241479
64,40000,7850579,3492036,11342615
64,40000,7404961,3509683,10914644
64,40000,7721971,3108791,10830762
64,40000,8104627,3195538,11300165
64,40000,5221273,5253742,10475015
64,40000,6644460,3347627,9992087
64,40000,4039468,4984239,9023707
64,40000,7244152,3446419,10690571
64,40000,7162891,3658178,10821069
64,40000,4918489,6174716,11093205
64,40000,4165789,4399384,8565173
64,40000,8786843,3479835,12266678
64,40000,7688967,3693486,11382453
64,40000,7649025,3350103,10999128
64,40000,7606621,3680746,11287367
64,40000,7641165,3441195,11082360
64,40000,8315839,3456992,11772831
64,40000,8005436,4216575,12222011
64,40000,5828964,3624775,9453739
64,50000,6946076,4222294,11168370
64,50000,7678075,4250471,11928546
64,50000,5753496,5970732,11724228
64,50000,6661096,4418613,11079709
64,50000,8513336,4193557,12706893
64,50000,4468995,7557123,12026118
64,50000,5490532,5881142,11371674
64,50000,4738989,6204908,10943897
64,50000,6721898,4988068,11709966
64,50000,7963737,3882996,11846733
64,50000,8557301,4579645,13136946
64,50000,7382635,6957101,14339736
64,50000,6163207,4020349,10183556
64,50000,6858723,4609063,11467786
64,50000,4816820,6346387,11163207
64,50000,7355219,4950828,12306047
64,50000,6509523,3903006,10412529
64,50000,4656370,6198781,10855151
64,50000,5037284,6852079,11889363
64,50000,4532835,6208941,10741776
64,50000,9157965,4397140,13555105
64,50000,7690416,4639735,12330151
64,50000,5457764,6503207,11960971
64,50000,4902576,7714539,12617115
64,50000,5740647,7169405,12910052
64,50000,7227610,5583348,12810958
64,50000,7578689,6729715,14308404
64,50000,7252143,4396367,11648510
64,50000,5556476,6102648,11659124
64,50000,8228244,4229281,12457525
64,50000,6083327,5395120,11478447
64,50000,6086285,6516687,12602972
64,50000,5841423,6401915,12243338
64,50000,3959273,5564307,9523580
64,50000,8089003,4007275,12096278
64,50000,8281563,3995170,12276733
64,50000,6517697,4004025,10521722
64,50000,5169302,7089595,12258897
64,50000,7327904,6055332,13383236
64,50000,7226594,4003024,11229618
64,50000,5670852,5775372,11446224
64,50000,5602779,5622876,11225655
64,50000,3267718,6533759,9801477
64,50000,5870059,5216615,11086674
64,50000,8331869,4319382,12651251
64,50000,8032440,4104482,12136922
64,50000,8746611,4048605,12795216
64,50000,6900380,5457266,12357646
64,50000,5854180,9605946,15460126
64,50000,5203004,6934886,12137890
64,50000,7619751,4717704,12337455
64,50000,6202762,5683411,11886173
64,50000,4859226,6205459,11064685
64,50000,3879116,5936005,9815121
64,50000,9068857,4742701,13811558
64,50000,7317323,5639571,12956894
64,50000,5320504,4205146,9525650
64,50000,7357090,4640598,11997688
64,50000,6345571,7861151,14206722
64,50000,5619123,6100824,11719947
64,50000,6631116,6125376,12756492
64,50000,7349569,4663078,12012647
64,50000,4078126,6474929,10553055
64,50000,6825351,6686667,13512018
64,50000,6824056,4076638,10900694
64,50000,2361052,6817106,9178158
64,50000,4604745,5025388,9630133
64,50000,7258241,4035704,11293945
64,50000,4507894,5959444,10467338
64,50000,5887050,5145270,11032320
64,50000,6104020,4162815,10266835
64,50000,4493279,6597849,11091128
64,50000,7704376,4405866,12110242
64,50000,7746910,4204651,11951561
64,50000,5178387,5361691,10540078
64,50000,4407906,6160388,10568294
64,50000,5575184,6541369,12116553
64,50000,4973710,6704131,11677841
64,50000,8158339,4449129,12607468
64,50000,5647095,6491810,12138905
64,50000,4601970,5835741,10437711
64,50000,5352059,6285488,11637547
64,50000,4567450,5992177,10559627
64,50000,7629221,4203094,11832315
64,50000,5672777,6873212,12545989
64,50000,6273844,4371066,10644910
64,50000,6902543,4501613,11404156
64,50000,7925368,4615135,12540503
64,50000,4348106,5595547,9943653
64,50000,8022004,5693875,13715879
64,50000,4348282,5562693,9910975
64,50000,7929314,5556527,13485841
64,50000,5551942,6495535,12047477
64,50000,7465496,4143642,11609138
64,50000,8663508,4311470,12974978
64,50000,5891044,6322388,12213432
64,50000,7445653,4236647,11682300
64,50000,7346403,4002108,11348511
64,50000,8685684,5015486,13701170
64,50000,7592737,3886374,11479111
64,50000,7119993,4215495,11335488
64,50000,7896676,4265478,12162154
64,50000,5285074,6250851,11535925
64,50000,8139891,4906983,13046874
64,50000,5133785,6600884,11734669
64,50000,7857739,4551786,12409525
64,50000,7725545,3990264,11715809
64,50000,7227207,3940927,11168134
64,50000,8456279,4308230,12764509
64,50000,7004311,4185375,11189686
64,50000,3813114,6617662,10430776
64,50000,7596244,4774952,12371196
64,50000,6749621,3968146,10717767
64,50000,4463105,6626410,11089515
64,50000,5638565,7099226,12737791
64,60000,7506224,6745182,14251406
64,60000,4563585,6734833,11298418
64,60000,6232018,6467546,12699564
64,60000,8334815,6575634,14910449
64,60000,5066644,6632860,11699504
64,60000,6992872,6521546,13514418
64,60000,6493532,6317337,12810869
64,60000,6991830,8243634,15235464
64,60000,6086251,6459066,12545317
64,60000,5922585,8144095,14066680
64,60000,6078129,7936029,14014158
64,60000,5000371,7187968,12188339
64,60000,4985968,7255918,12241886
64,60000,7361368,7519044,14880412
64,60000,5562069,8287598,13849667
64,60000,6800371,7081369,13881740
64,60000,5199284,6613049,11812333
64,60000,4461992,6944058,11406050
64,60000,6558534,6632272,13190806
64,60000,5549169,7053861,12603030
64,60000,6237799,6469316,12707115
64,60000,5589384,6892016,12481400
64,60000,6733439,7096912,13830351
64,60000,3726853,6298198,10025051
64,60000,5635009,6743575,12378584
64,60000,7323316,6961963,14285279
64,60000,7587628,6683773,14271401
64,60000,6202151,7193098,13395249
64,60000,5211008,6936920,12147928
64,60000,5372178,7368348,12740526
64,60000,5858097,7579583,13437680
64,60000,5850489,6483846,12334335
64,60000,7192013,6098183,13290196
64,60000,5979644,7487640,13467284
64,60000,6008496,6469748,12478244
64,60000,9124914,4740699,13865613
64,60000,5835339,7628512,13463851
64,60000,6467597,6119668,12587265
64,60000,6969804,7950098,14919902
64,60000,6636451,6529976,13166427
64,60000,5747851,6695395,12443246
64,60000,5318209,6658714,11976923
64,60000,7178040,6995915,14173955
64,60000,4372148,7489361,11861509
64,60000,5924027,6583314,12507341
64,60000,5903103,7847087,13750190
64,60000,7830280,7087635,14917915
64,60000,6131155,7233404,13364559
64,60000,6922658,7591800,14514458
64,60000,9137010,5158373,14295383
64,60000,5597831,6868355,12466186
64,60000,5493085,6640151,12133236
64,60000,4867426,6995361,11862787
64,60000,7321429,6127055,13448484
64,60000,5215445,6764210,11979655
64,60000,6482154,6169040,12651194
64,60000,7228680,6650801,13879481
64,60000,6415317,7497460,13912777
64,60000,5007789,6250457,11258246
64,60000,5694325,7300605,12994930
64,60000,4631427,7248087,11879514
64,60000,5080232,7241715,12321947
64,60000,5426385,6175963,11602348
64,60000,5532613,8504808,14037421
64,60000,6611679,6281175,12892854
64,60000,5981015,6213444,12194459
64,60000,5390516,6663404,12053920
64,60000,6575105,6591147,13166252
64,60000,6615346,6151912,12767258
64,60000,6432193,6126741,12558934
64,60000,5738468,6944212,12682680
64,60000,5979334,8127959,14107293
64,60000,6615115,6391186,13006301
64,60000,5029389,7038873,12068262
64,60000,5805072,6933887,12738959
64,60000,6595764,7446880,14042644
64,60000,6249810,7570121,13819931
64,60000,5441457,8653137,14094594
64,60000,6855050,6765230,13620280
64,60000,7352661,7232840,14585501
64,60000,5862811,6104501,11967312
64,60000,7109336,7324959,14434295
64,60000,5195379,6363240,11558619
64,60000,6050268,6836084,12886352
64,60000,5084665,6634152,11718817
64,60000,6106976,6553165,12660141
64,60000,6805971,7565509,14371480
64,60000,6158449,5655118,11813567
64,60000,6249706,7234823,13484529
64,60000,7101261,7380275,14481536
64,60000,6360335,6495078,12855413
64,60000,6304467,7580093,13884560
64,60000,6164739,6567786,12732525
64,60000,7379218,6442332,13821550
64,60000,9306118,5653536,14959654
64,60000,5314888,7474201,12789089
64,60000,7281124,5066282,12347406
64,60000,6450878,6641813,13092691
64,60000,6067237,7415376,13482613
64,60000,6145053,7304130,13449183
64,60000,4130456,7266467,11396923
64,60000,6406354,6311898,12718252
64,60000,5560836,7493972,13054808
64,60000,5368960,6172894,11541854
64,60000,5824723,5853259,11677982
64,60000,5651113,7716783,13367896
64,60000,8736839,6474493,15211332
64,60000,6690693,7413086,14103779
64,60000,6749207,7461581,14210788
64,60000,5666614,7463762,13130376
64,60000,7614064,7464717,15078781
64,60000,7581240,5947082,13528322
64,60000,6511881,6986079,13497960
64,60000,6555248,7141917,13697165
64,60000,6069481,7226966,13296447
64,70000,6397202,8132645,14529847
64,70000,7410930,7997522,15408452
64,70000,6893545,7740675,14634220
64,70000,5570402,7951223,13521625
64,70000,6267265,6627670,12894935
64,70000,5627437,6767361,12394798
64,70000,5533048,7950237,13483285
64,70000,3868607,8135387,12003994
64,70000,7189178,8957911,16147089
64,70000,7013597,7203674,14217271
64,70000,6970074,7438420,14408494
64,70000,6789489,7656305,14445794
64,70000,4734317,7275677,12009994
64,70000,7734975,8841184,16576159
64,70000,7843599,7100954,14944553
64,70000,6968888,7950659,14919547
64,70000,5452238,7775377,13227615
64,70000,6873749,7083688,13957437
64,70000,7716581,8477138,16193719
64,70000,5128475,7983897,13112372
64,70000,5681954,7646379,13328333
64,70000,6221176,7316539,13537715
64,70000,7446639,7918964,15365603
64,70000,6125248,6915484,13040732
64,70000,5228083,7288053,12516136
64,70000,7388383,7583975,14972358
64,70000,6143576,7425527,13569103
64,70000,5970938,7084195,13055133
64,70000,6551495,8378521,14930016
64,70000,6866577,7918699,14785276
64,70000,6549289,8340791,14890080
64,70000,6743255,7407633,14150888
64,70000,6639540,7861748,14501288
64,70000,6263266,7422301,13685567
64,70000,7109108,8296959,15406067
64,70000,6710994,7716549,14427543
64,70000,7392216,7998038,15390254
64,70000,6608540,8058309,14666849
64,70000,7070356,7654733,14725089
64,70000,5705064,7551281,13256345
64,70000,6281588,6803758,13085346
64,70000,6499617,7499738,13999355
64,70000,7233882,7586679,14820561
64,70000,6841544,7418302,14259846
64,70000,6705623,8378278,15083901
64,70000,4702827,7703821,12406648
64,70000,6107752,7680057,13787809
64,70000,7706241,6422701,14128942
64,70000,5968875,7110717,13079592
64,70000,7370849,6955477,14326326
64,70000,5820063,7269873,13089936
64,70000,5533898,7874408,13408306
64,70000,6152238,7861607,14013845
64,70000,5925341,7883362,13808703
64,70000,6658940,7484741,14143681
64,70000,6116498,7270466,13386964
64,70000,6584855,7014689,13599544
64,70000,5657483,8262167,13919650
64,70000,5759671,6940840,12700511
64,70000,5462605,5449471,10912076
64,70000,6875342,7336141,14211483
64,70000,5947738,7579018,13526756
64,70000,6072389,7072426,13144815
64,70000,6835804,9084433,15920237
64,70000,5574003,7165537,12739540
64,70000,6309740,7245047,13554787
64,70000,7172262,7139099,14311361
64,70000,6298029,7405433,13703462
64,70000,5184033,7424274,12608307
64,70000,5467224,7030141,12497365
64,70000,6374774,7801274,14176048
64,70000,5920231,6830097,12750328
64,70000,7079060,6867794,13946854
64,70000,5439178,8515908,13955086
64,70000,6601510,9161661,15763171
64,70000,8149734,7552665,15702399
64,70000,5838062,8722459,14560521
64,70000,6686545,7649441,14335986
64,70000,6025808,8016651,14042459
64,70000,5341248,8011137,13352385
64,70000,6500654,7900030,14400684
64,70000,6034840,7423428,13458268
64,70000,7003507,7315144,14318651
64,70000,6076971,7535036,13612007
64,70000,6958999,8187795,15146794
64,70000,6423597,7769019,14192616
64,70000,6896246,7263254,14159500
64,70000,5972615,7519167,13491782
64,70000,5766019,6311819,12077838
64,70000,6010820,7426949,13437769
64,70000,6140148,8160519,14300667
64,70000,6798936,7377977,14176913
64,70000,6786229,8057543,14843772
64,70000,6680697,7685124,14365821
64,70000,6673910,8072856,14746766
64,70000,4550530,7282910,11833440
64,70000,6894329,7846455,14740784
64,70000,7930950,7314840,15245790
64,70000,4886331,7640361,12526692
64,70000,6938942,7561986,14500928
64,70000,6529416,8031590,14561006
64,70000,6573663,6564722,13138385
64,70000,6836462,7213876,14050338
64,70000,6597850,7298549,13896399
64,70000,6287644,8349480,14637124
64,70000,6373302,7109891,13483193
64,70000,7875222,8392071,16267293
64,70000,6372578,8471198,14843776
64,70000,6093686,8289826,14383512
64,70000,7419337,7909458,15328795
64,70000,4918148,7475015,12393163
64,70000,6178935,6996404,13175339
64,70000,4739864,7158933,11898797
64,70000,6716064,8388967,15105031
64,70000,4514759,7856993,12371752
64,80000,6579561,8224007,14803568
64,80000,7951921,8144216,16096137
64,80000,6486485,8287361,14773846
64,80000,6504512,7181658,13686170
64,80000,6669084,7476671,14145755
64,80000,5036103,8562837,13598940
64,80000,7321565,8229579,15551144
64,80000,5474871,8368974,13843845
64,80000,4977450,7489934,12467384
64,80000,6953843,8289155,15242998
64,80000,6329717,7342387,13672104
64,80000,5764180,8232644,13996824
64,80000,5738885,8147211,13886096
64,80000,7595930,8033885,15629815
64,80000,6837666,7945377,14783043
64,80000,5382945,8142458,13525403
64,80000,6825007,8727837,15552844
64,80000,6837047,8393036,15230083
64,80000,6295576,8622601,14918177
64,80000,6277863,8132232,14410095
64,80000,4224713,8470500,12695213
64,80000,7836008,8296737,16132745
64,80000,6717714,8703536,15421250
64,80000,6409563,7723446,14133009
64,80000,3582514,9300799,12883313
64,80000,6937984,7898479,14836463
64,80000,4941817,7775953,12717770
64,80000,7325022,7787168,15112190
64,80000,6603264,8594683,15197947
64,80000,6251586,7914938,14166524
64,80000,6170247,8655719,14825966
64,80000,7883597,8622152,16505749
64,80000,5592869,8176592,13769461
64,80000,6762515,8962078,15724593
64,80000,6232632,8053564,14286196
64,80000,7050374,9249711,16300085
64,80000,5365046,8121678,13486724
64,80000,8683963,8708834,17392797
64,80000,6854196,7841155,14695351
64,80000,6350399,8345093,14695492
64,80000,7945759,8548941,16494700
64,80000,6307736,10393892,16701628
64,80000,6226393,7988704,14215097
64,80000,5167830,7644223,12812053
64,80000,5617323,9059053,14676376
64,80000,8196358,8535418,16731776
64,80000,7563632,8146186,15709818
64,80000,4974996,7943496,12918492
64,80000,6421300,8252074,14673374
64,80000,8684922,8102151,16787073
64,80000,6439320,8165930,14605250
64,80000,6218392,8592426,14810818
64,80000,8456454,7787494,16243948
64,80000,7672927,8021923,15694850
64,80000,6907175,8311284,15218459
64,80000,7331640,8661177,15992817
64,80000,6331679,9659421,15991100
64,80000,7673585,9897528,17571113
64,80000,5960533,7901271,13861804
64,80000,7497344,8420576,15917920
64,80000,7822613,8314166,16136779
64,80000,6898217,7707603,14605820
64,80000,5245066,9334312,14579378
64,80000,6272215,9095042,15367257
64,80000,7060434,7553617,14614051
64,80000,6279244,7887130,14166374
64,80000,6222730,8610328,14833058
64,80000,6878927,8070404,14949331
64,80000,7152194,8810251,15962445
64,80000,5117629,8237101,13354730
64,80000,4849666,7447217,12296883
64,80000,6204420,9463515,15667935
64,80000,7041331,8055799,15097130
64,80000,6443027,8397113,14840140
64,80000,6436159,7656384,14092543
64,80000,6505765,7234084,13739849
64,80000,7032106,8060696,15092802
64,80000,5590239,8941406,14531645
64,80000,5391619,7760874,13152493
64,80000,6845729,8208075,15053804
64,80000,7202080,8723093,15925173
64,80000,7550374,8507713,16058087
64,80000,5321493,7891307,13212800
64,80000,7535830,7940628,15476458
64,80000,7701795,8659060,16360855
64,80000,7509478,8079515,15588993
64,80000,4213341,7933083,12146424
64,80000,5999481,9743873,15743354
64,80000,6292514,7285760,13578274
64,80000,6087324,7787695,13875019
64,80000,4583153,8002704,12585857
64,80000,7007308,9177644,16184952
64,80000,6334468,9274559,15609027
64,80000,5269330,8913803,14183133
64,80000,5785149,7713272,13498421
64,80000,8685217,9558263,18243480
64,80000,7694538,7952338,15646876
64,80000,7365316,7904473,15269789
64,80000,5720911,8828915,14549826
64,80000,7018207,7946362,14964569
64,80000,6610975,7690597,14301572
64,80000,7016087,8999396,16015483
64,80000,6946096,8132780,15078876
64,80000,7441505,8739166,16180671
64,80000,6913510,8807680,15721190
64,80000,6649430,7813971,14463401
64,80000,7245603,7514954,14760557
64,80000,7192436,7999405,15191841
64,80000,6297700,8328292,14625992
64,80000,6755957,7993606,14749563
64,80000,6682899,8688512,15371411
64,80000,7782933,8563820,16346753
64,80000,5883850,7338251,13222101
64,80000,7834900,8475398,16310298
64,80000,6950210,8518602,15468812
64,90000,6448373,9012864,15461237
64,90000,7021281,8581497,15602778
64,90000,5605406,9413443,15018849
64,90000,6251012,9590436,15841448
64,90000,5976877,8013556,13990433
64,90000,7543412,8682817,16226229
64,90000,6838689,8193032,15031721
64,90000,7239977,7835672,15075649
64,90000,6637066,10185077,16822143
64,90000,6037655,8910470,14948125
64,90000,6448912,9085802,15534714
64,90000,6676828,9430925,16107753
64,90000,7755143,8501726,16256869
64,90000,7920874,10733147,18654021
64,90000,5823197,7555338,13378535
64,90000,5113722,8650572,13764294
64,90000,7314688,9370883,16685571
64,90000,6827891,7897366,14725257
64,90000,5689520,8680890,14370410
64,90000,6824332,9339471,16163803
64,90000,6496356,9250397,15746753
64,90000,6414652,7762956,14177608
64,90000,5920738,9312836,15233574
64,90000,6899729,9347075,16246804
64,90000,8416137,9563396,17979533
64,90000,6402061,9256560,15658621
64,90000,7821008,8402230,16223238
64,90000,8296489,9050571,17347060
64,90000,4265860,8326127,12591987
64,90000,7548031,9216533,16764564
64,90000,7114292,9982478,17096770
64,90000,6857769,8400786,15258555
64,90000,5886253,8696281,14582534
64,90000,6757819,9187396,15945215
64,90000,7829625,8015964,15845589
64,90000,5681342,9007929,14689271
64,90000,4908392,8375624,13284016
64,90000,6828263,8804866,15633129
64,90000,7417611,9158501,16576112
64,90000,5800417,9485897,15286314
64,90000,8319589,9833259,18152848
64,90000,6971158,7987824,14958982
64,90000,7758924,10333159,18092083
64,90000,6164111,9676811,15840922
64,90000,5857624,10668531,16526155
64,90000,5185835,9116709,14302544
64,90000,6311617,9150185,15461802
64,90000,7224825,9422002,16646827
64,90000,5778575,8650186,14428761
64,90000,6259810,8445247,14705057
64,90000,7695324,8405965,16101289
64,90000,6823587,8737811,15561398
64,90000,5021942,9831403,14853345
64,90000,7767345,8466389,16233734
64,90000,6818385,8440177,15258562
64,90000,5995127,9063289,15058416
64,90000,7221883,9486610,16708493
64,90000,8318600,9408119,17726719
64,90000,7168507,9185510,16354017
64,90000,7871929,8370566,16242495
64,90000,5575211,9472952,15048163
64,90000,6906297,8302779,15209076
64,90000,6765452,9062697,15828149
64,90000,4929392,9371167,14300559
64,90000,6882012,9478264,16360276
64,90000,6449543,9375655,15825198
64,90000,6420154,9730811,16150965
64,90000,8145607,8763525,16909132
64,90000,8781542,8555165,17336707
64,90000,7642430,10002397,17644827
64,90000,6343764,8632349,14976113
64,90000,6681111,9640229,16321340
64,90000,8852089,9407149,18259238
64,90000,6158507,8370397,14528904
64,90000,6027339,10853495,16880834
64,90000,7536902,9343409,16880311
64,90000,5767350,8932665,14700015
64,90000,8634457,10081111,18715568
64,90000,6128386,8382102,14510488
64,90000,6707434,8549014,15256448
64,90000,5154752,8160150,13314902
64,90000,6739130,8281417,15020547
64,90000,5138021,8606276,13744297
64,90000,6834126,9281538,16115664
64,90000,6928040,9008370,15936410
64,90000,6884912,8486112,15371024
64,90000,6772730,8687365,15460095
64,90000,7420000,8767848,16187848
64,90000,6505222,8723807,15229029
64,90000,7312506,9663076,16975582
64,90000,5692697,8759692,14452389
64,90000,8537632,8498831,17036463
64,90000,7627164,9043876,16671040
64,90000,6403436,8145529,14548965
64,90000,6151425,9457272,15608697
64,90000,7299800,9295469,16595269
64,90000,7779690,8299137,16078827
64,90000,7159402,8532430,15691832
64,90000,6449049,8897706,15346755
64,90000,6585783,9608487,16194270
64,90000,8148738,8152122,16300860
64,90000,9178446,6947466,16125912
64,90000,7087123,8246572,15333695
64,90000,9042568,8649077,17691645
64,90000,7679538,9075432,16754970
64,90000,6563607,8658204,15221811
64,90000,6361419,10312563,16673982
64,90000,7720305,9121596,16841901
64,90000,4830742,8329538,13160280
64,90000,7159586,8425159,15584745
64,90000,6244778,9531378,15776156
64,90000,6592732,9730285,16323017
64,90000,6967412,9880687,16848099
64,90000,7283868,10680903,17964771
64,90000,6151693,8258010,14409703
64,100000,7408303,9749241,17157544
64,100000,8124783,9522819,17647602
64,100000,6149067,9195969,15345036
64,100000,6391624,9441483,15833107
64,100000,7473162,9667547,17140709
64,100000,8170310,9681437,17851747
64,100000,7554167,9339161,16893328
64,100000,9106917,10407954,19514871
64,100000,5295658,10596481,15892139
64,100000,6442427,9571047,16013474
64,100000,6102938,9726072,15829010
64,100000,7259565,9287011,16546576
64,100000,8058003,8472317,16530320
64,100000,7822006,10086348,17908354
64,100000,6750647,9682284,16432931
64,100000,5727847,10001332,15729179
64,100000,7841083,9453549,17294632
64,100000,7696554,9789398,17485952
64,100000,5835540,9694661,15530201
64,100000,5726149,9467448,15193597
64,100000,7133714,8896917,16030631
64,100000,5937966,10361579,16299545
64,100000,8372244,9424449,17796693
64,100000,6642450,10105855,16748305
64,100000,6744895,9976882,16721777
64,100000,7331338,9145186,16476524
64,100000,7921359,8163327,16084686
64,100000,6582528,10049667,16632195
64,100000,7525416,8765759,16291175
64,100000,6428461,10066135,16494596
64,100000,7665349,10005850,17671199
64,100000,8610518,9551623,18162141
64,100000,8462844,11935767,20398611
64,100000,7307713,10230592,17538305
64,100000,7875442,9013692,16889134
64,100000,6563863,9687039,16250902
64,100000,6748948,10966520,17715468
64,100000,7760354,10039577,17799931
64,100000,6646369,9800835,16447204
64,100000,6634532,8904485,15539017
64,100000,6805686,9092309,15897995
64,100000,6988790,9558483,16547273
64,100000,6760856,9741970,16502826
64,100000,7518732,9911147,17429879
64,100000,5645355,10544859,16190214
64,100000,6045761,10085285,16131046
64,100000,4467860,9346991,13814851
64,100000,5943803,9614705,15558508
64,100000,6827968,9093433,15921401
64,100000,5809058,9760990,15570048
64,100000,6504875,8796060,15300935
64,100000,9177808,10960663,20138471
64,100000,8530664,9723704,18254368
64,100000,4841958,9260602,14102560
64,100000,3239790,9637849,12877639
64,100000,8140459,8860712,17001171
64,100000,4955930,9510641,14466571
64,100000,6824573,9397084,16221657
64,100000,8619834,10025790,18645624
64,100000,5213913,9244904,14458817
64,100000,7508808,10193142,17701950
64,100000,6232150,11766313,17998463
64,100000,8236178,9045885,17282063
64,100000,6998375,9978846,16977221
64,100000,6613743,9615400,16229143
64,100000,6873530,8787861,15661391
64,100000,7347242,9683952,17031194
64,100000,6357679,11284133,17641812
64,100000,7335885,8715533,16051418
64,100000,8550928,10206241,18757169
64,100000,6176752,7649318,13826070
64,100000,5320057,9135804,14455861
64,100000,5765743,9923606,15689349
64,100000,6705880,9852328,16558208
64,100000,11542781,9947421,21490202
64,100000,8695775,9722340,18418115
64,100000,5888535,9018227,14906762
64,100000,6170329,8820265,14990594
64,100000,5067194,10105480,15172674
64,100000,8261016,9232946,17493962
64,100000,9454647,10699509,20154156
64,100000,8531114,9738196,18269310
64,100000,8653666,10412429,19066095
64,100000,5632271,9205407,14837678
64,100000,7010482,9828441,16838923
64,100000,7989511,9525112,17514623
64,100000,6763718,10182546,16946264
64,100000,7062396,9707768,16770164
64,100000,4349472,9587601,13937073
64,100000,5931337,9220941,15152278
64,100000,5267645,9363407,14631052
64,100000,6217882,8802561,15020443
64,100000,6271358,10089896,16361254
64,100000,4418664,9794807,14213471
64,100000,6170058,10812443,16982501
64,100000,6017239,9339662,15356901
64,100000,6633023,11228361,17861384
64,100000,6070370,9751164,15821534
64,100000,5276002,9199503,14475505
64,100000,6585483,9048460,15633943
64,100000,6679960,10206250,16886210
64,100000,7948680,9864674,17813354
64,100000,5638679,9999041,15637720
64,100000,6297428,10350563,16647991
64,100000,6048098,10373401,16421499
64,100000,9450130,8725798,18175928
64,100000,7044137,9857673,16901810
64,100000,7534212,10044744,17578956
64,100000,7635343,9115215,16750558
64,100000,6428880,9176243,15605123
64,100000,5949617,9541761,15491378
64,100000,6201891,9452962,15654853
64,100000,8860998,9932731,18793729
64,100000,7204884,9425570,16630454
64,100000,6763744,8913726,15677470
64,100000,5522749,9242004,14764753
64,100000,6521198,10007791,16528989
64,100000,6047114,9416182,15463296
64,100000,5528890,9611737,15140627
64,100000,5973866,9563983,15537849
64,100000,6167863,10102287,16270150
64,100000,5132683,9130407,14263090
64,100000,7892047,10749674,18641721
64,100000,7345625,9780867,17126492
64,100000,5051675,9988359,15040034
64,100000,6483396,9228803,15712199
64,100000,6028193,9215095,15243288
64,100000,9649175,9306838,18956013
64,100000,5973895,10135273,16109168
64,100000,6255378,10273384,16528762
64,100000,5487722,9221998,14709720
64,100000,8660509,10025539,18686048
64,100000,6535928,10508907,17044835
64,100000,6530741,9807453,16338194
64,100000,5646777,9181830,14828607
64,100000,4328240,10300303,14628543
64,100000,7151197,9855823,17007020
64,100000,4375927,9581490,13957417
64,100000,3969969,9322023,13291992
64,100000,7969781,9888308,17858089
64,100000,7598675,10098606,17697281
64,100000,7713754,9643598,17357352
64,100000,5559366,9402361,14961727
64,100000,4123924,9639978,13763902
64,100000,6507469,8563687,15071156
64,100000,8596262,9760485,18356747
64,100000,8664933,9423569,18088502
64,100000,6376197,9503864,15880061
64,100000,6502661,9425485,15928146
64,100000,8707377,10055466,18762843
64,100000,8229971,9908701,18138672
64,100000,6097174,9464165,15561339
64,100000,7488667,9289420,16778087
64,100000,6689823,9073892,15763715
64,100000,5592915,10745424,16338339
64,100000,4426087,9242738,13668825
64,100000,4661418,9319152,13980570
64,100000,6936780,10057074,16993854
64,100000,8055000,9498100,17553100
64,100000,6104847,9218555,15323402
64,100000,6736229,9534307,16270536
64,100000,6449873,9145125,15594998
64,100000,6729578,9595118,16324696
64,100000,6372032,9760857,16132889
64,100000,5760460,8974685,14735145
64,100000,7570740,8674873,16245613
64,100000,6151892,9524776,15676668
64,100000,7658985,9277800,16936785
64,100000,7882308,9466253,17348561
64,100000,7484040,9712657,17196697
64,100000,8168201,8804536,16972737
64,100000,4937870,9284600,14222470
64,100000,8657434,10632663,19290097
64,100000,6142830,8758602,14901432
64,100000,7060980,9974812,17035792
64,100000,7606446,9514191,17120637
64,100000,7079977,9610489,16690466
64,100000,7326301,9803234,17129535
64,100000,6603555,8782459,15386014
64,100000,8747527,8954886,17702413
64,100000,4524411,8791497,13315908
64,100000,7147979,9264352,16412331
64,100000,4756845,10124425,14881270
64,100000,5268390,9139381,14407771
64,100000,8289382,10066421,18355803
64,100000,8693386,8654002,17347388
64,100000,7878436,9973983,17852419
64,100000,4856449,9678819,14535268
64,100000,5567815,11145981,16713796
64,100000,6537373,9062924,15600297
64,100000,9079938,10021514,19101452
64,100000,8362367,9600106,17962473
64,100000,6561141,9362877,15924018
64,100000,8262652,9146349,17409001
64,100000,5340597,10194243,15534840
64,100000,5247975,8881780,14129755
64,100000,6638107,9961492,16599599
64,100000,5314632,7788148,13102780
64,100000,8897219,10570804,19468023
64,100000,5985628,9388599,15374227
64,100000,5989560,8716518,14706078
64,100000,6054402,9095825,15150227
64,100000,4605125,9631758,14236883
64,100000,7323532,8845712,16169244
64,100000,8448506,9591411,18039917
64,100000,6291504,10074598,16366102
64,100000,5419181,10528128,15947309
64,100000,8596375,11341555,19937930
64,100000,8219142,10114482,18333624
64,100000,6190841,10512706,16703547
64,100000,8306901,9584965,17891866
64,100000,6132691,8942923,15075614
64,100000,7248927,9609714,16858641
64,100000,6179373,9735561,15914934
64,100000,5923447,9736207,15659654
64,100000,5441492,8603451,14044943
64,100000,4904723,10282763,15187486
64,100000,7960196,9682693,17642889
64,100000,8884662,9857304,18741966
64,100000,8082316,9923527,18005843
64,100000,9148616,9404096,18552712
64,100000,4774976,9556684,14331660
64,100000,6870776,9774332,16645108
64,100000,6214573,8913592,15128165
64,100000,6969920,10916069,17885989
64,100000,6349982,9794904,16144886
64,100000,7794698,9025098,16819796
64,100000,6490770,9484086,15974856
64,100000,5671854,10098660,15770514
64,100000,6553254,8680775,15234029
64,200000,9407352,17203615,26610967
64,200000,7087175,16209746,23296921
64,200000,9468112,17000602,26468714
64,200000,7484838,16565148,24049986
64,200000,7914119,16347735,24261854
64,200000,7360147,16573147,23933294
64,200000,6191235,17789668,23980903
64,200000,8236134,17301697,25537831
64,200000,7619702,15680454,23300156
64,200000,7650155,16231813,23881968
64,200000,6897762,15596386,22494148
64,200000,9051698,15694204,24745902
64,200000,7018362,15995447,23013809
64,200000,8922936,16220062,25142998
64,200000,7798662,18057458,25856120
64,200000,8638696,16518634,25157330
64,200000,8396856,15792725,24189581
64,200000,7989798,17503480,25493278
64,200000,9334146,15744832,25078978
64,200000,9140333,19995762,29136095
64,200000,11105784,16585211,27690995
64,200000,8400411,17680238,26080649
64,200000,8584965,16031291,24616256
64,200000,7851453,15890791,23742244
64,200000,12110522,15832121,27942643
64,200000,7750097,17087965,24838062
64,200000,8741434,15785436,24526870
64,200000,8684954,16880501,25565455
64,200000,8959997,14674738,23634735
64,200000,7214037,15843803,23057840
64,200000,7589743,14324277,21914020
64,200000,7583360,16093908,23677268
64,200000,10325252,16002483,26327735
64,200000,9717923,15869354,25587277
64,200000,8173452,16081090,24254542
64,200000,8238379,16322525,24560904
64,200000,8270379,17785774,26056153
64,200000,7490009,16791398,24281407
64,200000,9235014,14518169,23753183
64,200000,7493094,16142579,23635673
64,200000,10150320,17866051,28016371
64,200000,7991103,17217294,25208397
64,200000,7158668,15966540,23125208
64,200000,7003501,16831960,23835461
64,200000,9384238,16121413,25505651
64,200000,7740794,16589257,24330051
64,200000,8771947,16743184,25515131
64,200000,7661643,16848648,24510291
64,200000,6710490,16378532,23089022
64,200000,11210281,16693378,27903659
64,200000,10637976,15287604,25925580
64,200000,8690143,16240755,24930898
64,200000,8909280,16626284,25535564
64,200000,7415877,16710671,24126548
64,200000,8743642,16762109,25505751
64,200000,8673962,15400623,24074585
64,200000,6837674,17201748,24039422
64,200000,9663783,16870297,26534080
64,200000,8869294,16049354,24918648
64,200000,7931709,16584449,24516158
64,200000,8015960,16675550,24691510
64,200000,6587917,15285614,21873531
64,200000,8324089,17202547,25526636
64,200000,8425987,17982741,26408728
64,200000,9061232,15988175,25049407
64,200000,8052279,17879046,25931325
64,200000,7182544,15584790,22767334
64,200000,7504649,15444488,22949137
64,200000,8391186,17914573,26305759
64,200000,6988247,15693900,22682147
64,200000,9314334,17126692,26441026
64,200000,8851672,16940798,25792470
64,200000,11247177,17550333,28797510
64,200000,7223093,16437153,23660246
64,200000,10105114,16501784,26606898
64,200000,8991441,16611753,25603194
64,200000,9601775,16009045,25610820
64,200000,8667651,16472508,25140159
64,200000,7941016,16266492,24207508
64,200000,9328680,16737489,26066169
64,200000,8805896,15843649,24649545
64,200000,9487143,16261925,25749068
64,200000,9515331,17080637,26595968
64,200000,8239078,16406208,24645286
64,200000,8046263,16379506,24425769
64,200000,7725052,16157024,23882076
64,200000,9158004,16434947,25592951
64,200000,9143557,14703791,23847348
64,200000,6817646,16534194,23351840
64,200000,7845240,15911480,23756720
64,200000,7097749,16811706,23909455
64,200000,7452442,16725038,24177480
64,200000,8826334,18129667,26956001
64,200000,7271964,16098373,23370337
64,200000,6048289,15710121,21758410
64,200000,8715247,16305376,25020623
64,200000,11328271,16228329,27556600
64,200000,7705080,15528485,23233565
64,200000,7973509,17028057,25001566
64,200000,7190300,16911465,24101765
64,200000,8700726,15999065,24699791
64,200000,7976600,16918691,24895291
64,200000,10171100,15893133,26064233
64,200000,7825884,17163564,24989448
64,200000,9223062,17022765,26245827
64,200000,7247490,16384099,23631589
64,200000,7662980,15512873,23175853
64,200000,7277303,15875981,23153284
64,200000,9221715,16360750,25582465
64,200000,8791969,16771250,25563219
64,200000,9886486,15206232,25092718
64,200000,6397745,16228674,22626419
64,200000,8270940,16967776,25238716
64,200000,6149956,15411372,21561328
64,200000,9249410,15743007,24992417
64,300000,12804897,25093095,37897992
64,300000,11221903,22207342,33429245
64,300000,13727516,23137694,36865210
64,300000,11581180,23154893,34736073
64,300000,10713853,23069719,33783572
64,300000,11316790,23002305,34319095
64,300000,12739821,26273483,39013304
64,300000,10479856,23108545,33588401
64,300000,10277970,23090750,33368720
64,300000,11725890,23031465,34757355
64,300000,11125740,23156753,34282493
64,300000,12286560,22831745,35118305
64,300000,10435297,22702182,33137479
64,300000,11434180,22828912,34263092
64,300000,8236468,21497556,29734024
64,300000,11461501,23031378,34492879
64,300000,11123202,23253719,34376921
64,300000,11539620,22226563,33766183
64,300000,13035532,23215538,36251070
64,300000,11361450,23355078,34716528
64,300000,9390482,24368901,33759383
64,300000,12749540,24735565,37485105
64,300000,11893211,22087543,33980754
64,300000,11938773,23490956,35429729
64,300000,11884145,27916063,39800208
64,300000,12404978,26372230,38777208
64,300000,12531481,24089580,36621061
64,300000,12789811,24701300,37491111
64,300000,9483666,23213314,32696980
64,300000,10213948,23021061,33235009
64,300000,11857383,23446661,35304044
64,300000,11403677,21074212,32477889
64,300000,11281384,23575398,34856782
64,300000,12131481,21062012,33193493
64,300000,11903050,22690613,34593663
64,300000,10893010,25719530,36612540
64,300000,10085151,23232352,33317503
64,300000,12312296,21598211,33910507
64,300000,11708775,22836957,34545732
64,300000,12977488,23681618,36659106
64,300000,11742807,24216543,35959350
64,300000,13818141,23170408,36988549
64,300000,9539033,22988332,32527365
64,300000,11868070,23086611,34954681
64,300000,10305915,22940313,33246228
64,300000,9027454,24701031,33728485
64,300000,14032657,22965693,36998350
64,300000,10628345,26506858,37135203
64,300000,10504952,23688588,34193540
64,300000,11118857,23365878,34484735
64,300000,12173172,22671045,34844217
64,300000,12451847,25368823,37820670
64,300000,11844362,24527906,36372268
64,300000,12364308,23800692,36165000
64,300000,12940487,23590908,36531395
64,300000,11314228,22214338,33528566
64,300000,11445904,23202671,34648575
64,300000,9967973,23475122,33443095
64,300000,13587829,22753036,36340865
64,300000,13304546,24112093,37416639
64,300000,12439148,22839387,35278535
64,300000,11277787,23069224,34347011
64,300000,8018273,22861993,30880266
64,300000,11356539,22595231,33951770
64,300000,9939346,22387371,32326717
64,300000,12224427,25699721,37924148
64,300000,12199003,23132399,35331402
64,300000,10941134,23083321,34024455
64,300000,11629513,23192796,34822309
64,300000,13801658,24159656,37961314
64,300000,11406427,23666342,35072769
64,300000,11631956,23135874,34767830
64,300000,10694572,23202481,33897053
64,300000,12880896,23249802,36130698
64,300000,10299042,25461960,35761002
64,300000,9354275,23240436,32594711
64,300000,12427349,22365390,34792739
64,300000,10737390,22762881,33500271
64,300000,9783232,24915928,34699160
64,300000,11879030,22694351,34573381
64,300000,11839457,23105586,34945043
64,300000,11813841,22820647,34634488
64,300000,11947129,23728635,35675764
64,300000,11446030,23217164,34663194
64,300000,9655267,23353997,33009264
64,300000,11715665,24555057,36270722
64,300000,11771004,23714612,35485616
64,300000,11864610,22929725,34794335
64,300000,11532941,22990149,34523090
64,300000,9702035,23673763,33375798
64,300000,12445059,21437274,33882333
64,300000,11223777,25365874,36589651
64,300000,11965051,23089445,35054496
64,300000,9979703,24000685,33980388
64,300000,12260363,23451786,35712149
64,300000,12235618,24463304,36698922
64,300000,11222728,25165596,36388324
64,300000,11544420,22858070,34402490
64,300000,10727352,22779766,33507118
64,300000,11196754,25270566,36467320
64,300000,12620735,22102910,34723645
64,300000,11764806,22858051,34622857
64,300000,11825657,23494064,35319721
64,300000,12011084,30065410,42076494
64,300000,11107218,23651819,34759037
64,300000,11720545,24545415,36265960
64,300000,10756667,23749062,34505729
64,300000,12889086,24398619,37287705
64,300000,12646944,24895741,37542685
64,300000,13391909,25427004,38818913
64,300000,12205707,24765601,36971308
64,300000,11085555,23423098,34508653
64,300000,10961340,23162259,34123599
64,300000,11355577,22300560,33656137
64,300000,12651197,22863865,35515062
64,400000,15708751,31744823,47453574
64,400000,14552341,31021371,45573712
64,400000,14145513,30373762,44519275
64,400000,11879210,31036004,42915214
64,400000,13226612,29603232,42829844
64,400000,11681357,29595223,41276580
64,400000,14092816,29768262,43861078
64,400000,12361016,30266557,42627573
64,400000,16558523,28927188,45485711
64,400000,14212522,30492540,44705062
64,400000,15428384,29909811,45338195
64,400000,13960063,30161154,44121217
64,400000,13715709,34000558,47716267
64,400000,13122585,30050157,43172742
64,400000,12654443,31750332,44404775
64,400000,14508585,29052213,43560798
64,400000,15397003,30784058,46181061
64,400000,14084595,30079029,44163624
64,400000,14211059,29332105,43543164
64,400000,13785187,29996089,43781276
64,400000,16293209,30162242,46455451
64,400000,13613798,28363149,41976947
64,400000,12244592,29515657,41760249
64,400000,12807887,30305682,43113569
64,400000,14118731,30480537,44599268
64,400000,12609094,29646458,42255552
64,400000,14048343,29653037,43701380
64,400000,14072909,30079961,44152870
64,400000,14998945,29466414,44465359
64,400000,13537685,30739312,44276997
64,400000,14255323,31400450,45655773
64,400000,14233594,31574364,45807958
64,400000,14827014,29349979,44176993
64,400000,15698224,28958314,44656538
64,400000,14085820,31181318,45267138
64,400000,13026904,30392089,43418993
64,400000,17912014,30148220,48060234
64,400000,13394881,31520182,44915063
64,400000,15736819,29197288,44934107
64,400000,14438515,29908602,44347117
64,400000,14431685,31262142,45693827
64,400000,13540486,32955150,46495636
64,400000,13955097,30467539,44422636
64,400000,12823671,30814169,43637840
64,400000,16691342,30886990,47578332
64,400000,11201394,29274495,40475889
64,400000,14736070,29287628,44023698
64,400000,13849926,30823243,44673169
64,400000,14212387,30611744,44824131
64,400000,11527407,32746629,44274036
64,400000,14385904,31583855,45969759
64,400000,13806007,30529970,44335977
64,400000,14751127,28085665,42836792
64,400000,12736747,28941969,41678716
64,400000,14787930,30264258,45052188
64,400000,12251813,30162958,42414771
64,400000,13421781,33216814,46638595
64,400000,14724865,30281377,45006242
64,400000,15072204,29023929,44096133
64,400000,15624758,29417872,45042630
64,400000,15599093,29701610,45300703
64,400000,11741134,30854403,42595537
64,400000,13324075,28598486,41922561
64,400000,13404096,30229412,43633508
64,400000,12361569,29851792,42213361
64,400000,13980160,30335857,44316017
64,400000,15529170,30968387,46497557
64,400000,14336667,31020761,45357428
64,400000,15271004,30415186,45686190
64,400000,13610562,29964410,43574972
64,400000,14843399,30284906,45128305
64,400000,14270754,34535415,48806169
64,400000,15699818,30481513,46181331
64,400000,14764173,31359446,46123619
64,400000,14737741,32890359,47628100
64,400000,14164727,30919919,45084646
64,400000,14091814,30423279,44515093
64,400000,14844474,31502902,46347376
64,400000,15883918,27564860,43448778
64,400000,12969097,30067999,43037096
64,400000,12713701,31021692,43735393
64,400000,14152146,32235564,46387710
64,400000,14559460,30150697,44710157
64,400000,12466831,28851472,41318303
64,400000,15483690,29870722,45354412
64,400000,14857299,30630641,45487940
64,400000,14955994,31347262,46303256
64,400000,12809662,29286797,42096459
64,400000,12854782,30941203,43795985
64,400000,15062504,30685756,45748260
64,400000,14868284,30699695,45567979
64,400000,10762917,30125891,40888808
64,400000,13718758,30359570,44078328
64,400000,15517827,28816289,44334116
64,400000,14260506,30077648,44338154
64,400000,14021968,29455164,43477132
64,400000,15384560,29538590,44923150
64,400000,10429331,27323703,37753034
64,400000,14947140,29099896,44047036
64,400000,15000724,29393421,44394145
64,400000,12554430,30549359,43103789
64,400000,15668500,29301909,44970409
64,400000,12916704,29915100,42831804
64,400000,13643125,28895637,42538762
64,400000,15304261,30509626,45813887
64,400000,14216179,30349947,44566126
64,400000,13883611,29540648,43424259
64,400000,13256736,29142296,42399032
64,400000,11573456,28969970,40543426
64,400000,14514837,29710335,44225172
64,400000,12941752,29439543,42381295
64,400000,13028471,29387342,42415813
64,400000,16497131,28790369,45287500
64,400000,14192388,29766381,43958769
64,400000,14809350,29273289,44082639
64,500000,14725255,38266604,52991859
64,500000,15302068,37691124,52993192
64,500000,13757985,36411335,50169320
64,500000,16657337,36664542,53321879
64,500000,16503329,37817438,54320767
64,500000,16433156,35919554,52352710
64,500000,16497369,37218477,53715846
64,500000,16020381,36863325,52883706
64,500000,16829284,36658910,53488194
64,500000,17739642,36642897,54382539
64,500000,16789228,36949349,53738577
64,500000,17156077,37320413,54476490
64,500000,14421377,37046776,51468153
64,500000,15526794,36290429,51817223
64,500000,15154068,41268561,56422629
64,500000,18060290,36713471,54773761
64,500000,16385554,35909826,52295380
64,500000,17427790,37473525,54901315
64,500000,13296197,38857145,52153342
64,500000,14796887,36115023,50911910
64,500000,18158404,40147426,58305830
64,500000,14557011,36488995,51046006
64,500000,16604223,37042431,53646654
64,500000,15370975,38514195,53885170
64,500000,16315035,38483312,54798347
64,500000,12448132,39049142,51497274
64,500000,16100577,36885582,52986159
64,500000,14649177,36179082,50828259
64,500000,16339480,37855207,54194687
64,500000,14605465,36800914,51406379
64,500000,14495300,37675072,52170372
64,500000,13315422,37380894,50696316
64,500000,18183176,40986404,59169580
64,500000,16246416,36769206,53015622
64,500000,13938692,36497300,50435992
64,500000,17251800,37855929,55107729
64,500000,18788358,36463354,55251712
64,500000,14482296,36896165,51378461
64,500000,15596536,37541419,53137955
64,500000,15889958,35896876,51786834
64,500000,17756331,36482997,54239328
64,500000,16041228,37131155,53172383
64,500000,15729629,39062712,54792341
64,500000,16636426,36849526,53485952
64,500000,17666937,36019507,53686444
64,500000,16583306,35274728,51858034
64,500000,17401346,37202768,54604114
64,500000,15404088,37377655,52781743
64,500000,15768021,38451302,54219323
64,500000,15424169,36081187,51505356
64,500000,17117980,37983057,55101037
64,500000,15217842,37680447,52898289
64,500000,14364953,35957356,50322309
64,500000,13368402,37106716,50475118
64,500000,15272740,37168321,52441061
64,500000,14638694,36011714,50650408
64,500000,16916633,35618642,52535275
64,500000,17902632,36778223,54680855
64,500000,15490045,39818413,55308458
64,500000,16157606,37116301,53273907
64,500000,17279061,36921422,54200483
64,500000,17364167,37102939,54467106
64,500000,16283324,37843326,54126650
64,500000,13672095,37059998,50732093
64,500000,15600162,36749393,52349555
64,500000,16442100,36401132,52843232
64,500000,17945277,37287143,55232420
64,500000,15434439,37353617,52788056
64,500000,16834618,36607999,53442617
64,500000,18119338,41097978,59217316
64,500000,17301317,38578642,55879959
64,500000,17159017,36834934,53993951
64,500000,17040127,36968376,54008503
64,500000,14839126,36747434,51586560
64,500000,15930600,36731647,52662247
64,500000,16549812,36431399,52981211
64,500000,18593227,37234711,55827938
64,500000,15850942,37541956,53392898
64,500000,17059682,37399447,54459129
64,500000,16483201,36169269,52652470
64,500000,15449366,37782235,53231601
64,500000,17294295,36247095,53541390
64,500000,15954016,37720590,53674606
64,500000,16309095,37082513,53391608
64,500000,14669120,37890785,52559905
64,500000,16585462,37747816,54333278
64,500000,17549326,37978684,55528010
64,500000,18117880,36344232,54462112
64,500000,18769591,37059463,55829054
64,500000,14880172,37712116,52592288
64,500000,17028305,37070819,54099124
64,500000,15104796,36154035,51258831
64,500000,17275088,37611667,54886755
64,500000,17947228,36811077,54758305
64,500000,16340656,37181321,53521977
64,500000,12401271,37550838,49952109
64,500000,17462291,36915612,54377903
64,500000,15664310,36324614,51988924
64,500000,13611945,36120108,49732053
64,500000,18449336,36379501,54828837
64,500000,15261849,36195934,51457783
64,500000,17348125,36746831,54094956
64,500000,13581920,37137805,50719725
64,500000,13874921,38838638,52713559
64,500000,16014407,36048384,52062791
64,500000,17842370,40135321,57977691
64,500000,16205845,37197123,53402968
64,500000,17461574,35852098,53313672
64,500000,15266123,35515101,50781224
64,500000,18899860,36652233,55552093
64,500000,16084556,37126025,53210581
64,500000,18896105,35280726,54176831
64,500000,14964206,42177398,57141604
64,500000,13570977,38206821,51777798
64,500000,18294134,39841344,58135478
64,600000,18717204,47771822,66489026
64,600000,14282912,41526059,55808971
64,600000,19119039,42891007,62010046
64,600000,19909005,45142289,65051294
64,600000,18887992,44880021,63768013
64,600000,18242193,42786559,61028752
64,600000,16110065,45852648,61962713
64,600000,16109711,48855146,64964857
64,600000,19742772,42790941,62533713
64,600000,18903734,43759091,62662825
64,600000,16905004,43379778,60284782
64,600000,14854350,46527653,61382003
64,600000,18890216,42978479,61868695
64,600000,18719984,43441273,62161257
64,600000,15374727,44604482,59979209
64,600000,15172859,44084125,59256984
64,600000,18536331,43723212,62259543
64,600000,20679230,44762789,65442019
64,600000,16126764,43565435,59692199
64,600000,18665243,43767142,62432385
64,600000,18683673,43075560,61759233
64,600000,20223951,42794345,63018296
64,600000,19258088,43379668,62637756
64,600000,20303038,43166696,63469734
64,600000,16072616,42238078,58310694
64,600000,21120480,43524457,64644937
64,600000,14728895,43957285,58686180
64,600000,17082892,42997313,60080205
64,600000,19531530,44172225,63703755
64,600000,19350775,43694111,63044886
64,600000,18247572,49996256,68243828
64,600000,18363935,43788938,62152873
64,600000,15537532,46586360,62123892
64,600000,17451849,44172271,61624120
64,600000,17442868,43086363,60529231
64,600000,19656228,43389370,63045598
64,600000,17000492,43580131,60580623
64,600000,16395432,45425197,61820629
64,600000,20592768,43070995,63663763
64,600000,21052008,44480655,65532663
64,600000,19681526,41394720,61076246
64,600000,18263267,44557012,62820279
64,600000,15650002,43097474,58747476
64,600000,20832771,43668818,64501589
64,600000,17885637,44185718,62071355
64,600000,22461792,43186884,65648676
64,600000,16227809,42442670,58670479
64,600000,19351765,41727078,61078843
64,600000,17836959,43162245,60999204
64,600000,17443537,45665609,63109146
64,600000,18147917,42985826,61133743
64,600000,20914630,43495638,64410268
64,600000,22679773,44249025,66928798
64,600000,18837187,44166012,63003199
64,600000,19928184,43613618,63541802
64,600000,17300876,43795991,61096867
64,600000,17426832,43511455,60938287
64,600000,20707928,44006625,64714553
64,600000,21169239,42841772,64011011
64,600000,23705039,43689918,67394957
64,600000,18713011,43201319,61914330
64,600000,19857114,43806109,63663223
64,600000,20135450,46142735,66278185
64,600000,18604663,43511858,62116521
64,600000,22818781,43876035,66694816
64,600000,16007956,46072874,62080830
64,600000,17381321,43204744,60586065
64,600000,15714440,45142369,60856809
64,600000,15085441,44948927,60034368
64,600000,17629653,44045697,61675350
64,600000,16729458,43062686,59792144
64,600000,18737684,43778910,62516594
64,600000,18567224,48657007,67224231
64,600000,21180529,44850684,66031213
64,600000,20180882,47567821,67748703
64,600000,16119935,44751631,60871566
64,600000,23106687,43942489,67049176
64,600000,18120671,43852349,61973020
64,600000,18041488,43853006,61894494
64,600000,16802935,43569447,60372382
64,600000,16901977,43588677,60490654
64,600000,17369093,43911073,61280166
64,600000,19360784,44678442,64039226
64,600000,17056066,43452736,60508802
64,600000,16039099,43318867,59357966
64,600000,16635741,43879577,60515318
64,600000,17174097,43448886,60622983
64,600000,20068839,45366535,65435374
64,600000,20107662,43454770,63562432
64,600000,18481627,42410995,60892622
64,600000,16994253,44109560,61103813
64,600000,17581544,43934600,61516144
64,600000,20209340,44605064,64814404
64,600000,23159385,45292694,68452079
64,600000,19108064,44955720,64063784
64,600000,16087139,43790988,59878127
64,600000,20790411,43417094,64207505
64,600000,19059833,43139015,62198848
64,600000,16642857,43528374,60171231
64,600000,20366179,43080045,63446224
64,600000,20499873,43858545,64358418
64,600000,20239926,43095771,63335697
64,600000,16074347,43498101,59572448
64,600000,18619882,48544302,67164184
64,600000,18866756,43274032,62140788
64,600000,16363955,42886760,59250715
64,600000,16620036,44795963,61415999
64,600000,17147468,49021455,66168923
64,600000,18821520,43835932,62657452
64,600000,17536675,43059935,60596610
64,600000,18450957,42526273,60977230
64,600000,21150066,43791178,64941244
64,600000,20312872,49177664,69490536
64,600000,18638958,44321893,62960851
64,600000,24681202,44593703,69274905
64,700000,19592321,50308134,69900455
64,700000,17966957,50311656,68278613
64,700000,17307934,51731911,69039845
64,700000,21056651,50610785,71667436
64,700000,23052139,50417622,73469761
64,700000,21749001,49608951,71357952
64,700000,19439735,49815543,69255278
64,700000,16955391,50059910,67015301
64,700000,18202184,52266215,70468399
64,700000,19178739,50723446,69902185
64,700000,18703488,56260562,74964050
64,700000,22087059,50182251,72269310
64,700000,19575929,50743287,70319216
64,700000,20339293,51654291,71993584
64,700000,23290483,49375442,72665925
64,700000,21777427,49981470,71758897
64,700000,22903181,49438109,72341290
64,700000,22237704,51287041,73524745
64,700000,23146203,50481358,73627561
64,700000,23223473,49735317,72958790
64,700000,22651308,49884317,72535625
64,700000,18116592,50371801,68488393
64,700000,22026953,49720630,71747583
64,700000,18718010,48690070,67408080
64,700000,23186343,52904867,76091210
64,700000,16460554,50254841,66715395
64,700000,19415960,49930157,69346117
64,700000,17020887,51082767,68103654
64,700000,22894672,48683433,71578105
64,700000,17331474,50792829,68124303
64,700000,19629728,51387763,71017491
64,700000,23395612,47671272,71066884
64,700000,18569381,51687076,70256457
64,700000,22868461,50738055,73606516
64,700000,21873281,51295152,73168433
64,700000,17208773,56779768,73988541
64,700000,19306398,50160174,69466572
64,700000,22333382,48978532,71311914
64,700000,25226741,49095968,74322709
64,700000,21137121,50399874,71536995
64,700000,22112673,50339180,72451853
64,700000,15707146,48205224,63912370
64,700000,23706615,50764660,74471275
64,700000,15988833,50861873,66850706
64,700000,24173160,50485595,74658755
64,700000,18020878,50413083,68433961
64,700000,23264433,49616889,72881322
64,700000,24730134,49133036,73863170
64,700000,21758762,48925333,70684095
64,700000,19612325,53452913,73065238
64,700000,18352127,50527009,68879136
64,700000,23953476,51881631,75835107
64,700000,19367005,49428240,68795245
64,700000,20798709,48490364,69289073
64,700000,18141412,50422870,68564282
64,700000,22932278,55612159,78544437
64,700000,20731211,50227930,70959141
64,700000,17956469,50428731,68385200
64,700000,18271428,55237335,73508763
64,700000,20743348,49526405,70269753
64,700000,17733168,50503305,68236473
64,700000,19923620,50396339,70319959
64,700000,24241280,49482048,73723328
64,700000,22420638,52509371,74930009
64,700000,18924339,49321336,68245675
64,700000,23512783,49214468,72727251
64,700000,21859928,54748392,76608320
64,700000,17268303,50907812,68176115
64,700000,18389940,50404984,68794924
64,700000,20469096,50904419,71373515
64,700000,21890861,55468993,77359854
64,700000,18792646,50252493,69045139
64,700000,21791449,48766598,70558047
64,700000,22440100,51956483,74396583
64,700000,21925010,54505865,76430875
64,700000,20080111,50500608,70580719
64,700000,16623351,52056266,68679617
64,700000,19441853,50002234,69444087
64,700000,20884389,49468506,70352895
64,700000,21499960,52279619,73779579
64,700000,19129259,50698926,69828185
64,700000,18184800,50639312,68824112
64,700000,20799225,49647297,70446522
64,700000,24842097,51299621,76141718
64,700000,19826788,49475332,69302120
64,700000,19172056,50487042,69659098
64,700000,21468317,49350661,70818978
64,700000,23890798,48759182,72649980
64,700000,17069886,49283621,66353507
64,700000,21358339,55144693,76503032
64,700000,20793361,51157023,71950384
64,700000,24330974,50758232,75089206
64,700000,23021088,50556825,73577913
64,700000,16915415,50800455,67715870
64,700000,22407807,51126602,73534409
64,700000,18763789,50130324,68894113
64,700000,24340495,49416478,73756973
64,700000,18598816,49868243,68467059
64,700000,19767781,50201563,69969344
64,700000,21474111,49527279,71001390
64,700000,18768543,54076300,72844843
64,700000,21883240,49970102,71853342
64,700000,19122576,50509578,69632154
64,700000,21639858,56773492,78413350
64,700000,21643305,49320443,70963748
64,700000,19244370,50568323,69812693
64,700000,27064597,54819907,81884504
64,700000,20782194,51275080,72057274
64,700000,17182615,56127265,73309880
64,700000,18022519,49968326,67990845
64,700000,18909517,49845217,68754734
64,700000,17813566,51531787,69345353
64,700000,16699585,50728714,67428299
64,700000,21184960,50499302,71684262
64,700000,17470256,50473602,67943858
64,800000,26086510,58920844,85007354
64,800000,25308895,59367559,84676454
64,800000,24766039,56400717,81166756
64,800000,16947297,56604119,73551416
64,800000,25825834,58577560,84403394
64,800000,24183256,57184909,81368165
64,800000,20278318,64681634,84959952
64,800000,23986840,58010001,81996841
64,800000,22660525,61091795,83752320
64,800000,23981425,57705222,81686647
64,800000,22029929,57075114,79105043
64,800000,23054451,61347962,84402413
64,800000,23376982,58113445,81490427
64,800000,24117608,59162578,83280186
64,800000,21690172,58288760,79978932
64,800000,23628878,57079033,80707911
64,800000,24520409,63172121,87692530
64,800000,24989955,58043665,83033620
64,800000,23586026,55711773,79297799
64,800000,25521341,57569016,83090357
64,800000,24898533,54519858,79418391
64,800000,20812817,57324878,78137695
64,800000,25621261,56680259,82301520
64,800000,25384712,57163410,82548122
64,800000,24541928,57605954,82147882
64,800000,24422605,58215810,82638415
64,800000,26613241,57321562,83934803
64,800000,24688320,55979531,80667851
64,800000,22513308,69710270,92223578
64,800000,23623643,56302523,79926166
64,800000,26420703,58126400,84547103
64,800000,23871368,57110828,80982196
64,800000,26814268,56756984,83571252
64,800000,25349694,60829074,86178768
64,800000,25104687,57407132,82511819
64,800000,24915465,57391453,82306918
64,800000,23662817,57900350,81563167
64,800000,24431546,58733578,83165124
64,800000,25410934,58463937,83874871
64,800000,24043035,57768753,81811788
64,800000,19654623,56806374,76460997
64,800000,24625979,57517321,82143300
64,800000,25400809,56979944,82380753
64,800000,20393671,58981463,79375134
64,800000,20540918,58014910,78555828
64,800000,18768631,57716865,76485496
64,800000,25642904,57307875,82950779
64,800000,26465567,56557107,83022674
64,800000,21953322,57195590,79148912
64,800000,22687870,59051562,81739432
64,800000,26118112,66923392,93041504
64,800000,23895712,57831980,81727692
64,800000,19368055,56422509,75790564
64,800000,26808046,57994026,84802072
64,800000,24099339,58537497,82636836
64,800000,23006969,56886709,79893678
64,800000,27387829,55535229,82923058
64,800000,22992674,56498739,79491413
64,800000,26607528,57413982,84021510
64,800000,24455648,56237720,80693368
64,800000,24702716,64051278,88753994
64,800000,25945590,57447995,83393585
64,800000,23300345,57509965,80810310
64,800000,24966465,56231698,81198163
64,800000,21221684,61780725,83002409
64,800000,19721835,57675728,77397563
64,800000,25060759,57519770,82580529
64,800000,21272735,57067556,78340291
64,800000,27412224,57489826,84902050
64,800000,24379097,57511389,81890486
64,800000,27177589,57224788,84402377
64,800000,24590891,55958967,80549858
64,800000,25211742,57583626,82795368
64,800000,26767702,57058600,83826302
64,800000,25566630,55273963,80840593
64,800000,23643094,56006817,79649911
64,800000,23317909,57059766,80377675
64,800000,27941731,58056993,85998724
64,800000,25355335,56663881,82019216
64,800000,26724205,57074923,83799128
64,800000,24007255,58010727,82017982
64,800000,22880633,56580506,79461139
64,800000,23037921,57364586,80402507
64,800000,24912820,55049512,79962332
64,800000,24771565,57958933,82730498
64,800000,26536768,56770255,83307023
64,800000,22810345,58825549,81635894
64,800000,25345301,56366159,81711460
64,800000,24616692,59451294,84067986
64,800000,23771729,58290488,82062217
64,800000,25588445,57489901,83078346
64,800000,20009464,58455436,78464900
64,800000,22218840,54606626,76825466
64,800000,24414710,60533284,84947994
64,800000,24283960,56979205,81263165
64,800000,21712871,59706759,81419630
64,800000,24258270,56160049,80418319
64,800000,24704884,56285922,80990806
64,800000,24059405,58394659,82454064
64,800000,22959233,59042757,82001990
64,800000,25819639,57688650,83508289
64,800000,24797256,58549080,83346336
64,800000,24942637,58820911,83763548
64,800000,22553852,58849643,81403495
64,800000,23634465,58872297,82506762
64,800000,24602561,56652629,81255190
64,800000,19430896,56699384,76130280
64,800000,24478756,57855812,82334568
64,800000,22335327,58326474,80661801
64,800000,25397036,56577554,81974590
64,800000,24699353,57788359,82487712
64,800000,24151142,60259956,84411098
64,800000,24263510,55778521,80042031
64,800000,24824893,57475198,82300091
64,800000,21014074,57307075,78321149
64,900000,28991371,64517388,93508759
64,900000,27184538,64128666,91313204
64,900000,25972730,69661668,95634398
64,900000,27242072,63095661,90337733
64,900000,27569260,65832514,93401774
64,900000,25274075,62678622,87952697
64,900000,29053050,63926077,92979127
64,900000,26101147,63285773,89386920
64,900000,24654039,70045099,94699138
64,900000,26660575,62963948,89624523
64,900000,25536677,63522534,89059211
64,900000,27349781,65825085,93174866
64,900000,25746670,64590226,90336896
64,900000,28894359,63241269,92135628
64,900000,27088043,64328833,91416876
64,900000,27405494,71550918,98956412
64,900000,27425535,62804935,90230470
64,900000,24492936,62348461,86841397
64,900000,23701994,62609765,86311759
64,900000,25510045,63188954,88698999
64,900000,26782780,64056696,90839476
64,900000,28097519,63625336,91722855
64,900000,22083707,66781735,88865442
64,900000,27162469,63434871,90597340
64,900000,25168477,64095503,89263980
64,900000,25325060,65350029,90675089
64,900000,28600960,62539630,91140590
64,900000,28674353,63880876,92555229
64,900000,25967866,64449545,90417411
64,900000,27024159,64056265,91080424
64,900000,26476662,64986578,91463240
64,900000,28107042,62995333,91102375
64,900000,24645707,63420676,88066383
64,900000,25832779,62272556,88105335
64,900000,27983214,68410661,96393875
64,900000,26222398,64159439,90381837
64,900000,28411134,61959601,90370735
64,900000,24822941,64194147,89017088
64,900000,25763969,62945905,88709874
64,900000,28199077,63698743,91897820
64,900000,27221658,64051477,91273135
64,900000,25012094,64391855,89403949
64,900000,28685647,65620990,94306637
64,900000,25439319,63427145,88866464
64,900000,27993540,63654731,91648271
64,900000,24742651,66891607,91634258
64,900000,26441950,62595235,89037185
64,900000,29545953,65610387,95156340
64,900000,23040029,62033644,85073673
64,900000,26551846,63370181,89922027
64,900000,23614509,62973909,86588418
64,900000,27198926,63924866,91123792
64,900000,26101873,63320101,89421974
64,900000,28165906,63758194,91924100
64,900000,25045854,70651995,95697849
64,900000,25121760,63774541,88896301
64,900000,25436158,63399955,88836113
64,900000,24646883,62537118,87184001
64,900000,25872552,62468662,88341214
64,900000,25398882,62817829,88216711
64,900000,24450637,63819590,88270227
64,900000,26845340,70119508,96964848
64,900000,26259419,64054125,90313544
64,900000,21517717,64251074,85768791
64,900000,24726768,62255578,86982346
64,900000,28736192,63851216,92587408
64,900000,25271133,62099290,87370423
64,900000,19979231,63971387,83950618
64,900000,26423748,70036612,96460360
64,900000,24917423,64511042,89428465
64,900000,26709293,64484253,91193546
64,900000,26948226,66375845,93324071
64,900000,26298043,66086996,92385039
64,900000,25346014,65924010,91270024
64,900000,27096632,63410038,90506670
64,900000,26910563,64755481,91666044
64,900000,25213904,71690935,96904839
64,900000,27221445,62492755,89714200
64,900000,29989549,64122362,94111911
64,900000,27117546,64721363,91838909
64,900000,27360573,62160483,89521056
64,900000,25975484,62724978,88700462
64,900000,27199115,63691319,90890434
64,900000,25650099,64758682,90408781
64,900000,26435154,63929444,90364598
64,900000,28146853,63886279,92033132
64,900000,27398655,65084946,92483601
64,900000,27572699,64367847,91940546
64,900000,27753059,63710293,91463352
64,900000,29221026,63785778,93006804
64,900000,25578738,62343010,87921748
64,900000,27012175,65390661,92402836
64,900000,25425572,65546263,90971835
64,900000,25397413,64069261,89466674
64,900000,27668292,63606462,91274754
64,900000,25734342,63373257,89107599
64,900000,23622799,64362204,87985003
64,900000,26338594,65313147,91651741
64,900000,24180199,62786837,86967036
64,900000,28434959,65049290,93484249
64,900000,25869107,64681068,90550175
64,900000,27827715,67762628,95590343
64,900000,26445964,64800769,91246733
64,900000,29000747,63841606,92842353
64,900000,27263680,67809221,95072901
64,900000,26018357,64791305,90809662
64,900000,27109489,73953527,101063016
64,900000,26939530,65122470,92062000
64,900000,25893203,62986066,88879269
64,900000,26680381,62383143,89063524
64,900000,25892003,62626903,88518906
64,900000,26293967,65553189,91847156
64,900000,26086093,64799256,90885349
64,900000,22400597,63392602,85793199
64,900000,25644577,63936178,89580755
64,1000000,28353675,70588715,98942390
64,1000000,28635086,70087172,98722258
64,1000000,30223813,71553859,101777672
64,1000000,27225472,69850811,97076283
64,1000000,27486493,71342949,98829442
64,1000000,29771484,71599676,101371160
64,1000000,28897785,70592613,99490398
64,1000000,28557414,70734974,99292388
64,1000000,33136098,69633733,102769831
64,1000000,27889146,71079380,98968526
64,1000000,30715217,70105720,100820937
64,1000000,31325635,71463100,102788735
64,1000000,27740720,71632188,99372908
64,1000000,25653297,69977085,95630382
64,1000000,29940518,70699219,100639737
64,1000000,28323621,70814879,99138500
64,1000000,28427917,69809175,98237092
64,1000000,27545004,70233609,97778613
64,1000000,30017730,69420982,99438712
64,1000000,28981795,70845525,99827320
64,1000000,26721817,69586958,96308775
64,1000000,29757562,69538799,99296361
64,1000000,29897209,68863304,98760513
64,1000000,30203488,70141891,100345379
64,1000000,26296230,70591739,96887969
64,1000000,27382408,69219522,96601930
64,1000000,26690540,68745077,95435617
64,1000000,30314820,70614858,100929678
64,1000000,28129930,70741619,98871549
64,1000000,29540507,69675096,99215603
64,1000000,28649795,69213675,97863470
64,1000000,26956407,69709197,96665604
64,1000000,28996630,71598450,100595080
64,1000000,27093721,71010331,98104052
64,1000000,29297694,70234230,99531924
64,1000000,28068003,68443193,96511196
64,1000000,30424563,70586572,101011135
64,1000000,28980920,69420866,98401786
64,1000000,26547574,72267169,98814743
64,1000000,27791413,70354561,98145974
64,1000000,27429690,72665903,100095593
64,1000000,29900540,70105588,100006128
64,1000000,28698502,74266560,102965062
64,1000000,29199048,71071596,100270644
64,1000000,27903925,69710555,97614480
64,1000000,31613477,71019341,102632818
64,1000000,25478589,70893970,96372559
64,1000000,30733259,70624603,101357862
64,1000000,27006069,71138037,98144106
64,1000000,29430631,69788270,99218901
64,1000000,30323049,72821597,103144646
64,1000000,29115330,74133216,103248546
64,1000000,27999069,69231217,97230286
64,1000000,28460740,70165059,98625799
64,1000000,26600300,73284309,99884609
64,1000000,29007896,68457116,97465012
64,1000000,28868720,68859971,97728691
64,1000000,31367129,71759686,103126815
64,1000000,30265226,71567220,101832446
64,1000000,26965249,69362219,96327468
64,1000000,28183955,68525762,96709717
64,1000000,29109689,70347003,99456692
64,1000000,30986946,70587853,101574799
64,1000000,28026728,71164794,99191522
64,1000000,27539169,70102606,97641775
64,1000000,29226175,76330122,105556297
64,1000000,27728566,71467045,99195611
64,1000000,25384392,73003603,98387995
64,1000000,27823164,69210578,97033742
64,1000000,27833857,72672525,100506382
64,1000000,26396429,70411462,96807891
64,1000000,29993151,71931352,101924503
64,1000000,26158825,71965115,98123940
64,1000000,26988420,68149224,95137644
64,1000000,26499305,69530881,96030186
64,1000000,29204401,69665109,98869510
64,1000000,24197343,71196067,95393410
64,1000000,29423106,70859694,100282800
64,1000000,27878237,69511362,97389599
64,1000000,27050653,70819615,97870268
64,1000000,28468094,69976025,98444119
64,1000000,30683497,71394901,102078398
64,1000000,26899180,74400757,101299937
64,1000000,29194116,73382833,102576949
64,1000000,29489357,73532560,103021917
64,1000000,30507445,70402332,100909777
64,1000000,30451589,69586440,100038029
64,1000000,27103541,71112309,98215850
64,1000000,29975670,74299723,104275393
64,1000000,28209123,70085356,98294479
64,1000000,27886914,71060007,98946921
64,1000000,30315677,71274513,101590190
64,1000000,28768947,70772155,99541102
64,1000000,30447131,75862323,106309454
64,1000000,32966531,71073432,104039963
64,1000000,28690822,70493581,99184403
64,1000000,27356864,71918942,99275806
64,1000000,27206701,69768916,96975617
64,1000000,29612660,69072713,98685373
64,1000000,27191699,71330950,98522649
64,1000000,27320979,69729475,97050454
64,1000000,28062587,71304923,99367510
64,1000000,27769147,69760841,97529988
64,1000000,27933045,72732737,100665782
64,1000000,29481871,73452194,102934065
64,1000000,26253255,69665005,95918260
64,1000000,26709405,70213311,96922716
64,1000000,27664619,71843925,99508544
64,1000000,32231817,69856231,102088048
64,1000000,28985296,71346797,100332093
64,1000000,27492899,69667319,97160218
64,1000000,25636148,72796525,98432673
64,1000000,30239049,68633209,98872258
64,1000000,30525149,76723063,107248212
64,1000000,29238650,69677311,98915961
64,1000000,29698575,70145601,99844176
64,1000000,30864779,69826537,100691316
64,1000000,31377405,70439189,101816594
64,1000000,27067410,69284360,96351770
64,1000000,26097956,70771080,96869036
64,1000000,26350381,69706640,96057021
64,1000000,29295875,80703217,109999092
64,1000000,28904522,70148613,99053135
64,1000000,28827308,69904984,98732292
64,1000000,28152833,68883720,97036553
64,1000000,23536398,72282463,95818861
64,1000000,29352072,70510461,99862533
64,1000000,25570878,69270303,94841181
64,1000000,29964200,69829028,99793228
64,1000000,27588095,70059791,97647886
64,1000000,28441396,70082271,98523667
64,1000000,26367378,70355318,96722696
64,1000000,31599880,70089817,101689697
64,1000000,28417052,70255380,98672432
64,1000000,27158639,69917053,97075692
64,1000000,27864482,69007755,96872237
64,1000000,27719955,70771101,98491056
64,1000000,29150945,69445406,98596351
64,1000000,30407574,71195533,101603107
64,1000000,30198498,76786438,106984936
64,1000000,28745479,69079701,97825180
64,1000000,29421725,73039417,102461142
64,1000000,31867033,69456839,101323872
64,1000000,30384119,72052793,102436912
64,1000000,26282542,70437028,96719570
64,1000000,27647203,73266962,100914165
64,1000000,28116446,71161607,99278053
64,1000000,28251772,71750732,100002504
64,1000000,28914398,72449843,101364241
64,1000000,28038926,72510641,100549567
64,1000000,25422682,69681084,95103766
64,1000000,30104879,69225966,99330845
64,1000000,27626931,70964609,98591540
64,1000000,29594198,72228465,101822663
64,1000000,28788785,71332496,100121281
64,1000000,28609541,68021253,96630794
64,1000000,25544337,72468156,98012493
64,1000000,24670058,71495963,96166021
64,1000000,27456316,71143897,98600213
64,1000000,28686011,71297297,99983308
64,1000000,29869517,70679590,100549107
64,1000000,30166397,70003387,100169784
64,1000000,30343661,70610765,100954426
64,1000000,29526976,71079497,100606473
64,1000000,28022888,76686731,104709619
64,1000000,25134246,69622878,94757124
64,1000000,27775739,78048052,105823791
64,1000000,28341729,69937455,98279184
64,1000000,25630723,71356122,96986845
64,1000000,28056070,79385657,107441727
64,1000000,27288761,70322294,97611055
64,1000000,29078848,69931961,99010809
64,1000000,27553261,71156527,98709788
64,1000000,27667604,70927553,98595157
64,1000000,28687304,70527876,99215180
64,1000000,26971056,69766044,96737100
64,1000000,29052572,69856888,98909460
64,1000000,29902421,70104693,100007114
64,1000000,26095127,69607999,95703126
64,1000000,28071639,68879878,96951517
64,1000000,28021606,71444926,99466532
64,1000000,29697130,68598535,98295665
64,1000000,27338669,74159628,101498297
64,1000000,28031861,69572045,97603906
64,1000000,27335459,69597061,96932520
64,1000000,29129359,70847888,99977247
64,1000000,29994740,72039804,102034544
64,1000000,26528333,70075870,96604203
64,1000000,30240401,69544777,99785178
64,1000000,28880118,70237263,99117381
64,1000000,28463047,68802526,97265573
64,1000000,31660029,79803436,111463465
64,1000000,29123382,70219663,99343045
64,1000000,30372201,71752030,102124231
64,1000000,28914972,69749725,98664697
64,1000000,28757732,72323090,101080822
64,1000000,27529453,70283530,97812983
64,1000000,27283180,69823217,97106397
64,1000000,29382287,71532109,100914396
64,1000000,28134935,70043932,98178867
64,1000000,30017259,72122973,102140232
64,1000000,28993246,70370194,99363440
64,1000000,29163107,69569267,98732374
64,1000000,28781977,69733116,98515093
64,1000000,27863637,70285974,98149611
64,1000000,29484015,69781254,99265269
64,1000000,28163301,75790086,103953387
64,1000000,27288527,70780043,98068570
64,1000000,27529508,70698688,98228196
64,1000000,28698790,72141077,100839867
64,1000000,29119964,70574486,99694450
64,1000000,29091762,69694652,98786414
64,1000000,29138218,70108603,99246821
64,1000000,25729345,70420302,96149647
64,1000000,29126609,76928423,106055032
64,1000000,28864069,72495747,101359816
64,1000000,26296804,68225436,94522240
64,1000000,30201378,72367291,102568669
64,1000000,27204059,69527356,96731415
64,1000000,27069502,70155401,97224903
64,1000000,30237457,71727925,101965382
64,1000000,27003804,70583879,97587683
64,1000000,26049306,72045482,98094788
64,1000000,25013093,77226046,102239139
64,1000000,28669736,69525355,98195091
64,1000000,27370952,70978891,98349843
64,1000000,28108055,70185242,98293297
64,1000000,25066617,70293906,95360523
64,1000000,30217086,71372134,101589220
64,1000000,30268825,71489434,101758259
64,2000000,38669517,137869224,176538741
64,2000000,37557814,136963754,174521568
64,2000000,37665077,138511601,176176678
64,2000000,35566129,141060976,176627105
64,2000000,37962628,139286966,177249594
64,2000000,36187590,139375594,175563184
64,2000000,36496598,138762470,175259068
64,2000000,36155997,138628211,174784208
64,2000000,37617863,136974078,174591941
64,2000000,35758104,141016459,176774563
64,2000000,39522733,137281655,176804388
64,2000000,35101200,139525911,174627111
64,2000000,38680556,139751672,178432228
64,2000000,36096640,137685046,173781686
64,2000000,37919986,139021954,176941940
64,2000000,36890958,138491324,175382282
64,2000000,39392499,145049927,184442426
64,2000000,35353303,135738030,171091333
64,2000000,39178760,141034518,180213278
64,2000000,38806428,141004136,179810564
64,2000000,37926425,138707294,176633719
64,2000000,36767165,141731330,178498495
64,2000000,37641345,146250280,183891625
64,2000000,38665271,136110593,174775864
64,2000000,36055780,137245626,173301406
64,2000000,37737324,137984890,175722214
64,2000000,38692235,138167533,176859768
64,2000000,37758244,142772208,180530452
64,2000000,38597828,138495452,177093280
64,2000000,35166260,140621854,175788114
64,2000000,37329028,142384918,179713946
64,2000000,37597201,140797916,178395117
64,2000000,34776782,139511265,174288047
64,2000000,38683943,139458000,178141943
64,2000000,37396123,139263583,176659706
64,2000000,37509888,138954239,176464127
64,2000000,36447025,140316438,176763463
64,2000000,35758269,138832679,174590948
64,2000000,37861152,140523303,178384455
64,2000000,37780542,139682874,177463416
64,2000000,36179473,139797977,175977450
64,2000000,37454866,138320412,175775278
64,2000000,36949731,139583301,176533032
64,2000000,41399972,139643114,181043086
64,2000000,35577868,143713655,179291523
64,2000000,37049011,141702042,178751053
64,2000000,40454241,142292429,182746670
64,2000000,38693164,142202395,180895559
64,2000000,35905348,142469114,178374462
64,2000000,39924357,141650935,181575292
64,2000000,39355147,140918804,180273951
64,2000000,43453557,141664521,185118078
64,2000000,41590994,137971035,179562029
64,2000000,35487463,138653649,174141112
64,2000000,35744794,139085893,174830687
64,2000000,40289163,138142950,178432113
64,2000000,38959903,137954165,176914068
64,2000000,36891427,137611943,174503370
64,2000000,38342084,136635340,174977424
64,2000000,37738655,140868724,178607379
64,2000000,37993279,138815434,176808713
64,2000000,37607568,137693776,175301344
64,2000000,42214780,137643746,179858526
64,2000000,37629705,140558852,178188557
64,2000000,37350247,136899278,174249525
64,2000000,38426520,140238845,178665365
64,2000000,37874060,153769535,191643595
64,2000000,39567249,137516334,177083583
64,2000000,37149985,137128883,174278868
64,2000000,39203262,137468597,176671859
64,2000000,37855185,148923221,186778406
64,2000000,38733092,140192700,178925792
64,2000000,36736092,137607130,174343222
64,2000000,35635300,140818109,176453409
64,2000000,40757682,143984270,184741952
64,2000000,36518719,141147308,177666027
64,2000000,35819902,135771048,171590950
64,2000000,35723282,136896651,172619933
64,2000000,35677715,138308840,173986555
64,2000000,35490507,141978160,177468667
64,2000000,37227114,139615286,176842400
64,2000000,39114207,158432927,197547134
64,2000000,37857685,141815470,179673155
64,2000000,35410627,138705594,174116221
64,2000000,37667922,140619621,178287543
64,2000000,38076564,138089288,176165852
64,2000000,38621100,154679857,193300957
64,2000000,35826339,155158341,190984680
64,2000000,39939391,149706463,189645854
64,2000000,37213032,151056463,188269495
64,2000000,37972012,139024646,176996658
64,2000000,35882947,137467647,173350594
64,2000000,37301376,135937032,173238408
64,2000000,35434279,142259490,177693769
64,2000000,37742002,139859037,177601039
64,2000000,39798798,142687696,182486494
64,2000000,36048069,139007845,175055914
64,2000000,34904422,138450845,173355267
64,2000000,38808333,138443418,177251751
64,2000000,40575090,139940656,180515746
64,2000000,37676850,139966908,177643758
64,2000000,37772283,151510180,189282463
64,2000000,39795799,142381074,182176873
64,2000000,37211011,144656452,181867463
64,2000000,37965121,139963312,177928433
64,2000000,34480148,140079456,174559604
64,2000000,35912643,138611710,174524353
64,2000000,38650489,135966525,174617014
64,2000000,37015585,138876458,175892043
64,2000000,39403526,150037588,189441114
64,2000000,35483492,137324757,172808249
64,2000000,36628899,138597200,175226099
64,2000000,35571565,140733745,176305310
64,2000000,39223878,139070258,178294136
64,2000000,37085216,140334729,177419945
64,3000000,51582635,205190082,256772717
64,3000000,53135834,202151745,255287579
64,3000000,51792980,204829639,256622619
64,3000000,50784969,205294458,256079427
64,3000000,50699931,205693822,256393753
64,3000000,49228182,203394665,252622847
64,3000000,49548575,241330854,290879429
64,3000000,52265676,203636319,255901995
64,3000000,54527914,204685591,259213505
64,3000000,53753496,208053925,261807421
64,3000000,54788781,207328209,262116990
64,3000000,51401056,211435044,262836100
64,3000000,51773100,206554674,258327774
64,3000000,53107448,214638832,267746280
64,3000000,52298384,206090254,258388638
64,3000000,49348660,209927292,259275952
64,3000000,49914546,206251019,256165565
64,3000000,51817512,206020327,257837839
64,3000000,53919822,204956037,258875859
64,3000000,50634530,205101896,255736426
64,3000000,49412211,204125686,253537897
64,3000000,50099677,229320030,279419707
64,3000000,52177500,227074672,279252172
64,3000000,50491115,234724245,285215360
64,3000000,50553418,227791724,278345142
64,3000000,52333276,212141168,264474444
64,3000000,51806484,204132350,255938834
64,3000000,51870123,212832892,264703015
64,3000000,55377841,206810876,262188717
64,3000000,55639715,212119898,267759613
64,3000000,51668187,205891756,257559943
64,3000000,56976345,203663829,260640174
64,3000000,50906022,209575519,260481541
64,3000000,50864613,204955752,255820365
64,3000000,52222307,207449638,259671945
64,3000000,53196285,205921501,259117786
64,3000000,50023710,232252985,282276695
64,3000000,50127798,209229371,259357169
64,3000000,50325954,204455621,254781575
64,3000000,51732849,207941319,259674168
64,3000000,53504316,205876039,259380355
64,3000000,53511020,212079967,265590987
64,3000000,52974492,205772790,258747282
64,3000000,49485144,206160582,255645726
64,3000000,53478459,205254017,258732476
64,3000000,54635297,205690058,260325355
64,3000000,53728529,206687243,260415772
64,3000000,52252902,209743755,261996657
64,3000000,52246614,214560408,266807022
64,3000000,49732933,207913177,257646110
64,3000000,53485989,206204570,259690559
64,3000000,53082077,206333387,259415464
64,3000000,49399033,207131556,256530589
64,3000000,52844848,211789916,264634764
64,3000000,50301274,205801231,256102505
64,3000000,55033998,209351833,264385831
64,3000000,50830372,210934709,261765081
64,3000000,51758237,207157707,258915944
64,3000000,51019621,210453452,261473073
64,3000000,52354649,210935972,263290621
64,3000000,49622889,207863681,257486570
64,3000000,52938252,205436442,258374694
64,3000000,51617782,210298753,261916535
64,3000000,55288552,204767413,260055965
64,3000000,52467265,210936373,263403638
64,3000000,52906181,205479587,258385768
64,3000000,53693007,207374920,261067927
64,3000000,52691538,206569001,259260539
64,3000000,58116768,205900690,264017458
64,3000000,52307568,208835770,261143338
64,3000000,50065207,206740069,256805276
64,3000000,50861785,205869150,256730935
64,3000000,50155082,205718530,255873612
64,3000000,51376433,213471369,264847802
64,3000000,52740029,206879877,259619906
64,3000000,49943842,209736860,259680702
64,3000000,51650906,206164013,257814919
64,3000000,52363717,208623720,260987437
64,3000000,51897867,206438232,258336099
64,3000000,51396933,204503349,255900282
64,3000000,49099757,205945656,255045413
64,3000000,50140340,210539848,260680188
64,3000000,51313583,206990036,258303619
64,3000000,48620551,207873832,256494383
64,3000000,50275502,206008928,256284430
64,3000000,51523008,206182897,257705905
64,3000000,48754247,205619053,254373300
64,3000000,53450935,213793744,267244679
64,3000000,52536225,207390158,259926383
64,3000000,52639751,207109791,259749542
64,3000000,49620185,206253816,255874001
64,3000000,52872671,206044518,258917189
64,3000000,53306764,207159986,260466750
64,3000000,51292799,206877918,258170717
64,3000000,48637201,211629567,260266768
64,3000000,52146571,202963202,255109773
64,3000000,50732292,211147590,261879882
64,3000000,50358263,204246098,254604361
64,3000000,53961882,206375687,260337569
64,3000000,51987012,209422895,261409907
64,3000000,48292890,208578669,256871559
64,3000000,48974984,206265655,255240639
64,3000000,53651671,211407010,265058681
64,3000000,55923971,205298208,261222179
64,3000000,53582374,206850535,260432909
64,3000000,52228426,205345293,257573719
64,3000000,51847438,210797484,262644922
64,3000000,51108855,211977409,263086264
64,3000000,50564737,204316777,254881514
64,3000000,54391483,210508528,264900011
64,3000000,51998185,228632920,280631105
64,3000000,51830361,208615707,260446068
64,3000000,53967117,205151020,259118137
64,3000000,49845668,206417731,256263399
64,3000000,52937705,205937568,258875273
64,4000000,65533040,271705095,337238135
64,4000000,65114885,278442620,343557505
64,4000000,61760308,287380013,349140321
64,4000000,66266246,271927654,338193900
64,4000000,65730551,270560300,336290851
64,4000000,65925746,273329152,339254898
64,4000000,64433824,271720335,336154159
64,4000000,67089286,273478703,340567989
64,4000000,67039032,298694619,365733651
64,4000000,64682905,276899819,341582724
64,4000000,64704239,269681533,334385772
64,4000000,64525141,272062827,336587968
64,4000000,66546376,278707752,345254128
64,4000000,66184199,285062490,351246689
64,4000000,66752798,274902713,341655511
64,4000000,63992990,276498797,340491787
64,4000000,65478160,275393306,340871466
64,4000000,66474875,269545480,336020355
64,4000000,68773786,270824877,339598663
64,4000000,65750833,273672104,339422937
64,4000000,66836429,276849331,343685760
64,4000000,65509503,278853381,344362884
64,4000000,64910882,272482123,337393005
64,4000000,65758125,273253071,339011196
64,4000000,65411357,274789874,340201231
64,4000000,67787209,275794279,343581488
64,4000000,65534355,273973438,339507793
64,4000000,66026462,273261332,339287794
64,4000000,65989061,272081292,338070353
64,4000000,64594228,295307165,359901393
64,4000000,67938576,271302904,339241480
64,4000000,62336939,268208507,330545446
64,4000000,66201470,282356176,348557646
64,4000000,67738723,273380352,341119075
64,4000000,65325586,272281189,337606775
64,4000000,65998449,280653413,346651862
64,4000000,65284718,274676502,339961220
64,4000000,66364891,279023626,345388517
64,4000000,66642260,282794924,349437184
64,4000000,65941017,274471334,340412351
64,4000000,63478188,275314756,338792944
64,4000000,66996574,274981592,341978166
64,4000000,68096698,280087956,348184654
64,4000000,62913470,291724596,354638066
64,4000000,64560175,279744056,344304231
64,4000000,65846902,277101266,342948168
64,4000000,66968232,301800238,368768470
64,4000000,63839800,272038769,335878569
64,4000000,65342679,280858493,346201172
64,4000000,67893698,274758984,342652682
64,4000000,66490965,274948180,341439145
64,4000000,66011480,298650966,364662446
64,4000000,64560091,274298777,338858868
64,4000000,65800186,304908690,370708876
64,4000000,65201493,271377298,336578791
64,4000000,66345503,273651818,339997321
64,4000000,66753246,271930183,338683429
64,4000000,64434728,274003804,338438532
64,4000000,64177213,270668991,334846204
64,4000000,66212921,273128446,339341367
64,4000000,64513589,274643534,339157123
64,4000000,65658987,279913029,345572016
64,4000000,68488292,276368022,344856314
64,4000000,65249133,297081414,362330547
64,4000000,65797156,274979347,340776503
64,4000000,64970020,271930867,336900887
64,4000000,64953096,297503683,362456779
64,4000000,64844979,278746264,343591243
64,4000000,66060922,274485992,340546914
64,4000000,68706752,315896999,384603751
64,4000000,65361659,272572080,337933739
64,4000000,62630299,271487763,334118062
64,4000000,63200094,270171651,333371745
64,4000000,63886639,278414453,342301092
64,4000000,64307337,274335552,338642889
64,4000000,69290797,281401550,350692347
64,4000000,70198093,273511261,343709354
64,4000000,67592545,273658097,341250642
64,4000000,65745471,273406907,339152378
64,4000000,66401840,303682078,370083918
64,4000000,69877241,275757425,345634666
64,4000000,66226696,277156399,343383095
64,4000000,68294327,272768985,341063312
64,4000000,66158178,273420066,339578244
64,4000000,68713638,275415654,344129292
64,4000000,65807307,281035928,346843235
64,4000000,64811156,273411250,338222406
64,4000000,65669300,276678974,342348274
64,4000000,66635364,272734310,339369674
64,4000000,67538536,274889583,342428119
64,4000000,66025778,280982892,347008670
64,4000000,67380074,271514366,338894440
64,4000000,65670674,271364918,337035592
64,4000000,65708861,284392243,350101104
64,4000000,65016870,277507902,342524772
64,4000000,65892921,274092105,339985026
64,4000000,65375286,271571412,336946698
64,4000000,66722153,273863917,340586070
64,4000000,64489084,272902302,337391386
64,4000000,64136562,275754088,339890650
64,4000000,66863255,270349987,337213242
64,4000000,65361870,278822551,344184421
64,4000000,65124760,280537614,345662374
64,4000000,65030833,271543452,336574285
64,4000000,64854414,278564191,343418605
64,4000000,64557045,306372811,370929856
64,4000000,66387691,270805770,337193461
64,4000000,65232738,274795697,340028435
64,4000000,65387846,271473544,336861390
64,4000000,63518374,275561502,339079876
64,4000000,63642556,271563679,335206235
64,4000000,65929151,273854414,339783565
64,4000000,66204390,274230895,340435285
64,4000000,67326855,276072001,343398856
64,4000000,66421646,309298097,375719743
64,5000000,79717956,335833236,415551192
64,5000000,81236617,340246503,421483120
64,5000000,80121123,340477935,420599058
64,5000000,81633119,347317882,428951001
64,5000000,79857824,341349197,421207021
64,5000000,79336251,350312305,429648556
64,5000000,81421808,337893842,419315650
64,5000000,81003872,340983043,421986915
64,5000000,82033919,340966743,423000662
64,5000000,80355165,341176266,421531431
64,5000000,79814031,346088919,425902950
64,5000000,81968503,342903210,424871713
64,5000000,82199171,340716009,422915180
64,5000000,79798787,353125618,432924405
64,5000000,80055331,338872272,418927603
64,5000000,82280855,343068068,425348923
64,5000000,81571594,343751114,425322708
64,5000000,81598324,396163334,477761658
64,5000000,81398272,338023293,419421565
64,5000000,81654384,340510069,422164453
64,5000000,79750807,344387148,424137955
64,5000000,80891337,340570395,421461732
64,5000000,80826571,340065062,420891633
64,5000000,80093381,346093563,426186944
64,5000000,79283197,343096660,422379857
64,5000000,81545982,343059692,424605674
64,5000000,83368865,411727230,495096095
64,5000000,80195884,342778628,422974512
64,5000000,81839417,345590364,427429781
64,5000000,82228793,347578346,429807139
64,5000000,81271780,343933399,425205179
64,5000000,81708292,343955574,425663866
64,5000000,82149944,348590043,430739987
64,5000000,83042085,354756036,437798121
64,5000000,81483043,341322846,422805889
64,5000000,80119670,338452458,418572128
64,5000000,79393298,337570160,416963458
64,5000000,81016120,340682714,421698834
64,5000000,81518691,342184162,423702853
64,5000000,81218358,341471916,422690274
64,5000000,81685249,344586952,426272201
64,5000000,78844429,340855303,419699732
64,5000000,78959025,342051012,421010037
64,5000000,82165057,352628398,434793455
64,5000000,81102675,340370440,421473115
64,5000000,78644329,341356029,420000358
64,5000000,83441211,337343790,420785001
64,5000000,83158809,338566883,421725692
64,5000000,82671077,337743840,420414917
64,5000000,80770341,352541464,433311805
64,5000000,80634685,339737725,420372410
64,5000000,80440166,340050649,420490815
64,5000000,81503248,341763642,423266890
64,5000000,78622110,337445039,416067149
64,5000000,80107712,340313517,420421229
64,5000000,82833662,339015523,421849185
64,5000000,80643969,347272008,427915977
64,5000000,82219450,369195444,451414894
64,5000000,81352687,344228778,425581465
64,5000000,85200445,385641053,470841498
64,5000000,80747018,341070557,421817575
64,5000000,84002882,343540897,427543779
64,5000000,81168233,344322805,425491038
64,5000000,83094306,340040121,423134427
64,5000000,81049292,337067595,418116887
64,5000000,82584805,340477752,423062557
64,5000000,80555971,340503880,421059851
64,5000000,80662502,336703718,417366220
64,5000000,80631442,345612393,426243835
64,5000000,80597659,340936554,421534213
64,5000000,81472177,346917316,428389493
64,5000000,83092628,338867062,421959690
64,5000000,80834804,342212774,423047578
64,5000000,80086762,341885460,421972222
64,5000000,79799877,340461948,420261825
64,5000000,82450435,343077868,425528303
64,5000000,83727748,340377292,424105040
64,5000000,80803990,338172865,418976855
64,5000000,84804332,339110711,423915043
64,5000000,81201882,338492828,419694710
64,5000000,83429887,341389981,424819868
64,5000000,80828005,404235679,485063684
64,5000000,80117427,341239560,421356987
64,5000000,81152702,338207613,419360315
64,5000000,83266371,339720419,422986790
64,5000000,82098835,353106901,435205736
64,5000000,80729820,338859406,419589226
64,5000000,81428307,348090079,429518386
64,5000000,82242062,339831653,422073715
64,5000000,79771811,338628643,418400454
64,5000000,82168616,340509136,422677752
64,5000000,78141018,341859865,420000883
64,5000000,82821298,340358582,423179880
64,5000000,81130660,342290915,423421575
64,5000000,79285653,344342217,423627870
64,5000000,79978536,340993352,420971888
64,5000000,86762134,341210385,427972519
64,5000000,83071605,341445542,424517147
64,5000000,80789627,344358942,425148569
64,5000000,82108337,340368988,422477325
64,5000000,80004886,342586673,422591559
64,5000000,81632070,395696640,477328710
64,5000000,83055604,339490280,422545884
64,5000000,79845519,350449652,430295171
64,5000000,81533760,345120738,426654498
64,5000000,78748840,342517311,421266151
64,5000000,80942616,343396954,424339570
64,5000000,80437828,341477164,421914992
64,5000000,80324030,344000175,424324205
64,5000000,82321394,343058345,425379739
64,5000000,81713492,343228918,424942410
64,5000000,80077509,343759571,423837080
64,5000000,79229840,387726909,466956749
64,5000000,80951936,338854125,419806061
64,5000000,83703032,340856988,424560020
64,6000000,97556950,410154907,507711857
64,6000000,94019829,453071054,547090883
64,6000000,96603349,405952816,502556165
64,6000000,98331359,405444808,503776167
64,6000000,94446119,413222636,507668755
64,6000000,98502272,412575441,511077713
64,6000000,99405388,410340124,509745512
64,6000000,95473969,413253461,508727430
64,6000000,96235737,407581024,503816761
64,6000000,96017913,407602465,503620378
64,6000000,98018387,408447196,506465583
64,6000000,96268588,418709157,514977745
64,6000000,96172397,419964448,516136845
64,6000000,95281136,408933086,504214222
64,6000000,95134751,404453252,499588003
64,6000000,97766010,408384957,506150967
64,6000000,97708643,409545196,507253839
64,6000000,98879077,423321566,522200643
64,6000000,97663513,407713679,505377192
64,6000000,94749170,425397791,520146961
64,6000000,96609397,407904057,504513454
64,6000000,97801303,405936694,503737997
64,6000000,99330590,415474432,514805022
64,6000000,95007242,452018774,547026016
64,6000000,97979708,406516124,504495832
64,6000000,96900288,407199531,504099819
64,6000000,96291208,417319167,513610375
64,6000000,96068693,409627926,505696619
64,6000000,95631143,406015550,501646693
64,6000000,95563735,407950867,503514602
64,6000000,96031263,409276004,505307267
64,6000000,96588657,407651684,504240341
64,6000000,100566877,408304862,508871739
64,6000000,94639122,408452807,503091929
64,6000000,100446911,406026110,506473021
64,6000000,99019180,410356927,509376107
64,6000000,99339346,404231110,503570456
64,6000000,98439388,409095212,507534600
64,6000000,94812197,410061325,504873522
64,6000000,96136905,406178907,502315812
64,6000000,96376261,411005146,507381407
64,6000000,97036345,408763678,505800023
64,6000000,97476535,413094511,510571046
64,6000000,99495717,416800041,516295758
64,6000000,96120507,404652137,500772644
64,6000000,96454784,459373834,555828618
64,6000000,96511811,415500229,512012040
64,6000000,97293452,408020958,505314410
64,6000000,95262555,418242788,513505343
64,6000000,95672620,409946269,505618889
64,6000000,97211615,403753438,500965053
64,6000000,97571819,417001565,514573384
64,6000000,98005388,533887204,631892592
64,6000000,96178918,403537993,499716911
64,6000000,97220417,407367438,504587855
64,6000000,95599301,401342327,496941628
64,6000000,97849059,417484509,515333568
64,6000000,96979851,416346631,513326482
64,6000000,95623986,404437827,500061813
64,6000000,96901092,411305412,508206504
64,6000000,93847490,408747937,502595427
64,6000000,97515505,406004124,503519629
64,6000000,94228544,406488271,500716815
64,6000000,97848977,408930943,506779920
64,6000000,94677792,405143255,499821047
64,6000000,96264279,407953285,504217564
64,6000000,97153284,408802306,505955590
64,6000000,96845777,412069109,508914886
64,6000000,95702635,406050931,501753566
64,6000000,96409663,472959050,569368713
64,6000000,96762384,412721942,509484326
64,6000000,97291485,420246558,517538043
64,6000000,97266285,409478220,506744505
64,6000000,97097426,408268661,505366087
64,6000000,94260925,403478428,497739353
64,6000000,97189602,407278450,504468052
64,6000000,95855220,407354501,503209721
64,6000000,96787020,404256536,501043556
64,6000000,95709949,409768765,505478714
64,6000000,95377267,420482893,515860160
64,6000000,97373291,412863505,510236796
64,6000000,98573415,406156547,504729962
64,6000000,94803147,404961398,499764545
64,6000000,96051460,417198028,513249488
64,6000000,101037702,404197478,505235180
64,6000000,98188606,407728633,505917239
64,6000000,97345933,405374986,502720919
64,6000000,99145357,433562695,532708052
64,6000000,98505285,405954989,504460274
64,6000000,98380893,415330407,513711300
64,6000000,96336708,409749511,506086219
64,6000000,97548055,405590847,503138902
64,6000000,95854441,444054970,539909411
64,6000000,97469868,412477463,509947331
64,6000000,97408291,408379742,505788033
64,6000000,96447127,407815540,504262667
64,6000000,96803136,405917376,502720512
64,6000000,95421475,407809139,503230614
64,6000000,96065928,410208112,506274040
64,6000000,96680950,409884286,506565236
64,6000000,97214188,403701375,500915563
64,6000000,99423590,410836410,510260000
64,6000000,94102872,418821896,512924768
64,6000000,99296057,408318451,507614508
64,6000000,96000970,415370806,511371776
64,6000000,98124161,410183735,508307896
64,6000000,98764978,402905672,501670650
64,6000000,99096755,408093382,507190137
64,6000000,98438411,421776934,520215345
64,6000000,96870063,416106824,512976887
64,6000000,93860478,420271016,514131494
64,6000000,96907662,405298376,502206038
64,6000000,98129096,406450486,504579582
64,6000000,96628058,415195351,511823409
64,6000000,97592947,415214517,512807464
64,7000000,111756328,474256650,586012978
64,7000000,113992749,480324146,594316895
64,7000000,115860731,472357419,588218150
64,7000000,115191206,477593380,592784586
64,7000000,113617001,479118961,592735962
64,7000000,113557599,487914641,601472240
64,7000000,113542472,490958527,604500999
64,7000000,112474368,482513978,594988346
64,7000000,112607233,477416733,590023966
64,7000000,112386844,482778153,595164997
64,7000000,115857993,479384747,595242740
64,7000000,113795280,479629373,593424653
64,7000000,112571265,486567546,599138811
64,7000000,113535909,475347276,588883185
64,7000000,113196078,485313259,598509337
64,7000000,114815745,470662477,585478222
64,7000000,112085207,477089460,589174667
64,7000000,110023666,473134388,583158054
64,7000000,109969242,529149748,639118990
64,7000000,113046763,489613605,602660368
64,7000000,113088056,484163702,597251758
64,7000000,117422310,473308246,590730556
64,7000000,114496084,478125512,592621596
64,7000000,115792160,495477565,611269725
64,7000000,112450908,475754371,588205279
64,7000000,110659386,476827601,587486987
64,7000000,115374087,475457257,590831344
64,7000000,109741299,480578601,590319900
64,7000000,113157200,473878027,587035227
64,7000000,113990531,476960836,590951367
64,7000000,111948826,475674047,587622873
64,7000000,109515344,472169935,581685279
64,7000000,107424247,478831698,586255945
64,7000000,112387357,481158873,593546230
64,7000000,115269879,475248138,590518017
64,7000000,107450218,475989890,583440108
64,7000000,112241775,473558124,585799899
64,7000000,111462582,477808201,589270783
64,7000000,109664391,477271141,586935532
64,7000000,112578166,473285277,585863443
64,7000000,114787626,477757189,592544815
64,7000000,111397657,475756855,587154512
64,7000000,112634246,521887842,634522088
64,7000000,110642056,473417077,584059133
64,7000000,113510147,474184708,587694855
64,7000000,109441645,480675214,590116859
64,7000000,108568999,475268264,583837263
64,7000000,112758982,473241397,586000379
64,7000000,112249189,476505172,588754361
64,7000000,111506188,475810647,587316835
64,7000000,112812898,481928338,594741236
64,7000000,112841507,477284199,590125706
64,7000000,113888109,478471897,592360006
64,7000000,109743784,473339026,583082810
64,7000000,114172840,479081882,593254722
64,7000000,114875111,492269207,607144318
64,7000000,114827620,480003470,594831090
64,7000000,111483077,481795486,593278563
64,7000000,115920940,471085268,587006208
64,7000000,111890203,476525128,588415331
64,7000000,112844466,535684556,648529022
64,7000000,114872751,471438628,586311379
64,7000000,113014602,472137297,585151899
64,7000000,114036535,480600579,594637114
64,7000000,111911567,484138872,596050439
64,7000000,113557726,470951817,584509543
64,7000000,115719426,476649808,592369234
64,7000000,109907948,480846596,590754544
64,7000000,112697191,477798795,590495986
64,7000000,113788588,476364210,590152798
64,7000000,113943022,483377006,597320028
64,7000000,113475029,489880347,603355376
64,7000000,115459801,478694862,594154663
64,7000000,112001295,474231197,586232492
64,7000000,111505143,557123473,668628616
64,7000000,116314600,520057842,636372442
64,7000000,113469521,486871206,600340727
64,7000000,110550104,487303209,597853313
64,7000000,114762587,473657371,588419958
64,7000000,115174499,533064344,648238843
64,7000000,110999341,486859353,597858694
64,7000000,115019109,472477296,587496405
64,7000000,114495382,479706758,594202140
64,7000000,114311906,472016532,586328438
64,7000000,112112411,471177416,583289827
64,7000000,109549457,495251753,604801210
64,7000000,112945384,486102483,599047867
64,7000000,110528264,474095523,584623787
64,7000000,109950227,483478828,593429055
64,7000000,112029709,478559880,590589589
64,7000000,115924750,491088009,607012759
64,7000000,115062570,518294524,633357094
64,7000000,113437032,480403582,593840614
64,7000000,111369206,545244896,656614102
64,7000000,114013319,474099481,588112800
64,7000000,113114734,479366825,592481559
64,7000000,115743817,478311457,594055274
64,7000000,115778926,477620744,593399670
64,7000000,112233719,476603060,588836779
64,7000000,110984392,493540048,604524440
64,7000000,115215903,478265034,593480937
64,7000000,113674845,473410193,587085038
64,7000000,112723364,476650896,589374260
64,7000000,111793920,474022682,585816602
64,7000000,113190789,477001521,590192310
64,7000000,113317213,484581717,597898930
64,7000000,113800301,474389809,588190110
64,7000000,116558816,475372300,591931116
64,7000000,112929243,553411204,666340447
64,7000000,113990366,472844424,586834790
64,7000000,112996458,486129601,599126059
64,7000000,110880394,477641674,588522068
64,7000000,110025742,474480014,584505756
64,7000000,112108729,479299059,591407788
64,7000000,116280119,477035193,593315312
64,8000000,133049474,566259783,699309257
64,8000000,126149782,541140901,667290683
64,8000000,129492380,544601786,674094166
64,8000000,129202758,540351003,669553761
64,8000000,127481050,557804438,685285488
64,8000000,130808973,542817945,673626918
64,8000000,128047171,541733334,669780505
64,8000000,129593884,606793859,736387743
64,8000000,129066627,546202852,675269479
64,8000000,128435448,552552697,680988145
64,8000000,128423008,557556643,685979651
64,8000000,128044333,557312545,685356878
64,8000000,133582218,548484482,682066700
64,8000000,124707427,544251211,668958638
64,8000000,137623000,548379608,686002608
64,8000000,132185213,603921657,736106870
64,8000000,131111613,547157494,678269107
64,8000000,131274756,544926404,676201160
64,8000000,127924789,538877170,666801959
64,8000000,128886631,567972680,696859311
64,8000000,127127951,540929313,668057264
64,8000000,128315856,542915886,671231742
64,8000000,130464015,544341602,674805617
64,8000000,125125044,546308547,671433591
64,8000000,128507029,541913992,670421021
64,8000000,129210151,538328460,667538611
64,8000000,128491257,544883075,673374332
64,8000000,130757433,542156162,672913595
64,8000000,133621159,548815533,682436692
64,8000000,130061791,541627730,671689521
64,8000000,132647011,538898295,671545306
64,8000000,122566086,542252545,664818631
64,8000000,129730605,552584885,682315490
64,8000000,128511278,540725944,669237222
64,8000000,126954001,548743312,675697313
64,8000000,130138131,539543469,669681600
64,8000000,129562769,556964041,686526810
64,8000000,131183337,540784369,671967706
64,8000000,130128914,541049784,671178698
64,8000000,128568453,543117571,671686024
64,8000000,131773361,540186421,671959782
64,8000000,124090312,544059130,668149442
64,8000000,131276565,542836305,674112870
64,8000000,132262879,540499596,672762475
64,8000000,125828349,542523820,668352169
64,8000000,131556641,560150019,691706660
64,8000000,125671456,548176436,673847892
64,8000000,126951250,546990182,673941432
64,8000000,131080779,552715144,683795923
64,8000000,124991929,549543291,674535220
64,8000000,127135784,539322450,666458234
64,8000000,129609943,540616518,670226461
64,8000000,131690751,616237887,747928638
64,8000000,131803369,547125683,678929052
64,8000000,132881184,557431148,690312332
64,8000000,127534144,543411487,670945631
64,8000000,131237919,545756777,676994696
64,8000000,131119860,538231394,669351254
64,8000000,129238330,543490794,672729124
64,8000000,132136423,539578342,671714765
64,8000000,130208826,545901317,676110143
64,8000000,131152969,551403875,682556844
64,8000000,132697414,553235186,685932600
64,8000000,129543713,540680476,670224189
64,8000000,132194773,608775027,740969800
64,8000000,132911573,540820911,673732484
64,8000000,131700148,543995864,675696012
64,8000000,126619007,537926680,664545687
64,8000000,132568385,543310306,675878691
64,8000000,129550217,549524296,679074513
64,8000000,133767012,541884104,675651116
64,8000000,128492302,574559202,703051504
64,8000000,127335568,543289715,670625283
64,8000000,130065691,554054559,684120250
64,8000000,125324809,553277629,678602438
64,8000000,130008232,545857502,675865734
64,8000000,131448498,543563143,675011641
64,8000000,128989588,537287870,666277458
64,8000000,130317216,549609986,679927202
64,8000000,130680511,561248138,691928649
64,8000000,128841819,554682590,683524409
64,8000000,131424935,542989084,674414019
64,8000000,125740536,543843888,669584424
64,8000000,130710388,545079344,675789732
64,8000000,128609572,541286488,669896060
64,8000000,132864978,543448247,676313225
64,8000000,132019220,554156657,686175877
64,8000000,129445896,552528981,681974877
64,8000000,130013547,625966477,755980024
64,8000000,130325088,546874714,677199802
64,8000000,129887166,547824215,677711381
64,8000000,127212800,544706457,671919257
64,8000000,129809320,561670016,691479336
64,8000000,128579891,546331262,674911153
64,8000000,126806675,544943778,671750453
64,8000000,129012641,544000282,673012923
64,8000000,131698527,555715000,687413527
64,8000000,129856637,542183231,672039868
64,8000000,129728560,557452588,687181148
64,8000000,129477671,542885428,672363099
64,8000000,129444189,544795707,674239896
64,8000000,132698163,550068936,682767099
64,8000000,129460416,552242501,681702917
64,8000000,129289535,540785665,670075200
64,8000000,126967787,544452706,671420493
64,8000000,129279993,546600727,675880720
64,8000000,126282924,541974385,668257309
64,8000000,135435296,543694420,679129716
64,8000000,132605722,539895790,672501512
64,8000000,127597497,554714341,682311838
64,8000000,129786032,558635924,688421956
64,8000000,132758045,547693397,680451442
64,8000000,129684634,546543318,676227952
64,8000000,129867561,542542067,672409628
64,8000000,127077698,564101692,691179390
64,9000000,150689167,630902815,781591982
64,9000000,153376743,677279030,830655773
64,9000000,144170006,609093845,753263851
64,9000000,140886508,606708542,747595050
64,9000000,141690698,628734508,770425206
64,9000000,145776388,611998592,757774980
64,9000000,142655009,623428897,766083906
64,9000000,147593739,626604360,774198099
64,9000000,147936629,612413166,760349795
64,9000000,148722493,613527173,762249666
64,9000000,144699071,617054414,761753485
64,9000000,147871113,630204396,778075509
64,9000000,145119451,614691239,759810690
64,9000000,142864561,608371291,751235852
64,9000000,149159448,616525803,765685251
64,9000000,152112583,607296542,759409125
64,9000000,148553645,608884360,757438005
64,9000000,145791314,604748698,750540012
64,9000000,146339553,609381311,755720864
64,9000000,147978899,615996196,763975095
64,9000000,149051897,628350769,777402666
64,9000000,148344131,629307469,777651600
64,9000000,139597857,626923381,766521238
64,9000000,146402867,606764003,753166870
64,9000000,143073924,614798239,757872163
64,9000000,147378288,615703312,763081600
64,9000000,149027360,603677171,752704531
64,9000000,147674277,625853313,773527590
64,9000000,144244092,625620541,769864633
64,9000000,150876494,620406056,771282550
64,9000000,142257324,619724958,761982282
64,9000000,144747692,609027851,753775543
64,9000000,142158855,624828334,766987189
64,9000000,146581140,616963503,763544643
64,9000000,141590273,606814830,748405103
64,9000000,142844582,607028752,749873334
64,9000000,145451703,622629520,768081223
64,9000000,145899846,634309442,780209288
64,9000000,148109175,604584587,752693762
64,9000000,148327339,614235902,762563241
64,9000000,144183978,611845533,756029511
64,9000000,145831844,625104057,770935901
64,9000000,146216794,609471922,755688716
64,9000000,148968472,606425776,755394248
64,9000000,150485572,629907046,780392618
64,9000000,143290427,679212195,822502622
64,9000000,149261260,612571268,761832528
64,9000000,145487957,613213003,758700960
64,9000000,143315903,638220096,781535999
64,9000000,149600832,615493315,765094147
64,9000000,146197488,613545722,759743210
64,9000000,146120202,623148742,769268944
64,9000000,143895876,628301795,772197671
64,9000000,144208717,609241940,753450657
64,9000000,144121104,614942244,759063348
64,9000000,140442267,608853265,749295532
64,9000000,141072595,618772294,759844889
64,9000000,149917427,610360744,760278171
64,9000000,143387661,615996547,759384208
64,9000000,144897770,610029345,754927115
64,9000000,148567886,620394596,768962482
64,9000000,141847429,610521576,752369005
64,9000000,148616638,609978281,758594919
64,9000000,145809818,612205256,758015074
64,9000000,143971538,617471075,761442613
64,9000000,153561765,622632401,776194166
64,9000000,144294521,605524035,749818556
64,9000000,151194834,614580014,765774848
64,9000000,148099738,629483416,777583154
64,9000000,141124101,614481584,755605685
64,9000000,146928693,627415128,774343821
64,9000000,146961744,622755835,769717579
64,9000000,145368230,611427540,756795770
64,9000000,150145611,613791720,763937331
64,9000000,143676446,612548950,756225396
64,9000000,147791014,606172897,753963911
64,9000000,141736281,612201835,753938116
64,9000000,141741897,609581335,751323232
64,9000000,139918550,612949458,752868008
64,9000000,145859125,626613396,772472521
64,9000000,145704491,604443792,750148283
64,9000000,146705150,636605601,783310751
64,9000000,143807816,611635828,755443644
64,9000000,148503200,611296657,759799857
64,9000000,152997751,614605392,767603143
64,9000000,141507201,602411207,743918408
64,9000000,146282258,610452981,756735239
64,9000000,144769788,610341876,755111664
64,9000000,146935185,611224310,758159495
64,9000000,144682836,668035608,812718444
64,9000000,141233470,671857502,813090972
64,9000000,146830792,603708982,750539774
64,9000000,145669255,613512343,759181598
64,9000000,148782399,606116186,754898585
64,9000000,148992730,611851715,760844445
64,9000000,140417145,609993683,750410828
64,9000000,147056825,629472555,776529380
64,9000000,147992393,611096782,759089175
64,9000000,149886199,604520530,754406729
64,9000000,138846023,757474940,896320963
64,9000000,142609123,616798125,759407248
64,9000000,146928860,619623476,766552336
64,9000000,143303832,617546568,760850400
64,9000000,147582867,610621876,758204743
64,9000000,142409801,609085301,751495102
64,9000000,147422037,611289442,758711479
64,9000000,147396497,628088097,775484594
64,9000000,144858462,613848646,758707108
64,9000000,143991394,612410887,756402281
64,9000000,141286928,614306390,755593318
64,9000000,145328350,607700440,753028790
64,9000000,146730480,607302943,754033423
64,9000000,146547917,614377641,760925558
64,9000000,145284437,633760909,779045346
64,9000000,145484302,619778832,765263134
64,10000000,160082438,682022355,842104793
64,10000000,157152386,682869534,840021920
64,10000000,173464160,688133803,861597963
64,10000000,163182185,700212250,863394435
64,10000000,163356836,675230858,838587694
64,10000000,169345545,692517469,861863014
64,10000000,163738227,688932145,852670372
64,10000000,159600430,689566972,849167402
64,10000000,156858423,675135636,831994059
64,10000000,157650027,679308090,836958117
64,10000000,169062973,682785948,851848921
64,10000000,157218831,681216278,838435109
64,10000000,160761826,682966864,843728690
64,10000000,161204080,692275016,853479096
64,10000000,160682533,678642886,839325419
64,10000000,159952202,678530720,838482922
64,10000000,162962831,678602823,841565654
64,10000000,159907515,684012616,843920131
64,10000000,163322647,692517933,855840580
64,10000000,158181536,681957146,840138682
64,10000000,163695544,686212135,849907679
64,10000000,166724990,676620233,843345223
64,10000000,159434646,693428584,852863230
64,10000000,163194194,698659933,861854127
64,10000000,166424983,685004981,851429964
64,10000000,162202052,694334840,856536892
64,10000000,163256672,681315952,844572624
64,10000000,165537790,685449804,850987594
64,10000000,171901149,673599080,845500229
64,10000000,158671461,676957392,835628853
64,10000000,157070314,680603658,837673972
64,10000000,158872479,681840769,840713248
64,10000000,161621293,671618008,833239301
64,10000000,158421322,750307018,908728340
64,10000000,168798539,694592421,863390960
64,10000000,166403075,689839186,856242261
64,10000000,160757435,685916847,846674282
64,10000000,163517032,676784193,840301225
64,10000000,162456485,755150329,917606814
64,10000000,161787989,673290738,835078727
64,10000000,161566307,678828135,840394442
64,10000000,158945670,695786474,854732144
64,10000000,163242414,693872290,857114704
64,10000000,162173884,694656971,856830855
64,10000000,159368637,679605443,838974080
64,10000000,159441426,674132056,833573482
64,10000000,169838890,699332111,869171001
64,10000000,159236369,683948877,843185246
64,10000000,163326398,687291838,850618236
64,10000000,167147067,677478583,844625650
64,10000000,167698631,683751063,851449694
64,10000000,157660598,694566745,852227343
64,10000000,158999797,675063912,834063709
64,10000000,167798905,674420743,842219648
64,10000000,162292758,689475219,851767977
64,10000000,164286549,695135226,859421775
64,10000000,161990054,679524651,841514705
64,10000000,159675070,678359582,838034652
64,10000000,159586264,685084387,844670651
64,10000000,163153285,695781601,858934886
64,10000000,164814096,673526166,838340262
64,10000000,161664510,675941268,837605778
64,10000000,156497270,693478944,849976214
64,10000000,159823379,675974854,835798233
64,10000000,162990793,673358182,836348975
64,10000000,170509323,679512809,850022132
64,10000000,156119333,677945221,834064554
64,10000000,162873810,684788297,847662107
64,10000000,160175532,690198607,850374139
64,10000000,161503928,673859268,835363196
64,10000000,160378464,691877643,852256107
64,10000000,158394232,674573025,832967257
64,10000000,163857053,682662860,846519913
64,10000000,161039739,676478328,837518067
64,10000000,168533188,709038037,877571225
64,10000000,160318981,679145329,839464310
64,10000000,160994650,672779615,833774265
64,10000000,166164954,678521146,844686100
64,10000000,164903124,686907840,851810964
64,10000000,163552802,678910102,842462904
64,10000000,168838616,694022189,862860805
64,10000000,163894977,673951668,837846645
64,10000000,165014499,693195671,858210170
64,10000000,163164366,688230138,851394504
64,10000000,160877317,692112273,852989590
64,10000000,161282271,769798405,931080676
64,10000000,165335010,705397977,870732987
64,10000000,159740604,677132681,836873285
64,10000000,166068328,683216361,849284689
64,10000000,166554302,681404391,847958693
64,10000000,159813712,677323049,837136761
64,10000000,165599619,682948857,848548476
64,10000000,167931396,677255900,845187296
64,10000000,162863321,679168691,842032012
64,10000000,157405411,682009568,839414979
64,10000000,165033910,679167616,844201526
64,10000000,163069984,685609528,848679512
64,10000000,160624687,676097784,836722471
64,10000000,163351614,692776065,856127679
64,10000000,162879554,682766598,845646152
64,10000000,162129646,784008509,946138155
64,10000000,159269618,695935208,855204826
64,10000000,157687228,678413550,836100778
64,10000000,165379271,697898410,863277681
64,10000000,159603350,673409565,833012915
64,10000000,162275415,676573068,838848483
64,10000000,159271168,683100809,842371977
64,10000000,157433889,678051848,835485737
64,10000000,162357774,675694171,838051945
64,10000000,159004141,678666606,837670747
64,10000000,163198672,681387238,844585910
64,10000000,158843263,679595323,838438586
64,10000000,162767763,679301933,842069696
64,10000000,159400792,683261463,842662255
64,10000000,169406461,676731380,846137841
64,10000000,157241016,679664056,836905072
64,10000000,159461557,684330829,843792386
64,10000000,161996501,680810793,842807294
64,10000000,165346509,678061399,843407908
64,10000000,162313800,699497044,861810844
64,10000000,165610064,671574807,837184871
64,10000000,163047917,695649771,858697688
64,10000000,163071864,697044419,860116283
64,10000000,164324037,686798056,851122093
64,10000000,160276674,683181716,843458390
64,10000000,175764278,680784055,856548333
64,10000000,158505595,683609451,842115046
64,10000000,169478501,685784908,855263409
64,10000000,170597664,682112679,852710343
64,10000000,162154775,673436954,835591729
64,10000000,160336412,689791850,850128262
64,10000000,162241115,682175860,844416975
64,10000000,164206258,695058518,859264776
64,10000000,163011520,674127041,837138561
64,10000000,163574083,695540788,859114871
64,10000000,165930473,685166237,851096710
64,10000000,160403374,679988190,840391564
64,10000000,164466720,682255252,846721972
64,10000000,165786607,673384021,839170628
64,10000000,165587120,687043309,852630429
64,10000000,158614789,692174250,850789039
64,10000000,167324844,689176649,856501493
64,10000000,164210883,682878883,847089766
64,10000000,166056857,676042204,842099061
64,10000000,161858620,676865915,838724535
64,10000000,163874341,672693324,836567665
64,10000000,167121923,678758254,845880177
64,10000000,170203212,681624700,851827912
64,10000000,163324660,692967688,856292348
64,10000000,160332765,692640182,852972947
64,10000000,160156684,682020168,842176852
64,10000000,164852504,678732982,843585486
64,10000000,160344819,695758403,856103222
64,10000000,165110171,695485552,860595723
64,10000000,159763443,774467238,934230681
64,10000000,161809675,678809222,840618897
64,10000000,162610418,678015800,840626218
64,10000000,166762039,682282629,849044668
64,10000000,163936576,678532506,842469082
64,10000000,164018509,674293791,838312300
64,10000000,164484870,694535944,859020814
64,10000000,165962703,682860171,848822874
64,10000000,158947741,670204829,829152570
64,10000000,160564145,691671108,852235253
64,10000000,168133053,680496419,848629472
64,10000000,161292961,695019304,856312265
64,10000000,162171287,686655584,848826871
64,10000000,163348376,802856426,966204802
64,10000000,165636790,682404088,848040878
64,10000000,162385840,683843064,846228904
64,10000000,156184842,692291047,848475889
64,10000000,163936150,673688897,837625047
64,10000000,162959150,691973900,854933050
64,10000000,165248259,675782311,841030570
64,10000000,167152171,682888524,850040695
64,10000000,161596646,745148642,906745288
64,10000000,163094421,678167786,841262207
64,10000000,164898828,678285908,843184736
64,10000000,169864048,689591602,859455650
64,10000000,164920122,678498989,843419111
64,10000000,166262173,683140302,849402475
64,10000000,161759559,695588859,857348418
64,10000000,163304823,695834896,859139719
64,10000000,163878470,681290961,845169431
64,10000000,165897809,699694506,865592315
64,10000000,165010210,679395623,844405833
64,10000000,166574253,679288193,845862446
64,10000000,160145160,696230142,856375302
64,10000000,162675933,678438341,841114274
64,10000000,166197372,689413199,855610571
64,10000000,162099244,681829080,843928324
64,10000000,159048654,679826836,838875490
64,10000000,162129930,679393564,841523494
64,10000000,160741851,677280460,838022311
64,10000000,158925254,682740927,841666181
64,10000000,168593607,687515761,856109368
64,10000000,161134526,678591036,839725562
64,10000000,161134396,679248875,840383271
64,10000000,159881373,691094059,850975432
64,10000000,165308048,693626783,858934831
64,10000000,162606653,678683348,841290001
64,10000000,167924033,698388752,866312785
64,10000000,161035589,696146494,857182083
64,10000000,161057575,684413539,845471114
64,10000000,164804415,691320060,856124475
64,10000000,157303735,682020913,839324648
64,10000000,165062322,676192997,841255319
64,10000000,166291356,748485382,914776738
64,10000000,160029195,696382791,856411986
64,10000000,163628507,676206776,839835283
64,10000000,167011687,680110883,847122570
64,10000000,165405234,682893193,848298427
64,10000000,165701157,675033443,840734600
64,10000000,162315533,684129829,846445362
64,10000000,164058757,681174468,845233225
64,10000000,168382067,693596938,861979005
64,10000000,160008158,681184162,841192320
64,10000000,163629952,673359372,836989324
64,10000000,161843176,684600410,846443586
64,10000000,160868769,684190081,845058850
64,10000000,156760608,689206016,845966624
64,10000000,164807611,684313303,849120914
64,10000000,165948757,673636135,839584892
64,10000000,163946297,677640996,841587293
64,10000000,168704739,686549507,855254246
64,10000000,162412901,684962810,847375711
64,10000000,161515027,684425787,845940814
64,10000000,162121252,677966264,840087516
64,10000000,159591400,674216197,833807597
64,10000000,160894922,691080865,851975787
64,20000000,335131781,1353298580,1688430361
64,20000000,337366857,1362343189,1699710046
64,20000000,354123492,1362432574,1716556066
64,20000000,335618996,1382332459,1717951455
64,20000000,324002481,1347720605,1671723086
64,20000000,328679457,1482260720,1810940177
64,20000000,341381262,1356923927,1698305189
64,20000000,337318385,1349455586,1686773971
64,20000000,325897210,1351017482,1676914692
64,20000000,328617618,1352371528,1680989146
64,20000000,330207664,1379111488,1709319152
64,20000000,335735271,1355301670,1691036941
64,20000000,339507079,1349573846,1689080925
64,20000000,340145421,1363060933,1703206354
64,20000000,336148023,1358196622,1694344645
64,20000000,330347721,1373278618,1703626339
64,20000000,344712534,1538583275,1883295809
64,20000000,343889592,1386285023,1730174615
64,20000000,335315161,1352018345,1687333506
64,20000000,334783816,1380034333,1714818149
64,20000000,344377256,1352158557,1696535813
64,20000000,346815425,1350532973,1697348398
64,20000000,344080495,1345956709,1690037204
64,20000000,323841371,1393338871,1717180242
64,20000000,336679449,1347720160,1684399609
64,20000000,339950049,1352015048,1691965097
64,20000000,347308591,1346026870,1693335461
64,20000000,346652356,1372700975,1719353331
64,20000000,329726380,1359783625,1689510005
64,20000000,344103874,1391748175,1735852049
64,20000000,331161291,1394690055,1725851346
64,20000000,340455221,1360024731,1700479952
64,20000000,327137613,1349673488,1676811101
256,6000000,81959069,436094669,518053738
256,6000000,83397632,441586532,524984164
256,6000000,80855639,447644586,528500225
256,6000000,83119094,446343128,529462222
256,6000000,85284700,505923925,591208625
256,6000000,82426753,443957223,526383976
256,6000000,80662391,440201566,520863957
256,6000000,82207316,447117039,529324355
256,6000000,83495736,441744007,525239743
256,6000000,82218263,446941413,529159676
256,6000000,81376411,447294818,528671229
256,6000000,81293367,445668274,526961641
256,6000000,84636530,472719640,557356170
256,6000000,82658356,454626708,537285064
256,6000000,85037931,448918698,533956629
256,6000000,81127425,436705328,517832753
256,6000000,82629522,444612047,527241569
256,6000000,84038917,443680050,527718967
256,6000000,80335664,449517924,529853588
256,6000000,81357516,482989008,564346524
256,6000000,85095799,444967041,530062840
256,6000000,81872297,449700551,531572848
256,6000000,84144603,452866424,537011027
256,6000000,80342267,459751733,540094000
256,6000000,81823954,443407131,525231085
256,6000000,82024051,482998756,565022807
256,6000000,81904237,450221726,532125963
256,6000000,83258184,448322605,531580789
256,6000000,82400250,442959957,525360207
256,6000000,84783141,445413144,530196285
256,6000000,83556422,443931652,527488074
256,6000000,87967822,444134908,532102730
256,6000000,82891443,474215053,557106496
256,6000000,83740114,444043173,527783287
256,6000000,83012586,454331622,537344208
256,6000000,85172630,448090870,533263500
256,6000000,81390593,447702424,529093017
256,6000000,85426936,437461845,522888781
256,6000000,80223868,441555765,521779633
256,6000000,80155446,441985730,522141176
256,6000000,83074063,449565235,532639298
256,6000000,82603592,450296935,532900527
256,6000000,82886581,448024267,530910848
256,6000000,82179131,443987433,526166564
256,6000000,85350637,443152750,528503387
256,6000000,83977450,494550472,578527922
256,6000000,82366974,442274031,524641005
256,6000000,81796718,442490679,524287397
256,6000000,84732091,443672530,528404621
256,6000000,82112003,443677566,525789569
256,6000000,82854365,441939852,524794217
256,6000000,87585329,434671665,522256994
256,6000000,81742142,448639045,530381187
256,6000000,82389856,457511413,539901269
256,6000000,82700614,455052546,537753160
256,6000000,80330319,442703315,523033634
256,6000000,84294410,439536671,523831081
256,6000000,81593648,445499228,527092876
256,6000000,82868066,475905427,558773493
256,6000000,80472204,447519666,527991870
256,6000000,83151260,443284661,526435921
256,6000000,81000026,497411618,578411644
256,6000000,82651454,444180805,526832259
256,6000000,82460770,446290534,528751304
256,6000000,83663202,439844482,523507684
256,6000000,80552928,447147132,527700060
256,7000000,96758808,578969412,675728220
256,7000000,99536398,511168965,610705363
256,7000000,93768928,504984256,598753184
256,7000000,94163519,517847015,612010534
256,7000000,96959801,554563383,651523184
256,7000000,92647802,510475881,603123683
256,7000000,93771928,530351913,624123841
256,7000000,92214019,514460637,606674656
256,7000000,97311296,517280532,614591828
256,7000000,96720989,521208747,617929736
256,7000000,93282212,509933698,603215910
256,7000000,95096675,522298371,617395046
256,7000000,91523800,517286265,608810065
256,7000000,92597986,520075833,612673819
256,7000000,93446724,530297621,623744345
256,7000000,98539983,522884917,621424900
256,7000000,91347283,521657417,613004700
256,7000000,93167609,527277023,620444632
256,7000000,93751318,522610346,616361664
256,7000000,95427794,518763696,614191490
256,7000000,94795177,519985055,614780232
256,7000000,94328736,521694043,616022779
256,7000000,90379729,582243109,672622838
256,7000000,99941741,520505229,620446970
256,7000000,93063218,528734433,621797651
256,7000000,95097132,524474236,619571368
256,7000000,96648817,565112189,661761006
256,7000000,98616992,516805773,615422765
256,7000000,93088733,512915391,606004124
256,7000000,97785189,517525703,615310892
256,7000000,98728766,521231009,619959775
256,7000000,95326074,513827876,609153950
256,7000000,95203845,554570579,649774424
256,7000000,92677701,510889197,603566898
256,7000000,95494639,519473702,614968341
256,7000000,93355480,526341597,619697077
256,7000000,95339603,524373158,619712761
256,7000000,94139383,520577681,614717064
256,7000000,91297151,516220572,607517723
256,7000000,92768060,562993652,655761712
256,7000000,95863984,520624279,616488263
256,7000000,88429503,514085901,602515404
256,7000000,94829758,511504451,606334209
256,7000000,95391134,580892187,676283321
256,7000000,93821006,520258732,614079738
256,7000000,85890509,519845655,605736164
256,7000000,96647048,510727920,607374968
256,7000000,95469260,512557624,608026884
256,7000000,98048004,558699201,656747205
256,7000000,93237269,522399060,615636329
256,7000000,93229588,532530858,625760446
256,7000000,95649301,512803550,608452851
256,7000000,93100047,512854385,605954432
256,7000000,97102582,520764513,617867095
256,7000000,94781249,525644189,620425438
256,7000000,94935995,566225558,661161553
256,7000000,92712689,518694260,611406949
256,7000000,98060432,517440975,615501407
256,7000000,94945138,593431634,688376772
256,7000000,95063863,518940260,614004123
256,7000000,94880451,554304141,649184592
256,7000000,95591456,518006070,613597526
256,7000000,93113526,516100177,609213703
256,7000000,94475937,515218872,609694809
256,7000000,96039212,534570117,630609329
256,7000000,97696767,561799460,659496227
256,7000000,93756758,523933305,617690063
256,7000000,97428152,516455150,613883302
256,7000000,94246884,517923574,612170458
256,7000000,93524132,522096798,615620930
256,7000000,96126734,514108078,610234812
256,7000000,98487710,511208101,609695811
256,7000000,97469390,519850582,617319972
256,7000000,94992178,518694022,613686200
256,7000000,93443831,513338191,606782022
256,7000000,95041766,526230248,621272014
256,7000000,93100084,522122671,615222755
256,7000000,95077113,513756722,608833835
256,7000000,96200080,552361442,648561522
256,7000000,91364843,517648124,609012967
256,7000000,92781374,515832656,608614030
256,7000000,93388305,517374949,610763254
256,7000000,98108056,519840413,617948469
256,7000000,94935638,526324497,621260135
256,7000000,97292214,511322138,608614352
256,7000000,95396718,519666976,615063694
256,7000000,94894863,517309074,612203937
256,7000000,100857104,590647920,691505024
256,7000000,97561691,521898689,619460380
256,7000000,96597355,525641425,622238780
256,7000000,95339767,590951480,686291247
256,7000000,95146663,566651405,661798068
256,7000000,95645542,517380863,613026405
256,7000000,99811026,553938394,653749420
256,7000000,96712103,519438085,616150188
256,7000000,94047033,552459779,646506812
256,7000000,92663720,509250369,601914089
256,7000000,96436295,601452050,697888345
256,7000000,92460745,514348079,606808824
256,7000000,92486868,518639702,611126570
256,7000000,97760985,517478821,615239806
256,7000000,99909472,522391608,622301080
256,7000000,89600671,518613005,608213676
256,7000000,95855472,522969712,618825184
256,7000000,93642868,522426188,616069056
256,7000000,95851735,518748188,614599923
256,7000000,97287868,516044757,613332625
256,7000000,84526888,525294933,609821821
256,7000000,92826320,522501586,615327906
256,7000000,96874562,514776323,611650885
256,7000000,97554557,520765303,618319860
256,7000000,93053495,526161776,619215271
256,7000000,92616656,531283320,623899976
256,7000000,95489041,514313124,609802165
256,7000000,93993802,513571916,607565718
256,8000000,111244059,598482751,709726810
256,8000000,109007708,597319167,706326875
256,8000000,111373884,597293770,708667654
256,8000000,106683734,593705369,700389103
256,8000000,109828077,584318229,694146306
256,8000000,106555288,593632189,700187477
256,8000000,109287392,673875134,783162526
256,8000000,106788678,583058923,689847601
256,8000000,111056631,598620799,709677430
256,8000000,111241709,648948719,760190428
256,8000000,106187407,599444661,705632068
256,8000000,104984377,595221316,700205693
256,8000000,107437867,594097019,701534886
256,8000000,108456775,591796430,700253205
256,8000000,111954260,591928826,703883086
256,8000000,107292608,600543823,707836431
256,8000000,110718394,585725803,696444197
256,8000000,106768250,628167197,734935447
256,8000000,109308893,589561086,698869979
256,8000000,110302361,592183241,702485602
256,8000000,108027720,596991570,705019290
256,8000000,107379412,599963399,707342811
256,8000000,104733497,584560915,689294412
256,8000000,104961280,626610301,731571581
256,8000000,105842041,595802613,701644654
256,8000000,106867318,590094665,696961983
256,8000000,108330615,600749187,709079802
256,8000000,105725931,591323011,697048942
256,8000000,109009953,672730148,781740101
256,8000000,112657925,601584823,714242748
256,8000000,107872731,600127844,708000575
256,8000000,106448662,592991200,699439862
256,8000000,108942258,589452320,698394578
256,8000000,110613552,596200800,706814352
256,8000000,111351736,596919007,708270743
256,8000000,107464286,595495865,702960151
256,8000000,105143944,607949183,713093127
256,8000000,106718799,608343433,715062232
256,8000000,103646177,596218485,699864662
256,8000000,111139358,599823273,710962631
256,8000000,105549302,595906153,701455455
256,8000000,105564239,598933336,704497575
256,8000000,112204708,588864842,701069550
256,8000000,110502249,590411070,700913319
256,8000000,106014396,594442241,700456637
256,8000000,107807743,666036183,773843926
256,8000000,108230845,594453736,702684581
256,8000000,106411870,603314036,709725906
256,8000000,94488800,598855455,693344255
256,8000000,108775441,596428365,705203806
256,8000000,109785701,599895196,709680897
256,8000000,108139965,585978610,694118575
256,8000000,104580359,598064117,702644476
256,8000000,113708574,598565440,712274014
256,8000000,107785881,602625700,710411581
256,8000000,109430565,583359469,692790034
256,8000000,106375797,593113527,699489324
256,8000000,106439992,601556572,707996564
256,8000000,108323477,590843132,699166609
256,8000000,110794404,724550843,835345247
256,8000000,105646253,598264810,703911063
256,8000000,109959673,596829064,706788737
256,8000000,105815682,593977329,699793011
256,8000000,108873527,604642849,713516376
256,8000000,109412433,598014756,707427189
256,8000000,104758203,595693043,700451246
256,8000000,110877852,596000232,706878084
256,8000000,109475925,635911016,745386941
256,8000000,110873197,595022510,705895707
256,8000000,107622132,589952406,697574538
256,8000000,108581386,600230551,708811937
256,8000000,105629148,589897486,695526634
256,8000000,107200258,596972176,704172434
256,8000000,107556142,659519078,767075220
256,8000000,107616614,629899659,737516273
256,8000000,103799964,632290277,736090241
256,8000000,104500098,609953160,714453258
256,8000000,108774543,679834912,788609455
256,8000000,105383322,598749310,704132632
256,8000000,109577775,633791151,743368926
256,8000000,111499425,609119269,720618694
256,8000000,113213866,597909283,711123149
256,8000000,113011926,586899614,699911540
256,8000000,105111170,671662283,776773453
256,8000000,104907632,638275576,743183208
256,8000000,104461839,603953046,708414885
256,8000000,104311183,594243010,698554193
256,8000000,106857877,602580323,709438200
256,8000000,110284780,590991862,701276642
256,8000000,107655696,589542312,697198008
256,8000000,109023382,658839894,767863276
256,8000000,108607278,602923175,711530453
256,8000000,110419849,593165751,703585600
256,8000000,107103400,629411387,736514787
256,8000000,106252280,590520042,696772322
256,8000000,110164367,598185735,708350102
256,8000000,107299010,588348714,695647724
256,8000000,94164969,592857040,687022009
256,8000000,104530707,627038495,731569202
256,8000000,107907541,593084852,700992393
256,8000000,107854364,592929720,700784084
256,8000000,108241173,597943165,706184338
256,8000000,105229971,673991565,779221536
256,8000000,109699004,591621739,701320743
256,8000000,109663854,599268744,708932598
256,8000000,105218747,596311847,701530594
256,8000000,104925589,589855251,694780840
256,8000000,106297036,593454521,699751557
256,8000000,106114040,581061170,687175210
256,8000000,104976816,596234391,701211207
256,8000000,109426489,593192447,702618936
256,8000000,107978607,584589086,692567693
256,8000000,107215215,592614292,699829507
256,8000000,106840715,595531519,702372234
256,8000000,107867946,594398538,702266484
256,9000000,123036995,667736037,790773032
256,9000000,118905917,670573721,789479638
256,9000000,116626714,669525108,786151822
256,9000000,124191762,690376638,814568400
256,9000000,121039239,667031429,788070668
256,9000000,118045694,718879458,836925152
256,9000000,123087799,671110755,794198554
256,9000000,129302885,664596066,793898951
256,9000000,121500277,668370532,789870809
256,9000000,122227376,672528757,794756133
256,9000000,120602091,764618888,885220979
256,9000000,119417521,665864773,785282294
256,9000000,121865521,668399055,790264576
256,9000000,122938901,665449369,788388270
256,9000000,120837247,663637681,784474928
256,9000000,120184114,765643611,885827725
256,9000000,123231379,685171117,808402496
256,9000000,119873038,658289251,778162289
256,9000000,120704163,670923565,791627728
256,9000000,118807120,738628677,857435797
256,9000000,123518325,669052640,792570965
256,9000000,117904269,681381486,799285755
256,9000000,120133986,672823544,792957530
256,9000000,122233324,713805596,836038920
256,9000000,118264770,717970699,836235469
256,9000000,119582393,668537398,788119791
256,9000000,121225235,725467298,846692533
256,9000000,121704631,758630944,880335575
256,9000000,118116093,673380699,791496792
256,9000000,117576190,666841386,784417576
256,9000000,120182937,669022371,789205308
256,9000000,123031948,737081482,860113430
256,9000000,118554905,678992277,797547182
256,9000000,123502007,666786030,790288037
256,9000000,120410645,670133487,790544132
256,9000000,124377973,669841028,794219001
256,9000000,121638549,663764079,785402628
256,9000000,119076222,725107304,844183526
256,9000000,118894607,666849606,785744213
256,9000000,119358248,665959631,785317879
256,9000000,120727510,674405584,795133094
256,9000000,119204637,736496618,855701255
256,9000000,119979450,673141684,793121134
256,9000000,120376123,655950869,776326992
256,9000000,123106096,672014226,795120322
256,9000000,124418814,667153371,791572185
256,9000000,125201887,660090211,785292098
256,9000000,119051604,664026484,783078088
256,9000000,118102294,660535213,778637507
256,9000000,121623099,661302933,782926032
256,9000000,118668200,665830568,784498768
256,9000000,119819380,701266577,821085957
256,9000000,118505510,667327597,785833107
256,9000000,115793788,672294455,788088243
256,9000000,115444249,670425700,785869949
256,9000000,118706542,664204683,782911225
256,9000000,123940891,670900206,794841097
256,9000000,130826763,667961875,798788638
256,9000000,117169068,661949348,779118416
256,9000000,118028670,697922998,815951668
256,9000000,122611305,679264833,801876138
256,9000000,121538794,664891039,786429833
256,9000000,122225933,680638356,802864289
256,9000000,120664960,665808333,786473293
256,9000000,119944678,697931371,817876049
256,9000000,122582927,666121228,788704155
256,9000000,118150568,669567554,787718122
256,9000000,119624321,681206892,800831213
256,9000000,121480960,704950302,826431262
256,9000000,121365665,666672325,788037990
256,9000000,120680370,744149555,864829925
256,9000000,118269896,663062524,781332420
256,9000000,118887883,666678764,785566647
256,9000000,123512785,671832788,795345573
256,9000000,119488185,658990987,778479172
256,9000000,118309421,680145378,798454799
256,9000000,122894736,666135188,789029924
256,9000000,119318964,663814725,783133689
256,9000000,118987128,671445334,790432462
256,9000000,121839458,669468264,791307722
256,9000000,118858689,671905894,790764583
256,9000000,121342437,668044091,789386528
256,9000000,120613686,672024370,792638056
256,9000000,123236865,667354356,790591221
256,9000000,123723228,671038938,794762166
256,9000000,121757464,656435684,778193148
256,9000000,120304233,671629255,791933488
256,9000000,117268531,678901710,796170241
256,9000000,118925292,687093330,806018622
256,9000000,121037240,726402803,847440043
256,9000000,119354959,670032243,789387202
256,9000000,119042242,664974180,784016422
256,9000000,128841953,662716513,791558466
256,9000000,119849873,664294800,784144673
256,9000000,120791851,804237389,925029240
256,9000000,119884243,726672591,846556834
256,9000000,119295830,743035735,862331565
256,9000000,117463526,678288282,795751808
256,9000000,118789265,672888145,791677410
256,9000000,121572663,660929573,782502236
256,9000000,118950637,703663708,822614345
256,9000000,121806896,662241943,784048839
256,9000000,119821155,661468373,781289528
256,9000000,118197524,668875239,787072763
256,9000000,120031788,664595629,784627417
256,9000000,118398614,665285328,783683942
256,9000000,116930587,660904711,777835298
256,9000000,123422846,666470379,789893225
256,9000000,121783223,671643754,793426977
256,9000000,124262036,811995722,936257758
256,9000000,121288276,692657718,813945994
256,9000000,126421854,679527561,805949415
256,9000000,122146073,674561632,796707705
256,9000000,121127385,663369572,784496957
256,9000000,107218082,673891070,781109152
256,10000000,133157407,739810369,872967776
256,10000000,129194991,745923491,875118482
256,10000000,135817286,742922469,878739755
256,10000000,131548543,784622776,916171319
256,10000000,131371278,738509035,869880313
256,10000000,132117358,746161194,878278552
256,10000000,136979840,741628360,878608200
256,10000000,142498103,810682418,953180521
256,10000000,133617957,750968277,884586234
256,10000000,136114412,743756905,879871317
256,10000000,129744946,798426582,928171528
256,10000000,132338885,780127023,912465908
256,10000000,133352352,783284352,916636704
256,10000000,129815830,736290254,866106084
256,10000000,135683227,741743124,877426351
256,10000000,135858544,741597210,877455754
256,10000000,133353424,739342584,872696008
256,10000000,131656317,740476491,872132808
256,10000000,132514602,745469380,877983982
256,10000000,128381450,725867992,854249442
256,10000000,134867319,723012892,857880211
256,10000000,131683063,746246882,877929945
256,10000000,133187865,738407565,871595430
256,10000000,134471676,801417812,935889488
256,10000000,131986348,761786906,893773254
256,10000000,132063962,759858492,891922454
256,10000000,134115389,756196400,890311789
256,10000000,130493613,743807565,874301178
256,10000000,135792279,872279984,1008072263
256,10000000,129847852,755202947,885050799
256,10000000,136224683,746644372,882869055
256,10000000,128729624,746060769,874790393
256,10000000,131730957,738819103,870550060
256,10000000,132491976,741241671,873733647
256,10000000,139748071,746991639,886739710
256,10000000,136060145,781732546,917792691
256,10000000,132022645,740427774,872450419
256,10000000,131163803,849605490,980769293
256,10000000,133594505,738812363,872406868
256,10000000,136727424,738029250,874756674
256,10000000,132477436,843780171,976257607
256,10000000,138917090,748606766,887523856
256,10000000,134519503,741348135,875867638
256,10000000,131294504,742640640,873935144
256,10000000,134332559,753040133,887372692
256,10000000,131917237,748438917,880356154
256,10000000,131901825,781078248,912980073
256,10000000,133481338,734416640,867897978
256,10000000,133366228,826273359,959639587
256,10000000,134306244,746018238,880324482
256,10000000,137206873,753273376,890480249
256,10000000,133786503,748378181,882164684
256,10000000,131647104,751270134,882917238
256,10000000,131521515,740280153,871801668
256,10000000,135898619,744201689,880100308
256,10000000,132590029,735154710,867744739
256,10000000,132988744,749492546,882481290
256,10000000,133293882,748108637,881402519
256,10000000,139373963,784551528,923925491
256,10000000,132025763,759522663,891548426
256,10000000,133446281,733809280,867255561
256,10000000,132745770,813400561,946146331
256,10000000,133365477,732351762,865717239
256,10000000,132673244,751252412,883925656
256,10000000,139055849,729046758,868102607
256,10000000,134721770,801655475,936377245
256,10000000,134556668,750860160,885416828
256,10000000,135344523,746213079,881557602
256,10000000,133297410,740515315,873812725
256,10000000,133706186,749319324,883025510
256,10000000,135429628,731490512,866920140
256,10000000,134292848,781659585,915952433
256,10000000,137030678,740682474,877713152
256,10000000,135911653,744768962,880680615
256,10000000,134631002,746447633,881078635
256,10000000,134728346,745325087,880053433
256,10000000,135377892,734453065,869830957
256,10000000,134411284,754599199,889010483
256,10000000,133676625,741600427,875277052
256,10000000,131606944,735928978,867535922
256,10000000,134559526,741077134,875636660
256,10000000,131499611,763287551,894787162
256,10000000,135378131,741917118,877295249
256,10000000,134274623,746466857,880741480
256,10000000,132272498,755071650,887344148
256,10000000,132532343,746187319,878719662
256,10000000,135353909,759929230,895283139
256,10000000,129156169,739433611,868589780
256,10000000,131019283,735549236,866568519
256,10000000,132668494,741871553,874540047
256,10000000,137295707,827423499,964719206
256,10000000,132418310,746830622,879248932
256,10000000,132378045,750472015,882850060
256,10000000,133717846,739519314,873237160
256,10000000,133073741,789044856,922118597
256,10000000,131301925,756715500,888017425
256,10000000,131767878,741889515,873657393
256,10000000,137179241,739350967,876530208
256,10000000,137049315,816182029,953231344
256,10000000,133630186,742939953,876570139
256,10000000,132821370,781871765,914693135
256,10000000,130806001,740283927,871089928
256,10000000,135335869,742976551,878312420
256,10000000,132915955,744460999,877376954
256,10000000,128764523,789751012,918515535
256,10000000,130192882,745557489,875750371
256,10000000,131285537,742546574,873832111
256,10000000,133643629,753689039,887332668
256,10000000,134377022,743870320,878247342
256,10000000,133165083,723933081,857098164
256,10000000,131400143,742010927,873411070
256,10000000,134887287,736609293,871496580
256,10000000,131958920,740949577,872908497
256,10000000,133858035,745455180,879313215
256,10000000,131192308,809616841,940809149
256,10000000,133810485,741825654,875636139
256,10000000,132454332,854671575,987125907
256,10000000,138758230,751478747,890236977
256,10000000,135609484,758959687,894569171
256,10000000,131822683,782805857,914628540
256,10000000,129239527,771055549,900295076
256,10000000,128205734,735464691,863670425
256,10000000,137933727,823935291,961869018
256,10000000,130855574,746359071,877214645
256,10000000,134192951,740616859,874809810
256,10000000,132507442,751385566,883893008
256,10000000,134261048,744789840,879050888
256,10000000,129240980,823963499,953204479
256,10000000,131459695,784333052,915792747
256,10000000,132874713,743926622,876801335
256,10000000,133631077,764904045,898535122
256,10000000,129774937,748295675,878070612
256,10000000,134501676,725409522,859911198
256,10000000,132632996,759217978,891850974
256,10000000,133239290,746117202,879356492
256,10000000,135621137,754578108,890199245
256,10000000,132483699,755582808,888066507
256,10000000,132218615,730675937,862894552
256,10000000,134841390,788219658,923061048
256,10000000,131716360,728623183,860339543
256,10000000,133271127,827029505,960300632
256,10000000,131859711,854580737,986440448
256,10000000,132697168,736428898,869126066
256,10000000,136867869,739342112,876209981
256,10000000,137781964,746343280,884125244
256,10000000,133279870,732613231,865893101
256,10000000,140053976,761015733,901069709
256,10000000,134502985,747543211,882046196
256,10000000,132034596,739439130,871473726
256,10000000,131092318,736049675,867141993
256,10000000,132191329,771229772,903421101
256,10000000,130995891,836353321,967349212
256,10000000,131501460,739423351,870924811
256,10000000,131919896,741291471,873211367
256,10000000,133158550,839950491,973109041
256,10000000,133974259,738061193,872035452
256,10000000,136165190,735977097,872142287
256,10000000,133215781,795865449,929081230
256,10000000,133437269,749581881,883019150
256,10000000,129181239,738417565,867598804
256,10000000,134757218,742009943,876767161
256,10000000,133772153,737955933,871728086
256,10000000,135370982,746859676,882230658
256,10000000,121548185,748479611,870027796
256,10000000,131511551,746866126,878377677
256,10000000,137567551,751538055,889105606
256,10000000,133165633,739004609,872170242
256,10000000,135123629,734266219,869389848
256,10000000,133268989,804247478,937516467
256,10000000,134264617,747727632,881992249
256,10000000,134998646,759976931,894975577
256,10000000,130953342,737703663,868657005
256,10000000,129226858,745187035,874413893
256,10000000,130719267,731979665,862698932
256,10000000,133866064,803986394,937852458
256,10000000,129727920,743866612,873594532
256,10000000,139316296,736260742,875577038
256,10000000,133862126,785103854,918965980
256,10000000,133200120,788248215,921448335
256,10000000,135107022,750502761,885609783
256,10000000,134351804,783058320,917410124
256,10000000,131711549,766691015,898402564
256,10000000,131140890,764447656,895588546
256,10000000,137787878,737981734,875769612
256,10000000,134138554,738825154,872963708
256,10000000,138575106,744842662,883417768
256,10000000,135635264,759913532,895548796
256,10000000,133186244,751262592,884448836
256,10000000,132310313,739356542,871666855
256,10000000,134969308,757509436,892478744
256,10000000,131534383,736936839,868471222
256,10000000,129458163,729941525,859399688
256,10000000,134858867,738815114,873673981
256,10000000,133449404,809822158,943271562
256,10000000,136520468,742935194,879455662
256,10000000,132617608,811960453,944578061
256,10000000,131428859,720834707,852263566
256,10000000,133105500,740821762,873927262
256,10000000,130104248,731626074,861730322
256,10000000,134674076,747202386,881876462
256,10000000,139640846,746173207,885814053
256,10000000,129686572,738138053,867824625
256,10000000,129037624,807625779,936663403
256,10000000,131456521,738105521,869562042
256,10000000,132971056,742035940,875006996
256,10000000,134222343,747025672,881248015
256,10000000,136972367,750686343,887658710
256,10000000,131265392,736789085,868054477
256,10000000,135340939,757303305,892644244
256,10000000,132062244,842583033,974645277
256,10000000,134833955,841620874,976454829
256,10000000,134709035,745407019,880116054
256,10000000,132823942,787092613,919916555
256,10000000,137579781,730454011,868033792
256,10000000,132551743,727947740,860499483
256,10000000,129979835,735632279,865612114
256,10000000,137000183,743840785,880840968
256,10000000,131571753,739829566,871401319
256,10000000,137448863,736375272,873824135
256,10000000,132266595,737016778,869283373
256,10000000,130220496,734464672,864685168
256,10000000,133742893,739876598,873619491
256,10000000,130242332,745813269,876055601
256,10000000,132016374,814834011,946850385
256,10000000,134471462,773838134,908309596
256,10000000,128367910,748319619,876687529
256,10000000,135687128,736755097,872442225
256,10000000,132300672,732884692,865185364
256,10000000,132504091,750530447,883034538
256,10000000,132488066,751884366,884372432
256,20000000,237743087,1468447902,1706190989
256,20000000,237681545,1480487167,1718168712
256,20000000,235053050,1460646910,1695699960
256,20000000,236395589,1491978978,1728374567
256,20000000,236283973,1610354463,1846638436
256,20000000,241473689,1524426499,1765900188
256,20000000,239336554,1499122421,1738458975
256,20000000,241097779,1479798266,1720896045
256,20000000,236630756,1458015403,1694646159
256,20000000,240077936,1644527848,1884605784
256,20000000,239808387,1625701684,1865510071
256,20000000,238459680,1458405195,1696864875
256,20000000,235014446,1503524587,1738539033
256,20000000,238518979,1564222964,1802741943
256,20000000,235715378,1664973836,1900689214
256,20000000,233584233,1483407337,1716991570
256,20000000,238146537,1588266891,1826413428
256,20000000,241279897,1546794752,1788074649
256,20000000,241651943,1472580994,1714232937
256,20000000,243923269,1562503816,1806427085
256,20000000,238650654,1502837247,1741487901
256,20000000,238007514,1579878994,1817886508
256,20000000,236471566,1512362311,1748833877
256,20000000,239142047,1470476652,1709618699
256,20000000,233124452,1456386610,1689511062
256,20000000,236169003,1473623859,1709792862
256,20000000,235940673,1476739502,1712680175
256,20000000,236806243,1590272510,1827078753
256,20000000,235616478,1470090969,1705707447
256,20000000,231745093,1471795342,1703540435
256,20000000,240181601,1516451637,1756633238
256,20000000,234571826,1503023297,1737595123
256,20000000,239011505,1475078417,1714089922
256,20000000,236609429,1489189369,1725798798
256,20000000,240900459,1500642781,1741543240
256,20000000,238462798,1463825931,1702288729
256,20000000,240179408,1474006179,1714185587
256,20000000,237139800,1470602360,1707742160
256,20000000,234912680,1466436289,1701348969
256,20000000,238141978,1471774327,1709916305
256,20000000,239797580,1477555476,1717353056
256,20000000,234887775,1510737841,1745625616
256,20000000,242920942,1483600192,1726521134
256,20000000,232846754,1501811929,1734658683
256,20000000,230273428,1473848631,1704122059
256,20000000,235880456,1511552445,1747432901
256,20000000,238660145,1587275448,1825935593
256,20000000,238357341,1678541655,1916898996
256,20000000,243223011,1479252289,1722475300
256,20000000,237956335,1655171021,1893127356
256,20000000,238673777,1443959602,1682633379
256,20000000,240215179,1498160239,1738375418
256,20000000,235528206,1475231674,1710759880
256,20000000,233655858,1472594335,1706250193
256,20000000,233698912,1471645938,1705344850
256,20000000,237820797,1594650799,1832471596
256,20000000,245538115,1470444800,1715982915
256,20000000,239470904,1479461251,1718932155
256,20000000,238441923,1471112768,1709554691
256,20000000,240160723,1666539844,1906700567
256,20000000,237800019,1469159455,1706959474
256,20000000,237739734,1576418523,1814158257
256,20000000,235366844,1437410662,1672777506
256,20000000,242278618,1465831558,1708110176
256,20000000,234166506,1462005902,1696172408
256,20000000,234679812,1634856618,1869536430
256,20000000,241701424,1469854675,1711556099
256,20000000,235155501,1523419314,1758574815
256,20000000,243577357,1474483583,1718060940
256,20000000,236943116,1481181242,1718124358
256,20000000,237656880,1461933671,1699590551
256,20000000,245259962,1502015911,1747275873
256,20000000,233340419,1501369394,1734709813
256,20000000,234215171,1457825634,1692040805
256,20000000,242631154,1525647593,1768278747
256,20000000,238656114,1495122240,1733778354
256,20000000,244861628,1502084331,1746945959
256,20000000,238030122,1482459986,1720490108
256,20000000,237046168,1485537830,1722583998
256,20000000,240161820,1479442718,1719604538
256,20000000,234806262,1478128855,1712935117
256,20000000,238482871,1463788237,1702271108
256,20000000,234970007,1484402760,1719372767
256,20000000,239651682,1525023513,1764675195
256,20000000,233006865,1488037241,1721044106
256,20000000,233876749,1466175762,1700052511
256,20000000,233081175,1478624903,1711706078
256,20000000,235683375,1419288296,1654971671
256,20000000,229988146,1487840465,1717828611
256,20000000,235237416,1460613135,1695850551
256,20000000,241254332,1486575279,1727829611
256,20000000,234904630,1571566295,1806470925
256,20000000,235594818,1505118197,1740713015
256,20000000,229521110,1557456489,1786977599
256,20000000,234753030,1467964989,1702718019
256,20000000,237882784,1465454608,1703337392
256,20000000,237597195,1471464271,1709061466
256,20000000,235217773,1590533220,1825750993
256,20000000,240207513,1513322529,1753530042
256,20000000,240954595,1491048815,1732003410
256,20000000,233519762,1645637676,1879157438
256,20000000,234632958,1472013339,1706646297
256,20000000,230829521,1478250953,1709080474
256,20000000,234809665,1481441393,1716251058
256,20000000,237511613,1561707434,1799219047
256,20000000,237501932,1529484333,1766986265
256,20000000,238983282,1489659364,1728642646
256,20000000,233303337,1510026021,1743329358
256,20000000,237629772,1605053621,1842683393
256,20000000,235756197,1474182675,1709938872
256,20000000,230774506,1439766598,1670541104
256,20000000,237543342,1494755027,1732298369
256,20000000,243057017,1496972514,1740029531
256,20000000,235805441,1476781798,1712587239
256,20000000,238327641,1462538533,1700866174
256,30000000,354843907,2196142043,2550985950
256,30000000,362870131,2238066043,2600936174
256,30000000,359273925,2227893131,2587167056
256,30000000,363767200,2186102987,2549870187
256,30000000,358073164,2314275599,2672348763
256,30000000,360744045,2233875370,2594619415
256,30000000,363947635,2211604183,2575551818
256,30000000,363445211,2453456232,2816901443
256,30000000,357923417,2303849261,2661772678
256,30000000,358676655,2461877984,2820554639
256,30000000,359658272,2222784648,2582442920
256,30000000,360188129,2319968190,2680156319
256,30000000,363009008,2251078687,2614087695
256,30000000,353630047,2225320749,2578950796
256,30000000,360490477,2215272809,2575763286
256,30000000,358202452,2302379193,2660581645
256,30000000,361957496,2274363937,2636321433
256,30000000,360367712,2295384832,2655752544
256,30000000,361304281,2200055430,2561359711
256,30000000,356040190,2285246194,2641286384
256,30000000,357108956,2302795101,2659904057
256,30000000,360937490,2551353202,2912290692
256,30000000,359524434,2206538302,2566062736
256,30000000,360666440,2195648648,2556315088
256,30000000,357825819,2209151560,2566977379
256,30000000,356576161,2465728407,2822304568
256,30000000,367679048,2430246424,2797925472
256,30000000,359557635,2244927966,2604485601
256,30000000,365740430,2219888080,2585628510
256,30000000,373250431,2238441558,2611691989
256,30000000,357831479,2237248982,2595080461
256,30000000,360837911,2459057643,2819895554
256,30000000,354949341,2471414554,2826363895
256,30000000,367992968,2225980500,2593973468
256,30000000,357525272,2202038446,2559563718
256,30000000,363688618,2187353794,2551042412
256,30000000,370589681,2202123770,2572713451
256,30000000,358636289,2268047938,2626684227
256,30000000,363950296,2232570884,2596521180
256,30000000,360420822,2445640818,2806061640
256,30000000,355672012,2225321297,2580993309
256,30000000,367389094,2250232522,2617621616
256,30000000,360096155,2208036273,2568132428
256,30000000,364515178,2259206524,2623721702
256,30000000,363996580,2259663604,2623660184
256,30000000,361888291,2231642514,2593530805
256,30000000,368820175,2471237203,2840057378
256,30000000,360716063,2295940243,2656656306
256,30000000,361399046,2288719299,2650118345
256,30000000,364167268,2256315930,2620483198
256,30000000,358902931,2200168617,2559071548
256,30000000,370769316,2211903076,2582672392
256,30000000,364510235,2199407637,2563917872
256,30000000,362547783,2270423604,2632971387
256,30000000,367233977,2355585096,2722819073
256,30000000,362054629,2359506717,2721561346
256,30000000,364360283,2196462750,2560823033
256,30000000,362406363,2268069124,2630475487
256,30000000,370116800,2206781980,2576898780
256,30000000,354358816,2197521071,2551879887
256,30000000,358408538,2360705330,2719113868
256,30000000,357375729,2196625211,2554000940
256,30000000,358323155,2184721408,2543044563
256,30000000,363464962,2293059602,2656524564
256,30000000,355047469,2283097618,2638145087
256,30000000,357693749,2339545814,2697239563
256,30000000,358070328,2255336285,2613406613
256,30000000,368433540,2190318144,2558751684
256,30000000,365509597,2231934022,2597443619
256,30000000,363395882,2196786163,2560182045
256,30000000,357041986,2214696860,2571738846
256,30000000,361260795,2263215927,2624476722
256,30000000,362749249,2225961471,2588710720
256,30000000,362341981,2203598376,2565940357
256,30000000,356266007,2205479301,2561745308
256,30000000,356293357,2237127996,2593421353
256,30000000,365088423,2362977495,2728065918
256,30000000,362989093,2273133176,2636122269
256,30000000,363560529,2391374759,2754935288
256,30000000,363816128,2161776972,2525593100
256,30000000,360058915,2208963418,2569022333
256,30000000,361004744,2205968382,2566973126
256,30000000,353202289,2378085117,2731287406
256,30000000,363323033,2220632433,2583955466
256,30000000,359302706,2273735032,2633037738
256,30000000,358382840,2480513930,2838896770
256,30000000,362751117,2166741980,2529493097
256,30000000,354917880,2283062300,2637980180
256,30000000,357158107,2440259261,2797417368
256,30000000,353113060,2198487369,2551600429
256,30000000,359156862,2210817899,2569974761
256,30000000,357781048,2199052938,2556833986
256,30000000,363174526,2196068017,2559242543
256,30000000,361623722,2292708400,2654332122
256,30000000,360338184,2259618330,2619956514
256,30000000,370038519,2233787146,2603825665
256,30000000,358170078,2191842038,2550012116
256,30000000,363771462,2315198919,2678970381
256,30000000,368561504,2194087582,2562649086
256,30000000,360347967,2221099172,2581447139
256,30000000,359291612,2367195303,2726486915
256,30000000,362484399,2202784287,2565268686
256,30000000,359809175,2196177898,2555987073
256,30000000,361851400,2221871694,2583723094
256,30000000,353991537,2246702214,2600693751
256,30000000,363936863,2223740053,2587676916
256,30000000,363693978,2193755600,2557449578
256,30000000,363489169,2205155868,2568645037
256,30000000,356985380,2223697887,2580683267
256,30000000,364534412,2206271229,2570805641
256,30000000,356057634,2494053028,2850110662
256,30000000,362801727,2232061153,2594862880
256,30000000,388085400,2205477540,2593562940
256,30000000,362024917,2227847362,2589872279
256,30000000,362518870,2240178893,2602697763
256,40000000,487613672,2960092042,3447705714
256,40000000,485453899,2953714090,3439167989
256,40000000,487488782,3015895938,3503384720
256,40000000,485587535,2941150706,3426738241
256,40000000,492933470,3304287935,3797221405
256,40000000,496639328,2921560500,3418199828
256,40000000,493513039,3014406926,3507919965
256,40000000,494972370,3284172912,3779145282
256,40000000,488169952,2962797497,3450967449
256,40000000,483263683,2912423550,3395687233
256,40000000,486844481,2970815398,3457659879
256,40000000,490987242,3019999770,3510987012
256,40000000,487540006,3313206509,3800746515
256,40000000,491301551,2949438516,3440740067
256,40000000,489099639,3103387431,3592487070
256,40000000,494700661,2954280813,3448981474
256,40000000,496002165,3168174999,3664177164
256,40000000,481164985,2949532922,3430697907
256,40000000,491623951,3039310109,3530934060
256,40000000,482569918,3051523244,3534093162
256,40000000,492276883,3333125398,3825402281
256,40000000,490372795,2950126006,3440498801
256,40000000,482755055,2987736214,3470491269
256,40000000,497161099,3079123887,3576284986
256,40000000,491741152,2931367129,3423108281
256,40000000,487014979,2939039085,3426054064
256,40000000,492626820,3086524921,3579151741
256,40000000,488527537,3076283095,3564810632
256,40000000,487024378,2928250069,3415274447
256,40000000,488508685,2956766273,3445274958
256,40000000,482034029,2920213367,3402247396
256,40000000,492503426,2937662507,3430165933
256,40000000,485733284,2936452721,3422186005
256,40000000,485800151,3071149675,3556949826
256,40000000,484069783,2919676284,3403746067
256,40000000,486370306,2930565653,3416935959
256,40000000,495813273,2904775922,3400589195
256,40000000,481315426,2913720736,3395036162
256,40000000,488824213,2941251075,3430075288
256,40000000,494316112,3057691794,3552007906
256,40000000,485097555,2948510681,3433608236
256,40000000,485349150,3016483433,3501832583
256,40000000,493000311,3074684969,3567685280
256,40000000,487228452,3039601869,3526830321
256,40000000,480679706,3019006880,3499686586
256,40000000,487358119,2938202548,3425560667
256,40000000,493128117,3128220740,3621348857
256,40000000,495602708,3048130289,3543732997
256,40000000,489131093,2965251389,3454382482
256,40000000,486100256,3175028632,3661128888
256,40000000,484986745,3084772752,3569759497
256,40000000,490952576,3046099571,3537052147
256,40000000,488866713,2983183476,3472050189
256,40000000,491590680,3019129238,3510719918
256,40000000,482881115,2948194485,3431075600
256,40000000,482327360,3046935265,3529262625
256,40000000,481382763,2924216388,3405599151
256,40000000,488807650,2931260151,3420067801
256,40000000,485236019,3015545896,3500781915
256,40000000,484840386,2931296270,3416136656
256,40000000,484046700,2943060149,3427106849
256,40000000,497177898,3056559351,3553737249
256,40000000,483202740,2961677886,3444880626
256,40000000,486639005,3053597452,3540236457
256,40000000,496243697,3226057000,3722300697
256,40000000,484933744,3170098236,3655031980
256,40000000,483546926,2859109220,3342656146
256,40000000,484341305,2977436136,3461777441
256,40000000,495436072,3010996210,3506432282
256,40000000,494663367,2936460710,3431124077
256,40000000,494139476,2950666328,3444805804
256,40000000,489005858,3046079423,3535085281
256,40000000,481682662,3273748780,3755431442
256,40000000,490293601,2928379743,3418673344
256,40000000,478089557,2967479829,3445569386
256,40000000,489330644,2988150278,3477480922
256,40000000,492796247,2924799881,3417596128
256,40000000,497624998,2977885322,3475510320
256,40000000,497933056,2934309889,3432242945
256,40000000,487216174,3066370436,3553586610
256,40000000,485965088,2950578359,3436543447
256,40000000,495222187,2980391036,3475613223
256,40000000,489663174,2940697442,3430360616
256,40000000,485419510,2942510105,3427929615
256,40000000,489272380,2944208338,3433480718
256,40000000,490205917,2924397384,3414603301
256,40000000,490973984,3023344925,3514318909
256,40000000,486811860,2930541580,3417353440
256,40000000,486570677,2948084583,3434655260
256,40000000,491109877,3001002566,3492112443
256,40000000,488185658,2929452382,3417638040
256,40000000,487845643,2951454422,3439300065
256,40000000,487015493,2917055015,3404070508
256,40000000,491105702,2985389968,3476495670
256,40000000,490965826,2956084220,3447050046
256,40000000,480315040,3238131471,3718446511
256,40000000,485387277,2940762043,3426149320
256,40000000,486020244,2965427964,3451448208
256,40000000,486536100,2935562198,3422098298
256,40000000,488987376,2959417270,3448404646
256,40000000,490287152,3088839100,3579126252
256,40000000,487329018,3290518016,3777847034
256,40000000,487587528,2918725339,3406312867
256,40000000,483252544,2931318658,3414571202
256,40000000,489056663,3269040921,3758097584
256,40000000,490018321,2915608389,3405626710
256,40000000,483315745,2942447913,3425763658
256,40000000,491023213,3013810347,3504833560
256,40000000,489846774,3262309008,3752155782
256,40000000,481837846,2851720725,3333558571
256,40000000,491811553,3060597396,3552408949
256,40000000,495589099,2962701147,3458290246
256,40000000,483095082,2991549143,3474644225
256,40000000,493421165,2932638840,3426060005
256,40000000,492528681,3032729975,3525258656
256,50000000,626478665,3940267272,4566745937
256,50000000,626092091,3699914223,4326006314
256,50000000,609461302,3915477657,4524938959
256,50000000,622032308,4251757310,4873789618
256,50000000,617958166,3812154470,4430112636
256,50000000,616427917,4096836621,4713264538
256,50000000,614999470,4135802698,4750802168
256,50000000,620375062,3698608460,4318983522
256,50000000,615032683,3778258081,4393290764
256,50000000,616059316,3840864477,4456923793
256,50000000,618200337,3852626729,4470827066
256,50000000,621245206,3696426431,4317671637
256,50000000,615656409,3656062823,4271719232
256,50000000,611516016,3789733114,4401249130
256,50000000,621763304,3721609249,4343372553
256,50000000,619759904,3696171649,4315931553
256,50000000,612651349,3954279927,4566931276
256,50000000,626563319,3694341168,4320904487
256,50000000,607074361,4088538591,4695612952
256,50000000,615744462,3953811288,4569555750
256,50000000,624610468,3654287869,4278898337
256,50000000,614213386,3648018421,4262231807
256,50000000,611993694,3784613485,4396607179
256,50000000,620035309,3653798245,4273833554
256,50000000,625091714,3692830728,4317922442
256,50000000,615262263,3677352462,4292614725
256,50000000,612570331,3659985549,4272555880
256,50000000,625476472,3763950467,4389426939
256,50000000,616747955,3660146723,4276894678
256,50000000,623230901,3780139724,4403370625
256,50000000,618641336,3674622078,4293263414
256,50000000,619454230,3787620825,4407075055
256,50000000,610949328,3674871299,4285820627
256,50000000,614793309,3780369955,4395163264
256,50000000,619542559,3690899504,4310442063
256,50000000,609872147,3925228409,4535100556
256,50000000,613412796,3707330221,4320743017
256,50000000,620972630,3918603607,4539576237
256,50000000,609954792,3634619016,4244573808
256,50000000,614887365,3640410517,4255297882
256,50000000,619393853,4083374953,4702768806
256,50000000,610110991,3636727239,4246838230
256,50000000,616952380,3653718120,4270670500
256,50000000,620258398,3682626990,4302885388
256,50000000,623687464,3799965149,4423652613
256,50000000,620801169,4126128819,4746929988
256,50000000,624633518,3637435682,4262069200
256,50000000,620198496,3773718447,4393916943
256,50000000,621677685,4113134611,4734812296
256,50000000,616037374,3703529831,4319567205
256,50000000,619105973,4349818156,4968924129
256,50000000,615013372,3638572573,4253585945
256,50000000,612153589,3662976721,4275130310
256,50000000,613028657,3750123822,4363152479
256,50000000,613425368,3667364656,4280790024
256,50000000,622719851,3856918870,4479638721
256,50000000,616909712,3899469577,4516379289
256,50000000,616513568,3783789740,4400303308
256,50000000,616992099,3643591852,4260583951
256,50000000,626555910,3679261789,4305817699
256,50000000,614616769,3654892199,4269508968
256,50000000,625223205,3703269412,4328492617
256,50000000,619696845,3834126868,4453823713
256,50000000,619044957,4060128189,4679173146
256,50000000,615294915,3865109709,4480404624
256,50000000,614529885,4063244566,4677774451
256,50000000,624380870,3859395496,4483776366
256,50000000,618624779,3785019351,4403644130
256,50000000,623660760,4044241918,4667902678
256,50000000,611776075,3703960628,4315736703
256,50000000,617808980,4018661005,4636469985
256,50000000,618365783,3669974064,4288339847
256,50000000,618744846,3797969244,4416714090
256,50000000,620725962,4051978202,4672704164
256,50000000,612943760,3700092803,4313036563
256,50000000,609126717,3649195109,4258321826
256,50000000,618420740,3830337923,4448758663
256,50000000,624690950,3814750763,4439441713
256,50000000,619921328,3923329635,4543250963
256,50000000,625337471,3659409169,4284746640
256,50000000,617713789,3696331415,4314045204
256,50000000,623552019,3703772610,4327324629
256,50000000,616683810,3711257272,4327941082
256,50000000,616111955,4048998042,4665109997
256,50000000,609038981,3670667078,4279706059
256,50000000,614830174,3663506351,4278336525
256,50000000,619912549,3650455560,4270368109
256,50000000,612301638,3638945227,4251246865
256,50000000,614285989,4112424637,4726710626
256,50000000,626916856,3716290851,4343207707
256,50000000,622386501,4056253627,4678640128
256,50000000,619673970,3644060136,4263734106
256,50000000,628378629,3777600836,4405979465
256,50000000,618720878,3677616089,4296336967
256,50000000,611287885,4479524060,5090811945
256,50000000,618847087,3668616178,4287463265
256,50000000,616335041,3689648723,4305983764
256,50000000,622294072,3630330266,4252624338
256,50000000,629981623,3799231045,4429212668
256,50000000,627922760,3740464314,4368387074
256,50000000,628204480,3818380064,4446584544
256,50000000,613981748,3876484872,4490466620
256,50000000,622035444,3870193384,4492228828
256,50000000,620863619,4012688688,4633552307
256,50000000,614475632,3653433288,4267908920
256,50000000,627619675,3912883108,4540502783
256,50000000,622974733,4078905668,4701880401
256,50000000,619297419,3665129192,4284426611
256,50000000,617964570,3679119320,4297083890
256,50000000,620851150,3661516041,4282367191
256,50000000,621757980,3731862436,4353620416
256,50000000,618879644,3913533617,4532413261
256,50000000,613574171,3711484095,4325058266
256,50000000,613885228,4316866650,4930751878
256,50000000,608292123,4036422296,4644714419
256,60000000,762256163,4424915980,5187172143
256,60000000,755549859,4342791785,5098341644
256,60000000,754653244,4551280653,5305933897
256,60000000,743122964,4555174633,5298297597
256,60000000,754454849,5033348389,5787803238
256,60000000,755626711,4527481708,5283108419
256,60000000,750545246,4406159096,5156704342
256,60000000,749877639,4523099191,5272976830
256,60000000,751119669,4551880397,5303000066
256,60000000,755933744,4422727561,5178661305
256,60000000,759186763,4424201270,5183388033
256,60000000,755699427,4451798139,5207497566
256,60000000,748283521,4720275571,5468559092
256,60000000,764659856,4368590864,5133250720
256,60000000,755102428,5445908409,6201010837
256,60000000,748505108,4411120060,5159625168
256,60000000,756472401,4418349364,5174821765
256,60000000,752480999,4586806886,5339287885
256,60000000,750750307,4620491625,5371241932
256,60000000,754863545,4417456669,5172320214
256,60000000,753793675,4372728361,5126522036
256,60000000,738518362,4437876470,5176394832
256,60000000,746183247,4648531569,5394714816
256,60000000,755597306,4599444538,5355041844
256,60000000,745155126,4460095941,5205251067
256,60000000,748930738,4364315001,5113245739
256,60000000,757943552,4372364307,5130307859
256,60000000,755872065,4427451009,5183323074
256,60000000,756628280,4495799754,5252428034
256,60000000,752765937,4326469300,5079235237
256,60000000,764835299,4571822143,5336657442
256,60000000,764506674,4658703370,5423210044
256,60000000,744074150,4537182162,5281256312
256,60000000,756049868,4534208295,5290258163
256,60000000,746545689,4461550869,5208096558
256,60000000,756605262,4451825648,5208430910
256,60000000,756500580,4637501361,5394001941
256,60000000,743661776,4935872211,5679533987
256,60000000,750852314,4437066579,5187918893
256,60000000,755968711,4373698839,5129667550
256,60000000,757820298,4407264527,5165084825
256,60000000,755384534,4407399356,5162783890
256,60000000,744081529,4528730927,5272812456
256,60000000,742062191,4533496451,5275558642
256,60000000,757035228,4359202046,5116237274
256,60000000,739647027,4472445189,5212092216
256,60000000,745970055,4441622007,5187592062
256,60000000,757662803,4741850844,5499513647
256,60000000,736593402,4465967995,5202561397
256,60000000,745121402,4450267995,5195389397
256,60000000,752605546,4436870075,5189475621
256,60000000,764072140,4363818514,5127890654
256,60000000,753508616,4390808912,5144317528
256,60000000,749525094,4749389228,5498914322
256,60000000,755831428,4412032726,5167864154
256,60000000,748714499,4637138289,5385852788
256,60000000,748360015,4595221743,5343581758
256,60000000,757406885,4568354122,5325761007
256,60000000,749496844,4399277689,5148774533
256,60000000,741866654,4443495394,5185362048
256,60000000,754663614,4393624665,5148288279
256,60000000,756779613,4485642391,5242422004
256,60000000,757447619,4575909345,5333356964
256,60000000,744292786,4365889001,5110181787
256,60000000,753026286,4301575762,5054602048
256,60000000,745981934,4451602532,5197584466
256,60000000,745279461,5000108963,5745388424
256,60000000,754123529,4367284084,5121407613
256,60000000,742881853,4431458557,5174340410
256,60000000,747697360,5079483619,5827180979
256,60000000,740675950,4567706740,5308382690
256,60000000,738395134,4606841037,5345236171
256,60000000,746439506,4549666241,5296105747
256,60000000,748062845,4706497793,5454560638
256,60000000,743659002,4443651651,5187310653
256,60000000,747461471,4540806618,5288268089
256,60000000,742857860,5198643734,5941501594
256,60000000,748497228,4570330094,5318827322
256,60000000,766144148,4395427725,5161571873
256,60000000,752863324,4602829256,5355692580
256,60000000,747139537,4385325320,5132464857
256,60000000,751694955,4431005800,5182700755
256,60000000,759585876,4439817998,5199403874
256,60000000,752629243,4427712575,5180341818
256,60000000,765230754,4382051203,5147281957
256,60000000,744539465,4869865738,5614405203
256,60000000,747948224,4458108247,5206056471
256,60000000,747929043,4475757465,5223686508
256,60000000,741478732,4450177714,5191656446
256,60000000,754192331,4508945613,5263137944
256,60000000,753998030,4363408259,5117406289
256,60000000,747470204,4538105405,5285575609
256,60000000,748861753,4513068101,5261929854
256,60000000,739860860,4705433496,5445294356
256,60000000,756137220,4369832893,5125970113
256,60000000,745847557,4655711494,5401559051
256,60000000,759102375,4404963695,5164066070
256,60000000,746558386,4928051649,5674610035
256,60000000,754837590,4297385937,5052223527
256,60000000,750989141,4344355927,5095345068
256,60000000,750971577,4393455697,5144427274
256,60000000,753782230,4727387366,5481169596
256,60000000,744039937,4501469461,5245509398
256,60000000,747587504,4427149039,5174736543
256,60000000,751871498,4448486461,5200357959
256,60000000,746944818,4538297529,5285242347
256,60000000,758342337,4382442651,5140784988
256,60000000,757802555,4418745521,5176548076
256,60000000,742521542,4723023669,5465545211
256,60000000,754959289,4375251109,5130210398
256,60000000,744840582,4583170338,5328010920
256,60000000,755446591,4864916029,5620362620
256,60000000,747777687,4491764613,5239542300
256,60000000,751187152,4407985267,5159172419
256,60000000,759015595,4431139651,5190155246
256,70000000,888774471,5516051483,6404825954
256,70000000,886290335,5148712462,6035002797
256,70000000,889911957,5176508379,6066420336
256,70000000,875057943,5473913541,6348971484
256,70000000,877653806,5377253312,6254907118
256,70000000,905014238,5616067003,6521081241
256,70000000,874247544,5200492720,6074740264
256,70000000,878381862,5213395493,6091777355
256,70000000,872859188,4938387579,5811246767
256,70000000,895796688,5242930506,6138727194
256,70000000,891967476,5134691279,6026658755
256,70000000,873828358,5143827304,6017655662
256,70000000,883927108,5268438377,6152365485
256,70000000,884527806,5193793665,6078321471
256,70000000,862297366,5433035960,6295333326
256,70000000,891209181,5373523764,6264732945
256,70000000,889950175,5112962534,6002912709
256,70000000,875153696,5095487402,5970641098
256,70000000,880528722,5116365187,5996893909
256,70000000,879073977,5124334143,6003408120
256,70000000,881139045,5196328099,6077467144
256,70000000,882511462,5105204037,5987715499
256,70000000,889979820,5293110440,6183090260
256,70000000,879022085,5155912095,6034934180
256,70000000,889208942,5249039819,6138248761
256,70000000,886118601,5813260968,6699379569
256,70000000,878013437,5173797136,6051810573
256,70000000,895402267,5807483213,6702885480
256,70000000,891253269,5417641910,6308895179
256,70000000,884616424,5296308395,6180924819
256,70000000,887027907,5162100003,6049127910
256,70000000,886214217,5318916703,6205130920
256,70000000,878990207,5441098109,6320088316
256,70000000,884562971,5296347298,6180910269
256,70000000,891539933,5871826076,6763366009
256,70000000,890977446,5090215346,5981192792
256,70000000,902368620,5276356379,6178724999
256,70000000,894589440,5160994669,6055584109
256,70000000,879969427,5128703058,6008672485
256,70000000,893958904,5107402516,6001361420
256,70000000,873108373,5117277048,5990385421
256,70000000,894620701,5181713528,6076334229
256,70000000,879921285,5361635313,6241556598
256,70000000,875898859,5364780092,6240678951
256,70000000,876673545,5093035699,5969709244
256,70000000,893327319,5194153222,6087480541
256,70000000,886417134,5137170246,6023587380
256,70000000,880813284,5099458899,5980272183
256,70000000,877758710,5261557684,6139316394
256,70000000,883137992,5149874636,6033012628
256,70000000,884173117,5095739038,5979912155
256,70000000,877703604,5167210208,6044913812
256,70000000,886440425,5171449540,6057889965
256,70000000,887598223,5105200679,5992798902
256,70000000,884220255,5290101192,6174321447
256,70000000,873703099,5106960611,5980663710
256,70000000,884750142,5112585977,5997336119
256,70000000,876596459,5753742460,6630338919
256,70000000,877524372,5102417133,5979941505
256,70000000,871576965,5113952014,5985528979
256,70000000,874998897,5110377067,5985375964
256,70000000,876684671,5196972689,6073657360
256,70000000,866617943,5105461306,5972079249
256,70000000,885089828,5302651793,6187741621
256,70000000,880477482,5235011626,6115489108
256,70000000,877989454,5152074215,6030063669
256,70000000,885627895,5258813043,6144440938
256,70000000,873063026,5120998171,5994061197
256,70000000,885396879,5685347550,6570744429
256,70000000,879502933,5104505462,5984008395
256,70000000,885008738,5094864744,5979873482
256,70000000,891165841,5314200115,6205365956
256,70000000,895597805,5101714497,5997312302
256,70000000,874066706,5244547384,6118614090
256,70000000,877468031,5767584156,6645052187
256,70000000,872785602,5173435978,6046221580
256,70000000,880214295,5126920959,6007135254
256,70000000,882200320,5178952059,6061152379
256,70000000,877163560,5676367636,6553531196
256,70000000,881893275,5218559223,6100452498
256,70000000,874935362,5630830694,6505766056
256,70000000,894258555,5089551005,5983809560
256,70000000,882568775,5390194922,6272763697
256,70000000,890456329,5107634383,5998090712
256,70000000,886323104,5104329777,5990652881
256,70000000,876645818,5070795711,5947441529
256,70000000,885185023,5108849852,5994034875
256,70000000,901297267,5140639820,6041937087
256,70000000,899212616,5101641261,6000853877
256,70000000,882176343,5287562396,6169738739
256,70000000,878766493,5225115202,6103881695
256,70000000,877948114,5477027948,6354976062
256,70000000,886653425,5309771919,6196425344
256,70000000,890645475,5127207501,6017852976
256,70000000,880262663,5258106933,6138369596
256,70000000,890967528,5118822847,6009790375
256,70000000,881462158,5134151438,6015613596
256,70000000,900377803,5186529522,6086907325
256,70000000,870844853,5127790036,5998634889
256,70000000,869336052,5049121026,5918457078
256,70000000,890759529,5129153582,6019913111
256,70000000,892889988,5177281099,6070171087
256,70000000,878099407,5465894958,6343994365
256,70000000,877096543,5301047749,6178144292
256,70000000,897085447,5238507646,6135593093
256,70000000,893666202,5086817662,5980483864
256,70000000,877843038,5319265632,6197108670
256,70000000,878465446,5728193637,6606659083
256,70000000,889555873,5689188417,6578744290
256,70000000,866749575,5287928522,6154678097
256,70000000,884077071,5475594389,6359671460
256,70000000,883100221,5322870785,6205971006
256,70000000,892090403,5508196325,6400286728
256,70000000,883656979,5070758428,5954415407
256,70000000,892669967,5337510106,6230180073
256,80000000,1022632468,5950913803,6973546271
256,80000000,1023077361,5918942596,6942019957
256,80000000,1022814241,5851546567,6874360808
256,80000000,1038029732,5988069912,7026099644
256,80000000,1025158075,6041169121,7066327196
256,80000000,1034517349,6484306792,7518824141
256,80000000,1016575818,6160707172,7177282990
256,80000000,1033955439,6051162990,7085118429
256,80000000,1018079698,5861998188,6880077886
256,80000000,1025549332,5741573853,6767123185
256,80000000,1015322230,5863367437,6878689667
256,80000000,1013817714,5947183638,6961001352
256,80000000,1024568808,6274866757,7299435565
256,80000000,1038534464,5801175194,6839709658
256,80000000,1029653376,5999154357,7028807733
256,80000000,1030298203,5933230099,6963528302
256,80000000,1018708701,6669798323,7688507024
256,80000000,1026230170,5932639061,6958869231
256,80000000,1010804554,5859466670,6870271224
256,80000000,1023392929,5961927069,6985319998
256,80000000,1022213441,5918213163,6940426604
256,80000000,1021343994,5961338891,6982682885
256,80000000,1010769925,5809481149,6820251074
256,80000000,1026395721,5812176399,6838572120
256,80000000,1038236132,5864053899,6902290031
256,80000000,1023868933,6246002522,7269871455
256,80000000,1003255232,6500917115,7504172347
256,80000000,1018160469,6011859813,7030020282
256,80000000,1023190047,5856723036,6879913083
256,80000000,1012029428,5890375893,6902405321
256,80000000,1037046806,6127813908,7164860714
256,80000000,1037089117,5826425966,6863515083
256,80000000,1022274598,5845795582,6868070180
256,80000000,1030942565,5846064433,6877006998
256,80000000,1027713997,5803984746,6831698743
256,80000000,1004938969,5864564609,6869503578
256,80000000,1015804282,6017258516,7033062798
256,80000000,1018964324,5896438627,6915402951
256,80000000,1033468363,5863971376,6897439739
256,80000000,1017238294,5853302457,6870540751
256,80000000,1031834391,5924737950,6956572341
256,80000000,1019290011,5846732698,6866022709
256,80000000,1032020583,5848217794,6880238377
256,80000000,1014146449,6131424705,7145571154
256,80000000,1012428075,6684763822,7697191897
256,80000000,1019917699,6299176431,7319094130
256,80000000,1016415261,6242712797,7259128058
256,80000000,1015687351,5918200560,6933887911
256,80000000,1016459703,5871470881,6887930584
256,80000000,1029328397,5925164140,6954492537
256,80000000,1008765897,6154338393,7163104290
256,80000000,1032487996,6205623674,7238111670
256,80000000,1017906430,5855366309,6873272739
256,80000000,1028611325,5835219304,6863830629
256,80000000,1024930445,5925012501,6949942946
256,80000000,1026003564,6032597691,7058601255
256,80000000,1008642532,6656183987,7664826519
256,80000000,1017155144,5898443665,6915598809
256,80000000,1020118346,6340499797,7360618143
256,80000000,1011484182,5847176072,6858660254
256,80000000,1006854621,6093710372,7100564993
256,80000000,1008194862,5820823141,6829018003
256,80000000,1019115677,5856455806,6875571483
256,80000000,1016740051,6181308585,7198048636
256,80000000,1020002059,5919117460,6939119519
256,80000000,1015150362,6556737540,7571887902
256,80000000,1009233735,5915577557,6924811292
256,80000000,1023052151,5822285898,6845338049
256,80000000,1010697936,5821222963,6831920899
256,80000000,1018352900,5787981123,6806334023
256,80000000,1007967025,5889532737,6897499762
256,80000000,1019556385,5840175208,6859731593
256,80000000,1019338521,5830873628,6850212149
256,80000000,1022095416,6722353392,7744448808
256,80000000,1017845356,5852960760,6870806116
256,80000000,1004073979,5803740347,6807814326
256,80000000,1027478954,6000075995,7027554949
256,80000000,1016929004,5846611054,6863540058
256,80000000,1024374977,6486876749,7511251726
256,80000000,1010941135,6085824624,7096765759
256,80000000,1013324409,5866674061,6879998470
256,80000000,1025392772,5997879865,7023272637
256,80000000,1004397231,5928067685,6932464916
256,80000000,1030158509,5856410935,6886569444
256,80000000,1019576696,5914408929,6933985625
256,80000000,1030232342,5922429036,6952661378
256,80000000,1013205991,6481146242,7494352233
256,80000000,1006740824,6052215532,7058956356
256,80000000,1009904472,5829615416,6839519888
256,80000000,1025629047,5860500865,6886129912
256,80000000,1016795944,5859428959,6876224903
256,80000000,1019246717,5904292980,6923539697
256,80000000,1019981484,6162684685,7182666169
256,80000000,1012296015,6051591928,7063887943
256,80000000,1017965999,5900343171,6918309170
256,80000000,1009982004,5664768404,6674750408
256,80000000,1021876838,6045087852,7066964690
256,80000000,1037885835,5785474164,6823359999
256,80000000,1018299345,6000352333,7018651678
256,80000000,1013262428,5904827847,6918090275
256,80000000,1013097618,5945969632,6959067250
256,80000000,995360888,6037690482,7033051370
256,80000000,1016063955,5815563816,6831627771
256,80000000,1032595261,5794557410,6827152671
256,80000000,1017658377,6025773035,7043431412
256,80000000,1041699485,5846531996,6888231481
256,80000000,1017773113,5828246566,6846019679
256,80000000,1009659839,5793830988,6803490827
256,80000000,1022698492,5849578629,6872277121
256,80000000,1011823846,6106439472,7118263318
256,80000000,1032180934,5985847311,7018028245
256,80000000,1030193353,5993313165,7023506518
256,80000000,1017522760,6251235288,7268758048
256,80000000,1022132743,6006489189,7028621932
256,80000000,1029962006,6077174791,7107136797
256,90000000,1156849619,6512092581,7668942200
256,90000000,1150585282,6594912309,7745497591
256,90000000,1170359448,6559499000,7729858448
256,90000000,1160565996,6987418422,8147984418
256,90000000,1168060040,6618971981,7787032021
256,90000000,1166410036,6659673377,7826083413
256,90000000,1155846058,6865550379,8021396437
256,90000000,1159543396,6947016571,8106559967
256,90000000,1145329448,6577752701,7723082149
256,90000000,1166567572,7259924454,8426492026
256,90000000,1173262790,6559189098,7732451888
256,90000000,1182860179,6578341246,7761201425
256,90000000,1154940416,6855534984,8010475400
256,90000000,1157970332,7066418556,8224388888
256,90000000,1161628768,6796183783,7957812551
256,90000000,1169215869,6635399844,7804615713
256,90000000,1155223045,6547381825,7702604870
256,90000000,1155052541,6717379750,7872432291
256,90000000,1154142758,6839296250,7993439008
256,90000000,1152349134,6580914846,7733263980
256,90000000,1167335505,6535526802,7702862307
256,90000000,1150887474,6802917618,7953805092
256,90000000,1156856778,6745925522,7902782300
256,90000000,1141234748,6602711213,7743945961
256,90000000,1144522354,6621124153,7765646507
256,90000000,1139884121,7314485729,8454369850
256,90000000,1156559556,6778449410,7935008966
256,90000000,1155814597,7070092629,8225907226
256,90000000,1149009508,6737682417,7886691925
256,90000000,1143994786,6610503957,7754498743
256,90000000,1133073601,6561735553,7694809154
256,90000000,1173592115,6569191101,7742783216
256,90000000,1158835528,6597467534,7756303062
256,90000000,1158870776,6620538714,7779409490
256,90000000,1139501079,6551304594,7690805673
256,90000000,1147364298,6716216768,7863581066
256,90000000,1163306628,6568579792,7731886420
256,90000000,1170558077,6586964374,7757522451
256,90000000,1163058331,7416519853,8579578184
256,90000000,1161298277,6601932680,7763230957
256,90000000,1169416157,6809467204,7978883361
256,90000000,1154302252,7546595405,8700897657
256,90000000,1157486932,6594283555,7751770487
256,90000000,1159601946,6615210710,7774812656
256,90000000,1160516989,6918321906,8078838895
256,90000000,1146916290,6773025200,7919941490
256,90000000,1161849561,7021251723,8183101284
256,90000000,1154014330,7372679245,8526693575
256,90000000,1150924866,6875776259,8026701125
256,90000000,1145415729,7078453415,8223869144
256,90000000,1168086149,7492850543,8660936692
256,90000000,1161858738,6643463816,7805322554
256,90000000,1170014141,7017372468,8187386609
256,90000000,1145510233,6536927200,7682437433
256,90000000,1155921418,6706385739,7862307157
256,90000000,1159447475,6773779015,7933226490
256,90000000,1158135566,6698977835,7857113401
256,90000000,1151838317,6851354707,8003193024
256,90000000,1155264335,6561183271,7716447606
256,90000000,1162031942,6632872608,7794904550
256,90000000,1150958306,6568029442,7718987748
256,90000000,1155186508,7352971177,8508157685
256,90000000,1164579023,6654957436,7819536459
256,90000000,1150849504,7095963713,8246813217
256,90000000,1171268474,6623912108,7795180582
256,90000000,1156523031,6588390817,7744913848
256,90000000,1149330044,6607867039,7757197083
256,90000000,1158904358,6769222070,7928126428
256,90000000,1157698784,6799250855,7956949639
256,90000000,1161828009,7044622701,8206450710
256,90000000,1147758603,6624421020,7772179623
256,90000000,1149978641,6880802252,8030780893
256,90000000,1162838151,6646887527,7809725678
256,90000000,1149943326,7099685544,8249628870
256,90000000,1150094869,6585974587,7736069456
256,90000000,1163524968,6827447421,7990972389
256,90000000,1138369624,6672831325,7811200949
256,90000000,1157213083,6847042953,8004256036
256,90000000,1175749373,6677170231,7852919604
256,90000000,1150341701,7598325380,8748667081
256,90000000,1158691541,6564180239,7722871780
256,90000000,1156469483,6795739901,7952209384
256,90000000,1158215125,6728037925,7886253050
256,90000000,1163295050,6643227725,7806522775
256,90000000,1151149909,6647629755,7798779664
256,90000000,1166391994,6571037168,7737429162
256,90000000,1157872886,6602500113,7760372999
256,90000000,1166923747,6527370535,7694294282
256,90000000,1142672194,6510617629,7653289823
256,90000000,1167054588,7002459247,8169513835
256,90000000,1153403887,6553407560,7706811447
256,90000000,1167636880,6725576919,7893213799
256,90000000,1158417281,6713101356,7871518637
256,90000000,1163219551,6835563217,7998782768
256,90000000,1167713190,6566722413,7734435603
256,90000000,1148611296,6574110098,7722721394
256,90000000,1150713800,6828205170,7978918970
256,90000000,1157705777,6588452872,7746158649
256,90000000,1164309295,6575865662,7740174957
256,90000000,1162837951,6581171526,7744009477
256,90000000,1144228274,6535551634,7679779908
256,90000000,1151874678,6649291907,7801166585
256,90000000,1174401659,6733796337,7908197996
256,90000000,1151868693,6689101297,7840969990
256,90000000,1155219180,6843794590,7999013770
256,90000000,1153462766,6993065960,8146528726
256,90000000,1152335131,6556502104,7708837235
256,90000000,1143275430,6682949870,7826225300
256,90000000,1167438655,6795517852,7962956507
256,90000000,1165909445,6778318358,7944227803
256,90000000,1153750498,6605119271,7758869769
256,90000000,1128580847,6543006302,7671587149
256,90000000,1134314146,6769092412,7903406558
256,90000000,1160279947,6764618902,7924898849
256,90000000,1169713901,7020778157,8190492058
256,100000000,1286610234,7348984827,8635595061
256,100000000,1287838970,7213556232,8501395202
256,100000000,1293937990,7331583885,8625521875
256,100000000,1293159856,7296567078,8589726934
256,100000000,1297589944,7827505995,9125095939
256,100000000,1291235656,7537202845,8828438501
256,100000000,1286810603,7217238653,8504049256
256,100000000,1297663365,8063724522,9361387887
256,100000000,1265974068,7388904354,8654878422
256,100000000,1294678963,7357599449,8652278412
256,100000000,1288866775,7274789196,8563655971
256,100000000,1305822589,7278990783,8584813372
256,100000000,1303350333,7578522672,8881873005
256,100000000,1289006203,7370886217,8659892420
256,100000000,1283811892,7367343610,8651155502
256,100000000,1283658775,7239325293,8522984068
256,100000000,1281249578,7543383607,8824633185
256,100000000,1295574407,7248760376,8544334783
256,100000000,1288758337,7667744097,8956502434
256,100000000,1294974691,7135473416,8430448107
256,100000000,1294242360,7333014970,8627257330
256,100000000,1276787687,7525264780,8802052467
256,100000000,1295901267,8032903966,9328805233
256,100000000,1297650415,7478742981,8776393396
256,100000000,1297582969,7479801669,8777384638
256,100000000,1276684882,7290699527,8567384409
256,100000000,1305700723,8033174980,9338875703
256,100000000,1287677611,7365607186,8653284797
256,100000000,1294263583,7503627889,8797891472
256,100000000,1289098933,7368999924,8658098857
256,100000000,1287096021,7408304024,8695400045
256,100000000,1300801080,7377915712,8678716792
256,100000000,1306763977,7380615272,8687379249
256,100000000,1295990690,7513953075,8809943765
256,100000000,1297180088,7653219881,8950399969
256,100000000,1284574932,7484555085,8769130017
256,100000000,1298114568,8285792510,9583907078
256,100000000,1305084142,7370673793,8675757935
256,100000000,1283100216,7517129028,8800229244
256,100000000,1302874491,7556668888,8859543379
256,100000000,1300667921,7861051719,9161719640
256,100000000,1291508556,7335382829,8626891385
256,100000000,1291141992,7202755865,8493897857
256,100000000,1315133274,7729833195,9044966469
256,100000000,1292665998,8095892819,9388558817
256,100000000,1289058834,7496509019,8785567853
256,100000000,1305279558,7240673876,8545953434
256,100000000,1296314775,7744667377,9040982152
256,100000000,1282489313,7338857193,8621346506
256,100000000,1300959633,7438480087,8739439720
256,100000000,1304986644,7439221703,8744208347
256,100000000,1296291245,7626393375,8922684620
256,100000000,1301543776,7355204359,8656748135
256,100000000,1304698018,7278329138,8583027156
256,100000000,1282276229,7549761901,8832038130
256,100000000,1293157382,7492485509,8785642891
256,100000000,1286621281,8132563999,9419185280
256,100000000,1299788882,7311473695,8611262577
256,100000000,1285127136,7349934386,8635061522
256,100000000,1279652240,7300727483,8580379723
256,100000000,1289661038,7442215826,8731876864
256,100000000,1279667063,7567981445,8847648508
256,100000000,1299158861,7301650389,8600809250
256,100000000,1308754824,7565107023,8873861847
256,100000000,1277031317,7891841225,9168872542
256,100000000,1282812654,7251050724,8533863378
256,100000000,1297917193,7332933530,8630850723
256,100000000,1286943307,7773130569,9060073876
256,100000000,1298700253,7303413797,8602114050
256,100000000,1295511482,7160700195,8456211677
256,100000000,1291480968,7252389203,8543870171
256,100000000,1294994637,7321533094,8616527731
256,100000000,1285103683,7319106770,8604210453
256,100000000,1299611473,8470495773,9770107246
256,100000000,1270735019,7464251765,8734986784
256,100000000,1294205276,7262221672,8556426948
256,100000000,1292199664,7221800602,8514000266
256,100000000,1296798303,7631288107,8928086410
256,100000000,1287057127,7773517325,9060574452
256,100000000,1303881018,7297217159,8601098177
256,100000000,1291759138,8077210198,9368969336
256,100000000,1262253716,7799444537,9061698253
256,100000000,1291231138,7250019410,8541250548
256,100000000,1292469397,7420372805,8712842202
256,100000000,1294814509,7425476974,8720291483
256,100000000,1295186386,7337308137,8632494523
256,100000000,1310069505,7540293889,8850363394
256,100000000,1266355275,7564416414,8830771689
256,100000000,1295838244,7419480991,8715319235
256,100000000,1294068303,7460024662,8754092965
256,100000000,1290175659,7432287946,8722463605
256,100000000,1298089474,7286736980,8584826454
256,100000000,1292446911,7333852782,8626299693
256,100000000,1290302994,7331292022,8621595016
256,100000000,1294665572,7272597591,8567263163
256,100000000,1288662285,7489071332,8777733617
256,100000000,1280579903,7452451095,8733030998
256,100000000,1301460436,7332089999,8633550435
256,100000000,1311806999,7855299874,9167106873
256,100000000,1296211565,7347146331,8643357896
256,100000000,1288317309,7633009537,8921326846
256,100000000,1277313862,7398826152,8676140014
256,100000000,1305832218,7332800345,8638632563
256,100000000,1270634073,7296384693,8567018766
256,100000000,1291686023,7260194356,8551880379
256,100000000,1285186945,7578138729,8863325674
256,100000000,1291053009,7339560832,8630613841
256,100000000,1277175623,8142773190,9419948813
256,100000000,1268805749,7306816815,8575622564
256,100000000,1283017324,7565776042,8848793366
256,100000000,1289507615,7273656982,8563164597
256,100000000,1269780153,8141205734,9410985887
256,100000000,1290263400,7400236916,8690500316
256,100000000,1297453336,7224386910,8521840246
256,100000000,1287364394,7352892650,8640257044
