t,n,SortTime,CombineTime,TotalTime
2,10000,1909039,256786,2165825
2,10000,2068334,330867,2399201
2,10000,1837218,252131,2089349
2,10000,2522569,475276,2997845
2,10000,1750810,367492,2118302
2,10000,1970733,262061,2232794
2,10000,2597690,501822,3099512
2,10000,1824180,276604,2100784
2,10000,1590422,279555,1869977
2,10000,1955668,254944,2210612
2,20000,3132583,535002,3667585
2,20000,3709666,854620,4564286
2,20000,3141007,611948,3752955
2,20000,3159515,523868,3683383
2,20000,3299709,592953,3892662
2,20000,3316882,637966,3954848
2,20000,3172713,518942,3691655
2,20000,3550644,855357,4406001
2,20000,3214132,479254,3693386
2,20000,3178419,525022,3703441
2,30000,5159408,950457,6109865
2,30000,5073403,1026911,6100314
2,30000,4978310,1714790,6693100
2,30000,5072925,937538,6010463
2,30000,5127358,2590136,7717494
2,30000,4980925,958855,5939780
2,30000,4969179,2535113,7504292
2,30000,4858791,877277,5736068
2,30000,5012202,2382564,7394766
2,30000,5029267,995232,6024499
2,40000,6947827,1073196,8021023
2,40000,7142555,1113271,8255826
2,40000,7183388,1064800,8248188
2,40000,7677422,1356534,9033956
2,40000,7042022,1121061,8163083
2,40000,7268289,1074867,8343156
2,40000,7166504,1035927,8202431
2,40000,6677294,1065864,7743158
2,40000,7066855,1012671,8079526
2,40000,7044772,1021517,8066289
2,50000,9113035,1444454,10557489
2,50000,8610304,1599836,10210140
2,50000,8701110,1380900,10082010
2,50000,8979356,1398538,10377894
2,50000,8840899,1400058,10240957
2,50000,8737777,1375083,10112860
2,50000,8546787,3726736,12273523
2,50000,8591794,1479478,10071272
2,50000,8941958,1321384,10263342
2,50000,9901889,1312570,11214459
2,60000,10699569,1700027,12399596
2,60000,10612760,1619324,12232084
2,60000,10740675,1646751,12387426
2,60000,10593926,1451471,12045397
2,60000,10673222,1450705,12123927
2,60000,10617399,1604320,12221719
2,60000,10794842,1550453,12345295
2,60000,10443508,1472610,11916118
2,60000,10560395,1746088,12306483
2,60000,10735821,1526739,12262560
2,70000,12562843,1764190,14327033
2,70000,12707256,1718485,14425741
2,70000,14353810,1815345,16169155
2,70000,12404109,1849554,14253663
2,70000,13702481,1984292,15686773
2,70000,12846896,1963213,14810109
2,70000,13624121,1829672,15453793
2,70000,12704089,1792644,14496733
2,70000,24592892,1930295,26523187
2,70000,13570458,1759416,15329874
2,80000,14587181,2089624,16676805
2,80000,15906714,1904676,17811390
2,80000,14772103,2073815,16845918
2,80000,14662787,2059230,16722017
2,80000,28591207,2045423,30636630
2,80000,14534195,1991224,16525419
2,80000,14375228,2097259,16472487
2,80000,14421982,2086794,16508776
2,80000,14307493,1937260,16244753
2,80000,14837675,2068935,16906610
2,90000,19203832,2697117,21900949
2,90000,18189749,2285216,20474965
2,90000,16275613,2405857,18681470
2,90000,32247107,2372052,34619159
2,90000,16279428,2334658,18614086
2,90000,16358822,2212053,18570875
2,90000,16302397,2357753,18660150
2,90000,18248944,2409905,20658849
2,90000,16414973,2364157,18779130
2,90000,16502104,2456190,18958294
2,100000,18609400,2543715,21153115
2,100000,18223496,2682935,20906431
2,100000,21306557,2841214,24147771
2,100000,18195508,2456879,20652387
2,100000,18212206,2389383,20601589
2,100000,18263828,2388980,20652808
2,100000,19444364,2610311,22054675
2,100000,18260110,2421258,20681368
2,100000,18258532,2460350,20718882
2,100000,35882786,2452420,38335206
2,100000,18248173,2484716,20732889
2,100000,18234983,2625036,20860019
2,100000,18226235,2500155,20726390
2,100000,18486736,2535212,21021948
2,100000,18885914,2500765,21386679
2,100000,20418595,2456414,22875009
2,100000,18199064,2422075,20621139
2,100000,19424017,2628492,22052509
2,100000,18335947,2427073,20763020
2,100000,22125626,2994247,25119873
2,200000,39380417,5279135,44659552
2,200000,39732341,4964792,44697133
2,200000,40337569,5115519,45453088
2,200000,45152074,5435717,50587791
2,200000,38558101,5093678,43651779
2,200000,40019092,5142844,45161936
2,200000,45190124,5824621,51014745
2,200000,38201690,4845241,43046931
2,200000,39568914,4795647,44364561
2,200000,39428865,4829368,44258233
2,300000,61813464,7543572,69357036
2,300000,60190898,7694087,67884985
2,300000,60016920,7263172,67280092
2,300000,59517396,7560930,67078326
2,300000,60350726,7317738,67668464
2,300000,61747019,7314466,69061485
2,300000,61385807,7669742,69055549
2,300000,60888505,7407641,68296146
2,300000,61159912,7521689,68681601
2,300000,60135042,7343859,67478901
2,400000,82665245,9968123,92633368
2,400000,83106476,10092240,93198716
2,400000,81291079,9984980,91276059
2,400000,80980349,9835851,90816200
2,400000,82130407,9882968,92013375
2,400000,82062053,10140804,92202857
2,400000,81869129,9937730,91806859
2,400000,82036053,9768812,91804865
2,400000,81000710,10004395,91005105
2,400000,83708580,10099072,93807652
2,500000,103067492,12328870,115396362
2,500000,103900362,12513589,116413951
2,500000,104555091,12355567,116910658
2,500000,103940990,12296806,116237796
2,500000,102958389,12389266,115347655
2,500000,103937215,12253897,116191112
2,500000,104248854,12429681,116678535
2,500000,105851484,12461557,118313041
2,500000,104187533,12446760,116634293
2,500000,104878491,12613960,117492451
2,600000,127027057,14956135,141983192
2,600000,126641467,14875104,141516571
2,600000,127311628,15158738,142470366
2,600000,127914024,14752900,142666924
2,600000,126931160,14819843,141751003
2,600000,126840826,14897457,141738283
2,600000,127134894,15202968,142337862
2,600000,125924353,15165201,141089554
2,600000,127099467,14860682,141960149
2,600000,128372284,15066225,143438509
2,700000,150066526,17484393,167550919
2,700000,149647358,17357707,167005065
2,700000,149905726,17590159,167495885
2,700000,148632504,17570821,166203325
2,700000,148228482,17358705,165587187
2,700000,148676040,17440829,166116869
2,700000,149745157,17369432,167114589
2,700000,148426213,17258229,165684442
2,700000,152130111,17571001,169701112
2,700000,150333737,17435764,167769501
2,800000,173956688,19777507,193734195
2,800000,171911024,20095189,192006213
2,800000,171705141,20113268,191818409
2,800000,174246302,19812144,194058446
2,800000,173495695,19887367,193383062
2,800000,172215115,19961531,192176646
2,800000,174028077,19963837,193991914
2,800000,174209544,19887929,194097473
2,800000,172274728,19827314,192102042
2,800000,175356205,19931564,195287769
2,900000,197669503,22390545,220060048
2,900000,194802098,22654769,217456867
2,900000,196733562,22363985,219097547
2,900000,196966307,22508572,219474879
2,900000,222504237,25971045,248475282
2,900000,195053173,22518457,217571630
2,900000,197445067,22570965,220016032
2,900000,195017845,22569327,217587172
2,900000,194553896,22587645,217141541
2,900000,194866921,22565370,217432291
2,1000000,218332607,25053410,243386017
2,1000000,218264395,24985222,243249617
2,1000000,218746485,25202755,243949240
2,1000000,220993035,24909233,245902268
2,1000000,221383452,25001280,246384732
2,1000000,219204276,24925860,244130136
2,1000000,221376238,24935884,246312122
2,1000000,218102240,24968043,243070283
2,1000000,220174794,25060373,245235167
2,1000000,217595923,24944248,242540171
2,1000000,219425422,25044017,244469439
2,1000000,221529712,24961177,246490889
2,1000000,218068936,25190985,243259921
2,1000000,218641243,25049261,243690504
2,1000000,247777425,28988419,276765844
2,1000000,247290589,28802440,276093029
2,1000000,218957837,24882224,243840061
2,1000000,221441393,24879088,246320481
2,1000000,220431680,24792266,245223946
2,1000000,221262218,25030930,246293148
2,2000000,464745742,49815489,514561231
2,2000000,465550799,49653261,515204060
2,2000000,464835330,49761572,514596902
2,2000000,465014412,49650561,514664973
2,2000000,460285067,49866570,510151637
2,2000000,460909537,49855315,510764852
2,2000000,462322805,49918287,512241092
2,2000000,461822835,49810266,511633101
2,2000000,465341532,49994198,515335730
2,2000000,464712946,49851271,514564217
2,3000000,719147707,74801175,793948882
2,3000000,712017000,75031805,787048805
2,3000000,713340870,74918683,788259553
2,3000000,718560143,75062067,793622210
2,3000000,713174426,74580890,787755316
2,3000000,712738764,74798175,787536939
2,3000000,808389368,88484829,896874197
2,3000000,713533591,74298687,787832278
2,3000000,717765918,75000420,792766338
2,3000000,718296372,74874941,793171313
2,4000000,976710068,100091981,1076802049
2,4000000,978969418,100037602,1079007020
2,4000000,977048187,99782980,1076831167
2,4000000,976058565,99904778,1075963343
2,4000000,971677106,99225570,1070902676
2,4000000,966588057,98937750,1065525807
2,4000000,967979616,99215156,1067194772
2,4000000,968572310,99019639,1067591949
2,4000000,968378312,98710904,1067089216
2,4000000,978990314,99766059,1078756373
2,5000000,1241658283,124747807,1366406090
2,5000000,1227631862,123933266,1351565128
2,5000000,1240566951,124951815,1365518766
2,5000000,1226608621,123843785,1350452406
2,5000000,1240081113,124532753,1364613866
2,5000000,1394914721,149122626,1544037347
2,5000000,1398471297,148872754,1547344051
2,5000000,1231293344,124295117,1355588461
2,5000000,1239441937,124933103,1364375040
2,5000000,1229952911,123556950,1353509861
2,6000000,1506595691,150102451,1656698142
2,6000000,1698553302,177978406,1876531708
2,6000000,1492187919,148628346,1640816265
2,6000000,1490567675,148722471,1639290146
2,6000000,1506858943,149592404,1656451347
2,6000000,1490540364,148652807,1639193171
2,6000000,1503736931,149485942,1653222873
2,6000000,1506056052,149354614,1655410666
2,6000000,1492558900,149026791,1641585691
2,6000000,1505079236,149642211,1654721447
2,7000000,1759862503,173402034,1933264537
2,7000000,1764987722,173414885,1938402607
2,7000000,1777686730,174661137,1952347867
2,7000000,1758790600,173463316,1932253916
2,7000000,1761501047,172785138,1934286185
2,7000000,1987250567,203858241,2191108808
2,7000000,1762638920,173081659,1935720579
2,7000000,1762337782,173694524,1936032306
2,7000000,1760210753,173362409,1933573162
2,7000000,1758527029,173386930,1931913959
2,8000000,2311956805,238792845,2550749650
2,8000000,2036162743,198112687,2234275430
2,8000000,2049072308,199793900,2248866208
2,8000000,2027900457,197484588,2225385045
2,8000000,2025390628,197974502,2223365130
2,8000000,2026096270,198006740,2224103010
2,8000000,2028869085,197846819,2226715904
2,8000000,2025586520,198445291,2224031811
2,8000000,2026163074,205722998,2231886072
2,8000000,2025607732,206390690,2231998422
2,9000000,2297988416,222586371,2520574787
2,9000000,2299146694,222483502,2521630196
2,9000000,2620473166,267090429,2887563595
2,9000000,2303730864,222607184,2526338048
2,9000000,2316713901,224943844,2541657745
2,9000000,2556281135,260408919,2816690054
2,9000000,2300784299,222885986,2523670285
2,9000000,2555205301,260892551,2816097852
2,9000000,2298852089,222838921,2521691010
2,9000000,2558504390,261006587,2819510977
2,10000000,2911669878,297981624,3209651502
2,10000000,2568489616,247199220,2815688836
2,10000000,2597456404,249491953,2846948357
2,10000000,2587886356,248870356,2836756712
2,10000000,2600833943,249701523,2850535466
2,10000000,2574999936,256803925,2831803861
2,10000000,2575233390,247227341,2822460731
2,10000000,2839950457,290161936,3130112393
2,10000000,2923842058,299024134,3222866192
2,10000000,2597839067,249772876,2847611943
2,10000000,2597729698,249590081,2847319779
2,10000000,2601694769,249469620,2851164389
2,10000000,2573349187,247247455,2820596642
2,10000000,2581770466,248272851,2830043317
2,10000000,2598123944,250248954,2848372898
2,10000000,2579787769,248353374,2828141143
2,10000000,2578558955,248905474,2827464429
2,10000000,2576574685,248582617,2825157302
2,10000000,2927942919,298144432,3226087351
2,10000000,2596240027,249968676,2846208703
2,20000000,5381194647,511515180,5892709827
2,20000000,5366238196,494854372,5861092568
2,20000000,5433798990,500300225,5934099215
2,20000000,6045115531,574227509,6619343040
2,20000000,6039323553,572139245,6611462798
2,20000000,6089650087,571272263,6660922350
2,20000000,5431593297,500006217,5931599514
2,20000000,6033250112,573190465,6606440577
2,20000000,5375301232,495374208,5870675440
2,20000000,5386620892,495343938,5881964830
2,30000000,8270521596,743012428,9013534024
2,30000000,8349799511,749056752,9098856263
2,30000000,8361865770,749118630,9110984400
2,30000000,8269793273,741809467,9011602740
2,30000000,8271510279,742435877,9013946156
2,30000000,8386404208,750138077,9136542285
2,30000000,8357256362,749393960,9106650322
2,30000000,8263778888,743481837,9007260725
2,30000000,8278420366,742221689,9020642055
2,30000000,8314510236,742794878,9057305114
2,40000000,11374683414,1001235005,12375918419
2,40000000,12457665202,1135256868,13592922070
2,40000000,12450346962,1133185694,13583532656
2,40000000,11330863377,1000034575,12330897952
2,40000000,11343648999,1000755864,12344404863
2,40000000,11229273304,993254830,12222528134
2,40000000,12785243633,1175299117,13960542750
2,40000000,11340457613,1001332930,12341790543
2,40000000,11231302715,993427739,12224730454
2,40000000,12444704943,1136964799,13581669742
2,50000000,14387909312,1253472649,15641381961
2,50000000,14369462992,1250492238,15619955230
2,50000000,14236876103,1273341194,15510217297
2,50000000,14220559214,1239840411,15460399625
2,50000000,14354446715,1252428264,15606874979
2,50000000,15746516201,1416726461,17163242662
2,50000000,14341780255,1249926306,15591706561
2,50000000,15747526935,1421718491,17169245426
2,50000000,14258173351,1240269881,15498443232
2,50000000,14233700936,1274029689,15507730625
2,60000000,19076685556,1692316244,20769001800
2,60000000,17271805538,1485683153,18757488691
2,60000000,17305470619,1489868101,18795338720
2,60000000,17215853078,1484995329,18700848407
2,60000000,17436561983,1499719919,18936281902
2,60000000,19071219051,1700596685,20771815736
2,60000000,17383266096,1499582732,18882848828
2,60000000,19091329934,1706028367,20797358301
2,60000000,17283281369,1487687600,18770968969
2,60000000,19059920088,1693015604,20752935692
2,70000000,20513328167,1749969493,22263297660
2,70000000,23176777874,2044320117,25221097991
2,70000000,23135241821,2042452886,25177694707
2,70000000,20309618343,1780000958,22089619301
2,70000000,20476607459,1752832131,22229439590
2,70000000,20395349822,1736721416,22132071238
2,70000000,23195037384,2041347483,25236384867
2,70000000,23116622961,2046054984,25162677945
2,70000000,20326267985,1781427872,22107695857
2,70000000,20300418506,1736990813,22037409319
2,80000000,26627533708,2338165821,28965699529
2,80000000,23589925787,2003191289,25593117076
2,80000000,23474248299,2031842323,25506090622
2,80000000,23631336119,1999293825,25630629944
2,80000000,23406869971,2033708037,25440578008
2,80000000,26690530344,2337441659,29027972003
2,80000000,26676783199,2332270554,29009053753
2,80000000,23585812314,1998820803,25584633117
2,80000000,26692785805,2336737198,29029523003
2,80000000,23606701323,1999276572,25605977895
2,90000000,26516001548,2286195276,28802196824
2,90000000,26748867860,2249833890,28998701750
2,90000000,26511982830,2287761957,28799744787
2,90000000,26460567575,2231363130,28691930705
2,90000000,26506035534,2284643014,28790678548
2,90000000,26574510477,2235755964,28810266441
2,90000000,26737398602,2251765526,28989164128
2,90000000,26715286430,2248198857,28963485287
2,90000000,26737162481,2250036708,28987199189
2,90000000,26452054599,2225592470,28677647069
2,100000000,29637157607,2547063712,32184221319
2,100000000,29884877055,2499550791,32384427846
2,100000000,29905294139,2499188722,32404482861
2,100000000,29633960082,2540178552,32174138634
2,100000000,29655560947,2551079706,32206640653
2,100000000,29699620956,2484008215,32183629171
2,100000000,33771249053,2910996062,36682245115
2,100000000,29621531914,2540268652,32161800566
2,100000000,29730879603,2484830058,32215709661
2,100000000,33829754071,2916710120,36746464191
4,10000,1180964,418873,1599837
4,10000,1680509,597989,2278498
4,10000,1403337,439881,1843218
4,10000,1537264,444294,1981558
4,10000,1467860,548885,2016745
4,10000,1717418,411566,2128984
4,10000,1810358,460067,2270425
4,10000,1554274,445592,1999866
4,10000,1519521,418675,1938196
4,10000,1520552,416993,1937545
4,20000,1858344,950068,2808412
4,20000,2952516,834524,3787040
4,20000,2360950,1074657,3435607
4,20000,2161866,1001711,3163577
4,20000,2959290,832781,3792071
4,20000,2866649,874246,3740895
4,20000,1891422,882785,2774207
4,20000,3048593,916086,3964679
4,20000,3024306,848824,3873130
4,20000,3033481,1059675,4093156
4,30000,6403168,1256647,7659815
4,30000,7243889,1266467,8510356
4,30000,4708558,3814746,8523304
4,30000,5273600,1358932,6632532
4,30000,5979424,1245389,7224813
4,30000,7041655,1250753,8292408
4,30000,7185577,1224455,8410032
4,30000,6640395,1251586,7891981
4,30000,7123166,1496201,8619367
4,30000,7020632,1262636,8283268
4,40000,8359174,1653438,10012612
4,40000,8346524,1682363,10028887
4,40000,7572519,1911868,9484387
4,40000,6668344,1689351,8357695
4,40000,7019603,1975382,8994985
4,40000,7637466,1660165,9297631
4,40000,7808700,1882120,9690820
4,40000,6796171,1724099,8520270
4,40000,8249803,2099196,10348999
4,40000,8549156,1627243,10176399
4,50000,8492360,2163907,10656267
4,50000,11173666,2274788,13448454
4,50000,9379225,2120715,11499940
4,50000,5401133,2535202,7936335
4,50000,10658229,2613084,13271313
4,50000,8673830,2076256,10750086
4,50000,9714318,2167107,11881425
4,50000,4535893,2253893,6789786
4,50000,8833302,2479177,11312479
4,50000,8348165,2267908,10616073
4,60000,13465708,2947995,16413703
4,60000,11703198,2531470,14234668
4,60000,11190642,2948106,14138748
4,60000,12405556,2803456,15209012
4,60000,6569611,2981150,9550761
4,60000,10693838,2526562,13220400
4,60000,11945911,2508494,14454405
4,60000,10147367,2708452,12855819
4,60000,10959895,2540977,13500872
4,60000,5962572,2913886,8876458
4,70000,11692914,3004156,14697070
4,70000,13863389,3055988,16919377
4,70000,11826416,2986225,14812641
4,70000,11726777,2946145,14672922
4,70000,14577697,3481886,18059583
4,70000,13941443,2990615,16932058
4,70000,12800394,3649110,16449504
4,70000,6832134,2985874,9818008
4,70000,6378080,3252658,9630738
4,70000,11878982,3020016,14898998
4,80000,8161232,4314573,12475805
4,80000,7782430,3773811,11556241
4,80000,8208141,4098313,12306454
4,80000,7280214,3624448,10904662
4,80000,8290148,3712423,12002571
4,80000,7581056,3892957,11474013
4,80000,7822489,4034776,11857265
4,80000,8044168,4066062,12110230
4,80000,8349378,3393924,11743302
4,80000,8444569,3299181,11743750
4,90000,15180626,3989025,19169651
4,90000,8412264,4042191,12454455
4,90000,9293982,3994775,13288757
4,90000,8244084,3932847,12176931
4,90000,9113630,4736568,13850198
4,90000,9324416,3822120,13146536
4,90000,8958136,4612430,13570566
4,90000,8681589,4041253,12722842
4,90000,9096039,4536486,13632525
4,90000,9440186,4481551,13921737
4,100000,11878482,5069511,16947993
4,100000,9682053,4941085,14623138
4,100000,10465851,4439379,14905230
4,100000,11161431,4207010,15368441
4,100000,10416459,4427340,14843799
4,100000,9292126,4220545,13512671
4,100000,10102157,4176985,14279142
4,100000,9231400,4182827,13414227
4,100000,10616726,4721020,15337746
4,100000,10264098,5231691,15495789
4,100000,9241274,4515329,13756603
4,100000,10324198,4208922,14533120
4,100000,10567931,4286108,14854039
4,100000,10333765,5187513,15521278
4,100000,10121646,4171020,14292666
4,100000,10818442,4252170,15070612
4,100000,10155083,5166506,15321589
4,100000,9280484,4582786,13863270
4,100000,9983508,5104903,15088411
4,100000,10048222,4891784,14940006
4,200000,19599577,8726425,28326002
4,200000,19665973,8266704,27932677
4,200000,20609984,8308505,28918489
4,200000,21304229,9590216,30894445
4,200000,19570027,8547144,28117171
4,200000,19790922,8549791,28340713
4,200000,21147745,8810405,29958150
4,200000,36338438,8531959,44870397
4,200000,20519164,8445818,28964982
4,200000,21066894,9630556,30697450
4,300000,30100604,12496347,42596951
4,300000,32507087,14591853,47098940
4,300000,32228436,13867122,46095558
4,300000,30743103,12778496,43521599
4,300000,32937602,14686576,47624178
4,300000,33501342,14246898,47748240
4,300000,32726486,14592832,47319318
4,300000,32872319,15857707,48730026
4,300000,29775826,12822045,42597871
4,300000,30419326,12594043,43013369
4,400000,40214656,16588429,56803085
4,400000,39255887,16992246,56248133
4,400000,40669306,16981434,57650740
4,400000,40406306,16968458,57374764
4,400000,39914670,17013944,56928614
4,400000,45814166,19764008,65578174
4,400000,42357742,16959195,59316937
4,400000,44588824,19094046,63682870
4,400000,46218868,19228219,65447087
4,400000,46008971,19755072,65764043
4,500000,50592299,21402280,71994579
4,500000,57227344,24382399,81609743
4,500000,57959552,24677145,82636697
4,500000,51314448,21246715,72561163
4,500000,50887646,20958831,71846477
4,500000,50991754,21135578,72127332
4,500000,50698434,21428837,72127271
4,500000,56248594,23901310,80149904
4,500000,56637254,24227183,80864437
4,500000,50667292,21388202,72055494
4,600000,68837857,28729710,97567567
4,600000,68792370,29449641,98242011
4,600000,61517450,25424848,86942298
4,600000,69300874,28778455,98079329
4,600000,69194084,28842554,98036638
4,600000,69392740,29183286,98576026
4,600000,69804353,29477818,99282171
4,600000,61410547,25478246,86888793
4,600000,61722226,25683179,87405405
4,600000,61255636,25416085,86671721
4,700000,72703300,29610424,102313724
4,700000,72909237,29351658,102260895
4,700000,73953478,29534207,103487685
4,700000,74125187,29659101,103784288
4,700000,73116033,29525404,102641437
4,700000,72314588,29354459,101669047
4,700000,81437882,33628365,115066247
4,700000,81410890,33492884,114903774
4,700000,73049474,29426579,102476053
4,700000,73843928,29289202,103133130
4,800000,93828762,39027622,132856384
4,800000,84736655,33967195,118703850
4,800000,85665298,34175907,119841205
4,800000,94854829,38772266,133627095
4,800000,83677838,34108478,117786316
4,800000,83959509,33996125,117955634
4,800000,83320127,33811284,117131411
4,800000,93915196,39179176,133094372
4,800000,83912927,33180409,117093336
4,800000,83000184,33841996,116842180
4,900000,107333680,43492198,150825878
4,900000,95131872,38197095,133328967
4,900000,95363535,37529873,132893408
4,900000,96035663,37901809,133937472
4,900000,107495579,43515302,151010881
4,900000,107458338,44162562,151620900
4,900000,94430653,38122418,132553071
4,900000,94532015,38230266,132762281
4,900000,94803656,37999062,132802718
4,900000,95126731,37712710,132839441
4,1000000,106640390,42220998,148861388
4,1000000,105620550,42073688,147694238
4,1000000,119825176,49139016,168964192
4,1000000,106843939,42337876,149181815
4,1000000,123510008,48172068,171682076
4,1000000,105795966,42053381,147849347
4,1000000,120824125,48295018,169119143
4,1000000,120394748,49175804,169570552
4,1000000,114414425,47195156,161609581
4,1000000,106330017,41922113,148252130
4,1000000,107069845,41976924,149046769
4,1000000,111520241,47722581,159242822
4,1000000,119348725,49280299,168629024
4,1000000,106436803,41964434,148401237
4,1000000,114451000,48899260,163350260
4,1000000,111575583,48870736,160446319
4,1000000,113982106,49176021,163158127
4,1000000,118197479,48434121,166631600
4,1000000,120029254,49037352,169066606
4,1000000,106731423,42395871,149127294
4,2000000,225447287,84098430,309545717
4,2000000,226300817,84282607,310583424
4,2000000,254058655,97840355,351899010
4,2000000,253975774,98626329,352602103
4,2000000,253751695,98095125,351846820
4,2000000,224849001,84188002,309037003
4,2000000,224425477,83817528,308243005
4,2000000,224655174,84329440,308984614
4,2000000,254635906,98455318,353091224
4,2000000,225845917,84001327,309847244
4,3000000,390294594,147555449,537850043
4,3000000,351109724,126443128,477552852
4,3000000,391896659,147528831,539425490
4,3000000,390687056,148047039,538734095
4,3000000,346730637,125488502,472219139
4,3000000,391270656,147053660,538324316
4,3000000,350409769,126281508,476691277
4,3000000,391961861,147742108,539703969
4,3000000,350272774,126184174,476456948
4,3000000,390333632,147070104,537403736
4,4000000,477010121,168423831,645433952
4,4000000,473885985,170162756,644048741
4,4000000,473722377,167639477,641361854
4,4000000,471916006,166767617,638683623
4,4000000,531372785,197130828,728503613
4,4000000,475984386,167150137,643134523
4,4000000,472223891,166978113,639202004
4,4000000,472354819,166883646,639238465
4,4000000,473481379,166925121,640406500
4,4000000,477707906,168546084,646253990
4,5000000,601016094,212851725,813867819
4,5000000,675635148,245085173,920720321
4,5000000,674917896,245315767,920233663
4,5000000,605827737,210228823,816056560
4,5000000,674839507,245814549,920654056
4,5000000,599812402,208467102,808279504
4,5000000,607368386,210179495,817547881
4,5000000,599119263,208827705,807946968
4,5000000,601831499,208820338,810651837
4,5000000,600360341,208919227,809279568
4,6000000,728755398,255577310,984332708
4,6000000,729841764,250753689,980595453
4,6000000,781802116,285481455,1067283571
4,6000000,818014412,287117777,1105132189
4,6000000,733887741,249916134,983803875
4,6000000,819164456,294863765,1114028221
4,6000000,728120830,250259260,978380090
4,6000000,728084463,255184184,983268647
4,6000000,726795632,250015474,976811106
4,6000000,817051580,284983564,1102035144
4,7000000,947299373,343659267,1290958640
4,7000000,859037516,291477226,1150514742
4,7000000,863251505,292219710,1155471215
4,7000000,859001388,291680437,1150681825
4,7000000,859086788,298294749,1157381537
4,7000000,946719273,332657748,1279377021
4,7000000,945249862,343943834,1289193696
4,7000000,860204644,292092598,1152297242
4,7000000,857731056,291903116,1149634172
4,7000000,858277620,291458096,1149735716
4,8000000,990621885,333861088,1324482973
4,8000000,1116066746,392339277,1508406023
4,8000000,991998601,333560602,1325559203
4,8000000,989453452,333064261,1322517713
4,8000000,1105411968,392840379,1498252347
4,8000000,997642357,336667878,1334310235
4,8000000,1117265688,393484936,1510750624
4,8000000,1091578477,394162717,1485741194
4,8000000,991411680,333712685,1325124365
4,8000000,989926715,340033823,1329960538
4,9000000,1123582672,375526613,1499109285
4,9000000,1120501057,375181579,1495682636
4,9000000,1121517727,382887310,1504405037
4,9000000,1238267953,445256383,1683524336
4,9000000,1249604472,442824475,1692428947
4,9000000,1124664087,382879057,1507543144
4,9000000,1265110461,442548531,1707658992
4,9000000,1268380227,431661793,1700042020
4,9000000,1264680778,442781164,1707461942
4,9000000,1123454024,374640323,1498094347
4,10000000,1413684768,491318085,1905002853
4,10000000,1257713549,426043975,1683757524
4,10000000,1412101672,492251954,1904353626
4,10000000,1405277348,476364667,1881642015
4,10000000,1256250337,425720433,1681970770
4,10000000,1385365266,423655463,1809020729
4,10000000,1256159456,425860409,1682019865
4,10000000,1412085531,476501861,1888587392
4,10000000,1414683758,492931661,1907615419
4,10000000,1406452182,475728871,1882181053
4,10000000,1414356437,493450718,1907807155
4,10000000,1374739717,476265266,1851004983
4,10000000,1413018017,491398230,1904416247
4,10000000,1254228858,416615066,1670843924
4,10000000,1257283284,417163532,1674446816
4,10000000,1269845011,420504574,1690349585
4,10000000,1256421859,416743436,1673165295
4,10000000,1412978497,475555123,1888533620
4,10000000,1256592959,417266593,1673859552
4,10000000,1411185462,476130260,1887315722
4,20000000,2628036795,834676508,3462713303
4,20000000,2636474060,837298127,3473772187
4,20000000,2652266537,842370604,3494637141
4,20000000,2631746022,837227668,3468973690
4,20000000,2940738138,966990063,3907728201
4,20000000,2901696088,987786736,3889482824
4,20000000,2626088842,835080029,3461168871
4,20000000,2629874466,850206985,3480081451
4,20000000,2630655238,835592813,3466248051
4,20000000,2632579420,835299983,3467879403
4,30000000,4042091201,1254334609,5296425810
4,30000000,4041482496,1253121977,5294604473
4,30000000,4044399607,1253375693,5297775300
4,30000000,4522648399,1427174437,5949822836
4,30000000,4047985260,1281790381,5329775641
4,30000000,4514784993,1424606910,5939391903
4,30000000,4511683133,1425314707,5936997840
4,30000000,4518789576,1424269943,5943059519
4,30000000,4425323656,1423601230,5848924886
4,30000000,4515336434,1426995655,5942332089
4,40000000,5491035586,1670506151,7161541737
4,40000000,5520426580,1707630976,7228057556
4,40000000,5491020879,1708614190,7199635069
4,40000000,5509182457,1675391530,7184573987
4,40000000,5545307732,1689907218,7235214950
4,40000000,5551951957,1689115437,7241067394
4,40000000,6088758371,1893439136,7982197507
4,40000000,5490675217,1672770689,7163445906
4,40000000,6088135249,1895479026,7983614275
4,40000000,6083622044,1897289399,7980911443
4,50000000,7013738831,2110698736,9124437567
4,50000000,7032751486,2107975495,9140726981
4,50000000,7614695316,2373294880,9987990196
4,50000000,6962546870,2091861551,9054408421
4,50000000,7619005161,2373701811,9992706972
4,50000000,6944951758,2091172407,9036124165
4,50000000,6952162767,2088887405,9041050172
4,50000000,7629734080,2374729682,10004463762
4,50000000,7642113028,2371218577,10013331605
4,50000000,6967816313,2098067777,9065884090
4,60000000,9300065774,2840390647,12140456421
4,60000000,9305515783,2838765147,12144280930
4,60000000,8447793338,2510314775,10958108113
4,60000000,9308413087,2842841505,12151254592
4,60000000,9303987175,2839326074,12143313249
4,60000000,8436385030,2510243099,10946628129
4,60000000,8454091866,2563087212,11017179078
4,60000000,9144082589,2837285090,11981367679
4,60000000,8452383903,2564990707,11017374610
4,60000000,8530355250,2532748440,11063103690
4,70000000,9934740829,2927883873,12862624702
4,70000000,9930308703,2927585853,12857894556
4,70000000,9926655898,2929340707,12855996605
4,70000000,9949452281,2988789589,12938241870
4,70000000,9935352184,2928234209,12863586393
4,70000000,9930548788,2925685132,12856233920
4,70000000,10848355674,3320708078,14169063752
4,70000000,10070054880,2953917619,13023972499
4,70000000,9927728791,2926892343,12854621134
4,70000000,10832542007,3319428231,14151970238
4,80000000,12960838499,3930209619,16891048118
4,80000000,11553406640,3377082853,14930489493
4,80000000,11484776431,3414796083,14899572514
4,80000000,11443410528,3346141320,14789551848
4,80000000,11498855202,3356086394,14854941596
4,80000000,11436850720,3343472590,14780323310
4,80000000,11557116395,3375025750,14932142145
4,80000000,11592829939,3405892680,14998722619
4,80000000,11555715968,3373609134,14929325102
4,80000000,11480442904,3414355182,14894798086
4,90000000,13096092607,3807135673,16903228280
4,90000000,12959161137,3765640813,16724801950
4,90000000,12986488223,3841903057,16828391280
4,90000000,12991919169,3842216180,16834135349
4,90000000,12963125575,3765145209,16728270784
4,90000000,14657122249,4431589189,19088711438
4,90000000,14644625742,4425497003,19070122745
4,90000000,14384657460,4430318225,18814975685
4,90000000,14160617733,4253269310,18413887043
4,90000000,14671202388,4422279677,19093482065
4,100000000,14476243942,4178619907,18654863849
4,100000000,16399751412,4919774469,21319525881
4,100000000,16080816396,4922341772,21003158168
4,100000000,16377546619,4920734304,21298280923
4,100000000,14523999735,4184391188,18708390923
4,100000000,16087075892,4915020730,21002096622
4,100000000,15802746168,4728874419,20531620587
4,100000000,14502323951,4185532670,18687856621
4,100000000,16434770163,4920322758,21355092921
4,100000000,16420884550,4912102195,21332986745
8,10000,1425881,1008168,2434049
8,10000,1603014,772140,2375154
8,10000,1789533,936858,2726391
8,10000,1311838,937909,2249747
8,10000,1584906,1054201,2639107
8,10000,1186741,824654,2011395
8,10000,1333766,850411,2184177
8,10000,1654912,724699,2379611
8,10000,3340331,780771,4121102
8,10000,1394403,885815,2280218
8,20000,2094918,2766326,4861244
8,20000,1910623,3613558,5524181
8,20000,1671107,3235755,4906862
8,20000,2001982,3074288,5076270
8,20000,2556481,3870904,6427385
8,20000,1933200,3303060,5236260
8,20000,2570556,3843177,6413733
8,20000,1765226,3447864,5213090
8,20000,1688465,3448808,5137273
8,20000,1608963,3158125,4767088
8,30000,4455660,1892210,6347870
8,30000,4768269,1946993,6715262
8,30000,4293340,1871721,6165061
8,30000,4506851,2243481,6750332
8,30000,4520761,1858500,6379261
8,30000,6211318,2350371,8561689
8,30000,4829430,2051146,6880576
8,30000,3151184,1857328,5008512
8,30000,4957771,2003817,6961588
8,30000,3244449,1985531,5229980
8,40000,4775213,2545922,7321135
8,40000,6586318,2452325,9038643
8,40000,6854620,2630282,9484902
8,40000,6108103,2664826,8772929
8,40000,4201519,2653376,6854895
8,40000,5976431,2689793,8666224
8,40000,6394528,2572426,8966954
8,40000,5334404,2621102,7955506
8,40000,5577462,2551415,8128877
8,40000,5099773,2390766,7490539
8,50000,7618346,3975127,11593473
8,50000,6860886,2946367,9807253
8,50000,5742143,3620008,9362151
8,50000,7218325,3141304,10359629
8,50000,6435370,3209228,9644598
8,50000,7919981,3415830,11335811
8,50000,7868788,3248604,11117392
8,50000,5805054,3185505,8990559
8,50000,7269646,3572195,10841841
8,50000,7208539,3336409,10544948
8,60000,8899076,5871744,14770820
8,60000,7189676,5656408,12846084
8,60000,9372412,5665006,15037418
8,60000,7030648,5322231,12352879
8,60000,8290379,5817907,14108286
8,60000,8355560,4983096,13338656
8,60000,7282985,5641021,12924006
8,60000,9095907,5464563,14560470
8,60000,7706195,5700754,13406949
8,60000,7782173,5915516,13697689
8,70000,8356740,4171729,12528469
8,70000,8415706,6490395,14906101
8,70000,9402481,5676326,15078807
8,70000,9756341,5388609,15144950
8,70000,8408653,6147853,14556506
8,70000,8147387,7116669,15264056
8,70000,9537303,7187361,16724664
8,70000,8412827,5832562,14245389
8,70000,7993912,6491289,14485201
8,70000,9192852,6685503,15878355
8,80000,9551253,7991820,17543073
8,80000,8870271,6797269,15667540
8,80000,8943945,7774966,16718911
8,80000,9623488,7219885,16843373
8,80000,6735081,6682099,13417180
8,80000,6668054,6754923,13422977
8,80000,10665367,7152714,17818081
8,80000,8927819,7286869,16214688
8,80000,7905677,7464309,15369986
8,80000,11447812,7576581,19024393
8,90000,10890152,7823304,18713456
8,90000,7464609,7008468,14473077
8,90000,12581907,7557939,20139846
8,90000,9957648,7752549,17710197
8,90000,10718823,7900370,18619193
8,90000,10854071,7025795,17879866
8,90000,10925127,6854326,17779453
8,90000,10875184,7704205,18579389
8,90000,9404653,6663126,16067779
8,90000,10091751,7504480,17596231
8,100000,12312951,8042688,20355639
8,100000,13457742,7146011,20603753
8,100000,13530589,8095381,21625970
8,100000,13933270,8511017,22444287
8,100000,12334083,7013038,19347121
8,100000,9740828,7366533,17107361
8,100000,14311308,7317618,21628926
8,100000,11415198,7234630,18649828
8,100000,13368501,8604743,21973244
8,100000,13729782,8409808,22139590
8,100000,9513094,7452098,16965192
8,100000,12431388,8430610,20861998
8,100000,14085893,8606700,22692593
8,100000,14011560,7238117,21249677
8,100000,14324766,7271931,21596697
8,100000,8225824,8137122,16362946
8,100000,10325606,7483616,17809222
8,100000,13057106,8651189,21708295
8,100000,11743135,7531119,19274254
8,100000,11289512,8140487,19429999
8,200000,17165342,13869798,31035140
8,200000,17476778,14388573,31865351
8,200000,17414225,14210701,31624926
8,200000,17260765,13215010,30475775
8,200000,19164459,14515679,33680138
8,200000,17218172,14166449,31384621
8,200000,17501322,14234304,31735626
8,200000,17361701,14842504,32204205
8,200000,17154558,13450328,30604886
8,200000,17300745,14402847,31703592
8,300000,26442972,18939848,45382820
8,300000,26910102,19976105,46886207
8,300000,26478347,19881700,46360047
8,300000,27682830,19922938,47605768
8,300000,28560549,17883486,46444035
8,300000,26435522,19769847,46205369
8,300000,26579022,19921018,46500040
8,300000,26481494,19810793,46292287
8,300000,26636278,19776766,46413044
8,300000,26821070,20152459,46973529
8,400000,36480274,24741083,61221357
8,400000,36484551,26071815,62556366
8,400000,37133842,25599089,62732931
8,400000,38132363,26530911,64663274
8,400000,36146114,25577925,61724039
8,400000,36340196,26014090,62354286
8,400000,36129103,25369009,61498112
8,400000,38573662,27134267,65707929
8,400000,36135259,26172996,62308255
8,400000,36363457,26477956,62841413
8,500000,28730210,31857755,60587965
8,500000,47939307,29050538,76989845
8,500000,46213623,31956542,78170165
8,500000,46480618,32510142,78990760
8,500000,46058679,31380800,77439479
8,500000,27254343,32370535,59624878
8,500000,46604245,32459193,79063438
8,500000,46180663,31448663,77629326
8,500000,46316241,33107589,79423830
8,500000,46430088,32287354,78717442
8,600000,56802998,37121051,93924049
8,600000,57063488,38488324,95551812
8,600000,33079173,37126629,70205802
8,600000,56461687,39212396,95674083
8,600000,56200103,38442339,94642442
8,600000,34021745,38155912,72177657
8,600000,33099626,38337588,71437214
8,600000,56131934,38215593,94347527
8,600000,55588988,37941250,93530238
8,600000,34230668,42651096,76881764
8,700000,38271570,39424455,77696025
8,700000,67428379,39526305,106954684
8,700000,66820883,44026192,110847075
8,700000,40010921,48137317,88148238
8,700000,69107642,44159479,113267121
8,700000,38097913,43901859,81999772
8,700000,39147972,48772227,87920199
8,700000,67054533,43196140,110250673
8,700000,66177242,43138158,109315400
8,700000,66500708,44027058,110527766
8,800000,45734830,55453053,101187883
8,800000,42322797,49931353,92254150
8,800000,77179113,49948203,127127316
8,800000,43655884,49578448,93234332
8,800000,43026744,50278608,93305352
8,800000,43103626,49497972,92601598
8,800000,78585702,49474241,128059943
8,800000,76673365,49159536,125832901
8,800000,79942495,49927917,129870412
8,800000,43924136,46854754,90778890
8,900000,48726634,61212871,109939505
8,900000,49071595,55506121,104577716
8,900000,87560360,56369803,143930163
8,900000,51223939,61271983,112495922
8,900000,50852957,61259508,112112465
8,900000,50495027,62748055,113243082
8,900000,48691305,55729065,104420370
8,900000,50977699,61410017,112387716
8,900000,86851721,55590934,142442655
8,900000,51197476,61547220,112744696
8,1000000,56306905,62434936,118741841
8,1000000,58131812,68490630,126622442
8,1000000,55866107,57354767,113220874
8,1000000,54574225,62228017,116802242
8,1000000,54596301,56948774,111545075
8,1000000,57202621,62175931,119378552
8,1000000,98249733,61739995,159989728
8,1000000,58422347,62186769,120609116
8,1000000,98034890,61291471,159326361
8,1000000,56327199,69288079,125615278
8,1000000,57432798,68938217,126371015
8,1000000,57979056,69699494,127678550
8,1000000,54701565,62013283,116714848
8,1000000,56494901,68902538,125397439
8,1000000,54920004,56933536,111853540
8,1000000,55221093,56395042,111616135
8,1000000,98717255,55768552,154485807
8,1000000,56376468,57154481,113530949
8,1000000,55831295,56723836,112555131
8,1000000,57576403,61483020,119059423
8,2000000,115853360,122335037,238188397
8,2000000,118989266,136245996,255235262
8,2000000,119706606,136918005,256624611
8,2000000,114579189,122275092,236854281
8,2000000,113968715,111415293,225384008
8,2000000,116486508,112823983,229310491
8,2000000,113668433,112384990,226053423
8,2000000,113961657,112543344,226505001
8,2000000,113583824,113019827,226603651
8,2000000,117047169,135468350,252515519
8,3000000,178723910,181643643,360367553
8,3000000,176145958,168785885,344931843
8,3000000,176043252,167646173,343689425
8,3000000,181043689,204484984,385528673
8,3000000,180053943,205041110,385095053
8,3000000,177540180,167323791,344863971
8,3000000,179409110,182143316,361552426
8,3000000,179265433,182871629,362137062
8,3000000,175020484,169175375,344195859
8,3000000,179378649,181707821,361086470
8,4000000,241205827,244983382,486189209
8,4000000,238719135,222927005,461646140
8,4000000,238545138,221087593,459632731
8,4000000,237220755,223112638,460333393
8,4000000,238673538,267682603,506356141
8,4000000,241377561,242551514,483929075
8,4000000,243696410,219962336,463658746
8,4000000,238926019,223191124,462117143
8,4000000,236652241,222595347,459247588
8,4000000,237231915,223940462,461172377
8,5000000,302554429,275989885,578544314
8,5000000,302646814,276818643,579465457
8,5000000,301366098,278637916,580004014
8,5000000,309525285,301108430,610633715
8,5000000,303799292,304142822,607942114
8,5000000,308057995,275875389,583933384
8,5000000,305445577,339960614,645406191
8,5000000,301900206,304089580,605989786
8,5000000,305262644,304815328,610077972
8,5000000,302121249,277862312,579983561
8,6000000,380058625,364138772,744197397
8,6000000,369054427,335055292,704109719
8,6000000,365760286,333803355,699563641
8,6000000,365470616,337585392,703056008
8,6000000,371148276,365243402,736391678
8,6000000,373648499,364352642,738001141
8,6000000,368715607,335118378,703833985
8,6000000,372968546,330729567,703698113
8,6000000,368861202,364454644,733315846
8,6000000,374457210,364996860,739454070
8,7000000,431422155,394976203,826398358
8,7000000,437003301,388267730,825271031
8,7000000,445444740,386994253,832438993
8,7000000,444667455,386587309,831254764
8,7000000,439153186,424660901,863814087
8,7000000,446202566,386748802,832951368
8,7000000,445892560,389102386,834994946
8,7000000,441301375,426029101,867330476
8,7000000,434176134,392184307,826360441
8,7000000,432697142,394763723,827460865
8,8000000,503595104,442980735,946575839
8,8000000,505601590,488133601,993735191
8,8000000,501451732,533067854,1034519586
8,8000000,496154543,449327784,945482327
8,8000000,496696874,444455061,941151935
8,8000000,497104406,451797990,948902396
8,8000000,497213384,453411159,950624543
8,8000000,508312441,488410964,996723405
8,8000000,498919951,450759516,949679467
8,8000000,496595149,443353896,939949045
8,9000000,572563396,549500694,1122064090
8,9000000,564932992,507054277,1071987269
8,9000000,564049013,505592567,1069641580
8,9000000,567256561,612962036,1180218597
8,9000000,567051424,501540403,1068591827
8,9000000,570159630,544408858,1114568488
8,9000000,563599188,509105302,1072704490
8,9000000,574716339,544518526,1119234865
8,9000000,564856956,513478918,1078335874
8,9000000,570376094,549199212,1119575306
8,10000000,639147874,611978686,1251126560
8,10000000,630047907,564927051,1194974958
8,10000000,629090704,564773026,1193863730
8,10000000,637808771,610760965,1248569736
8,10000000,631026065,558666556,1189692621
8,10000000,628941420,566292773,1195234193
8,10000000,629552749,564349574,1193902323
8,10000000,641342935,610966614,1252309549
8,10000000,629946418,565828430,1195774848
8,10000000,631043576,554885618,1185929194
8,10000000,637578069,557396720,1194974789
8,10000000,638748086,606283577,1245031663
8,10000000,638840770,605675440,1244516210
8,10000000,639013291,610932726,1249946017
8,10000000,629746050,564697625,1194443675
8,10000000,629028441,565833374,1194861815
8,10000000,629021493,565441429,1194462922
8,10000000,628740120,569892088,1198632208
8,10000000,628215158,620779285,1248994443
8,10000000,635826958,610308525,1246135483
8,20000000,1336616431,1227109334,2563725765
8,20000000,1318842332,1137944644,2456786976
8,20000000,1335788302,1216606070,2552394372
8,20000000,1347369831,1222470552,2569840383
8,20000000,1339628326,1226767006,2566395332
8,20000000,1325741182,1137527171,2463268353
8,20000000,1320741073,1129188577,2449929650
8,20000000,1346391318,1220312233,2566703551
8,20000000,1350008966,1226687040,2576696006
8,20000000,1338136170,1226071892,2564208062
8,30000000,2060820288,1826267670,3887087958
8,30000000,2031881149,1698157742,3730038891
8,30000000,2044591106,1835835563,3880426669
8,30000000,2030791439,1712042764,3742834203
8,30000000,2073975324,1847606279,3921581603
8,30000000,2157764794,1845392162,4003156956
8,30000000,2034293476,1683340312,3717633788
8,30000000,2035678482,1696480796,3732159278
8,30000000,2028245623,1718890142,3747135765
8,30000000,2162618651,1842023520,4004642171
8,40000000,2853517563,2263538987,5117056550
8,40000000,2931016544,2465741912,5396758456
8,40000000,2791587341,2666848590,5458435931
8,40000000,2800741836,2464927459,5265669295
8,40000000,2758914142,2289428072,5048342214
8,40000000,2795445242,2671039850,5466485092
8,40000000,2797442711,2665081988,5462524699
8,40000000,2856653888,2253700554,5110354442
8,40000000,2752983957,2282640029,5035623986
8,40000000,2755920717,2287210754,5043131471
8,50000000,3679179281,3081579318,6760758599
8,50000000,3485704653,2855695307,6341399960
8,50000000,3487526465,2868317724,6355844189
8,50000000,3485854836,2819671804,6305526640
8,50000000,3510590466,3343430292,6854020758
8,50000000,3482241320,2867512063,6349753383
8,50000000,3487014383,2852165597,6339179980
8,50000000,3506157155,2838264128,6344421283
8,50000000,3487786770,2847781256,6335568026
8,50000000,3491613005,2855159810,6346772815
8,60000000,4248504343,3426632554,7675136897
8,60000000,4222522314,3612745915,7835268229
8,60000000,4247726097,3432932953,7680659050
8,60000000,4245028987,3395979051,7641008038
8,60000000,4244395593,3421995365,7666390958
8,60000000,4246613512,3404054247,7650667759
8,60000000,4239857378,3436692886,7676550264
8,60000000,4225743877,3429853487,7655597364
8,60000000,4245076378,3399622303,7644698681
8,60000000,4236780185,3431218888,7667999073
8,70000000,5317538671,4304300279,9621838950
8,70000000,5082460477,4323385326,9405845803
8,70000000,4971512482,4003617705,8975130187
8,70000000,5085461128,4308215666,9393676794
8,70000000,5217223941,3959373001,9176596942
8,70000000,4983430292,4024215565,9007645857
8,70000000,4985183328,3937169184,8922352512
8,70000000,5038504142,4797408722,9835912864
8,70000000,5210904746,3950092347,9160997093
8,70000000,4979801235,4024883585,9004684820
8,80000000,5856867898,4923008645,10779876543
8,80000000,5742792699,4565261569,10308054268
8,80000000,5858050961,4922154804,10780205765
8,80000000,5855529730,4908886290,10764416020
8,80000000,6125617519,4929186807,11054804326
8,80000000,6023335914,4521932707,10545268621
8,80000000,6129489083,4925710880,11055199963
8,80000000,6115706686,4939355166,11055061852
8,80000000,6085370386,4921825194,11007195580
8,80000000,5889975426,4890225978,10780201404
8,90000000,6639559808,5540626880,12180186688
8,90000000,6499370850,5125933326,11625304176
8,90000000,6531351695,5104936594,11636288289
8,90000000,6622832907,5541183821,12164016728
8,90000000,6823608323,5070718243,11894326566
8,90000000,6631637851,5544200296,12175838147
8,90000000,6619093611,5543140660,12162234271
8,90000000,6625349917,5548665779,12174015696
8,90000000,6952945921,5541636437,12494582358
8,90000000,6504833575,5142653058,11647486633
8,100000000,7761989592,6157840376,13919829968
8,100000000,7267302467,5713785295,12981087762
8,100000000,7289860328,5635527660,12925387988
8,100000000,7760612702,6156871628,13917484330
8,100000000,7275376305,5701848193,12977224498
8,100000000,7274060978,5693358338,12967419316
8,100000000,7267605886,5698717970,12966323856
8,100000000,7270774354,5695751335,12966525689
8,100000000,7301127210,5689731937,12990859147
8,100000000,7768568649,6148399163,13916967812
16,10000,1065269,876093,1941362
16,10000,1162662,1154827,2317489
16,10000,1016634,793953,1810587
16,10000,1318155,749988,2068143
16,10000,1994640,1057675,3052315
16,10000,1054927,844358,1899285
16,10000,1436369,806956,2243325
16,10000,1187168,1174869,2362037
16,10000,1078637,777566,1856203
16,10000,1087730,888840,1976570
16,20000,1645203,3318355,4963558
16,20000,1803818,3552785,5356603
16,20000,1666957,2558015,4224972
16,20000,1773654,4240750,6014404
16,20000,1850107,3582039,5432146
16,20000,1771098,3608444,5379542
16,20000,1762489,3312440,5074929
16,20000,1815693,3692153,5507846
16,20000,1503041,3574862,5077903
16,20000,1568500,4079608,5648108
16,30000,4451869,2225701,6677570
16,30000,2894842,2438088,5332930
16,30000,2267363,3945675,6213038
16,30000,4290287,2214868,6505155
16,30000,4796528,2132237,6928765
16,30000,5770243,2069323,7839566
16,30000,3581068,3551796,7132864
16,30000,3357973,3583725,6941698
16,30000,3462656,2298570,5761226
16,30000,2358529,2215936,4574465
16,40000,4138828,4618907,8757735
16,40000,3891643,3725521,7617164
16,40000,3710298,3207893,6918191
16,40000,5375341,2772224,8147565
16,40000,3838907,3013908,6852815
16,40000,5068282,2790341,7858623
16,40000,4333643,5698899,10032542
16,40000,5215076,5926277,11141353
16,40000,4011854,4361548,8373402
16,40000,6326670,4668068,10994738
16,50000,4530072,5074554,9604626
16,50000,6182984,5039808,11222792
16,50000,4304491,5799957,10104448
16,50000,6097061,4897780,10994841
16,50000,5171977,5417172,10589149
16,50000,4366764,5624443,9991207
16,50000,5301057,5525135,10826192
16,50000,3199059,5554330,8753389
16,50000,5158078,6144261,11302339
16,50000,5744655,5756151,11500806
16,60000,6634703,6257461,12892164
16,60000,7333169,5870760,13203929
16,60000,5953634,6190255,12143889
16,60000,5172184,6360070,11532254
16,60000,6640014,4409257,11049271
16,60000,6043488,6228066,12271554
16,60000,5816336,6713216,12529552
16,60000,7618067,5792645,13410712
16,60000,5568356,6142498,11710854
16,60000,4478208,5825504,10303712
16,70000,4340337,7680478,12020815
16,70000,7298334,6917487,14215821
16,70000,7347846,6119768,13467614
16,70000,5106096,7634602,12740698
16,70000,7546554,7878277,15424831
16,70000,7377848,7033980,14411828
16,70000,5391202,6665397,12056599
16,70000,5098486,6532518,11631004
16,70000,8291145,6548874,14840019
16,70000,7792768,7585188,15377956
16,80000,7404097,7483805,14887902
16,80000,5715141,7086133,12801274
16,80000,4247123,7489202,11736325
16,80000,4833467,7028245,11861712
16,80000,6940279,7577961,14518240
16,80000,6763448,7357384,14120832
16,80000,5133844,8062012,13195856
16,80000,6549205,7210810,13760015
16,80000,8129663,7873792,16003455
16,80000,7450872,7502301,14953173
16,90000,8903515,7994834,16898349
16,90000,8723110,7798256,16521366
16,90000,8432964,7993177,16426141
16,90000,7388077,8367346,15755423
16,90000,8919457,8057154,16976611
16,90000,8780047,8610227,17390274
16,90000,8959167,7771285,16730452
16,90000,8647259,8434327,17081586
16,90000,8304156,8934382,17238538
16,90000,8745542,9405796,18151338
16,100000,9210497,8699865,17910362
16,100000,8413256,9429231,17842487
16,100000,8462455,9159595,17622050
16,100000,5589671,8797042,14386713
16,100000,9853230,9047713,18900943
16,100000,9819721,8995392,18815113
16,100000,8378914,9475433,17854347
16,100000,8461032,9221093,17682125
16,100000,7172383,8344011,15516394
16,100000,9847872,8727833,18575705
16,100000,9031594,8307617,17339211
16,100000,9884294,8905980,18790274
16,100000,7716972,8776703,16493675
16,100000,8689329,8552933,17242262
16,100000,7485128,8516993,16002121
16,100000,8697005,9035541,17732546
16,100000,5865639,8881217,14746856
16,100000,9310850,9326357,18637207
16,100000,7661950,8763671,16425621
16,100000,6657514,9369558,16027072
16,200000,16210557,16429346,32639903
16,200000,12151692,15566032,27717724
16,200000,16781215,15590576,32371791
16,200000,13049039,15595562,28644601
16,200000,16325145,15524626,31849771
16,200000,16125936,16349674,32475610
16,200000,14606472,16208182,30814654
16,200000,16481900,15992275,32474175
16,200000,10435625,16313279,26748904
16,200000,18132259,16243296,34375555
16,300000,22728845,22644507,45373352
16,300000,20082011,23376652,43458663
16,300000,19096878,22622609,41719487
16,300000,15618545,22967765,38586310
16,300000,15860525,22805648,38666173
16,300000,24234056,24994637,49228693
16,300000,21877002,23043984,44920986
16,300000,24388891,23193649,47582540
16,300000,22194718,23942728,46137446
16,300000,18784959,23404858,42189817
16,400000,21589753,30680870,52270623
16,400000,20696948,28331173,49028121
16,400000,20544766,29111820,49656586
16,400000,20785633,28692036,49477669
16,400000,23129892,32515234,55645126
16,400000,21832051,29178667,51010718
16,400000,20950111,29653534,50603645
16,400000,22467420,30649128,53116548
16,400000,20417344,27235773,47653117
16,400000,19036059,31014262,50050321
16,500000,25423469,41126136,66549605
16,500000,24248421,42419865,66668286
16,500000,21844264,37332913,59177177
16,500000,24649931,32116376,56766307
16,500000,24485614,37233816,61719430
16,500000,26867468,40491012,67358480
16,500000,23235523,35168024,58403547
16,500000,24873574,35516526,60390100
16,500000,24690463,38527465,63217928
16,500000,25652005,36404264,62056269
16,600000,31055852,49365462,80421314
16,600000,31279850,50004815,81284665
16,600000,31556769,48555628,80112397
16,600000,27633489,46090015,73723504
16,600000,28103145,43646715,71749860
16,600000,31640166,48219798,79859964
16,600000,29046596,43230863,72277459
16,600000,26586477,37906745,64493222
16,600000,31542624,46936318,78478942
16,600000,29506126,44865794,74371920
16,700000,36483687,56005505,92489192
16,700000,34277888,48048030,82325918
16,700000,36658440,51448793,88107233
16,700000,32086057,52289072,84375129
16,700000,37088851,55027697,92116548
16,700000,34005696,48192647,82198343
16,700000,33096778,52345623,85442401
16,700000,37217182,50401260,87618442
16,700000,32357683,49731947,82089630
16,700000,33017600,52644219,85661819
16,800000,37124489,55211739,92336228
16,800000,39498212,56693069,96191281
16,800000,36626811,58574857,95201668
16,800000,40815316,65323095,106138411
16,800000,37261817,58008038,95269855
16,800000,37018144,58962966,95981110
16,800000,40646737,64823924,105470661
16,800000,41885702,64985410,106871112
16,800000,39254935,59331644,98586579
16,800000,38879741,54666908,93546649
16,900000,41473356,66472994,107946350
16,900000,44214295,63092858,107307153
16,900000,43016334,65021362,108037696
16,900000,44828441,66143586,110972027
16,900000,44769330,64939864,109709194
16,900000,42855186,64343302,107198488
16,900000,42276228,65070345,107346573
16,900000,41513755,66314823,107828578
16,900000,45500241,62231492,107731733
16,900000,43341604,64610438,107952042
16,1000000,32510855,72778396,105289251
16,1000000,48510021,68959426,117469447
16,1000000,46576231,72680213,119256444
16,1000000,47001229,71875676,118876905
16,1000000,45826124,73237559,119063683
16,1000000,47112099,68984188,116096287
16,1000000,46035482,69111740,115147222
16,1000000,29997251,73688538,103685789
16,1000000,46958327,68808340,115766667
16,1000000,46523569,70973831,117497400
16,1000000,48266116,73456013,121722129
16,1000000,47600768,69627730,117228498
16,1000000,47311343,69836790,117148133
16,1000000,47649535,67851208,115500743
16,1000000,47648609,72840865,120489474
16,1000000,46255870,71708295,117964165
16,1000000,30668538,73205482,103874020
16,1000000,30048213,68641098,98689311
16,1000000,30973736,73200918,104174654
16,1000000,45951078,69341356,115292434
16,2000000,65973503,121885934,187859437
16,2000000,66316024,142541134,208857158
16,2000000,62123777,143225649,205349426
16,2000000,63029498,143431724,206461222
16,2000000,64232822,142428269,206661091
16,2000000,61884131,143374141,205258272
16,2000000,68337035,144588060,212925095
16,2000000,67307924,137889983,205197907
16,2000000,62015193,143417610,205432803
16,2000000,63534939,144585258,208120197
16,3000000,99780796,213407374,313188170
16,3000000,99168970,183752293,282921263
16,3000000,99192758,182253147,281445905
16,3000000,97465818,213512935,310978753
16,3000000,98835108,215110110,313945218
16,3000000,96655352,203023417,299678769
16,3000000,94814227,212065554,306879781
16,3000000,98643116,213128547,311771663
16,3000000,99334072,207964969,307299041
16,3000000,96604108,208427811,305031919
16,4000000,127926129,284984865,412910994
16,4000000,131031182,285568268,416599450
16,4000000,133666575,285215666,418882241
16,4000000,128019330,286341782,414361112
16,4000000,129650886,278318180,407969066
16,4000000,132297990,284635848,416933838
16,4000000,130586134,284356320,414942454
16,4000000,133413604,285190445,418604049
16,4000000,132709634,281609962,414319596
16,4000000,127315046,277472143,404787189
16,5000000,164318127,355798396,520116523
16,5000000,166789669,354809225,521598894
16,5000000,165966484,355372562,521339046
16,5000000,164180582,353965691,518146273
16,5000000,160844187,347023057,507867244
16,5000000,164405375,355325967,519731342
16,5000000,162214828,346140697,508355525
16,5000000,160818010,348990366,509808376
16,5000000,161132404,348211029,509343433
16,5000000,167835432,353981710,521817142
16,6000000,195829508,425529599,621359107
16,6000000,195444932,415746647,611191579
16,6000000,194009291,405300886,599310177
16,6000000,193852767,416480167,610332934
16,6000000,193459291,427066469,620525760
16,6000000,194733319,427354198,622087517
16,6000000,197141577,425471109,622612686
16,6000000,193868459,415328630,609197089
16,6000000,195807076,426558603,622365679
16,6000000,194814970,464016214,658831184
16,7000000,229638162,499471326,729109488
16,7000000,226654785,496707985,723362770
16,7000000,230869669,497737472,728607141
16,7000000,233892688,499386349,733279037
16,7000000,227598580,496184606,723783186
16,7000000,232308722,471867280,704176002
16,7000000,234533966,498240851,732774817
16,7000000,232652206,495151670,727803876
16,7000000,229247497,496959328,726206825
16,7000000,230687856,496632959,727320815
16,8000000,264948019,566244037,831192056
16,8000000,276448110,614076397,890524507
16,8000000,265968386,567449308,833417694
16,8000000,262796111,568892514,831688625
16,8000000,262612297,553147503,815759800
16,8000000,263284446,567307944,830592390
16,8000000,272295896,554227982,826523878
16,8000000,266553166,565536566,832089732
16,8000000,264138487,567107950,831246437
16,8000000,263879874,569164828,833044702
16,9000000,296036990,637907722,933944712
16,9000000,296730882,638462027,935192909
16,9000000,297069921,620218825,917288746
16,9000000,297484364,640880505,938364869
16,9000000,296418084,637898057,934316141
16,9000000,298139845,639171343,937311188
16,9000000,298845549,637313335,936158884
16,9000000,295773772,637555831,933329603
16,9000000,296553057,623785222,920338279
16,9000000,296511794,602710878,899222672
16,10000000,332716882,676853736,1009570618
16,10000000,332953149,709565193,1042518342
16,10000000,330599156,709007051,1039606207
16,10000000,333578845,707680499,1041259344
16,10000000,334560472,706233126,1040793598
16,10000000,334769961,710408948,1045178909
16,10000000,331888280,710412037,1042300317
16,10000000,332996938,710772231,1043769169
16,10000000,337155797,676901442,1014057239
16,10000000,337323442,711780509,1049103951
16,10000000,339190011,706113716,1045303727
16,10000000,336636918,709075636,1045712554
16,10000000,332420117,710852319,1043272436
16,10000000,332052440,691660958,1023713398
16,10000000,329441159,710098958,1039540117
16,10000000,336158868,709099607,1045258475
16,10000000,340956397,707428178,1048384575
16,10000000,338980544,708956227,1047936771
16,10000000,332817191,707934099,1040751290
16,10000000,334125576,673450824,1007576400
16,20000000,691205096,1412535867,2103740963
16,20000000,692858400,1378094603,2070953003
16,20000000,693699155,1424224981,2117924136
16,20000000,689890913,1415854473,2105745386
16,20000000,690892912,1408535648,2099428560
16,20000000,691641479,1418963217,2110604696
16,20000000,689745100,1412094002,2101839102
16,20000000,690134142,1414371277,2104505419
16,20000000,689882640,1414890998,2104773638
16,20000000,693763482,1411912290,2105675772
16,30000000,1060480815,2058095935,3118576750
16,30000000,1062552710,2111534352,3174087062
16,30000000,1059687426,2070503385,3130190811
16,30000000,1060196374,2135337937,3195534311
16,30000000,1063649254,2119460930,3183110184
16,30000000,1062194410,2116304135,3178498545
16,30000000,1058236279,2063422998,3121659277
16,30000000,1063986718,2132043960,3196030678
16,30000000,1064557042,2115876203,3180433245
16,30000000,1063035596,2111747518,3174783114
16,40000000,1520345417,2841581028,4361926445
16,40000000,1439154675,2825471667,4264626342
16,40000000,1447355229,2809683142,4257038371
16,40000000,1435743508,2809365859,4245109367
16,40000000,1438189275,2812568026,4250757301
16,40000000,1439752397,2757376048,4197128445
16,40000000,1434893519,2757384796,4192278315
16,40000000,1439623814,2835098977,4274722791
16,40000000,1501283498,3057811371,4559094869
16,40000000,1437424999,2824552605,4261977604
16,50000000,1843316692,3542293117,5385609809
16,50000000,1821856547,3535117778,5356974325
16,50000000,1819127546,3535965879,5355093425
16,50000000,1821309038,3510018220,5331327258
16,50000000,1817703743,3538234133,5355937876
16,50000000,1819544410,3540098570,5359642980
16,50000000,1820798726,3543230790,5364029516
16,50000000,1819397194,3525047212,5344444406
16,50000000,1819926849,3524766311,5344693160
16,50000000,1823248648,3525065144,5348313792
16,60000000,2214390644,4145907213,6360297857
16,60000000,2208487486,4250544453,6459031939
16,60000000,2206215352,4254661199,6460876551
16,60000000,2200127704,4253963018,6454090722
16,60000000,2209064492,4121887748,6330952240
16,60000000,2204757071,4244768813,6449525884
16,60000000,2216562510,4237134513,6453697023
16,60000000,2208150220,4221095629,6429245849
16,60000000,2214839540,4251051131,6465890671
16,60000000,2201585641,4255990059,6457575700
16,70000000,2597898276,4918505297,7516403573
16,70000000,2595911794,4934186011,7530097805
16,70000000,2592505434,4811287030,7403792464
16,70000000,2595410887,4930537837,7525948724
16,70000000,2596710014,4939874378,7536584392
16,70000000,2586505615,4962521955,7549027570
16,70000000,2597566168,4934292700,7531858868
16,70000000,2718143214,4974182033,7692325247
16,70000000,2592455066,4937135710,7529590776
16,70000000,2603080573,4964158437,7567239010
16,80000000,2996254403,5617071291,8613325694
16,80000000,2996666006,5631052630,8627718636
16,80000000,2994573963,5366918715,8361492678
16,80000000,2997266363,5648481107,8645747470
16,80000000,3011020707,5624361415,8635382122
16,80000000,2991589991,5358718511,8350308502
16,80000000,2980576197,5512711482,8493287679
16,80000000,2994646512,5658812915,8653459427
16,80000000,2989845276,5649154626,8638999902
16,80000000,2989598557,5630295228,8619893785
16,90000000,3395027810,6320786476,9715814286
16,90000000,3374656382,6349178415,9723834797
16,90000000,3390099946,5435094245,8825194191
16,90000000,3386659558,6316421072,9703080630
16,90000000,3389303845,6177597534,9566901379
16,90000000,3404552317,6344584999,9749137316
16,90000000,3385168479,6339188825,9724357304
16,90000000,3372504463,6203575939,9576080402
16,90000000,3406759724,6180243434,9587003158
16,90000000,3389064969,6348383334,9737448303
16,100000000,3773186663,7054857846,10828044509
16,100000000,3782491078,7052106025,10834597103
16,100000000,3783220688,7072292246,10855512934
16,100000000,3781179265,7051861546,10833040811
16,100000000,3781561938,7088051531,10869613469
16,100000000,3784408806,7034396834,10818805640
16,100000000,3788047728,7039268004,10827315732
16,100000000,3783630385,7018347733,10801978118
16,100000000,3782122126,7084399655,10866521781
16,100000000,3799835986,7079410840,10879246826
32,10000,1214284,3353803,4568087
32,10000,1069080,3353875,4422955
32,10000,1107190,2792453,3899643
32,10000,1236744,3120733,4357477
32,10000,1040748,1945888,2986636
32,10000,1115983,3038698,4154681
32,10000,1370244,3027242,4397486
32,10000,1119676,2484517,3604193
32,10000,1093032,2576916,3669948
32,10000,1325144,3069616,4394760
32,20000,1807271,3297731,5105002
32,20000,1478507,4353695,5832202
32,20000,1350296,4210981,5561277
32,20000,1558322,3769937,5328259
32,20000,1703367,3797114,5500481
32,20000,1654588,4417717,6072305
32,20000,1502154,3876285,5378439
32,20000,1603315,4422745,6026060
32,20000,1684174,3642145,5326319
32,20000,1486133,4260947,5747080
32,30000,4663200,5089358,9752558
32,30000,4283921,5192094,9476015
32,30000,4854996,4799779,9654775
32,30000,3702776,4170764,7873540
32,30000,4161098,3834036,7995134
32,30000,4200345,5014775,9215120
32,30000,3537937,5554661,9092598
32,30000,4639411,5322978,9962389
32,30000,3912861,4116573,8029434
32,30000,4198410,2746134,6944544
32,40000,3742005,5609127,9351132
32,40000,5158880,5928183,11087063
32,40000,5002906,5919770,10922676
32,40000,4071812,5046229,9118041
32,40000,4521855,5119860,9641715
32,40000,4199773,5254226,9453999
32,40000,5317606,5744747,11062353
32,40000,4943912,5616120,10560032
32,40000,5370909,4979540,10350449
32,40000,4273626,6295043,10568669
32,50000,5255061,5778467,11033528
32,50000,3953661,7435760,11389421
32,50000,6429765,5808014,12237779
32,50000,5618219,5668092,11286311
32,50000,3800014,6301787,10101801
32,50000,3835678,6662761,10498439
32,50000,4842424,6807398,11649822
32,50000,5342191,6223771,11565962
32,50000,5373470,7192802,12566272
32,50000,5086662,6453083,11539745
32,60000,5031132,6949696,11980828
32,60000,6880966,6694898,13575864
32,60000,6156968,7484662,13641630
32,60000,5506904,7504455,13011359
32,60000,5287946,6950738,12238684
32,60000,3301678,7310613,10612291
32,60000,5467361,6245240,11712601
32,60000,5402325,8415462,13817787
32,60000,6583063,7578474,14161537
32,60000,5213925,6603603,11817528
32,70000,4442212,6656129,11098341
32,70000,5807211,7429510,13236721
32,70000,5943215,7377474,13320689
32,70000,5108522,7287126,12395648
32,70000,3703510,7864878,11568388
32,70000,5526894,7164518,12691412
32,70000,7953585,7069226,15022811
32,70000,5040901,7632061,12672962
32,70000,6568615,6744410,13313025
32,70000,5174608,7196995,12371603
32,80000,5582082,8007704,13589786
32,80000,5006196,7452205,12458401
32,80000,6272806,8285615,14558421
32,80000,5873209,7932819,13806028
32,80000,5425892,8107462,13533354
32,80000,7190034,8765417,15955451
32,80000,7157492,7399030,14556522
32,80000,6057415,7060497,13117912
32,80000,5143095,8740307,13883402
32,80000,7032379,7943204,14975583
32,90000,8010598,8252382,16262980
32,90000,4303168,8455488,12758656
32,90000,6019496,8030939,14050435
32,90000,7753030,10153964,17906994
32,90000,6007240,6647164,12654404
32,90000,5730549,8635401,14365950
32,90000,7248441,8016503,15264944
32,90000,6126008,8442468,14568476
32,90000,5751456,8209183,13960639
32,90000,6551149,9136058,15687207
32,100000,6062117,8068719,14130836
32,100000,6778835,9229435,16008270
32,100000,7288267,9262368,16550635
32,100000,6813045,7355351,14168396
32,100000,7104943,9597555,16702498
32,100000,5956802,8596461,14553263
32,100000,8734838,8091597,16826435
32,100000,6848279,9043111,15891390
32,100000,6651097,10480726,17131823
32,100000,7149326,8536617,15685943
32,100000,7958215,9776247,17734462
32,100000,6613773,8537472,15151245
32,100000,6735235,9149707,15884942
32,100000,7821945,9386719,17208664
32,100000,6720498,10055849,16776347
32,100000,6597300,9633844,16231144
32,100000,6606582,9333189,15939771
32,100000,4833236,9306553,14139789
32,100000,6549892,10021965,16571857
32,100000,5195721,9010156,14205877
32,200000,11810878,15455477,27266355
32,200000,12557839,16030043,28587882
32,200000,12855395,16082288,28937683
32,200000,11252207,16653984,27906191
32,200000,8882293,15545747,24428040
32,200000,12291690,15852834,28144524
32,200000,11291175,17356354,28647529
32,200000,7895779,16100500,23996279
32,200000,11536262,16494705,28030967
32,200000,8462089,16696176,25158265
32,300000,15972649,22345552,38318201
32,300000,13735503,22015768,35751271
32,300000,16139299,22464328,38603627
32,300000,14023701,23335685,37359386
32,300000,14687853,21858139,36545992
32,300000,11428744,21487872,32916616
32,300000,10000974,22276243,32277217
32,300000,15714461,22652968,38367429
32,300000,16079400,22112618,38192018
32,300000,18890478,22350854,41241332
32,400000,18324428,28852136,47176564
32,400000,19911488,28906692,48818180
32,400000,16290406,28701768,44992174
32,400000,18523805,30390471,48914276
32,400000,16866843,29282278,46149121
32,400000,19142773,29417353,48560126
32,400000,19168456,28348727,47517183
32,400000,14078806,28723702,42802508
32,400000,17925790,29203763,47129553
32,400000,15454788,30001974,45456762
32,500000,17560479,35181944,52742423
32,500000,17954282,34741858,52696140
32,500000,26420486,34873561,61294047
32,500000,18269404,35376959,53646363
32,500000,18725458,35893429,54618887
32,500000,15693949,36101031,51794980
32,500000,22610304,35642954,58253258
32,500000,18202612,36201460,54404072
32,500000,20482800,34906301,55389101
32,500000,17500546,35867234,53367780
32,600000,19561978,41777074,61339052
32,600000,19240718,43539104,62779822
32,600000,17288691,42394588,59683279
32,600000,18823343,42423614,61246957
32,600000,25334742,41211968,66546710
32,600000,23680281,43019008,66699289
32,600000,23929049,42717655,66646704
32,600000,20692093,41492606,62184699
32,600000,19353418,42486584,61840002
32,600000,21881947,41544894,63426841
32,700000,22806089,47940514,70746603
32,700000,20201090,47604552,67805642
32,700000,20873363,48324196,69197559
32,700000,21743636,47786345,69529981
32,700000,21426344,49681552,71107896
32,700000,21634903,48692931,70327834
32,700000,25329669,47253336,72583005
32,700000,22731555,48261368,70992923
32,700000,19072670,48186654,67259324
32,700000,25526119,47785054,73311173
32,800000,23667499,54581324,78248823
32,800000,25571897,54757826,80329723
32,800000,24187485,55840459,80027944
32,800000,23502330,54020259,77522589
32,800000,25403097,54749160,80152257
32,800000,22434165,55689557,78123722
32,800000,22908359,55046486,77954845
32,800000,23990070,55310301,79300371
32,800000,24278427,58945455,83223882
32,800000,27638959,59886705,87525664
32,900000,28523571,62034258,90557829
32,900000,25046633,60193663,85240296
32,900000,25062196,62630899,87693095
32,900000,25704245,63583222,89287467
32,900000,27200064,61631510,88831574
32,900000,27257517,61119218,88376735
32,900000,25498981,61485566,86984547
32,900000,25906040,61766641,87672681
32,900000,26057956,62024276,88082232
32,900000,24802619,59831553,84634172
32,1000000,28611315,68263443,96874758
32,1000000,27081524,68963288,96044812
32,1000000,28480568,68208844,96689412
32,1000000,27607144,67414627,95021771
32,1000000,26029168,68602769,94631937
32,1000000,29524312,68814087,98338399
32,1000000,26393441,69265427,95658868
32,1000000,27756045,68016503,95772548
32,1000000,25722240,68012045,93734285
32,1000000,29680604,67823083,97503687
32,1000000,28325244,67645232,95970476
32,1000000,26327619,67385511,93713130
32,1000000,29506209,67723645,97229854
32,1000000,30017147,67657734,97674881
32,1000000,28898359,67202711,96101070
32,1000000,25944880,67714017,93658897
32,1000000,26150047,68666528,94816575
32,1000000,26652137,71527853,98179990
32,1000000,25579863,68678875,94258738
32,1000000,28378877,67633795,96012672
32,2000000,46252821,135402051,181654872
32,2000000,51478102,134353180,185831282
32,2000000,54474583,136370010,190844593
32,2000000,48436201,133565467,182001668
32,2000000,51221110,133382180,184603290
32,2000000,48154129,133837366,181991495
32,2000000,50593864,134522126,185115990
32,2000000,51814693,136362131,188176824
32,2000000,52066137,134344507,186410644
32,2000000,48245615,158836669,207082284
32,3000000,60961182,198022949,258984131
32,3000000,69549300,198584206,268133506
32,3000000,77076621,200229937,277306558
32,3000000,76863580,202417007,279280587
32,3000000,67632825,196483532,264116357
32,3000000,69540652,201148402,270689054
32,3000000,75092902,197124627,272217529
32,3000000,66622498,198972428,265594926
32,3000000,75058496,198771500,273829996
32,3000000,79778313,197637464,277415777
32,4000000,100844916,264338488,365183404
32,4000000,81000855,262813008,343813863
32,4000000,82055392,262645437,344700829
32,4000000,100416576,261721910,362138486
32,4000000,91438344,266396177,357834521
32,4000000,99736955,263409191,363146146
32,4000000,91068956,262816181,353885137
32,4000000,100981284,263672745,364654029
32,4000000,82536539,544735324,627271863
32,4000000,80623274,264848849,345472123
32,5000000,113850552,332423051,446273603
32,5000000,114265222,330382918,444648140
32,5000000,113814970,330207481,444022451
32,5000000,129170024,328162530,457332554
32,5000000,101072532,330116862,431189394
32,5000000,101933024,333128231,435061255
32,5000000,113756874,327531677,441288551
32,5000000,114751960,330636976,445388936
32,5000000,130437718,330006378,460444096
32,5000000,101744413,333969963,435714376
32,6000000,121850158,402939863,524790021
32,6000000,121540639,389939188,511479827
32,6000000,134437649,389320165,523757814
32,6000000,120474567,394802082,515276649
32,6000000,123399369,391389131,514788500
32,6000000,136615338,392821840,529437178
32,6000000,134934965,398509360,533444325
32,6000000,120898879,396898872,517797751
32,6000000,133602974,393611735,527214709
32,6000000,135446385,402492263,537938648
32,7000000,143187883,459775953,602963836
32,7000000,143204415,465414065,608618480
32,7000000,142194664,461037773,603232437
32,7000000,141693956,464582915,606276871
32,7000000,159032117,467840964,626873081
32,7000000,143449247,459946189,603395436
32,7000000,142343348,462849055,605192403
32,7000000,142602254,459955593,602557847
32,7000000,144085385,463332934,607418319
32,7000000,155404301,461399048,616803349
32,8000000,162354897,519193146,681548043
32,8000000,174153174,524765697,698918871
32,8000000,162596010,530250046,692846056
32,8000000,182437163,523148374,705585537
32,8000000,167802369,527428871,695231240
32,8000000,162716518,529588231,692304749
32,8000000,161022806,523227793,684250599
32,8000000,163800839,522527681,686328520
32,8000000,163180599,521718811,684899410
32,8000000,175743498,532176888,707920386
32,9000000,184691667,593216626,777908293
32,9000000,183273347,590533109,773806456
32,9000000,184587336,590024208,774611544
32,9000000,184289954,592587743,776877697
32,9000000,201774559,592099689,793874248
32,9000000,208824855,594140230,802965085
32,9000000,195593108,593317145,788910253
32,9000000,182832424,588341998,771174422
32,9000000,201163411,591009182,792172593
32,9000000,183100535,597039687,780140222
32,10000000,233547032,653266671,886813703
32,10000000,205481620,679526934,885008554
32,10000000,229899302,664310212,894209514
32,10000000,220366573,664984928,885351501
32,10000000,224632795,656272812,880905607
32,10000000,230270015,659238366,889508381
32,10000000,233262390,660553249,893815639
32,10000000,203221978,658786290,862008268
32,10000000,205855552,662840794,868696346
32,10000000,204832728,663245260,868077988
32,10000000,212770551,655389426,868159977
32,10000000,205562592,660564035,866126627
32,10000000,203653579,654138701,857792280
32,10000000,202097144,652181462,854278606
32,10000000,223813782,654596078,878409860
32,10000000,203791161,656701728,860492889
32,10000000,204551247,654832132,859383379
32,10000000,206511631,654745094,861256725
32,10000000,202826842,661316409,864143251
32,10000000,203787763,648588429,852376192
32,20000000,416114684,1306948016,1723062700
32,20000000,416568253,1331325628,1747893881
32,20000000,417342676,1304153447,1721496123
32,20000000,415343698,1304326197,1719669895
32,20000000,437488996,1328362253,1765851249
32,20000000,417985101,1308831115,1726816216
32,20000000,417747762,1322754135,1740501897
32,20000000,437460592,1306209436,1743670028
32,20000000,414683724,1321445101,1736128825
32,20000000,415687120,1299510318,1715197438
32,30000000,636807271,1973203611,2610010882
32,30000000,639131222,1944795077,2583926299
32,30000000,637716595,1961560205,2599276800
32,30000000,670051931,1949329190,2619381121
32,30000000,650587081,1965847881,2616434962
32,30000000,633673276,1955371108,2589044384
32,30000000,638876242,1962227462,2601103704
32,30000000,676497776,1951102352,2627600128
32,30000000,640084386,1945649175,2585733561
32,30000000,637123721,1962707483,2599831204
32,40000000,860497825,2613385868,3473883693
32,40000000,855163766,2621406876,3476570642
32,40000000,858065455,2845109499,3703174954
32,40000000,858282035,2614462859,3472744894
32,40000000,859886670,2591747891,3451634561
32,40000000,855329299,2650882006,3506211305
32,40000000,856436033,2624886787,3481322820
32,40000000,906603646,2620867600,3527471246
32,40000000,860158742,2629318826,3489477568
32,40000000,857518215,2618243263,3475761478
32,50000000,1085318754,3263598039,4348916793
32,50000000,1083232063,3246414401,4329646464
32,50000000,1090781162,3277495843,4368277005
32,50000000,1083898607,3262940132,4346838739
32,50000000,1081427773,3259712507,4341140280
32,50000000,1086196323,3285111357,4371307680
32,50000000,1085737378,3262971745,4348709123
32,50000000,1085433530,3270972394,4356405924
32,50000000,1084348381,3294476521,4378824902
32,50000000,1085830707,3265995612,4351826319
32,60000000,1314006332,3920592119,5234598451
32,60000000,1310422854,3916765139,5227187993
32,60000000,1309269118,3906059391,5215328509
32,60000000,1320731673,3938817149,5259548822
32,60000000,1307971473,3925488906,5233460379
32,60000000,1309406711,3944192944,5253599655
32,60000000,1313253474,3929414701,5242668175
32,60000000,1310542320,3932906473,5243448793
32,60000000,1315528294,3901465640,5216993934
32,60000000,1310365315,3918772683,5229137998
32,70000000,1540939500,4527829113,6068768613
32,70000000,1542394989,4574037327,6116432316
32,70000000,1546250816,4614059834,6160310650
32,70000000,1540522312,4605885638,6146407950
32,70000000,1540894020,4596581710,6137475730
32,70000000,1543851171,4553015975,6096867146
32,70000000,1542375835,4520354303,6062730138
32,70000000,1556824886,4614899502,6171724388
32,70000000,1543366840,4570733860,6114100700
32,70000000,1550365784,4531500055,6081865839
32,80000000,1787888792,5211688965,6999577757
32,80000000,1779991436,5238840035,7018831471
32,80000000,1772440391,5264251996,7036692387
32,80000000,1773246928,5226592541,6999839469
32,80000000,1771861250,5174713913,6946575163
32,80000000,1784683674,5181167853,6965851527
32,80000000,1765388061,5214105645,6979493706
32,80000000,1772594255,5232511523,7005105778
32,80000000,1776416205,5218711301,6995127506
32,80000000,1771178367,5234022868,7005201235
32,90000000,2016659246,5925429296,7942088542
32,90000000,2007976968,5902362702,7910339670
32,90000000,2002450514,5921480023,7923930537
32,90000000,1998594307,7277495063,9276089370
32,90000000,2008036354,5898562533,7906598887
32,90000000,2015610704,5854771609,7870382313
32,90000000,2011270899,5835344962,7846615861
32,90000000,2016530567,5950978798,7967509365
32,90000000,2002358129,6024296132,8026654261
32,90000000,2003948055,5903352834,7907300889
32,100000000,2235528362,6582861888,8818390250
32,100000000,2234732066,6449132946,8683865012
32,100000000,2250238380,6534575332,8784813712
32,100000000,2247960957,6532284504,8780245461
32,100000000,2236080613,6483196929,8719277542
32,100000000,2237034287,6579135934,8816170221
32,100000000,2235229213,6534075174,8769304387
32,100000000,2240681628,6542339961,8783021589
32,100000000,2237337399,6529811517,8767148916
32,100000000,2239602367,6549656609,8789258976
64,10000,950793,2422908,3373701
64,10000,917786,3095392,4013178
64,10000,794870,2915278,3710148
64,10000,814739,2986744,3801483
64,10000,888753,3150452,4039205
64,10000,895824,2332807,3228631
64,10000,956861,2543310,3500171
64,10000,847423,3960152,4807575
64,10000,859075,3022184,3881259
64,10000,850016,2667115,3517131
64,20000,1490046,3916532,5406578
64,20000,1676479,5791773,7468252
64,20000,1396015,4007985,5404000
64,20000,4665885,3753512,8419397
64,20000,1352481,6257171,7609652
64,20000,1532107,5682980,7215087
64,20000,1479128,4048751,5527879
64,20000,1568287,3599322,5167609
64,20000,1507433,4202569,5710002
64,20000,1609856,4259913,5869769
64,30000,4678216,4886673,9564889
64,30000,5239679,2759374,7999053
64,30000,4790786,3344805,8135591
64,30000,6491992,2828601,9320593
64,30000,7305965,2801374,10107339
64,30000,5546394,2950352,8496746
64,30000,6296235,3367135,9663370
64,30000,5566397,3102155,8668552
64,30000,6467098,3454454,9921552
64,30000,4115472,3204088,7319560
64,40000,4877014,3734298,8611312
64,40000,7557496,4375134,11932630
64,40000,4597612,3708012,8305624
64,40000,5243685,5256577,10500262
64,40000,7937431,3423221,11360652
64,40000,4076843,5735845,9812688
64,40000,3732321,6385221,10117542
64,40000,6497757,3368956,9866713
64,40000,6680641,3870112,10550753
64,40000,6382909,3669636,10052545
64,50000,6473280,6619247,13092527
64,50000,8719134,4408122,13127256
64,50000,7421299,5014695,12435994
64,50000,3844119,5567777,9411896
64,50000,3705516,5177791,8883307
64,50000,5191929,6527537,11719466
64,50000,6574575,7068264,13642839
64,50000,3716175,6904666,10620841
64,50000,5400427,6257139,11657566
64,50000,8953690,4183443,13137133
64,60000,5766633,6878032,12644665
64,60000,5970285,7496217,13466502
64,60000,6424592,7128984,13553576
64,60000,4979105,7805789,12784894
64,60000,5387951,7710002,13097953
64,60000,5413575,6778489,12192064
64,60000,6918439,7424367,14342806
64,60000,5453564,6545398,11998962
64,60000,5113129,5079974,10193103
64,60000,5421082,6967112,12388194
64,70000,4726780,7806236,12533016
64,70000,5041400,7609450,12650850
64,70000,5897902,6692242,12590144
64,70000,4590575,8115693,12706268
64,70000,6341182,5905065,12246247
64,70000,5882473,6775729,12658202
64,70000,6663549,7448175,14111724
64,70000,6937445,7963970,14901415
64,70000,7109940,7310969,14420909
64,70000,8125645,7373123,15498768
64,80000,6315662,7731557,14047219
64,80000,7005737,8697153,15702890
64,80000,6781091,8739966,15521057
64,80000,6596961,8769639,15366600
64,80000,6218414,8125678,14344092
64,80000,6433051,7890163,14323214
64,80000,7649459,8506614,16156073
64,80000,6222190,7880813,14103003
64,80000,7710664,8296796,16007460
64,80000,6472820,8092263,14565083
64,90000,6889726,10078933,16968659
64,90000,6157009,8294598,14451607
64,90000,6513583,9058656,15572239
64,90000,6289508,9089396,15378904
64,90000,8297943,8268220,16566163
64,90000,4805996,8170993,12976989
64,90000,7823600,8779266,16602866
64,90000,6344734,8643369,14988103
64,90000,8075543,9461193,17536736
64,90000,6370877,8721808,15092685
64,100000,7162176,9680006,16842182
64,100000,5147804,9695700,14843504
64,100000,5803829,9797487,15601316
64,100000,9840095,10291538,20131633
64,100000,5425347,9389191,14814538
64,100000,7245809,9414378,16660187
64,100000,5429015,10012135,15441150
64,100000,8406361,9476312,17882673
64,100000,5652601,8831729,14484330
64,100000,7478512,9387495,16866007
64,100000,6162064,8976748,15138812
64,100000,7723788,9608014,17331802
64,100000,6033359,9448222,15481581
64,100000,8444134,10308939,18753073
64,100000,7563582,10053476,17617058
64,100000,8994962,9403524,18398486
64,100000,7307095,9266690,16573785
64,100000,6176498,9977118,16153616
64,100000,6054530,9079846,15134376
64,100000,8693325,8919140,17612465
64,200000,8418846,16074390,24493236
64,200000,8749678,15608108,24357786
64,200000,9014762,16935503,25950265
64,200000,8094371,15649223,23743594
64,200000,7566176,19530195,27096371
64,200000,6947722,16415175,23362897
64,200000,9680429,17229145,26909574
64,200000,7105242,16569255,23674497
64,200000,8273299,17455600,25728899
64,200000,8070778,16209175,24279953
64,300000,12215345,23426512,35641857
64,300000,11768420,24973788,36742208
64,300000,11758372,23806062,35564434
64,300000,11713999,26000581,37714580
64,300000,9322945,22188811,31511756
64,300000,10869483,23780679,34650162
64,300000,12201644,27299028,39500672
64,300000,11161713,23254929,34416642
64,300000,11335647,23210393,34546040
64,300000,12869083,23701187,36570270
64,400000,14283082,29171752,43454834
64,400000,11491007,27266016,38757023
64,400000,13828432,31087883,44916315
64,400000,13703054,30272615,43975669
64,400000,14129150,31152918,45282068
64,400000,14957803,30236097,45193900
64,400000,13671692,29542854,43214546
64,400000,14673265,30826286,45499551
64,400000,14389786,28980861,43370647
64,400000,14478644,31722016,46200660
64,500000,16704714,36466506,53171220
64,500000,12761517,37031371,49792888
64,500000,14077288,41009838,55087126
64,500000,15912257,36520510,52432767
64,500000,13664184,37014782,50678966
64,500000,15273717,36995749,52269466
64,500000,17673530,37740352,55413882
64,500000,17468726,36794337,54263063
64,500000,17449284,38339337,55788621
64,500000,15606127,36716963,52323090
64,600000,21136535,44171113,65307648
64,600000,16773625,43878151,60651776
64,600000,16996423,46430422,63426845
64,600000,18141422,43807100,61948522
64,600000,17602577,43435396,61037973
64,600000,13847551,41918156,55765707
64,600000,16164999,44409697,60574696
64,600000,16364864,42922143,59287007
64,600000,19868477,44829971,64698448
64,600000,19758854,43654523,63413377
64,700000,20487991,49476118,69964109
64,700000,20893064,50568834,71461898
64,700000,20079770,49642175,69721945
64,700000,15787978,53328323,69116301
64,700000,20433750,50567051,71000801
64,700000,16696348,51501954,68198302
64,700000,18832836,56582941,75415777
64,700000,21663881,50119784,71783665
64,700000,23527078,49960828,73487906
64,700000,23932322,51252528,75184850
64,800000,24643519,56493808,81137327
64,800000,22176926,57757326,79934252
64,800000,20201893,56236151,76438044
64,800000,23436198,59258465,82694663
64,800000,20813398,57336511,78149909
64,800000,24470413,56915799,81386212
64,800000,23626004,56600845,80226849
64,800000,26528356,56771444,83299800
64,800000,24406199,57109944,81516143
64,800000,22081350,56898556,78979906
64,900000,27144033,65950014,93094047
64,900000,28446352,65098848,93545200
64,900000,27176613,62652322,89828935
64,900000,26151545,74320139,100471684
64,900000,25068299,65231892,90300191
64,900000,26148825,62857764,89006589
64,900000,27151379,65569784,92721163
64,900000,27242722,63139722,90382444
64,900000,26308718,65866968,92175686
64,900000,25155045,63273870,88428915
64,1000000,30648553,70471698,101120251
64,1000000,29064481,69864402,98928883
64,1000000,25316232,72067530,97383762
64,1000000,28917133,82022861,110939994
64,1000000,30682554,68779998,99462552
64,1000000,25112633,69742592,94855225
64,1000000,31457400,68895013,100352413
64,1000000,28709523,71107092,99816615
64,1000000,28681875,72590032,101271907
64,1000000,29309736,69235558,98545294
64,1000000,26133213,71039088,97172301
64,1000000,27274637,70917618,98192255
64,1000000,29062226,70839645,99901871
64,1000000,28984286,72166009,101150295
64,1000000,28065530,78197174,106262704
64,1000000,30013409,71211506,101224915
64,1000000,30783249,82644597,113427846
64,1000000,27009735,73015887,100025622
64,1000000,27410735,71409984,98820719
64,1000000,28977436,78491582,107469018
64,2000000,38172375,135540988,173713363
64,2000000,40240444,138557855,178798299
64,2000000,40166988,140868174,181035162
64,2000000,35899162,138162465,174061627
64,2000000,40026361,140403807,180430168
64,2000000,40706533,141349521,182056054
64,2000000,39629587,150207136,189836723
64,2000000,39013975,140479909,179493884
64,2000000,37980148,139219553,177199701
64,2000000,38686073,144907306,183593379
64,3000000,51208947,207387746,258596693
64,3000000,53793143,206118040,259911183
64,3000000,54626466,210758038,265384504
64,3000000,51868382,208662240,260530622
64,3000000,53038433,203920199,256958632
64,3000000,50990978,215494223,266485201
64,3000000,51196273,206564795,257761068
64,3000000,52282595,212081430,264364025
64,3000000,51537986,206568136,258106122
64,3000000,56357362,205321089,261678451
64,4000000,64025373,280341679,344367052
64,4000000,65077489,398945117,464022606
64,4000000,70661146,274035740,344696886
64,4000000,66119152,280845329,346964481
64,4000000,65850462,273946011,339796473
64,4000000,64919963,272870164,337790127
64,4000000,67649717,278344870,345994587
64,4000000,65015630,274821750,339837380
64,4000000,64588641,304945123,369533764
64,4000000,68778574,270079925,338858499
64,5000000,80767022,340067454,420834476
64,5000000,78485965,348969952,427455917
64,5000000,81554988,362438434,443993422
64,5000000,81030133,391325358,472355491
64,5000000,83926408,338285866,422212274
64,5000000,82960199,341593785,424553984
64,5000000,83101628,343078695,426180323
64,5000000,81488782,354598527,436087309
64,5000000,79202991,344478334,423681325
64,5000000,84104759,346263446,430368205
64,6000000,96569523,407107143,503676666
64,6000000,100069938,406790169,506860107
64,6000000,96134810,418915939,515050749
64,6000000,98072802,412360922,510433724
64,6000000,95876455,411630285,507506740
64,6000000,95735780,417250054,512985834
64,6000000,96639705,418910540,515550245
64,6000000,97401780,407727241,505129021
64,6000000,97721458,462212540,559933998
64,6000000,97538326,408440294,505978620
64,7000000,114114023,489601310,603715333
64,7000000,114279281,477105816,591385097
64,7000000,113082143,483502902,596585045
64,7000000,116079793,471660028,587739821
64,7000000,112006009,477212090,589218099
64,7000000,113816514,487185803,601002317
64,7000000,112491106,487567039,600058145
64,7000000,112442663,478741191,591183854
64,7000000,113787060,532288449,646075509
64,7000000,112385750,475214626,587600376
64,8000000,125474483,549908652,675383135
64,8000000,130606884,542017246,672624130
64,8000000,129879781,548145190,678024971
64,8000000,127601490,547385681,674987171
64,8000000,128705157,543573575,672278732
64,8000000,129673691,554057202,683730893
64,8000000,128470584,551220459,679691043
64,8000000,129329857,541753797,671083654
64,8000000,125635422,557213173,682848595
64,8000000,130875586,548792986,679668572
64,9000000,146020827,610823401,756844228
64,9000000,148604928,609590826,758195754
64,9000000,146246634,613384043,759630677
64,9000000,148196672,606909443,755106115
64,9000000,148189871,612514757,760704628
64,9000000,141716784,612100283,753817067
64,9000000,145272712,610680149,755952861
64,9000000,145171121,610743753,755914874
64,9000000,148351623,615541077,763892700
64,9000000,142004709,616702991,758707700
64,10000000,161077222,683414718,844491940
64,10000000,171276600,684281132,855557732
64,10000000,160747974,676017311,836765285
64,10000000,163960928,689215518,853176446
64,10000000,156877992,681229299,838107291
64,10000000,166188466,675397510,841585976
64,10000000,161375762,685696455,847072217
64,10000000,161108850,671406687,832515537
64,10000000,163598287,739792508,903390795
64,10000000,165732134,682816207,848548341
64,10000000,166825456,699932014,866757470
64,10000000,161355316,679597502,840952818
64,10000000,164514811,697548306,862063117
64,10000000,160633187,681869049,842502236
64,10000000,161675978,673853086,835529064
64,10000000,161371058,681840114,843211172
64,10000000,161723607,694493560,856217167
64,10000000,164926581,686217753,851144334
64,10000000,160622039,690041642,850663681
64,10000000,158995837,697133514,856129351
64,20000000,347082838,1336072912,1683155750
64,20000000,331274588,1351213577,1682488165
64,20000000,326050082,1362994971,1689045053
64,20000000,328577293,1368777415,1697354708
64,20000000,330323183,1354021246,1684344429
64,20000000,331836184,1343924566,1675760750
64,20000000,334646585,1458339931,1792986516
64,20000000,327582075,1383262863,1710844938
64,20000000,350458262,1355925676,1706383938
64,20000000,335731745,1351165404,1686897149
64,30000000,526236344,2024626045,2550862389
64,30000000,538266122,2018628443,2556894565
64,30000000,516696297,2041690120,2558386417
64,30000000,526116702,2047106695,2573223397
64,30000000,520241885,2025084462,2545326347
64,30000000,535357044,2017650913,2553007957
64,30000000,507027264,2017492056,2524519320
64,30000000,511053572,2028686844,2539740416
64,30000000,530142582,2073383506,2603526088
64,30000000,527652857,2031677721,2559330578
64,40000000,717417436,2756373025,3473790461
64,40000000,709461836,2716913158,3426374994
64,40000000,696928116,2687430631,3384358747
64,40000000,711335037,2694650560,3405985597
64,40000000,703875547,2736778311,3440653858
64,40000000,715666684,2697211946,3412878630
64,40000000,690938887,2701732520,3392671407
64,40000000,692665057,2722154909,3414819966
64,40000000,694475791,2690699204,3385174995
64,40000000,714715173,2698471209,3413186382
64,50000000,883409331,3380947890,4264357221
64,50000000,887553006,3339673092,4227226098
64,50000000,899654215,3367617048,4267271263
64,50000000,900639407,3362970764,4263610171
64,50000000,865524448,3387459899,4252984347
64,50000000,875815912,3451580259,4327396171
64,50000000,896127258,3341942646,4238069904
64,50000000,894480363,3336815246,4231295609
64,50000000,869467268,3454654812,4324122080
64,50000000,901603949,3383853178,4285457127
64,60000000,1093415733,4040645557,5134061290
64,60000000,1078872364,4068230282,5147102646
64,60000000,1095722604,4043343610,5139066214
64,60000000,1031109922,4054790187,5085900109
64,60000000,1068908422,4168474064,5237382486
64,60000000,1080146031,4009068483,5089214514
64,60000000,1067935724,4031152317,5099088041
64,60000000,1128301946,4028256373,5156558319
64,60000000,1119425045,4015475547,5134900592
64,60000000,1083636919,4159074924,5242711843
64,70000000,1299948199,4747875048,6047823247
64,70000000,1255086669,4687962879,5943049548
64,70000000,1268092661,4748296206,6016388867
64,70000000,1241391206,4798962358,6040353564
64,70000000,1266095970,4796303558,6062399528
64,70000000,1255429413,4691926392,5947355805
64,70000000,1252841878,4747159259,6000001137
64,70000000,1248319908,4710669486,5958989394
64,70000000,1231787173,4779718124,6011505297
64,70000000,1268275645,4857291094,6125566739
64,80000000,1457793066,5379265269,6837058335
64,80000000,1505244949,5406533885,6911778834
64,80000000,1426500099,5337478323,6763978422
64,80000000,1475297446,5401099839,6876397285
64,80000000,1510998359,5384750572,6895748931
64,80000000,1430295200,5429919594,6860214794
64,80000000,1461543500,5375125987,6836669487
64,80000000,1452542501,5429622064,6882164565
64,80000000,1440481181,5398870633,6839351814
64,80000000,1420080753,5402693270,6822774023
64,90000000,1623339439,6013231579,7636571018
64,90000000,1706996522,6047125499,7754122021
64,90000000,1618370615,6203848732,7822219347
64,90000000,1655557118,6032153249,7687710367
64,90000000,1660614313,6055617695,7716232008
64,90000000,1631023942,6006129034,7637152976
64,90000000,1686351348,6349681390,8036032738
64,90000000,1635238662,6119160628,7754399290
64,90000000,1637734671,6245059172,7882793843
64,90000000,1603451689,6205764829,7809216518
64,100000000,1713136812,6936346596,8649483408
64,100000000,1787403966,6684155798,8471559764
64,100000000,1892422546,6870654616,8763077162
64,100000000,1823127840,6730727123,8553854963
64,100000000,1860863273,6666650103,8527513376
64,100000000,1818363299,6747453532,8565816831
64,100000000,1850800846,6676498253,8527299099
64,100000000,1795612329,6880548799,8676161128
64,100000000,1896354949,6669866698,8566221647
64,100000000,1777565827,6737043672,8514609499
128,10000,1097821,6249916,7347737
128,10000,966971,7193542,8160513
128,10000,924708,3880611,4805319
128,10000,988076,4042811,5030887
128,10000,1024117,3765280,4789397
128,10000,1005276,6528971,7534247
128,10000,1071197,4244766,5315963
128,10000,940395,3646071,4586466
128,10000,1127374,6711159,7838533
128,10000,1000701,4519635,5520336
128,20000,1293098,7718090,9011188
128,20000,1505881,5127811,6633692
128,20000,4342537,4414335,8756872
128,20000,3414864,4733279,8148143
128,20000,1577333,7842843,9420176
128,20000,1520761,7991601,9512362
128,20000,4848946,4981021,9829967
128,20000,1503259,7123894,8627153
128,20000,1675419,7349073,9024492
128,20000,1598180,7646916,9245096
128,30000,4221871,6413437,10635308
128,30000,5112964,5828454,10941418
128,30000,8140438,4415806,12556244
128,30000,4175937,7016640,11192577
128,30000,4615797,6655197,11270994
128,30000,6053838,4555190,10609028
128,30000,3705369,6726737,10432106
128,30000,4042540,5610801,9653341
128,30000,7162518,4831265,11993783
128,30000,5270479,7173067,12443546
128,40000,7584890,3712901,11297791
128,40000,7794372,4042866,11837238
128,40000,8024721,4613738,12638459
128,40000,7908336,3966802,11875138
128,40000,9742857,4070136,13812993
128,40000,6911346,4024527,10935873
128,40000,5004304,5739149,10743453
128,40000,5032044,8281774,13313818
128,40000,8142630,4364062,12506692
128,40000,8969733,4569657,13539390
128,50000,7703136,4987451,12690587
128,50000,9353657,5592206,14945863
128,50000,8777076,4881313,13658389
128,50000,3792267,6577222,10369489
128,50000,9395506,4742764,14138270
128,50000,10104960,5166323,15271283
128,50000,8853857,4831090,13684947
128,50000,4666358,7690519,12356877
128,50000,9655959,5324051,14980010
128,50000,8478358,5083404,13561762
128,60000,5940601,7695413,13636014
128,60000,9097405,6386002,15483407
128,60000,5298053,8500375,13798428
128,60000,4374193,8709419,13083612
128,60000,9844504,6634188,16478692
128,60000,9957081,6212106,16169187
128,60000,6342847,7459539,13802386
128,60000,6657518,8371200,15028718
128,60000,10839293,6457560,17296853
128,60000,8827711,6759149,15586860
128,70000,6308066,8279881,14587947
128,70000,8781545,6540776,15322321
128,70000,5218133,8385911,13604044
128,70000,10674643,6207306,16881949
128,70000,10637898,6759031,17396929
128,70000,10408588,6674541,17083129
128,70000,4267385,8940814,13208199
128,70000,5076601,9395743,14472344
128,70000,10345365,6113243,16458608
128,70000,8592833,7203176,15796009
128,80000,11032472,9590437,20622909
128,80000,4663334,9154690,13818024
128,80000,4932228,9836192,14768420
128,80000,10029083,8079837,18108920
128,80000,9913795,7337664,17251459
128,80000,9473135,6802536,16275671
128,80000,8761924,10294970,19056894
128,80000,9223207,8101908,17325115
128,80000,6744805,8954059,15698864
128,80000,10662908,7396999,18059907
128,90000,10150741,10496905,20647646
128,90000,10103784,10789546,20893330
128,90000,6853638,10638928,17492566
128,90000,10170317,11223605,21393922
128,90000,8687785,10565398,19253183
128,90000,10714784,10623524,21338308
128,90000,10724742,12190853,22915595
128,90000,10050492,10578072,20628564
128,90000,9782220,10010949,19793169
128,90000,11179422,9740643,20920065
128,100000,7371342,11494961,18866303
128,100000,5928267,12707531,18635798
128,100000,7051767,10035321,17087088
128,100000,11889147,11619097,23508244
128,100000,8649982,13986505,22636487
128,100000,11119161,11063902,22183063
128,100000,10184595,10084058,20268653
128,100000,11332336,10935448,22267784
128,100000,12300607,11900495,24201102
128,100000,7963258,12805979,20769237
128,100000,11432524,10585318,22017842
128,100000,5234308,10641660,15875968
128,100000,11093719,12687378,23781097
128,100000,9155281,11883003,21038284
128,100000,10817025,11218427,22035452
128,100000,9851109,12505577,22356686
128,100000,10662611,11509985,22172596
128,100000,11364633,10679758,22044391
128,100000,5656434,10288676,15945110
128,100000,9258656,11117328,20375984
128,200000,7977469,19972203,27949672
128,200000,10143376,19111706,29255082
128,200000,7860890,19116050,26976940
128,200000,8904269,19103202,28007471
128,200000,6988824,18167445,25156269
128,200000,7602139,18697208,26299347
128,200000,10266122,18090467,28356589
128,200000,8976733,18713637,27690370
128,200000,9229099,17819196,27048295
128,200000,8612188,19395883,28008071
128,300000,8779602,28922321,37701923
128,300000,9298011,26743187,36041198
128,300000,10226972,27009907,37236879
128,300000,8415814,26768631,35184445
128,300000,8745753,28522729,37268482
128,300000,9400069,29104482,38504551
128,300000,8524072,28705962,37230034
128,300000,7767155,27990093,35757248
128,300000,8748649,26603672,35352321
128,300000,8977840,28685843,37663683
128,400000,10943943,33631022,44574965
128,400000,10769581,34788549,45558130
128,400000,11024616,35281761,46306377
128,400000,11664520,34445164,46109684
128,400000,9904510,33802876,43707386
128,400000,12024625,35163376,47188001
128,400000,9758766,36089962,45848728
128,400000,13836023,33333898,47169921
128,400000,11808697,33795300,45603997
128,400000,12631927,36309116,48941043
128,500000,12567225,44109880,56677105
128,500000,12872916,44604716,57477632
128,500000,11328929,42289209,53618138
128,500000,11283291,42333181,53616472
128,500000,12198346,42277694,54476040
128,500000,13915187,41860008,55775195
128,500000,12061638,42358214,54419852
128,500000,13352184,42723162,56075346
128,500000,11250912,43620931,54871843
128,500000,15736503,43745160,59481663
128,600000,15896484,47817797,63714281
128,600000,15644593,48851689,64496282
128,600000,15613439,49788218,65401657
128,600000,14683865,48826278,63510143
128,600000,13326929,48541254,61868183
128,600000,15079694,53260914,68340608
128,600000,13947746,51569734,65517480
128,600000,14577600,49415451,63993051
128,600000,15137415,49303387,64440802
128,600000,14817256,49218139,64035395
128,700000,17395852,59544526,76940378
128,700000,16319378,57448363,73767741
128,700000,17193487,56466639,73660126
128,700000,16931263,57482908,74414171
128,700000,16760799,56736674,73497473
128,700000,15089964,61830419,76920383
128,700000,16459653,56259234,72718887
128,700000,18461315,57389983,75851298
128,700000,16453950,64563358,81017308
128,700000,15932306,55823988,71756294
128,800000,17129254,64073374,81202628
128,800000,20076890,63729698,83806588
128,800000,18602271,62172673,80774944
128,800000,20744751,67582746,88327497
128,800000,19146897,63392168,82539065
128,800000,18020279,63179354,81199633
128,800000,15489609,64810985,80300594
128,800000,17947965,64151812,82099777
128,800000,19701423,63544531,83245954
128,800000,18464202,63973024,82437226
128,900000,19513130,70288323,89801453
128,900000,19205660,73516327,92721987
128,900000,19215477,71240435,90455912
128,900000,20177910,72075414,92253324
128,900000,20665057,69561556,90226613
128,900000,21594823,70980122,92574945
128,900000,20767797,73868734,94636531
128,900000,20434612,74231729,94666341
128,900000,19617211,72446067,92063278
128,900000,20953316,71014314,91967630
128,1000000,18711276,78571816,97283092
128,1000000,20866260,78509594,99375854
128,1000000,23630023,77224227,100854250
128,1000000,20846535,78836758,99683293
128,1000000,22373978,76662567,99036545
128,1000000,21318759,78188287,99507046
128,1000000,21195217,79787020,100982237
128,1000000,21803253,78666562,100469815
128,1000000,20082256,80719212,100801468
128,1000000,20968960,80636426,101605386
128,1000000,21596389,79433271,101029660
128,1000000,19133053,77887490,97020543
128,1000000,22411552,78918587,101330139
128,1000000,20450007,80109459,100559466
128,1000000,22210071,77625031,99835102
128,1000000,18260198,78460689,96720887
128,1000000,22353087,78039794,100392881
128,1000000,24777735,80151724,104929459
128,1000000,20319531,80883488,101203019
128,1000000,20631777,79047144,99678921
128,2000000,39926895,151846500,191773395
128,2000000,39580845,151918455,191499300
128,2000000,38217758,152750715,190968473
128,2000000,39292242,172422665,211714907
128,2000000,39402621,152446407,191849028
128,2000000,37653101,154413006,192066107
128,2000000,36536514,154172399,190708913
128,2000000,38588428,171506759,210095187
128,2000000,35883473,150536283,186419756
128,2000000,36018578,153630311,189648889
128,3000000,52043638,227536069,279579707
128,3000000,55908857,223862884,279771741
128,3000000,51622940,226363085,277986025
128,3000000,54846039,228482657,283328696
128,3000000,53809768,223133634,276943402
128,3000000,51882392,223688266,275570658
128,3000000,53731513,224615170,278346683
128,3000000,57089509,224254646,281344155
128,3000000,54839120,236243238,291082358
128,3000000,54150010,223716259,277866269
128,4000000,61209913,293479744,354689657
128,4000000,56966755,297219557,354186312
128,4000000,57202734,297213181,354415915
128,4000000,54307129,343505387,397812516
128,4000000,58495437,296387609,354883046
128,4000000,57292972,289819866,347112838
128,4000000,54945200,302977807,357923007
128,4000000,55924140,303580299,359504439
128,4000000,57153916,299263410,356417326
128,4000000,56574696,298190485,354765181
128,5000000,70137911,370933666,441071577
128,5000000,68739316,369940597,438679913
128,5000000,67986900,370125443,438112343
128,5000000,71358147,370193982,441552129
128,5000000,71864411,366929562,438793973
128,5000000,71444072,366651061,438095133
128,5000000,70606699,370513163,441119862
128,5000000,74742475,373863982,448606457
128,5000000,68732251,383139365,451871616
128,5000000,72038309,373088240,445126549
128,6000000,82177828,439339533,521517361
128,6000000,84690013,456040437,540730450
128,6000000,84867532,438330023,523197555
128,6000000,78551842,449443824,527995666
128,6000000,82231479,440006381,522237860
128,6000000,80887782,448627271,529515053
128,6000000,83882371,470762708,554645079
128,6000000,83079090,447639430,530718520
128,6000000,81308687,446998064,528306751
128,6000000,81882997,445358552,527241549
128,7000000,96149005,515655544,611804549
128,7000000,93855886,512321691,606177577
128,7000000,91731820,515861952,607593772
128,7000000,92198000,521579494,613777494
128,7000000,93551310,513148258,606699568
128,7000000,94042450,526695692,620738142
128,7000000,93576409,548587167,642163576
128,7000000,94812298,525948449,620760747
128,7000000,92995152,532636930,625632082
128,7000000,93498266,511563172,605061438
128,8000000,106177441,609209638,715387079
128,8000000,111791141,607366257,719157398
128,8000000,106705630,595427942,702133572
128,8000000,107520530,590966229,698486759
128,8000000,108478507,589013714,697492221
128,8000000,104780542,602027998,706808540
128,8000000,105653676,589544665,695198341
128,8000000,105603390,592523756,698127146
128,8000000,107809760,644014353,751824113
128,8000000,110870203,603088980,713959183
128,9000000,118768895,664008329,782777224
128,9000000,121064117,674711665,795775782
128,9000000,123115523,674249049,797364572
128,9000000,122286654,660555348,782842002
128,9000000,119820573,667740632,787561205
128,9000000,118144761,692944245,811089006
128,9000000,117357632,668216277,785573909
128,9000000,122325200,679600156,801925356
128,9000000,123062113,678557248,801619361
128,9000000,123246474,669328522,792574996
128,10000000,134628911,749470300,884099211
128,10000000,135268235,751589678,886857913
128,10000000,133868173,732295952,866164125
128,10000000,133106070,762601946,895708016
128,10000000,133304325,730026048,863330373
128,10000000,133145145,746756081,879901226
128,10000000,131991880,768828538,900820418
128,10000000,135344276,740541942,875886218
128,10000000,134984181,741593337,876577518
128,10000000,135868608,757724019,893592627
128,10000000,136421464,742949259,879370723
128,10000000,139823680,743264220,883087900
128,10000000,132308622,746450845,878759467
128,10000000,135499275,791026284,926525559
128,10000000,131561003,760050755,891611758
128,10000000,131102751,742113057,873215808
128,10000000,138460289,777487453,915947742
128,10000000,132232701,765341592,897574293
128,10000000,135023239,743708510,878731749
128,10000000,131526853,861746825,993273678
128,20000000,271502630,1479115265,1750617895
128,20000000,268875967,1474621133,1743497100
128,20000000,275051662,1464729119,1739780781
128,20000000,272912000,1483236922,1756148922
128,20000000,275817087,1479498473,1755315560
128,20000000,274364405,1439913405,1714277810
128,20000000,271792308,1476880514,1748672822
128,20000000,273696007,1459814579,1733510586
128,20000000,277317634,1476217560,1753535194
128,20000000,276832160,1583449747,1860281907
128,30000000,412079939,2199111226,2611191165
128,30000000,415692658,2206457669,2622150327
128,30000000,402985733,2205450399,2608436132
128,30000000,425891371,2180728114,2606619485
128,30000000,418165221,2206484297,2624649518
128,30000000,415179840,2191720994,2606900834
128,30000000,412113182,2249456097,2661569279
128,30000000,416128552,2187767680,2603896232
128,30000000,411436372,2181997388,2593433760
128,30000000,419795335,2238858513,2658653848
128,40000000,554651434,2916555939,3471207373
128,40000000,561981975,2947789592,3509771567
128,40000000,567819486,2933212339,3501031825
128,40000000,569631061,2985477950,3555109011
128,40000000,562629949,2984478776,3547108725
128,40000000,550961222,2901284737,3452245959
128,40000000,573036850,3001591245,3574628095
128,40000000,563740738,3002200811,3565941549
128,40000000,562844014,3085206299,3648050313
128,40000000,565766215,2996591644,3562357859
128,50000000,687784576,3633749818,4321534394
128,50000000,706060832,3702189645,4408250477
128,50000000,701145303,3685631652,4386776955
128,50000000,704882758,3647839554,4352722312
128,50000000,705294657,3698135670,4403430327
128,50000000,713776182,3649183694,4362959876
128,50000000,703365245,4339869666,5043234911
128,50000000,703338879,3854163664,4557502543
128,50000000,726060209,3706740249,4432800458
128,50000000,701802490,3746894438,4448696928
128,60000000,861367686,4411370122,5272737808
128,60000000,866452810,5021784157,5888236967
128,60000000,865278903,4392149783,5257428686
128,60000000,856085884,4364084105,5220169989
128,60000000,855376809,4448271257,5303648066
128,60000000,871540111,4363379389,5234919500
128,60000000,864632149,4541655169,5406287318
128,60000000,891506422,4289504325,5181010747
128,60000000,848972232,4427319308,5276291540
128,60000000,881897542,4427902727,5309800269
128,70000000,1027307494,5149863733,6177171227
128,70000000,999507557,5190531646,6190039203
128,70000000,981321455,5164417616,6145739071
128,70000000,1018451618,5212207914,6230659532
128,70000000,1002396072,5219420022,6221816094
128,70000000,1045008954,5207018819,6252027773
128,70000000,1033495706,5129536129,6163031835
128,70000000,1009536596,5235516383,6245052979
128,70000000,985519932,5185343676,6170863608
128,70000000,985946830,5317318763,6303265593
128,80000000,1147633346,5833580962,6981214308
128,80000000,1193883330,5688762366,6882645696
128,80000000,1160103264,6097626162,7257729426
128,80000000,1140230232,6144533474,7284763706
128,80000000,1138458052,5987183188,7125641240
128,80000000,1168828939,5909646355,7078475294
128,80000000,1163786600,5993747251,7157533851
128,80000000,1140997337,5996293906,7137291243
128,80000000,1144819757,6334527367,7479347124
128,80000000,1140323396,6273485470,7413808866
128,90000000,1323925792,6577637819,7901563611
128,90000000,1347362489,6493531294,7840893783
128,90000000,1363159535,6649757884,8012917419
128,90000000,1339378246,7704133127,9043511373
128,90000000,1299000287,6532664431,7831664718
128,90000000,1315392261,6880909097,8196301358
128,90000000,1349077893,6640879471,7989957364
128,90000000,1319754814,6608349645,7928104459
128,90000000,1286044570,6706632194,7992676764
128,90000000,1317295482,6482431436,7799726918
128,100000000,1451376201,7258993180,8710369381
128,100000000,1445192434,7244849398,8690041832
128,100000000,1429998318,7269596767,8699595085
128,100000000,1499825946,7368465630,8868291576
128,100000000,1448779090,7384240461,8833019551
128,100000000,1466782696,7550747581,9017530277
128,100000000,1482953091,7361291302,8844244393
128,100000000,1469344449,7389903916,8859248365
128,100000000,1468007688,7662812750,9130820438
128,100000000,1478243040,7330544696,8808787736
256,10000,4600192,2045022,6645214
256,10000,1840159,1551344,3391503
256,10000,1801781,1873168,3674949
256,10000,1691205,1698831,3390036
256,10000,1721079,1701188,3422267
256,10000,1888062,7857493,9745555
256,10000,1614776,4443475,6058251
256,10000,4044745,2071880,6116625
256,10000,1886460,8443171,10329631
256,10000,1388035,8314591,9702626
256,20000,6975781,2549078,9524859
256,20000,10194754,2926552,13121306
256,20000,8791888,2469134,11261022
256,20000,7260364,2977637,10238001
256,20000,8078806,2663283,10742089
256,20000,3922427,2944447,6866874
256,20000,9928995,2935827,12864822
256,20000,8822272,2694131,11516403
256,20000,7964204,2452407,10416611
256,20000,3979931,5338365,9318296
256,30000,7809325,4486711,12296036
256,30000,6334702,3926034,10260736
256,30000,9217185,5203510,14420695
256,30000,10401036,4372548,14773584
256,30000,9092230,4009606,13101836
256,30000,8814118,4410823,13224941
256,30000,4692089,6718786,11410875
256,30000,7128937,3862750,10991687
256,30000,5682769,4105600,9788369
256,30000,7558490,4018004,11576494
256,40000,2407385,6619720,9027105
256,40000,2529820,5455044,7984864
256,40000,2175257,6052487,8227744
256,40000,2284877,6943966,9228843
256,40000,2366863,6364890,8731753
256,40000,2401311,6323059,8724370
256,40000,2658920,6094106,8753026
256,40000,2337209,6620075,8957284
256,40000,2592474,6262366,8854840
256,40000,2434735,6631201,9065936
256,50000,2644944,8184442,10829386
256,50000,2873576,7009914,9883490
256,50000,2864140,5580529,8444669
256,50000,2542132,7109073,9651205
256,50000,2834170,7774809,10608979
256,50000,2818245,8007069,10825314
256,50000,2673011,6987223,9660234
256,50000,2859258,6948344,9807602
256,50000,2399786,7470305,9870091
256,50000,2933448,7113755,10047203
256,60000,3253125,8204037,11457162
256,60000,3555581,9743901,13299482
256,60000,3506141,9500746,13006887
256,60000,2923758,7533973,10457731
256,60000,3612310,8095403,11707713
256,60000,3268003,8641524,11909527
256,60000,2761945,8062648,10824593
256,60000,3344668,8452864,11797532
256,60000,3268530,8645536,11914066
256,60000,2952861,7343005,10295866
256,70000,3542978,8985937,12528915
256,70000,3539032,7474792,11013824
256,70000,3514256,7796642,11310898
256,70000,3074981,9518405,12593386
256,70000,3528035,9502953,13030988
256,70000,3538827,11152693,14691520
256,70000,3748303,9018600,12766903
256,70000,3567265,8403967,11971232
256,70000,3533741,9228027,12761768
256,70000,3255195,10213385,13468580
256,80000,12519159,7868494,20387653
256,80000,6854402,9151767,16006169
256,80000,8617044,7798770,16415814
256,80000,12482718,7269191,19751909
256,80000,14628238,9076938,23705176
256,80000,11506856,7281437,18788293
256,80000,7111204,9486100,16597304
256,80000,7553723,10131404,17685127
256,80000,13134971,7417949,20552920
256,80000,10560958,7750531,18311489
256,90000,6553414,11491386,18044800
256,90000,6646150,10035341,16681491
256,90000,14442966,7941621,22384587
256,90000,4471076,10728210,15199286
256,90000,5181590,10185496,15367086
256,90000,12821771,8771668,21593439
256,90000,14415698,9568465,23984163
256,90000,13758480,8385232,22143712
256,90000,10978737,8197707,19176444
256,90000,11715565,8310593,20026158
256,100000,14793279,8786841,23580120
256,100000,13190896,9712929,22903825
256,100000,12452380,11076371,23528751
256,100000,15034937,9140851,24175788
256,100000,13947127,9081969,23029096
256,100000,11558348,9000931,20559279
256,100000,6563812,11641878,18205690
256,100000,13115389,9111859,22227248
256,100000,13590314,8360807,21951121
256,100000,11864419,9156886,21021305
256,100000,6863329,12449577,19312906
256,100000,12945760,9297677,22243437
256,100000,14453966,8962784,23416750
256,100000,11603169,9211561,20814730
256,100000,7467257,10605804,18073061
256,100000,16241773,8995922,25237695
256,100000,6047866,11019611,17067477
256,100000,10692737,8469076,19161813
256,100000,15289803,9652192,24941995
256,100000,11348031,8863825,20211856
256,200000,14746435,18123276,32869711
256,200000,12487170,22416961,34904131
256,200000,14278638,18596768,32875406
256,200000,10778211,22237990,33016201
256,200000,14576626,18259248,32835874
256,200000,14144818,18068927,32213745
256,200000,13728522,18752651,32481173
256,200000,13009846,19093371,32103217
256,200000,13855833,18600068,32455901
256,200000,14010895,19541129,33552024
256,300000,13276607,26966108,40242715
256,300000,13809178,26936665,40745843
256,300000,10693988,30218656,40912644
256,300000,11876620,29845656,41722276
256,300000,12248190,27463999,39712189
256,300000,12997619,26415387,39413006
256,300000,11784821,29553885,41338706
256,300000,10244932,28257855,38502787
256,300000,12498747,28453732,40952479
256,300000,12023806,29724275,41748081
256,400000,10460252,36146139,46606391
256,400000,14084434,36815034,50899468
256,400000,9622013,35392184,45014197
256,400000,13130281,35271390,48401671
256,400000,13476929,38720525,52197454
256,400000,11210491,34594169,45804660
256,400000,11870264,35085483,46955747
256,400000,11688672,34888352,46577024
256,400000,11520746,36723354,48244100
256,400000,14339404,35797892,50137296
256,500000,10959002,43476502,54435504
256,500000,16658598,46906854,63565452
256,500000,12206639,43920827,56127466
256,500000,15487889,45990188,61478077
256,500000,13073613,42939373,56012986
256,500000,10542231,43424192,53966423
256,500000,12959193,46793839,59753032
256,500000,14809887,41632551,56442438
256,500000,13241328,40431187,53672515
256,500000,14420395,43022668,57443063
256,600000,14623310,51506005,66129315
256,600000,18466807,49582794,68049601
256,600000,14237430,50050229,64287659
256,600000,13852512,50329933,64182445
256,600000,15338940,48712640,64051580
256,600000,12226858,49565373,61792231
256,600000,14691118,48869354,63560472
256,600000,17699065,50619049,68318114
256,600000,15976809,49584004,65560813
256,600000,14976967,50124193,65101160
256,700000,14335514,57440247,71775761
256,700000,15938654,54417014,70355668
256,700000,15998692,56693450,72692142
256,700000,15964185,57148537,73112722
256,700000,13599617,55868927,69468544
256,700000,15196278,55389592,70585870
256,700000,16440330,58301618,74741948
256,700000,15908328,55602070,71510398
256,700000,16555244,57448860,74004104
256,700000,16712845,56922627,73635472
256,800000,15300373,63322884,78623257
256,800000,16171705,65590283,81761988
256,800000,17218389,62988213,80206602
256,800000,15958430,64822736,80781166
256,800000,15364800,64696208,80061008
256,800000,16712764,63264963,79977727
256,800000,16676585,67470484,84147069
256,800000,17589752,63859844,81449596
256,800000,16069792,64166800,80236592
256,800000,15855624,64544343,80399967
256,900000,17375361,73020015,90395376
256,900000,16071217,70975589,87046806
256,900000,16978335,71171277,88149612
256,900000,18371095,72672305,91043400
256,900000,16518012,71744961,88262973
256,900000,15847318,72611821,88459139
256,900000,17106805,69036156,86142961
256,900000,16341887,70792219,87134106
256,900000,17623795,70951633,88575428
256,900000,17011429,69984949,86996378
256,1000000,19787553,77818242,97605795
256,1000000,19447094,77948022,97395116
256,1000000,18702778,78702577,97405355
256,1000000,17228305,77692811,94921116
256,1000000,17368742,78381500,95750242
256,1000000,22485941,79775403,102261344
256,1000000,19890069,79342747,99232816
256,1000000,18760245,81113981,99874226
256,1000000,18392677,77409491,95802168
256,1000000,20269843,76050852,96320695
256,1000000,20280553,78284463,98565016
256,1000000,16325704,79774402,96100106
256,1000000,19953054,79580434,99533488
256,1000000,17840240,78341424,96181664
256,1000000,19849165,78217192,98066357
256,1000000,19022153,78644047,97666200
256,1000000,17256480,86515697,103772177
256,1000000,20011618,78012272,98023890
256,1000000,19037568,78286970,97324538
256,1000000,18732470,78778475,97510945
256,2000000,31737276,156558183,188295459
256,2000000,33911993,155063348,188975341
256,2000000,35581365,161810830,197392195
256,2000000,32251124,155056619,187307743
256,2000000,34324730,162541115,196865845
256,2000000,32421748,150368229,182789977
256,2000000,32988269,153888875,186877144
256,2000000,34319298,155689123,190008421
256,2000000,32366670,155905727,188272397
256,2000000,35123324,149859874,184983198
256,3000000,45516898,225991135,271508033
256,3000000,46071879,225772084,271843963
256,3000000,44865499,222497541,267363040
256,3000000,42790174,223200991,265991165
256,3000000,45263281,222038856,267302137
256,3000000,44261160,226285191,270546351
256,3000000,45431056,224054345,269485401
256,3000000,48011081,224661583,272672664
256,3000000,47307922,226552491,273860413
256,3000000,48369222,225305270,273674492
256,4000000,57856626,292052232,349908858
256,4000000,58615809,299445568,358061377
256,4000000,58821976,299991118,358813094
256,4000000,56734783,299630742,356365525
256,4000000,57683748,294757266,352441014
256,4000000,57116710,300838949,357955659
256,4000000,58397943,304393608,362791551
256,4000000,57663427,295867733,353531160
256,4000000,58983201,296542104,355525305
256,4000000,60588480,304010577,364599057
256,5000000,70780779,370871303,441652082
256,5000000,70172097,369143347,439315444
256,5000000,69248919,398156690,467405609
256,5000000,71354445,373757575,445112020
256,5000000,69278588,378215107,447493695
256,5000000,71034429,370216464,441250893
256,5000000,71205450,372328537,443533987
256,5000000,72028933,412516022,484544955
256,5000000,69126255,368898867,438025122
256,5000000,70515934,366767061,437282995
256,6000000,86011819,445725413,531737232
256,6000000,84839625,443780221,528619846
256,6000000,84584681,443307383,527892064
256,6000000,80546321,444063092,524609413
256,6000000,79962889,447673594,527636483
256,6000000,83255030,445814633,529069663
256,6000000,81249008,442212492,523461500
256,6000000,83529769,440784332,524314101
256,6000000,80387128,447996867,528383995
256,6000000,83999385,451429320,535428705
256,7000000,83318046,556671138,639989184
256,7000000,94351760,522430679,616782439
256,7000000,92339364,520597264,612936628
256,7000000,96102408,515276795,611379203
256,7000000,97152891,519562202,616715093
256,7000000,94216174,518761237,612977411
256,7000000,92620087,517290830,609910917
256,7000000,86352919,531016038,617368957
256,7000000,91915557,521546499,613462056
256,7000000,93904625,522565025,616469650
256,8000000,105631697,635907565,741539262
256,8000000,105118546,602139212,707257758
256,8000000,107642504,637503271,745145775
256,8000000,108339167,594653027,702992194
256,8000000,108672657,600738829,709411486
256,8000000,108159182,592607101,700766283
256,8000000,106103336,635031245,741134581
256,8000000,107471631,593728278,701199909
256,8000000,104547445,590395812,694943257
256,8000000,108653277,603320598,711973875
256,9000000,117784351,667203531,784987882
256,9000000,122009040,667394422,789403462
256,9000000,119588358,705759424,825347782
256,9000000,119804315,683674856,803479171
256,9000000,118535182,666554621,785089803
256,9000000,124390660,669170079,793560739
256,9000000,117216740,670632070,787848810
256,9000000,118531931,750618269,869150200
256,9000000,117109498,708028538,825138036
256,9000000,119038509,750473305,869511814
256,10000000,133951722,739222576,873174298
256,10000000,129194286,744667005,873861291
256,10000000,134491888,755814176,890306064
256,10000000,133213774,743155191,876368965
256,10000000,133297824,742257031,875554855
256,10000000,130055612,749073533,879129145
256,10000000,139175151,747352371,886527522
256,10000000,131339407,735107277,866446684
256,10000000,132168387,762431516,894599903
256,10000000,131312413,732867428,864179841
256,10000000,132730241,732875535,865605776
256,10000000,131043109,802739291,933782400
256,10000000,133395626,737827131,871222757
256,10000000,128323430,741812104,870135534
256,10000000,131538024,814827570,946365594
256,10000000,137528116,747314002,884842118
256,10000000,130888873,850054258,980943131
256,10000000,131156377,743299664,874456041
256,10000000,135847440,740807480,876654920
256,10000000,129810083,741291149,871101232
256,20000000,238357579,1635311734,1873669313
256,20000000,241979314,1607562113,1849541427
256,20000000,239716337,1514089566,1753805903
256,20000000,239583625,1487746166,1727329791
256,20000000,236923992,1552921329,1789845321
256,20000000,236545362,1547809768,1784355130
256,20000000,240805912,1769536570,2010342482
256,20000000,237835208,1526299405,1764134613
256,20000000,240217161,1480485609,1720702770
256,20000000,234501900,1458561359,1693063259
256,30000000,364286765,2403315793,2767602558
256,30000000,363184998,2216758913,2579943911
256,30000000,368330237,2227052903,2595383140
256,30000000,367031221,2240542367,2607573588
256,30000000,367905595,2533866867,2901772462
256,30000000,357837171,2186464234,2544301405
256,30000000,365134309,2258833168,2623967477
256,30000000,351840214,2360578631,2712418845
256,30000000,374151378,2249715952,2623867330
256,30000000,364954608,2240587630,2605542238
256,40000000,488068956,3062864090,3550933046
256,40000000,490791145,2964997579,3455788724
256,40000000,498159755,3236011755,3734171510
256,40000000,483435286,2962932043,3446367329
256,40000000,489100148,2931368448,3420468596
256,40000000,483888151,2979151883,3463040034
256,40000000,484879882,2960628257,3445508139
256,40000000,503732745,3179821582,3683554327
256,40000000,482870806,3003917711,3486788517
256,40000000,488701164,2962140574,3450841738
256,50000000,610318161,4220265979,4830584140
256,50000000,614588099,3778240070,4392828169
256,50000000,617161365,3964078880,4581240245
256,50000000,605021726,3733654734,4338676460
256,50000000,660633266,3699648936,4360282202
256,50000000,613485665,3636418546,4249904211
256,50000000,615994590,3678981304,4294975894
256,50000000,628133442,3695219046,4323352488
256,50000000,615792193,3817499880,4433292073
256,50000000,629149448,3693099482,4322248930
256,60000000,754079410,4522594812,5276674222
256,60000000,748552410,4751019420,5499571830
256,60000000,759466904,4445965780,5205432684
256,60000000,750815773,4438003345,5188819118
256,60000000,747556157,4409507055,5157063212
256,60000000,750865359,4398035941,5148901300
256,60000000,743847439,4859355565,5603203004
256,60000000,752070559,4381864573,5133935132
256,60000000,735658533,4396872761,5132531294
256,60000000,757081367,4575598695,5332680062
256,70000000,884978474,5938724325,6823702799
256,70000000,888857148,5274707487,6163564635
256,70000000,893822914,5084078707,5977901621
256,70000000,882415838,5135159271,6017575109
256,70000000,883187116,5096128153,5979315269
256,70000000,881391649,5125917172,6007308821
256,70000000,888953838,5201399793,6090353631
256,70000000,887492515,5160957628,6048450143
256,70000000,875154844,5103710084,5978864928
256,70000000,893314235,5184604473,6077918708
256,80000000,1031130916,5841781135,6872912051
256,80000000,1004159784,6102725285,7106885069
256,80000000,1023878907,5916536074,6940414981
256,80000000,1016021157,5991842887,7007864044
256,80000000,1029553026,6095274325,7124827351
256,80000000,1025521407,6246966325,7272487732
256,80000000,1012998047,5910891923,6923889970
256,80000000,1015437499,5897443305,6912880804
256,80000000,1021384026,5937699267,6959083293
256,80000000,1026619371,6446743147,7473362518
256,90000000,1155449000,6754334786,7909783786
256,90000000,1166985361,6574150247,7741135608
256,90000000,1150130861,6883910715,8034041576
256,90000000,1151406120,6943679388,8095085508
256,90000000,1164346482,6648151927,7812498409
256,90000000,1149926871,6619237389,7769164260
256,90000000,1152062793,6625162649,7777225442
256,90000000,1141403226,6880112772,8021515998
256,90000000,1175955229,7119438666,8295393895
256,90000000,1157349404,6619683161,7777032565
256,100000000,1271667109,7503215279,8774882388
256,100000000,1282995576,8148239574,9431235150
256,100000000,1294798463,7229526618,8524325081
256,100000000,1294309062,7543697481,8838006543
256,100000000,1289148894,7384862415,8674011309
256,100000000,1287842039,7360311278,8648153317
256,100000000,1286601883,7416107178,8702709061
256,100000000,1312311557,7461378138,8773689695
256,100000000,1296853531,7540778521,8837632052
256,100000000,1290488336,7630204100,8920692436
